-1.472486755195760111e+00
-1.339936197787643835e+00
-1.219840334837419382e+00
-1.117899001643384294e+00
-1.039006490339044131e+00
-9.870100624918732857e-01
-9.645144478206276739e-01
-9.727425669870507496e-01
-1.011460246657569062e+00
-1.078969783677002692e+00
-1.172173990836849811e+00
-1.286708967667323122e+00
-1.417140447370402567e+00
-1.557215342470865016e+00
-1.700157211499239152e+00
-1.838991950691015287e+00
-1.966888212978349149e+00
-2.077495979695624051e+00
-2.165266433745723695e+00
-2.225736843871600978e+00
-2.255765564312346427e+00
-2.253704436125445909e+00
-2.219498757758161744e+00
-2.154708446305538594e+00
-2.062447877030096688e+00
-1.947245980444757940e+00
-1.814832289219952433e+00
-1.671858549382051695e+00
-1.525569032931726632e+00
-1.383435617607555290e+00
-1.252775864553300478e+00
-1.140373591472156001e+00
-1.052121716029135845e+00
-9.927063899188146578e-01
-9.653496697772061541e-01
-9.716252433190388782e-01
-1.011358167063012514e+00
-1.082615343466247104e+00
-1.181788778839722998e+00
-1.303768758638561343e+00
-1.442199212148269405e+00
-1.589802978219089447e+00
-1.738760682720530415e+00
-1.881123728863333788e+00
-2.009239678879196855e+00
-2.116167216541201324e+00
-2.196058013112824447e+00
-2.244484197910739720e+00
-2.258692713706075494e+00
-2.237771503578317667e+00
-2.182717052684065351e+00
-2.096398063017033575e+00
-1.983415694559068410e+00
-1.849866555177416050e+00
-1.703020143647964613e+00
-1.550927429076718322e+00
-1.401981392092229273e+00
-1.264453404834730232e+00
-1.146031090033937883e+00
-1.053383645101045651e+00
-9.917794940028255013e-01
-9.647785697999655685e-01
-9.740176498317749676e-01
-1.019102158524402224e+00
-1.097611984551182251e+00
-1.205222450762625241e+00
-1.335934987072020741e+00
-1.482405667270157990e+00
-1.636353956432244683e+00
-1.789029126712490481e+00
-1.931708139705262006e+00
-2.056196601081191844e+00
-2.155303824120136102e+00
-2.223264156387904755e+00
-2.256079492606171577e+00
-2.251762182218882469e+00
-2.210463114600478285e+00
-2.134476319134805067e+00
-2.028118563392407481e+00
-1.897489705771646218e+00
-1.750126885425228096e+00
-1.594572055971066327e+00
-1.439877598960344951e+00
-1.295078661731618341e+00
-1.168663101309527663e+00
-1.068070334961598977e+00
-9.992489537545869993e-01
-9.662997146670188053e-01
-9.712256654537969602e-01
-1.013804950284296513e+00
-1.091594653163523443e+00
-1.200066283541239009e+00
-1.332865655775924640e+00
-1.482182433255533116e+00
-1.639207952928145140e+00
-1.794654524840585852e+00
-1.939305550958198898e+00
-2.064563772670031216e+00
-2.162964873568182789e+00
-2.228625552644121655e+00
-2.257598942851969603e+00
-2.248115666637008125e+00
-2.200695576988914937e+00
-2.118122929735670290e+00
-2.005285910225906854e+00
-1.868889603158241375e+00
-1.717059153626030232e+00
-1.558856553736964301e+00
-1.403739792128067654e+00
-1.260996694798901308e+00
-1.139187438704999167e+00
-1.045629324950710259e+00
-9.859549706575586603e-01
-9.637707558864863078e-01
-9.804363985318299557e-01
-1.034979281041320087e+00
-1.124149053083994154e+00
-1.242609572396507600e+00
-1.383256934478440892e+00
-1.537644685860141136e+00
-1.696490782528594643e+00
-1.850235845215320030e+00
-1.989619085639327212e+00
-2.106237130864832885e+00
-2.193051932008041049e+00
-2.244816955890167609e+00
-2.258395745959344225e+00
-2.232953409279814672e+00
-2.170009249875002766e+00
-2.073347161900541469e+00
-1.948789010237830244e+00
-1.803844537850885610e+00
-1.647258842748729579e+00
-1.488484705055548973e+00
-1.337111635239041529e+00
-1.202286176419879560e+00
-1.092158562360217466e+00
-1.013389270933883424e+00
-9.707454130340789078e-01
-9.668114756064652981e-01
-1.001832022573127201e+00
-1.073695967862902112e+00
-1.178063455401820114e+00
-1.308627732843642422e+00
-1.457496214675134683e+00
-1.615667694258917653e+00
-1.773576823653265633e+00
-1.921672890226877373e+00
-2.050997829308208509e+00
-2.153728449900691455e+00
-2.223650013985199347e+00
-2.256532467956327892e+00
-2.250386524833047019e+00
-2.205584079663469588e+00
-2.124835665539719365e+00
-2.013026324251852905e+00
-1.876919847526582918e+00
-1.724749321022992499e+00
-1.565718789807815980e+00
-1.409446243342179272e+00
-1.265381664287705599e+00
-1.142235384403043064e+00
-1.047451352629600763e+00
-9.867571851448702080e-01
-9.638182019521689403e-01
-9.800163437221619533e-01
-1.034367289961761305e+00
-1.123580725211872799e+00
-1.242260032103972511e+00
-1.383229254252167140e+00
-1.537967479008917060e+00
-1.697124305348359341e+00
-1.851085177074389465e+00
-1.990552370287101303e+00
-2.107106505585486733e+00
-2.193714663062614090e+00
-2.245154436169261025e+00
-2.258328369358705956e+00
-2.232449872707564786e+00
-2.169089490360299077e+00
-2.072078846507630523e+00
-1.947278191132292724e+00
-1.802221698025747276e+00
-1.645662032787193363e+00
-1.487041764961094525e+00
-1.335923582289463063e+00
-1.201413714068848559e+00
-1.091613339954412787e+00
-1.013131031235055435e+00
-9.706855513425367565e-01
-9.668228588540136448e-01
-1.001764243174794400e+00
-1.073394599728490384e+00
-1.177391397241559501e+00
-1.307486415066956731e+00
-1.455844344143011115e+00
-1.613535331249412952e+00
-1.771072923376657560e+00
-1.918984973284936224e+00
-2.048383130002470409e+00
-2.062580326582646784e+00
-2.121595444564205568e+00
-2.149947363234236519e+00
-2.145943733087517735e+00
-2.109836078484462085e+00
-2.043803127894385341e+00
-1.951818464738927617e+00
-1.839410592831098423e+00
-1.713329955779055114e+00
-1.581143010813006899e+00
-1.450777802330087241e+00
-1.330048350844809990e+00
-1.226186399872271959e+00
-1.145408576444994608e+00
-1.092544853297743312e+00
-1.070750485770536997e+00
-1.081318560122134675e+00
-1.123604236787172583e+00
-1.195065066888853167e+00
-1.291414805927672660e+00
-1.406881361818650866e+00
-1.534553301089053079e+00
-1.666794067496216059e+00
-1.795699054616544554e+00
-1.913568155176263108e+00
-2.013365532216005782e+00
-2.089139169322177025e+00
-2.136375206748658773e+00
-2.152266007252908508e+00
-2.135876081411555827e+00
-2.088196124655218089e+00
-2.012082109786459849e+00
-1.912083238844547450e+00
-1.794169177376756519e+00
-1.665372978429191742e+00
-1.533371097725827248e+00
-1.406025610347637400e+00
-1.290915944885862698e+00
-1.194888025758015448e+00
-1.123647627810613114e+00
-1.081422068114950008e+00
-1.070710251193174756e+00
-1.092135793579559255e+00
-1.144411799011388453e+00
-1.224419204560449170e+00
-1.327393867066082533e+00
-1.447211109584975119e+00
-1.576750681515887820e+00
-1.708320344247485689e+00
-1.834112855548029053e+00
-1.946669191313892711e+00
-2.039320523797552909e+00
-2.106582786044931765e+00
-2.144480511305308035e+00
-2.150780870414033874e+00
-2.125124185366578544e+00
-2.069043353587806333e+00
-1.985871208287242062e+00
-1.880541474601068241e+00
-1.759295266285890724e+00
-1.629310632624299648e+00
-1.498277182618832803e+00
-1.373941019011990727e+00
-1.263646921969211023e+00
-1.173904834224924532e+00
-1.110006213443595069e+00
-1.075712825178516852e+00
-1.073036231475193780e+00
-1.102120843964951913e+00
-1.161237276612260061e+00
-1.246886215695885980e+00
-1.354006508326970781e+00
-1.476275039900377006e+00
-1.606480585635120306e+00
-1.736949497162052936e+00
-1.859998073987176426e+00
-1.968384945630736516e+00
-2.055736839350107203e+00
-2.116922723849432586e+00
-2.148354402401074559e+00
-2.148195994483140581e+00
-2.116470133617273319e+00
-2.055054801422096844e+00
-1.967571154365605812e+00
-1.859169101463413742e+00
-1.736223382461054676e+00
-1.605958126205399239e+00
-1.476022032911116000e+00
-1.354039180186533908e+00
-1.247161836666929924e+00
-1.161651501320441593e+00
-1.102512684382600527e+00
-1.073200810846039577e+00
-1.075421246533519337e+00
-1.109031079510032880e+00
-1.172049252478258863e+00
-1.260774289738310072e+00
-1.370002567644476255e+00
-1.493334208280671760e+00
-1.623548574480179418e+00
-1.753027306744977531e+00
-1.874200102539491652e+00
-1.979987152906436565e+00
-2.064212392093229820e+00
-2.121963465315891639e+00
-2.149877472345366858e+00
-2.146335913112178417e+00
-2.111557588374390448e+00
-2.047584180845153146e+00
-1.958159510356775268e+00
-1.848509654620263065e+00
-1.725036893905030455e+00
-1.594945438514415725e+00
-1.465820842720673811e+00
-1.345187670474873087e+00
-1.240071204582997577e+00
-1.156588713876268493e+00
-1.099594031557816987e+00
-1.072396057989304596e+00
-1.076567468189500332e+00
-1.111854632644524443e+00
-1.176193858007724469e+00
-1.265832866116028743e+00
-1.375550315503521359e+00
-1.498960484164224782e+00
-1.628885304914386767e+00
-1.757772059809033394e+00
-1.878132421041991407e+00
-1.982977322055048841e+00
-2.066222421264599873e+00
-2.123040662874466911e+00
-2.150141540912682281e+00
-2.145960951591900479e+00
-2.110750725229789460e+00
-2.046562758992263031e+00
-1.957128786864380965e+00
-1.847642868925755355e+00
-1.724459308359963527e+00
-1.594723586762926582e+00
-1.465957765018479630e+00
-1.345624406899080139e+00
-1.240694296746075675e+00
-1.157242973151173304e+00
-1.100099404259953673e+00
-1.072567087468746294e+00
-1.076233644799651445e+00
-1.110879850200381824e+00
-1.174493264411446525e+00
-1.263385600465926073e+00
-1.372406948233412916e+00
-1.495244395637210122e+00
-1.624787714482162526e+00
-1.753540926901777874e+00
-1.874055955572375032e+00
-1.979363281534423313e+00
-2.063374726541014503e+00
-2.121235104579728858e+00
-2.149602455196376827e+00
-2.146840708042047741e+00
-2.113113694154297839e+00
-2.050375121973651904e+00
-1.962255145624971719e+00
-1.853850122732682015e+00
-1.731427744693118553e+00
-1.602064601961461721e+00
-1.473237139488987379e+00
-1.352389638993098053e+00
-1.246504181217020335e+00
-1.161697417467769222e+00
-1.102867423307597239e+00
-1.073411008688068158e+00
-1.075027785768203126e+00
-1.107622283492046611e+00
-1.169309736115078602e+00
-1.256525188013754679e+00
-1.364229594554661862e+00
-1.486201002416831951e+00
-1.615393985226904805e+00
-1.744346574560308172e+00
-1.865611189074225074e+00
-1.972184683412969708e+00
-2.057912692985644831e+00
-2.117844937395815030e+00
-2.148520978257695724e+00
-2.148169942797562904e+00
-2.116812691266122926e+00
-2.056260537208853378e+00
-1.970010600193805139e+00
-1.863043836248119645e+00
-1.741537407865566767e+00
-1.612507999009302084e+00
-1.483406665852877726e+00
-1.361688611146034678e+00
-1.254382717650120105e+00
-1.167685690487931804e+00
-1.106604238585896294e+00
-1.074665953468850521e+00
-1.073715579333224257e+00
-1.103808440217890485e+00
-1.163207182489557345e+00
-1.226203141458325430e+00
-1.338953416761819115e+00
-1.467431159544854147e+00
-1.604216733107898696e+00
-1.741410393697523151e+00
-1.871088478222741491e+00
-1.985761011658127018e+00
-2.078804309772079861e+00
-2.144843592906736873e+00
-2.180063509375447239e+00
-2.182428626512716185e+00
-2.151801143652108284e+00
-2.089949014545176009e+00
-2.000443994564397254e+00
-1.888455485171568249e+00
-1.760452067498062600e+00
-1.623827950786153718e+00
-1.486475901668326438e+00
-1.356331315885100475e+00
-1.240913765930324875e+00
-1.146892509299259899e+00
-1.079701063332273892e+00
-1.043223123287844611e+00
-1.039567983257678074e+00
-1.068948452306617947e+00
-1.129668338986719256e+00
-1.218220247893424091e+00
-1.329488057783376087e+00
-1.457042400251254310e+00
-1.593512080797148123e+00
-1.731009991254348179e+00
-1.861588908175009660e+00
-1.977700838592999499e+00
-2.072633363238646886e+00
-2.140897750485710294e+00
-2.178546396094629412e+00
-2.183401223859565476e+00
-2.155179825146811723e+00
-2.095512024067621937e+00
-2.007845888307475235e+00
-1.897248597406305137e+00
-1.770113660996491367e+00
-1.633791397445899740e+00
-1.496164025000164211e+00
-1.365189925686352002e+00
-1.248443430978551483e+00
-1.152676743608888499e+00
-1.083429336074774652e+00
-1.044707426512897719e+00
-1.038752084682211363e+00
-1.065909398548270826e+00
-1.124610231359094215e+00
-1.211460761257374008e+00
-1.321438586921729552e+00
-1.448183074233580170e+00
-1.584363164063335105e+00
-1.722101375804093948e+00
-1.853429485111507624e+00
-1.970749516240935861e+00
-2.067273376209557867e+00
-2.137415688330269514e+00
-2.177117085710443156e+00
-2.184079245059447061e+00
-2.157898045303357826e+00
-2.100087128916371615e+00
-2.013990485607922487e+00
-1.904589101053381750e+00
-1.778212845903049066e+00
-1.642174267235013474e+00
-1.504345468099210104e+00
-1.372702558693138064e+00
-1.254864043778845861e+00
-1.157649865951656309e+00
-1.086686631920025459e+00
-1.046081881039671035e+00
-1.038186263128614506e+00
-1.063457396915530317e+00
-1.120433296837151760e+00
-1.205816913618996900e+00
-1.314666901281127398e+00
-1.440683572967186521e+00
-1.576573496463971047e+00
-1.714471626651572933e+00
-1.846396540129931374e+00
-1.964712419897943319e+00
-2.062571046288300902e+00
-2.134308207105502841e+00
-2.175771578127894124e+00
-2.184561092077342614e+00
-2.160167880148585517e+00
-2.104003741899073354e+00
-2.019319436751055186e+00
-1.911016526609497612e+00
-1.785363661498602816e+00
-1.649633731879353027e+00
-1.511682892171264170e+00
-1.379495824773921075e+00
-1.260723567799909350e+00
-1.162240659719633751e+00
-1.089747235344233456e+00
-1.047439104870888205e+00
-1.037764911826006387e+00
-1.061284424583272434e+00
-1.116636161592545085e+00
-1.200616221488203017e+00
-1.308363752247957645e+00
-1.433642321167224676e+00
-1.569200896878270024e+00
-1.707193547227415342e+00
-1.839633559159999487e+00
-1.958855695437148547e+00
-2.057959833183151233e+00
-2.131210308028007372e+00
-2.174367852416673852e+00
-2.184934918953083116e+00
-2.162300193481433652e+00
-2.107773937716751700e+00
-2.024512119853177694e+00
-1.917333727980906399e+00
-1.792441842828117027e+00
-1.657064615582018785e+00
-1.519036931081481301e+00
-1.386346968375868682e+00
-1.266673901007980607e+00
-1.166943491007638167e+00
-1.092927293974730762e+00
-1.048908667875561029e+00
-1.037434911468865906e+00
-1.059169873448454258e+00
-1.112855558947743795e+00
-1.195384952486112651e+00
-1.301981840742875374e+00
-1.426477226935700449e+00
-1.561666337754280542e+00
-1.699725565822883810e+00
-1.832665223284628109e+00
-1.952791906240107345e+00
-2.053153714090089288e+00
-2.127942559664496081e+00
-2.172830288697404910e+00
-2.185219157150969149e+00
-2.164392170532392967e+00
-2.111554583969879495e+00
-2.029764160131520612e+00
-1.923754219634259854e+00
-1.799659722866101319e+00
-1.664662234078050140e+00
-1.526574313394150284e+00
-1.393387388295021179e+00
-1.272809270198652420e+00
-1.171818081574526049e+00
-1.096258409803247513e+00
-1.050503060598766414e+00
-1.037199987601005624e+00
-1.057119045384422140e+00
-1.109107435879082448e+00
-1.190156427423566532e+00
-1.295575485474451671e+00
-1.419263738551494125e+00
-1.554063068726890595e+00
-1.692172384423099807e+00
-1.825599097782840019e+00
-1.946621676647974031e+00
-2.048236500987900666e+00
-2.124563163040790847e+00
-2.171184756514127123e+00
-2.185403463569300708e+00
-2.166396651077040492e+00
-2.115264445947922844e+00
-2.034966039900810042e+00
-1.930148413330325052e+00
-1.806877393322690484e+00
-1.672286612115275739e+00
-1.534164682430284365e+00
-1.400504480341111746e+00
-1.279040617931881396e+00
-1.176801870282182527e+00
-1.099704454891697658e+00
-1.052209696803913630e+00
-1.037065886328997877e+00
-1.055149264098314887e+00
-1.105413332167850093e+00
-1.184949421934251568e+00
-1.289155012388928379e+00
-1.412000058126903212e+00
-1.546375916182922250e+00
-1.684506682181550863e+00
-1.818399135851398674e+00
-1.940305262466805569e+00
-2.043170589388216385e+00
-2.121042397601784479e+00
-2.169414189491603473e+00
-2.185486481710493312e+00
-2.168328832625154412e+00
-2.118933727404893830e+00
-2.040159199920986488e+00
-1.936563507381160010e+00
-1.814141418752009738e+00
-1.679977371780146278e+00
-1.541835562879308341e+00
-1.405477043027160367e+00
-1.281789071685348391e+00
-1.177168649360865738e+00
-1.097671398769632489e+00
-1.047899192263295864e+00
-1.030733716459039995e+00
-1.047169564402740560e+00
-1.096256526282876065e+00
-1.175154432187413889e+00
-1.279297387663782759e+00
-1.402657911676802538e+00
-1.538095703329805275e+00
-1.677770863186037742e+00
-1.813597660988213400e+00
-1.937712590398007695e+00
-2.042929619480210235e+00
-2.123156281582748939e+00
-2.173746512838563127e+00
-2.191769799260280038e+00
-2.176181037044019551e+00
-2.127881254386674748e+00
-2.049665659572108112e+00
-1.946062002809802793e+00
-1.823068590763109675e+00
-1.687807105115658235e+00
-1.548110313205708799e+00
-1.412068533600688403e+00
-1.287561113548117975e+00
-1.181800049452765400e+00
-1.100912184779274439e+00
-1.049584191901671515e+00
-1.030790913936459940e+00
-1.045622819306579299e+00
-1.093222584651942553e+00
-1.170834502730622617e+00
-1.273963876974652631e+00
-1.396637191862765359e+00
-1.531748007473385575e+00
-1.671468556050990317e+00
-1.807703206439908117e+00
-1.932557530084942021e+00
-2.038795791379872657e+00
-2.120260348785147908e+00
-2.172228653438633916e+00
-2.191687141982284537e+00
-2.177506131313192483e+00
-2.130505556535166711e+00
-2.053407717549527778e+00
-1.950679748122798207e+00
-1.828274914400502826e+00
-1.693287717038573170e+00
-1.553542772076758949e+00
-1.417141290137339471e+00
-1.291991438192039654e+00
-1.185349809599592463e+00
-1.103400591242396089e+00
-1.050896837748793278e+00
-1.030884667776419406e+00
-1.044526394131612079e+00
-1.091032866242271471e+00
-1.167708972375953280e+00
-1.270109686999434384e+00
-1.392297636348812429e+00
-1.527187264626468144e+00
-1.666955656155022281e+00
-1.803496197225142872e+00
-1.928888770276609987e+00
-2.035859207445650298e+00
-2.118201346932498730e+00
-2.171137198853108519e+00
-2.191594312228731134e+00
-2.178384233970763528e+00
-2.132271686030502433e+00
-2.055930425764681768e+00
-1.953788329327701856e+00
-1.831770667026509258e+00
-1.696956449866850569e+00
-1.557167774769767643e+00
-1.420515988856305034e+00
-1.294931004466691515e+00
-1.187701080017931066e+00
-1.105049779880045380e+00
-1.051774673667722704e+00
-1.030968756260746577e+00
-1.043840771898236319e+00
-1.089644887099747050e+00
-1.165723810915814340e+00
-1.267662875453674509e+00
-1.389546147118039254e+00
-1.524299713707214066e+00
-1.664102228630749192e+00
-1.800838885344372864e+00
-1.926572469855136527e+00
-2.034004143788764818e+00
-2.116897203150879481e+00
-2.170439204440726133e+00
-2.191521425797646305e+00
-2.178919428913609124e+00
-2.133364229027409742e+00
-2.057499932051893854e+00
-1.955730290889862166e+00
-1.833963084296233781e+00
-1.699267156445453120e+00
-1.559462028817872215e+00
-1.422663913283027881e+00
-1.296814488631862883e+00
-1.189219804987622586e+00
-1.106126093161665214e+00
-1.052357113139953393e+00
-1.031034101912926104e+00
-1.043394583396555664e+00
-1.088720560953948979e+00
-1.164380259651368155e+00
-1.265980990035313392e+00
-1.387624251129839115e+00
-1.522248252546893665e+00
-1.662037959083257244e+00
-1.798878840881182883e+00
-1.924827975871523211e+00
-2.032575146061967875e+00
-2.115867153526937106e+00
-2.169870721560120508e+00
-2.191452916825363584e+00
-2.179362821802381500e+00
-2.134303924626677507e+00
-2.058893041984529493e+00
-1.957508181026164973e+00
-1.836034195315404016e+00
-1.701521022956295592e+00
-1.561774367625808901e+00
-1.424902600813669373e+00
-1.298846198862509294e+00
-1.190917034570783573e+00
-1.107374262246757723e+00
-1.053061401530366537e+00
-1.031125663599458120e+00
-1.042835781068458534e+00
-1.087508878329847661e+00
-1.162550585270205161e+00
-1.263606022433813703e+00
-1.384812851840201198e+00
-1.519141668408056312e+00
-1.658803945790934931e+00
-1.795703840808138718e+00
-1.921907628870156870e+00
-2.030103534961246847e+00
-2.114025298305693745e+00
-2.168814929358017451e+00
-2.191303660920830954e+00
-2.180194854173552521e+00
-2.136138317914088702e+00
-2.061691803831027237e+00
-1.961171985654162286e+00
-1.840403635484005651e+00
-1.706381604876786806e+00
-1.566865259624243389e+00
-1.429928904841430759e+00
-1.303494287474591395e+00
-1.194872294027718551e+00
-1.110340357950889700e+00
-1.054779999860597783e+00
-1.031395413586757570e+00
-1.041529294001855455e+00
-1.084586455180960307e+00
-1.158069538362752837e+00
-1.257724621265955856e+00
-1.377788189430930066e+00
-1.511321083508966323e+00
-1.650610030925613536e+00
-1.787613493794699693e+00
-1.914426039125993961e+00
-2.023734405446661722e+00
-2.109238958504520589e+00
-2.166016264631406507e+00
-2.190801942998696017e+00
-2.182177586467566321e+00
-2.140651095608259613e+00
-2.068625929554067433e+00
-1.970261184449259240e+00
-1.851230695707338114e+00
-1.718395162393398623e+00
-1.579406277777450462e+00
-1.442265734271621636e+00
-1.314864532439636413e+00
-1.204529118041053781e+00
-1.117600438334407809e+00
-1.059070077207857619e+00
-1.032294312262156843e+00
-1.038802429116749027e+00
-1.078210190245154187e+00
-1.148243301614067180e+00
-1.244869398933923232e+00
-1.362530849563986513e+00
-1.494464892848317294e+00
-1.633092650921297961e+00
-1.770454618258407109e+00
-1.898667604153814192e+00
-2.010376906251026607e+00
-2.099177800987448439e+00
-2.159982227920576925e+00
-2.143864889433559462e+00
-2.140341740194826148e+00
-2.106482579539501465e+00
-2.044235084519813395e+00
-1.957173144059753289e+00
-1.850291308885255281e+00
-1.729718035457038061e+00
-1.602364196893485859e+00
-1.475527018551865854e+00
-1.356472124920589106e+00
-1.252017615081469248e+00
-1.168143947771418611e+00
-1.109651923530133200e+00
-1.079888287372786859e+00
-1.080554599906193847e+00
-1.111610259887077401e+00
-1.171275179306432879e+00
-1.256131920342309805e+00
-1.361321426392130718e+00
-1.480821140131966196e+00
-1.607789603879353990e+00
-1.734957848441264439e+00
-1.855045211237019931e+00
-1.961175833927123024e+00
-2.047272052665044306e+00
-2.108402212123992925e+00
-2.141063032385756237e+00
-2.143380387722491953e+00
-2.115217006138621514e+00
-2.058180903964391462e+00
-1.975534029295855865e+00
-1.872006280020431568e+00
-1.753525462995256357e+00
-1.626878563493895591e+00
-1.499323624923236675e+00
-1.378174373920495244e+00
-1.270381303122327665e+00
-1.182133152197975212e+00
-1.118501592589278504e+00
-1.083149485534807832e+00
-1.078119482939640772e+00
-1.103715179274689095e+00
-1.158481757585218874e+00
-1.239287401874225480e+00
-1.341500993225058780e+00
-1.459256095135413211e+00
-1.585786278744053091e+00
-1.713812724238580554e+00
-1.835961997149659020e+00
-1.945190113480306460e+00
-2.035188581184888434e+00
-2.100749066166413659e+00
-2.138065628854652456e+00
-2.144956986607518878e+00
-2.120995782416276398e+00
-2.067537127931390106e+00
-1.987644445672478000e+00
-1.885916565827462588e+00
-1.768225628497476221e+00
-1.641380484607529056e+00
-1.512734705146165037e+00
-1.389761602546198072e+00
-1.279620695924670315e+00
-1.188740685924978502e+00
-1.122443197492744460e+00
-1.084629334832947212e+00
-1.077547587974352350e+00
-1.101657026138382456e+00
-1.155594266074819965e+00
-1.236246721527726855e+00
-1.338928464982546584e+00
-1.457649021543029111e+00
-1.585459918247140720e+00
-1.714859155342370212e+00
-1.838230228749030859e+00
-1.948290132822862342e+00
-2.038520051741337547e+00
-2.103553263731048784e+00
-2.139497103018990209e+00
-2.144169529326477530e+00
-2.117235740702383850e+00
-2.060236057348046046e+00
-1.976502669900325193e+00
-1.870969415484382781e+00
-1.749885132070931659e+00
-1.620446965496451508e+00
-1.490374911650229173e+00
-1.367452566307875372e+00
-1.259061292899136930e+00
-1.171735653548239053e+00
-1.110766924074953366e+00
-1.079878870784214628e+00
-1.080995844753950053e+00
-1.114117877526206168e+00
-1.177311148428275445e+00
-1.266815306967983945e+00
-1.377262082330899862e+00
-1.501992820121129668e+00
-1.633456468607624945e+00
-1.763664472418554618e+00
-1.884675341926600467e+00
-1.989079593617030239e+00
-2.070455447722038933e+00
-2.123767166079765900e+00
-2.145681147561523616e+00
-2.134779695169363389e+00
-2.091658454314364146e+00
-2.018900538904264241e+00
-1.920927891101563034e+00
-1.803738004506973303e+00
-1.674541311354708295e+00
-1.541320842820658843e+00
-1.412340815078834355e+00
-1.295634241995064828e+00
-1.198501292126903817e+00
-1.127049767239133526e+00
-1.085806776226712511e+00
-1.077426529113852727e+00
-1.102513414983099516e+00
-1.159572494292519407e+00
-1.245091654303750239e+00
-1.353751430523429056e+00
-1.478750401959323835e+00
-1.612226636990084838e+00
-1.745749379213735963e+00
-1.870850433353928421e+00
-1.979561862410469830e+00
-2.064925846527713382e+00
-2.121443959602034912e+00
-2.145436632550403733e+00
-2.135288997858786786e+00
-2.091566328368993144e+00
-2.016990466792773606e+00
-1.916277481972035179e+00
-1.795845723823518592e+00
-1.663411906372693982e+00
-1.527500274084302667e+00
-1.396895805447709638e+00
-1.280076375062222382e+00
-1.184660545756619054e+00
-1.116907049627448245e+00
-1.081299046970028765e+00
-1.080241084566794241e+00
-1.113889615667709831e+00
-1.180129428139896408e+00
-1.274698892265619499e+00
-1.391457192323511949e+00
-1.522777283675475379e+00
-1.660039845868031216e+00
-1.794196555885360089e+00
-1.916366066256453227e+00
-2.018423497095852337e+00
-2.093544245035086071e+00
-2.136665513415881179e+00
-2.144834041880319564e+00
-2.117415757067038662e+00
-2.056152026816648437e+00
-1.965057302884427815e+00
-1.850163520300631026e+00
-1.719126980655328873e+00
-1.580722880658955054e+00
-1.444260506186892723e+00
-1.318957841299529754e+00
-1.213317522201073695e+00
-1.134546444555535549e+00
-1.088058842093497347e+00
-1.077097422341596999e+00
-1.102499487999551775e+00
-1.162625377318603048e+00
-1.253455651800920556e+00
-1.368851972806069517e+00
-1.500965320325823527e+00
-1.640764896581805576e+00
-1.778652448960324817e+00
-1.905120460266437776e+00
-2.011409158109930928e+00
-2.090116872570963569e+00
-2.135720996616448986e+00
-2.144972533887224309e+00
-2.117135598664799279e+00
-2.054053717543083746e+00
-1.960036670022527350e+00
-1.841574084609990614e+00
-1.706894211929818495e+00
-1.565397365778806282e+00
-1.427002661715464527e+00
-1.301453218461493977e+00
-1.197628420697817386e+00
-1.122911884622811218e+00
-1.082660367306190086e+00
-1.079812208347103564e+00
-1.114664412931585691e+00
-1.184835812673636468e+00
-1.285420675048177808e+00
-1.409323586823568508e+00
-1.547753373963207668e+00
-1.690842183360741657e+00
-1.828346496807600641e+00
-1.950380480785263826e+00
-2.112435331501139935e+00
