2.786552571743502682e+00
3.040974115254943211e+00
3.289583911382112369e+00
3.528598649121977626e+00
3.754335173867778153e+00
3.963276579675567568e+00
4.152138778153774190e+00
4.317935799736656755e+00
4.458041940204028997e+00
4.570248787824546355e+00
4.652816330231219766e+00
4.704512754994594204e+00
4.724631585216403806e+00
4.712994805418841082e+00
4.669944293842059224e+00
4.596322332105084563e+00
4.493442236069352447e+00
4.363050371078912804e+00
4.207280976661931682e+00
4.028605329097611154e+00
3.829776816305494158e+00
3.613773491800856608e+00
3.383739618269636651e+00
3.142927613298093892e+00
2.894641677511664568e+00
2.642184226884586984e+00
2.388806074411088609e+00
2.137661119546217847e+00
1.891766114133939247e+00
1.653965887456630757e+00
1.426904236127537473e+00
1.213000521324832048e+00
1.014431869769775174e+00
8.331207482556080013e-01
6.707275758082389405e-01
5.286479531663066389e-01
4.080140258783302443e-01
3.096994539437281091e-01
2.343274360710272397e-01
1.822812284113242143e-01
1.537166039231276926e-01
1.485757170866772725e-01
1.666018672444224968e-01
2.073546902052574303e-01
2.702253498662390285e-01
3.544512800933685703e-01
4.591276232506298349e-01
5.832146732089840135e-01
7.255455490500730686e-01
8.848336106611365270e-01
1.059679621053133181e+00
1.248578755223310299e+00
1.449927562977308959e+00
1.662030998637492374e+00
1.883109634136378663e+00
2.111307173719107144e+00
2.344698388401912137e+00
2.581297586457053317e+00
2.819067732482848143e+00
3.055930322001373156e+00
3.289776110909496509e+00
3.518476789373026214e+00
3.739897677765392281e+00
3.951911507870539353e+00
4.152413335652264337e+00
4.339336612306825103e+00
4.510670417945740418e+00
4.664477837013831341e+00
4.798915426384132488e+00
4.912253695986694702e+00
5.002898487886154655e+00
5.069413103061020998e+00
5.110540985983413442e+00
5.125228735779741918e+00
5.112649169714556407e+00
5.072224120552525584e+00
5.003646604727231662e+00
4.906901954038731972e+00
4.782287460829305559e+00
4.630430046422873147e+00
4.452301426393928452e+00
4.249230215447746595e+00
4.022910390982564977e+00
3.775405519533188148e+00
3.509148146134893675e+00
3.226933755139389071e+00
2.931908734132117722e+00
2.627551812290193745e+00
2.317648502643114838e+00
2.006258155954346645e+00
1.697673333784505800e+00
1.396371330842153480e+00
1.106957822645985967e+00
8.341027839333441385e-01
5.824690156027270138e-01
3.566338319415174318e-01
1.610046932322668489e-01
-2.701816800176892741e-04
-1.233949269697025564e-01
-2.050213020405426967e-01
-2.423442935950013144e-01
-2.331959578576787706e-01
-1.761351717394572525e-01
-7.053074786718571687e-02
8.336480663537448876e-02
2.843537320259708068e-01
5.302465640666458313e-01
8.178336795534584258e-01
1.142877628270313695e+00
1.500128839256881452e+00
1.883366979377821382e+00
2.285469815827682716e+00
2.698510886557472510e+00
3.113886612379777930e+00
3.522472694713074226e+00
3.914808741576877082e+00
4.281309065199036645e+00
4.612496517249804029e+00
4.899255098592272262e+00
5.133095932503108472e+00
5.306430063063644731e+00
5.412840479416361816e+00
5.447344822653327867e+00
5.406639460118441320e+00
5.289315069118396551e+00
5.096033615993268207e+00
4.829656702507504562e+00
4.495315729741758304e+00
4.100415241846732783e+00
3.654562188031130976e+00
3.169415695404912192e+00
2.658454273228516129e+00
2.136660143966741643e+00
1.620123566610390586e+00
1.125573504380694478e+00
6.698446856412207939e-01
2.692948794830982706e-01
-6.081010387995444688e-02
-3.069227551978794821e-01
-4.578276604942117523e-01
-5.052165731641728996e-01
-4.441971870995753413e-01
-2.737077111668932972e-01
3.189723999196925064e-03
3.791614745550391241e-01
8.426214566088867652e-01
1.377932435873196360e+00
1.965798344225794914e+00
2.583848389578628169e+00
3.207404613872460786e+00
3.810414705544328928e+00
4.366521710662720324e+00
4.850232317437607854e+00
5.238136185200504613e+00
5.510120967918977541e+00
5.650521873751788604e+00
5.649141412600819478e+00
5.502074954761846826e+00
5.212281287873215874e+00
4.789844794049129106e+00
4.251887254596026899e+00
3.622102471914875110e+00
2.929905461139809209e+00
2.209209215749789568e+00
1.496865026168433532e+00
8.308258108908885831e-01
2.481144803012163003e-01
-2.173005743134388545e-01
-5.366048142974517710e-01
-6.880833851785781441e-01
-6.587819431244459345e-01
-4.457559994396897984e-01
-5.679622821909635633e-02
4.894598432500347762e-01
1.164087783859805159e+00
1.929126882457549819e+00
2.739495915176226593e+00
3.545500896185351358e+00
4.295814037820481879e+00
4.940759035858045323e+00
5.435700872999621680e+00
5.744312214623098711e+00
5.841476405947497952e+00
5.715591639598059714e+00
5.370063632827271505e+00
4.823815466454685286e+00
4.110701968960589703e+00
3.277789491245617359e+00
2.382545870321399306e+00
1.489074180781721823e+00
6.636107709694587520e-01
-3.041434419558175506e-02
-5.373959390067883923e-01
-8.142552017479443016e-01
-8.344215470373579357e-01
-5.907177391761941898e-01
-9.683226419770907256e-02
6.128432524484075383e-01
1.485111740428507243e+00
2.451561424836614655e+00
3.433655940307721810e+00
4.348982071340933508e+00
5.118182872824839080e+00
5.672004965247166908e+00
5.957833877822973356e+00
5.945090054261546797e+00
5.628915982859265199e+00
5.031702076520655709e+00
4.202169743874536678e+00
3.211942901284469798e+00
2.149776823446408081e+00
1.113854211560800556e+00
2.027785665098598145e-01
-4.939300664192010082e-01
-9.049244049776130616e-01
-9.847690571971101647e-01
-7.194665370473458665e-01
-1.290754089233434598e-01
7.330195398356100789e-01
1.784303811921369443e+00
2.920556035714267029e+00
4.025896031077874859e+00
4.984534305500581297e+00
5.693053649164606433e+00
6.071919199180749516e+00
6.074914756974331809e+00
5.695351327277144549e+00
4.968183785728616186e+00
3.967581179349437548e+00
2.799987210897723955e+00
1.593228671906143035e+00
4.827215874447112753e-01
-4.037733669947440873e-01
-9.611382400057228992e-01
-1.119851140792890831e+00
-8.552697309630135081e-01
-1.919581938562995305e-01
7.976997640316809690e-01
2.000702943245251664e+00
3.275840540780972532e+00
4.470018561830240600e+00
5.436659783423879233e+00
6.053974821898966852e+00
6.240804097957843410e+00
5.967922411290217610e+00
5.263173385936383397e+00
4.209516115020448979e+00
2.935941696591728434e+00
1.602146712463032863e+00
3.787131330383695094e-01
-5.747804123354058881e-01
-1.130905099086208843e+00
-1.211948225277242219e+00
-8.014178924788932790e-01
5.228298776997331032e-02
1.240792589604567064e+00
2.608970468179595770e+00
3.974808721915887411e+00
5.153570150895927071e+00
5.982964692595713174e+00
6.345908467123534180e+00
6.187619242964752075e+00
5.524480925464573922e+00
4.443182217105563936e+00
3.089964112286441189e+00
1.651216149687789514e+00
3.279411739037185747e-01
-6.924294736373339809e-01
-1.262897984773155180e+00
-1.298539196634561410e+00
-7.896624703215828767e-01
1.956129100328869441e-01
1.519986061878399797e+00
2.995795372157622261e+00
4.411494937654506288e+00
5.562058634889489817e+00
6.278917137807088267e+00
6.455006592137921828e+00
6.061143038902271130e+00
5.151155290895411909e+00
3.854840349229290641e+00
2.359611108806544344e+00
8.834146528905741924e-01
-3.571519895104700026e-01
-1.178826227206808408e+00
-1.458988337026855486e+00
-1.154168440800412032e+00
-3.069119440919778619e-01
9.601057840443867342e-01
2.461913556837668438e+00
3.978433293436470120e+00
5.286911306088116547e+00
6.194720771935648074e+00
6.567688942772962335e+00
6.349803144667632182e+00
5.571453986384002022e+00
4.345071224318553860e+00
2.848841558978570720e+00
1.300902510729319506e+00
-7.225497567115191089e-02
-1.068647932599796846e+00
-1.540245368766781642e+00
-1.414809342990315688e+00
-7.070429324881351008e-01
4.826142951774246015e-01
1.981616816225394206e+00
3.569667712880326693e+00
5.010518588606801771e+00
6.086775329461266537e+00
6.632695707250448436e+00
6.560085119776788432e+00
5.873229966586619000e+00
4.670272765366588530e+00
3.130351726728953565e+00
1.487944443750078616e+00
-2.132724063647728485e-03
-1.104021381358306630e+00
-1.638455739264437216e+00
-1.512740919435432208e+00
-7.379852137820130942e-01
5.697343136378587580e-01
2.205180234043129683e+00
3.904930349692969038e+00
5.389120697997051401e+00
6.407523296349986630e+00
6.782436685717613045e+00
6.440979039070303003e+00
5.430760344352616009e+00
3.915431142911011797e+00
2.149907849378608127e+00
4.386357754800247477e-01
-9.165455215676763245e-01
-1.670130136838146928e+00
-1.678669469685508009e+00
-9.298053699291437546e-01
4.514968295453867242e-01
2.221739890071915191e+00
4.060378980700502183e+00
5.627259687965183943e+00
6.625872809743812653e+00
6.860633563025698933e+00
6.276927853608962771e+00
4.975440799318924689e+00
3.196893813714988930e+00
1.278964411566938075e+00
-4.072257848257319068e-01
-1.529238485154726046e+00
-1.859975417142806453e+00
-1.325266894673502005e+00
-2.210121529711628341e-02
1.797204489934395966e+00
3.772764668611882755e+00
5.508004789088415620e+00
6.649729234944325995e+00
6.961059835816875818e+00
6.371903831796299045e+00
4.995881819000136836e+00
3.109420810692313797e+00
1.096619289845403911e+00
-6.291588341068510282e-01
-1.710824792107270564e+00
-1.922286184225898698e+00
-1.216421143424507800e+00
2.641143727348702619e-01
2.215822654605286601e+00
4.237131626218330283e+00
5.911808576075666011e+00
6.895388778417808950e+00
6.986358290905178237e+00
6.167158308206153627e+00
4.606618490827807832e+00
2.623718528359231250e+00
6.207825112606772944e-01
-9.994648862376935838e-01
-1.915451270873224754e+00
-1.950110285348675365e+00
-1.103504166092969196e+00
4.510285145318828626e-01
2.405199609021804186e+00
4.379573598789132660e+00
5.999049830359762581e+00
6.964537003446176655e+00
7.106921466019848310e+00
6.413762166534100473e+00
5.025129277158801422e+00
3.201281442625977469e+00
1.270136738712898117e+00
-4.342497709206196710e-01
-1.630209730281332536e+00
-2.133610240858809792e+00
-1.882696505564768419e+00
-9.400957274053034496e-01
5.261637225632558312e-01
2.277232656531188226e+00
4.046128695776660678e+00
5.580583649972483684e+00
6.678920319668550931e+00
7.214051238186151238e+00
7.143538134610952994e+00
6.506232110665131074e+00
5.408058746575837183e+00
4.000745383805800692e+00
2.457662767878536769e+00
9.505901972081396423e-01
-3.696639677928743595e-01
-1.386986088610925094e+00
-2.027371044475229755e+00
-2.260350644217231864e+00
-2.095465475474374006e+00
-1.575203417793481275e+00
-7.659354728869036677e-01
2.517395186939230811e-01
1.392097917581687438e+00
2.572038999651069968e+00
3.717021650346631567e+00
4.765042114645349436e+00
5.668745740008177769e+00
6.395929565044086829e+00
6.928782679963877200e+00
7.262239071903813681e+00
7.401798837107762097e+00
7.361124533389974189e+00
7.159654730433450354e+00
6.820408198142537515e+00
6.368087957237902330e+00
5.827539666464314649e+00
5.222575887098977354e+00
4.575146958944349862e+00
3.904819496329233530e+00
3.228513059941526819e+00
2.560442277359692653e+00
1.912213501029337737e+00
1.293030170416106017e+00
7.099678828324778035e-01
1.682901100450044929e-01
-3.281696687305388771e-01
-7.766571032409363973e-01
-1.175248325405970906e+00
-1.522641360695941248e+00
-1.817983735833653913e+00
-2.060734308970505690e+00
-2.250556746295543586e+00
-2.387241877934682233e+00
-2.470656237533582544e+00
-2.500714311969949311e+00
-2.477372316886209180e+00
-2.400641608855375697e+00
-2.270620100996441071e+00
-2.087540232555997743e+00
-1.851832129645997416e+00
-1.564200565440510449e+00
-1.225714170024540639e+00
-8.379050435235870786e-01
-4.028764866029073133e-01
7.658401890291655079e-02
5.968901612337116358e-01
1.153544894489210826e+00
1.741036609341257702e+00
2.352749671308481449e+00
2.980896567824793397e+00
3.616479764825036192e+00
4.249292050741852123e+00
4.867964530463703809e+00
5.460071399607169695e+00
6.012300047132856484e+00
6.510693767706457358e+00
6.940972290545873946e+00
7.288932349768536767e+00
7.540926575586109237e+00
7.684414080557314009e+00
7.708570336473943740e+00
7.604937471529584769e+00
7.368089265575196833e+00
6.996278308043923033e+00
6.492026553857924043e+00
5.862615517454163871e+00
5.120429306488716747e+00
4.283103359123516363e+00
3.373434809727732464e+00
2.419017434320795967e+00
1.451575461410613332e+00
5.059861979314215219e-01
-3.809989705993426234e-01
-1.172302944884331843e+00
-1.832283933157744737e+00
-2.328628039849429232e+00
-2.634270209480602087e+00
-2.729222680974852988e+00
-2.602159643356605212e+00
-2.251610730340048772e+00
-1.686686860189456905e+00
-9.272625412944108803e-01
-3.561875909753986491e-03
1.044869629839542124e+00
2.170786534559862702e+00
3.321397132377064132e+00
4.440949600238821127e+00
5.473616697705605105e+00
6.366518122970981075e+00
7.072702258764778094e+00
7.553905173049143329e+00
7.782936387217956664e+00
7.745461198450788842e+00
7.441053124194160873e+00
6.883486066864687558e+00
6.100213682444389107e+00
5.131050507121883264e+00
4.026120774607564456e+00
2.843188005203219237e+00
1.644518636078688090e+00
4.934633797053278315e-01
-5.490414631549729307e-01
-1.427845097636164962e+00
-2.096626120546217553e+00
-2.520430393956539117e+00
-2.677556169669805808e+00
-2.560680757402997276e+00
-2.177170156744864915e+00
-1.548563081057874324e+00
-7.092703637885553469e-01
2.954233427939518819e-01
1.411929236285976996e+00
2.581338430998826539e+00
3.742643264883476206e+00
4.836009825286503805e+00
5.805918242885084624e+00
6.604000671464399730e+00
7.191429740517779834e+00
7.540740804909273010e+00
7.637007304732749802e+00
7.478327558471168146e+00
7.075620870198253698e+00
6.451768582264838514e+00
5.640169554245131778e+00
4.682807775623963664e+00
3.627951155067161260e+00
2.527614200363410113e+00
1.434923041245116382e+00
4.015192621635210735e-01
-5.248700602656026781e-01
-1.302583892171439661e+00
-1.897808147129610656e+00
-2.285917209861308752e+00
-2.452332724078690962e+00
-2.392882163756972158e+00
-2.113664694972079428e+00
-1.630454740026546556e+00
-9.676934964493146829e-01
-1.571347080910152627e-01
7.637772367938204798e-01
1.753711506196127479e+00
2.769349096665413956e+00
3.767288297102449057e+00
4.705875584351855601e+00
5.546888521104646586e+00
6.257008108268898638e+00
6.809030767553176489e+00
7.182783972891705560e+00
7.365723582875142839e+00
7.353208979442085180e+00
7.148463790717636712e+00
6.762232598898410885e+00
6.212158672679921168e+00
5.521917608429943058e+00
4.720149203575537911e+00
3.839235399247496350e+00
2.913975636492459387e+00
1.980212464113675352e+00
1.073459777719893982e+00
2.275837818478674279e-01
-5.264171732823772487e-01
-1.161493100637217335e+00
-1.655448998828372265e+00
-1.991650799792066717e+00
-2.159511899031076876e+00
-2.154749875662107517e+00
-1.979411371341756709e+00
-1.641671193029353493e+00
-1.155419278817401807e+00
-5.396559919863030963e-01
1.822779062875139466e-01
9.836054642388107894e-01
1.835117201262848052e+00
2.706237190333386611e+00
3.566113521550249299e+00
4.384695388355382306e+00
5.133760550724185023e+00
5.787859582591826424e+00
6.325146980362305271e+00
6.728073744951156954e+00
6.983921279276124494e+00
7.085162178748801054e+00
7.029639537067023269e+00
6.820562543265509703e+00
6.466322211287609534e+00
5.980136871784647923e+00
5.379542392992927802e+00
4.685746827808717541e+00
3.922873174925662898e+00
3.117117086664801029e+00
2.295848577140759517e+00
1.486688034042622730e+00
7.165870987959708227e-01
1.094426694618055862e-02
-6.072165836051954813e-01
-1.117979033831673075e+00
-1.505155902093752385e+00
-1.756781447247205197e+00
-1.865459918273745910e+00
-1.828561175119980842e+00
-1.648259120978186498e+00
-1.331413755575470592e+00
-8.893026243449226875e-01
-3.372121476670728590e-01
3.060963739736464184e-01
1.019027496407211242e+00
1.777877374979725644e+00
2.557620350343727367e+00
3.332730571346845139e+00
4.078012036678231311e+00
4.769410467135996257e+00
5.384781282340707520e+00
5.904589612991788528e+00
6.312520672034405145e+00
6.595981853361998049e+00
6.746481523865126562e+00
6.759873506890425432e+00
6.636460593514817319e+00
6.380954925359560548e+00
6.002297627937029034e+00
5.513344496086380886e+00
4.930428706876423206e+00
4.272815333092127688e+00
3.562065737231455920e+00
2.821332642859767592e+00
2.074608727017313470e+00
1.345952895091054202e+00
6.587189518469853677e-01
3.481115665696377093e-02
-5.060098411522888640e-01
-9.467489143974856525e-01
-1.273706842564562791e+00
-1.476902787080735191e+00
-1.550375968839260654e+00
-1.492357541346436722e+00
-1.305307800646996252e+00
-9.958181562854653279e-01
-5.743815716172591124e-01
-5.503933278595996015e-02
5.450841058857942567e-01
1.206342947504531971e+00
1.907210284213749940e+00
2.624976043065847531e+00
3.336480188206703446e+00
4.018857669802400778e+00
4.650271304818797802e+00
5.210609224021441221e+00
5.682124708072471719e+00
6.049998124834457869e+00
6.302803209469074908e+00
6.432863018048249337e+00
6.436484436000290188e+00
6.314064022072566118e+00
6.070062092867987147e+00
5.712846171517338867e+00
5.254409102746354421e+00
4.709971142707805924e+00
4.097479038048036593e+00
3.437018396711292834e+00
2.750158418027436102e+00
2.059250203223303100e+00
1.386701340523490256e+00
7.542502038594891545e-01
1.822633964706765752e-01
-3.109209901504192963e-01
-7.095831218356356551e-01
-1.001125164559256486e+00
-1.176472803660004729e+00
-1.230361629897853692e+00
-1.161499213034288491e+00
-9.725977132909693346e-01
-6.702760805862708615e-01
-2.648351254999479210e-01
2.300871223991487469e-01
7.979684578972652265e-01
1.419949101960530147e+00
2.075453965145281909e+00
2.742870200789865542e+00
3.400257861923097202e+00
4.026070382867586339e+00
4.599861272285555636e+00
5.102953841769914511e+00
5.519051990750497794e+00
5.834771987393589043e+00
6.040077765475434290e+00
6.128605416194000455e+00
6.097866189547834104e+00
5.949321314195898047e+00
5.688326167304222025e+00
5.323945638407966641e+00
4.868646791852572875e+00
4.337879000107003336e+00
3.749555460091782422e+00
3.123453291806068677e+00
2.480552142558428041e+00
1.842333288741915709e+00
1.230062569404730910e+00
6.640810547064639469e-01
1.631271260544520096e-01
-2.562873719941634043e-01
-5.804260240175369567e-01
-7.987833749478467915e-01
-9.044317961849821508e-01
-8.942480046580172370e-01
-7.690115763507479052e-01
-5.333720870997198382e-01
-1.956859293796138211e-01
2.322717538074696719e-01
7.357103560006532650e-01
1.297328747165434004e+00
1.897904839831223711e+00
2.516949862968330009e+00
3.133405199773876326e+00
3.726358164923214478e+00
4.275752414169755156e+00
4.763068820830108407e+00
5.171953618194731206e+00
5.488772364722652952e+00
5.703070783295943080e+00
5.807926674655092825e+00
5.800180803429018539e+00
5.680538778584942605e+00
5.453540359069995347e+00
5.127397159792626447e+00
4.713704257314825341e+00
4.227035542981132821e+00
3.684436693192432166e+00
3.104833182076964349e+00
2.508373726211490684e+00
1.915731819337465502e+00
1.347389505776910523e+00
8.229281995607138356e-01
3.603511557952114863e-01
-2.453885511378972595e-02
-3.186849979581518610e-01
-5.122259140392606547e-01
-5.988336294027170048e-01
-5.759279748657899489e-01
-4.447599573084954905e-01
-2.103610936016413469e-01
1.186395913141882197e-01
5.303245563904941395e-01
1.009911945577246950e+00
1.540280148183127640e+00
2.102574310536216462e+00
2.676873471466271859e+00
3.242894818869858309e+00
3.780710213618025506e+00
4.271449651558264726e+00
4.697966754798061473e+00
5.045442688626952332e+00
5.301907047587103960e+00
5.458657170411335358e+00
5.510560928087402388e+00
5.456232157068226840e+00
5.298072435452466422e+00
5.042177663617672501e+00
4.698112742751069604e+00
4.278562372090521038e+00
3.798870438412668804e+00
3.276484488317059629e+00
2.730325208926529523e+00
2.180103569742522840e+00
1.645610196428211047e+00
1.146002583839216937e+00
6.991158697656092436e-01
3.208220749044463638e-01
2.446099452818328857e-02
-1.796366378912286343e-01
-2.845164152294272775e-01
-2.868446071971777478e-01
-1.870207077014618413e-01
1.084592182963639573e-02
2.990944644874322655e-01
6.668003359418444020e-01
1.100181637929339429e+00
1.583109508865830239e+00
2.097703680318776076e+00
2.624991402223066039e+00
3.145605549080330299e+00
3.640496253322691445e+00
4.091629887683249756e+00
4.482649658432291240e+00
4.799473462754702879e+00
5.030806958128021478e+00
5.168552907336465552e+00
5.208101686911588146e+00
5.148492239633045031e+00
4.992437551780543714e+00
4.746213765716653654e+00
4.419417111351047645e+00
4.024597766900074980e+00
3.576784355564710971e+00
3.092916877323722336e+00
2.591209309145129591e+00
2.090465751774872594e+00
1.609375755195537216e+00
1.165815249295615974e+00
7.761793085347870047e-01
4.547717940420681337e-01
2.132747855350420885e-01
6.031771655361728435e-02
1.162370765346754098e-03
3.751552466705154742e-02
1.674761969644285031e-01
3.856193691919389543e-01
6.832128686511553806e-01
1.048559050110656754e+00
1.467448169733160057e+00
1.923706094996116445e+00
2.399815401376497626e+00
2.877586109159637751e+00
3.338850420782378148e+00
3.766154905209075920e+00
4.143423678180707448e+00
4.456567244034920883e+00
4.694013755385832098e+00
4.847142432803279277e+00
4.910602654485645147e+00
4.882506631949692810e+00
4.764488462994096452e+00
4.561627509985948237e+00
4.282239290739468629e+00
3.937542187992925324e+00
3.541213082927127775e+00
3.108849311353636402e+00
2.657357960387566553e+00
2.204296326685413199e+00
1.767189234239534557e+00
1.362849785760885224e+00
1.006729961316658262e+00
7.123262860930401619e-01
4.906636113739550886e-01
3.498769733189499576e-01
2.949076327838517919e-01
3.273249071802131205e-01
4.452804583015121942e-01
6.435964925486092891e-01
9.139840671104444425e-01
1.245382585020936128e+00
1.624406805592218506e+00
2.035883482800134647e+00
2.463456239847934715e+00
2.890234632526087033e+00
3.299461652744641427e+00
3.675173244555975494e+00
4.002823775269556350e+00
4.269852809254039983e+00
4.466170915751189519e+00
4.584545509350775205e+00
4.620871742097270030e+00
4.574318078661976372e+00
4.447341205869753011e+00
4.245570153907811672e+00
3.977564729131256804e+00
3.654458367923813178e+00
3.289500116465288393e+00
2.897514438018815142e+00
2.494300787127521790e+00
2.095997239162938008e+00
1.718433830215196245e+00
1.376501592336147661e+00
1.083562550625706944e+00
8.509242121234628087e-01
6.873993937575153534e-01
5.989687179763991676e-01
5.885588943388528893e-01
6.559451755102085890e-01
7.977813201002588173e-01
1.007755218970804556e+00
1.276863257111846783e+00
1.593791697005319641e+00
1.945389076157994168e+00
2.317209985292865593e+00
2.694107781027405668e+00
3.060851900574058870e+00
3.402744560644428873e+00
3.706211771600778526e+00
3.959344771599460522e+00
4.152370132456091767e+00
4.278029817660796930e+00
4.331856255659323196e+00
4.312331869675510632e+00
4.220927296291829833e+00
4.062017529510570490e+00
3.842680237653465003e+00
3.572385310223777033e+00
3.262589102803540531e+00
2.926250679528511256e+00
2.577290448779169463e+00
2.230013823761886727e+00
1.898523825758293260e+00
1.596146796557950998e+00
1.334894797863177551e+00
1.124986604079485586e+00
9.744464422083940480e-01
8.887963257983091392e-01
8.708538407129069459e-01
9.206427868538213932e-01
1.035419355216121273e+00
1.209811722544531731e+00
1.436066276673173769e+00
1.704389337722746589e+00
2.003369392077399613e+00
2.320461663483003534e+00
2.642514436011719425e+00
2.956315010507867935e+00
3.249132575485699448e+00
3.509235621826749085e+00
3.726362804722464617e+00
3.892128294312541925e+00
4.000345561020639984e+00
4.047257084179822328e+00
4.031661499207404020e+00
3.954934036620464610e+00
3.820940571558298693e+00
3.635850007687712271e+00
3.407853881336857071e+00
3.146805819425665618e+00
2.863796666348664477e+00
2.570683583841965270e+00
2.279593127785474405e+00
2.002419154694094594e+00
1.750336382454929840e+00
1.533349535804981345e+00
1.359896294343723167e+00
1.236519810500699812e+00
1.167623487724760656e+00
1.155317141070101972e+00
1.199359758114515895e+00
1.297200004757904424e+00
1.444111550001691668e+00
1.633416386154029842e+00
1.856785756578150259e+00
2.104605216688848923e+00
2.366387868162960650e+00
2.631218017325364311e+00
2.888206482057305013e+00
3.126938540234978525e+00
3.337896075807670115e+00
3.512836802061344077e+00
3.645115459908797817e+00
3.729934508494493262e+00
3.764514928379428138e+00
3.748181207821357219e+00
3.682358231245869362e+00
3.570481480733271873e+00
3.417825541405726586e+00
3.231259222024209343e+00
3.018938527912484293e+00
2.789951137995191122e+00
2.553927847848728838e+00
2.320637579483253887e+00
2.099582988482379786e+00
1.899613412763630826e+00
1.728570927362763410e+00
1.592983647786216483e+00
1.497818238256723555e+00
1.446300930708101395e+00
1.439813363713748906e+00
1.477866338399668633e+00
1.558151298537993501e+00
1.676666113289342341e+00
1.827908707550853995e+00
2.005129370343410766e+00
2.200630284542293147e+00
2.406099050243770243e+00
2.612961784786840713e+00
2.812740815042469311e+00
2.997402045398999793e+00
3.159677774371899783e+00
3.293352004520819776e+00
3.393497081136628069e+00
3.456652721000491368e+00
3.480941052578466532e+00
3.466114070152603865e+00
3.413532786093712801e+00
3.326080225109079969e+00
3.208013122273561279e+00
3.064759651454931344e+00
2.902672623483629533e+00
2.728749271782071606e+00
2.550329924617475541e+00
2.374788507192009401e+00
2.209227906338089742e+00
2.060192772233893965e+00
1.933411354875731014e+00
1.833576528939871109e+00
1.764174318828851895e+00
2.530138681562314584e+00
