2.749762481350578991e+00
2.939750131645090026e+00
3.106280132250651249e+00
3.239184092961773676e+00
3.330275544835378909e+00
3.373864734322183700e+00
3.367126440794641073e+00
3.310296378314860899e+00
3.206681897680917270e+00
3.062483921319421931e+00
2.886438649042628146e+00
2.689298855274850464e+00
2.483184850297412982e+00
2.280843739913321233e+00
2.094861921077175282e+00
1.936879355653673418e+00
1.816854790419052179e+00
1.742428639879265218e+00
1.718424812681408564e+00
1.746524626479356357e+00
1.825135581787960426e+00
1.949465766876486317e+00
2.111801774461111059e+00
2.301975031393027837e+00
2.507989202629195002e+00
2.716770629198302256e+00
2.914995313912748465e+00
3.089940365815126100e+00
3.230305471515394267e+00
3.326951093388649028e+00
3.373504694939215565e+00
3.366794130622080328e+00
3.307077963160210299e+00
3.198055246158650444e+00
3.046651439383980087e+00
2.862591708330163520e+00
2.657786949405092969e+00
2.445570540451518671e+00
2.239834181296693316e+00
2.054118532213096593e+00
1.900718136395490809e+00
1.789860008372724742e+00
1.729011218394061355e+00
1.722363000337299610e+00
1.770527809840904965e+00
1.870472043061682577e+00
2.015691667503684670e+00
2.196621822855243433e+00
2.401255599977126121e+00
2.615932777015690824e+00
2.826247285421914057e+00
3.018013453314837946e+00
3.178226280780607205e+00
3.295950537628990595e+00
3.363077446970470064e+00
3.374895933956824745e+00
3.330437389203282805e+00
3.232567863959231236e+00
3.087818600809556280e+00
2.905963672934555042e+00
2.699371037129351780e+00
2.482169281324491994e+00
2.269285631689959448e+00
2.075420408942723505e+00
1.914028356786033669e+00
1.796377669419295220e+00
1.730753011883423120e+00
1.721859593312502046e+00
1.770471990514610683e+00
1.873354800596025882e+00
2.023463445097962943e+00
2.210413844106315473e+00
2.421190599836083646e+00
2.641046135084490487e+00
2.854529172280921401e+00
3.046571061625765964e+00
3.203553539517829840e+00
3.314281947782809379e+00
3.370793818846622436e+00
3.368943692112003507e+00
3.308720361276123789e+00
3.194271423269400501e+00
3.033630711320744133e+00
2.838165483318191296e+00
2.621780572875609394e+00
2.399934609894113446e+00
2.188537549198518839e+00
2.002808032783778724e+00
1.856172812617256307e+00
1.759288232578871902e+00
1.719255694115370492e+00
1.739089623955731412e+00
1.817478635749718352e+00
1.948859580524106017e+00
2.123801514153333070e+00
2.329673918390172904e+00
2.551552464701276168e+00
2.773297777677409925e+00
2.978729390718628522e+00
3.152809423876876238e+00
3.282749082718192657e+00
3.358956053313596257e+00
3.375751952867992234e+00
3.331805430153017333e+00
3.230247128654448296e+00
3.078456035728731166e+00
2.887531032128355601e+00
2.671484924343038081e+00
2.446219125530411542e+00
2.228353862731555335e+00
2.034000038862755044e+00
1.877563775714112149e+00
1.770672786679713173e+00
1.721305159878828261e+00
1.733186464272895577e+00
1.805501380228384356e+00
1.932942749342906108e+00
2.106095768319835582e+00
2.312129905613811154e+00
2.535747897738929169e+00
2.760321652881479348e+00
2.969130553137401485e+00
3.146609618879859127e+00
3.279513922031190631e+00
3.357911626349544321e+00
3.375930671079714784e+00
3.332202468975137499e+00
3.229968689271784932e+00
3.076842530981729329e+00
2.884241943548986331e+00
2.666537039998777558e+00
2.439975581656861348e+00
2.221467238537447209e+00
2.027318054833493477e+00
1.872010348381775602e+00
1.767119849714808621e+00
1.720451496921814538e+00
1.735458738022034098e+00
1.810989717849807779e+00
1.941378983043457351e+00
2.116877217885153595e+00
2.324386020288402577e+00
2.548441785346534871e+00
2.772374126902261260e+00
2.979551343840612265e+00
3.154619192486563861e+00
3.284640108700940697e+00
3.360047933277824583e+00
3.375347493690092904e+00
3.329507959223704017e+00
3.226022193425635454e+00
3.072629579234513297e+00
2.880725054031541443e+00
2.664500444600927498e+00
2.439883878723241750e+00
2.223357610657100469e+00
2.030742978317429781e+00
1.876042840092598141e+00
1.770426670323674401e+00
1.721431995100091150e+00
1.732438971140069395e+00
1.802453994053159425e+00
1.926214900123955021e+00
2.094606388058815938e+00
2.295351542390657862e+00
2.513925476322345531e+00
2.734621568860594820e+00
2.941690636027455064e+00
3.120469306201059112e+00
3.258416051916813494e+00
3.345981476541211030e+00
3.377252833613151761e+00
3.350330262474352505e+00
3.267412466136224047e+00
3.134590975765047194e+00
2.961373132581263778e+00
2.759972939438927853e+00
2.544424646768760567e+00
2.329585281370031069e+00
2.130098597689976003e+00
1.959393822777362626e+00
1.828788178041014678e+00
1.746752978814096302e+00
1.718389957636306420e+00
1.745148412278630268e+00
1.824796099522135506e+00
1.951638806857670660e+00
2.116966533346888113e+00
2.309689370447525647e+00
2.517114460914752438e+00
2.725807528845284544e+00
2.922478809952618217e+00
3.094833840867235786e+00
3.232334251774067191e+00
3.326821932567996409e+00
3.372970967658040387e+00
3.368544657216440807e+00
3.314448775477849995e+00
3.214585938917244867e+00
3.075528158977641535e+00
2.906036189822818194e+00
2.716463975449412871e+00
2.518090999237214689e+00
2.322427346920235003e+00
2.140535349391178510e+00
1.982407959671006026e+00
1.856438000565648005e+00
1.769004672712623183e+00
1.724194880145783815e+00
1.723667670775602900e+00
1.766661029255251592e+00
1.850131955121135263e+00
1.969013663541436365e+00
2.116568191325911119e+00
2.284808877777560365e+00
2.464965188913724514e+00
2.647962114232296216e+00
2.824887733120182709e+00
2.987425286272556768e+00
3.128229901157655313e+00
3.241234681919018534e+00
3.321875846953165290e+00
3.367231658788263360e+00
3.376074749232446326e+00
3.348841851618456378e+00
3.287528719194471094e+00
3.195521000997920691e+00
3.077373989783090735e+00
2.938555432509541987e+00
2.785166033945176256e+00
2.623651960843696340e+00
2.460522672425565105e+00
2.302085888710235118e+00
2.154209599594564484e+00
2.022118855102780000e+00
1.910232796324056403e+00
1.822045110843584670e+00
1.760048932994924042e+00
1.725705245234565144e+00
1.719452138114496265e+00
1.740750896744359455e+00
1.788163824566945337e+00
1.859457995123888985e+00
1.951728727377330941e+00
2.061536484912998901e+00
2.185051068747238201e+00
2.318197365395778142e+00
2.456797480401187617e+00
2.596704785615168820e+00
2.733926190376982035e+00
2.864729769623633793e+00
2.985735707767902092e+00
3.093989313269608132e+00
3.187015598673184513e+00
3.262855584222739580e+00
3.320085055858517542e+00
3.357816982048894783e+00
3.375689165284069482e+00
3.373838974368744026e+00
3.352867177793301678e+00
3.313792984197151625e+00
3.258002403112423728e+00
3.187191978987215624e+00
3.103309835820144080e+00
3.008495810590138930e+00
2.905022262672768196e+00
2.795236934494722547e+00
2.681509015668908091e+00
2.566179337445330777e+00
2.451515403862795317e+00
2.339671756495358856e+00
2.232656164913422447e+00
2.132302090684672358e+00
2.040245945473908584e+00
1.957909433674265731e+00
1.886487033883900821e+00
1.826938363992558045e+00
1.779985114678093616e+00
1.746112189928986869e+00
1.725572659647452767e+00
1.718396107215628188e+00
1.724399942860027846e+00
1.743203250464253173e+00
1.774242739926314094e+00
1.816790388056050976e+00
1.869972367250703371e+00
1.932788881743095821e+00
2.004134555143917140e+00
2.082819039445610532e+00
2.167587543859301746e+00
2.257141011146555076e+00
2.350155698901851054e+00
2.445301953036595588e+00
2.541261990088380163e+00
2.636746533576735718e+00
2.730510177161758811e+00
2.821365373605966731e+00
2.908194973317793863e+00
2.989963259436765775e+00
3.065725447919303459e+00
3.134635640844992022e+00
3.195953239165455706e+00
3.249047837362696978e+00
3.293402636995509614e+00
3.328616428932056781e+00
3.354404205249649884e+00
3.370596471393799476e+00
3.377137337303075082e+00
3.374081472903154300e+00
3.361590018737090180e+00
3.339925546614900487e+00
3.309446168121338072e+00
3.270598890702494543e+00
3.223912321945304971e+00
3.169988822652082039e+00
3.109496208476311807e+00
3.043159098303148902e+00
2.971750005303892106e+00
2.896080263738410654e+00
2.816990881190986951e+00
2.735343402067487606e+00
2.652010863914808780e+00
2.567868923504665890e+00
2.483787224706061281e+00
2.400621075004049310e+00
2.319203492154660928e+00
2.240337676939507361e+00
2.164789962342234642e+00
2.093283283747993107e+00
2.026491209006673788e+00
1.965032561430967384e+00
1.909466663055315205e+00
1.860289219791087412e+00
1.817928864503787434e+00
1.782744368536778534e+00
1.755022526837471286e+00
1.734976716628317428e+00
1.722746124528754530e+00
1.718395632194707146e+00
1.721916345918609537e+00
1.733226751242126884e+00
1.752174469492073117e+00
1.778538589272118164e+00
1.812032542342008057e+00
1.852307490004672541e+00
1.898956183110078744e+00
1.951517256082788698e+00
2.009479912996237960e+00
2.072288961656548967e+00
2.139350149928820777e+00
2.210035757142049029e+00
2.283690392348449727e+00
2.359636950488792628e+00
2.437182677127999852e+00
2.515625292371869826e+00
2.594259124852157594e+00
2.672381207269450165e+00
2.749297285902966514e+00
2.824327697726122022e+00
2.896813070295634063e+00
2.966119801399363709e+00
3.031645277540039540e+00
3.092822792684246647e+00
3.149126131302835141e+00
3.200073782551999813e+00
3.245232755475858433e+00
3.284221968330455876e+00
3.316715188515476864e+00
3.342443503130616556e+00
3.361197303825695037e+00
3.372827773363156201e+00
3.377247865133720328e+00
3.374432770735316112e+00
3.364419874616415118e+00
3.347308198671154145e+00
3.323257343529277374e+00
3.292485937082543224e+00
3.255269604504761549e+00
3.211938477629871613e+00
3.162874265025378939e+00
3.108506907413858045e+00
3.049310846228016736e+00
2.985800936014062490e+00
2.918528034100625668e+00
2.848074303408406838e+00
2.775048266468166602e+00
2.700079650626681094e+00
2.623814066036203041e+00
2.546907559328636772e+00
2.470021086862349335e+00
2.393814952085496550e+00
2.318943251880655421e+00
2.246048376735914065e+00
2.175755609225552334e+00
2.108667864580131113e+00
2.045360616083508720e+00
1.986377046659090873e+00
1.932223466307413151e+00
1.883365033042369685e+00
1.840221812657004463e+00
1.803165210047482425e+00
1.772514801952628449e+00
1.748535597847396428e+00
1.731435752381886850e+00
1.721364749209417955e+00
1.718412072321272133e+00
1.722606377130939670e+00
1.733915169555353852e+00
1.752244997254908121e+00
1.777442153049347828e+00
1.809293886354980785e+00
1.847530114322637251e+00
1.891825620228580362e+00
1.941802722615164178e+00
1.997034394727294826e+00
2.057047809977871289e+00
2.121328285530867497e+00
2.189323592647408834e+00
2.260448599225928668e+00
2.334090207011584095e+00
2.409612543279395780e+00
2.486362364433140293e+00
2.563674626932155309e+00
2.640878179279830817e+00
2.717301527497469671e+00
2.792278625582488960e+00
2.865154641918802536e+00
2.935291652481347047e+00
3.002074211960138683e+00
3.064914754623198068e+00
3.123258777843207490e+00
3.176589762722915822e+00
3.224433788161595427e+00
3.266363796998972724e+00
3.302003475536870791e+00
3.331030710755888524e+00
3.353180592892240242e+00
3.368247934694550860e+00
3.376089282613750520e+00
3.376624399361711326e+00
3.369837201672595040e+00
3.355776141680402613e+00
3.334554025049553339e+00
3.306347263823832705e+00
3.271394566852417807e+00
3.229995075568445451e+00
3.182505957793653195e+00
3.129339477079501108e+00
3.070959559827691532e+00
3.007877887019487773e+00
2.940649541781769294e+00
2.869868248186635995e+00
2.796161240583688201e+00
2.720183806359727896e+00
2.642613548276008473e+00
2.564144415415336109e+00
2.485480554249135832e+00
2.407330033382544698e+00
2.330398497129765545e+00
2.255382804191655044e+00
2.182964708338795301e+00
2.113804638132725344e+00
2.048535632338991164e+00
1.987757486794907269e+00
1.932031167094919066e+00
1.881873539551212282e+00
1.837752470490480405e+00
1.800082341072141823e+00
1.769220021480707672e+00
1.745461344578572271e+00
1.729038114934601467e+00
1.720115684600939332e+00
1.718791122131985816e+00
1.725091996165980079e+00
1.738975789464310751e+00
1.760329953673066106e+00
1.788972609284444903e+00
1.824653889383560212e+00
1.867057919821867085e+00
1.915805422515788781e+00
1.970456922683518908e+00
2.030516535058774608e+00
2.095436298513659867e+00
2.164621023136636957e+00
2.237433608699852527e+00
2.313200788663511531e+00
2.391219249452876561e+00
2.470762070750860850e+00
2.551085429020817585e+00
2.631435503447191238e+00
2.711055520992677437e+00
2.789192875348753820e+00
2.865106253228581590e+00
2.938072700736289899e+00
3.007394562460890874e+00
3.072406226493763270e+00
3.132480609760937895e+00
3.187035319890206164e+00
3.235538432291110489e+00
3.277513824196779613e+00
3.852564707635716346e+00
3.899891367040941859e+00
3.934292543096415073e+00
3.955409505365683920e+00
3.963009907984034186e+00
3.956990681913644003e+00
3.937379700033088348e+00
3.904336188830175303e+00
3.858149872340282727e+00
3.799238846121336888e+00
3.728146191366612960e+00
3.645535351609972885e+00
3.552184306755390431e+00
3.448978591240532410e+00
3.336903214905673210e+00
3.217033556459940602e+00
3.090525310203974918e+00
2.958603576765651777e+00
2.822551197925938560e+00
2.683696444052992014e+00
2.543400170129720639e+00
2.403042562764180268e+00
2.264009605838907202e+00
2.127679396515404164e+00
1.995408446105296330e+00
1.868518101811570187e+00
1.748281225491898461e+00
1.635909264388417439e+00
1.532539846195514643e+00
1.439225026908065752e+00
1.356920314628271118e+00
1.286474585945363680e+00
1.228621003689304159e+00
1.183969035856480945e+00
1.152997665392183846e+00
1.136049869374899934e+00
1.133328434084196479e+00
1.144893159555369966e+00
1.170659493651969640e+00
1.210398621550432541e+00
1.263739021966701959e+00
1.330169486606123774e+00
1.409043584333850019e+00
1.499585536595192004e+00
1.600897455818373061e+00
1.711967884060030531e+00
1.831681555161507102e+00
1.958830290319712786e+00
2.092124924390416751e+00
2.230208148571414917e+00
2.371668144492931063e+00
2.515052875298582791e+00
2.658884891141078732e+00
2.801676499752216998e+00
2.941945147456283216e+00
3.078228852264409898e+00
3.209101528564571648e+00
3.333188042459166223e+00
3.449178838020517279e+00
3.555843977646449439e+00
3.652046444293616023e+00
3.736754559618975513e+00
3.809053379925309457e+00
3.868154941223139964e+00
3.913407235608465484e+00
3.944301813417370184e+00
3.960479919141982386e+00
3.961737083749718558e+00
3.948026111697998441e+00
3.919458417424264596e+00
3.876303683251776100e+00
3.818987828308655352e+00
3.748089296029231132e+00
3.664333685901797644e+00
3.568586773154508229e+00
3.461845977832896271e+00
3.345230362025916282e+00
3.219969250647155334e+00
3.087389586985744394e+00
2.948902149024940744e+00
2.805986766111619346e+00
2.660176687782365157e+00
2.513042267261921925e+00
2.366174131210760923e+00
2.221166014588102477e+00
2.079597444914755844e+00
1.943016463681966233e+00
1.812922574093030814e+00
1.690750103705612517e+00
1.577852167840108955e+00
1.475485414840824294e+00
1.384795727443778546e+00
1.306805045670606402e+00
1.242399465901243616e+00
1.192318758177001392e+00
1.157147429463256216e+00
1.137307444697706282e+00
1.133052700121494505e+00
1.144465324812250051e+00
1.171453866702163449e+00
1.213753398876975309e+00
1.270927560832459946e+00
1.342372527842459640e+00
1.427322879904831643e+00
1.524859320119583250e+00
1.633918171064315139e+00
1.753302557007809348e+00
1.881695159888176594e+00
2.017672418110878496e+00
2.159720019623410980e+00
2.306249524613839696e+00
2.455615938760734362e+00
2.606136045420640812e+00
2.756107294640690597e+00
2.903827038576596298e+00
3.047611896902154172e+00
3.185817032212445277e+00
3.316855114323692622e+00
3.439214753800049262e+00
3.551478189007293285e+00
3.652338017493203637e+00
3.740612771479639775e+00
3.815261148650092693e+00
3.875394723127189245e+00
3.920288977426995558e+00
3.949392514093885698e+00
3.962334325477658403e+00
3.958929021507443746e+00
3.939179938113738011e+00
3.903280072903315912e+00
3.851610819534726282e+00
3.784738497694688952e+00
3.703408701346668330e+00
3.608538513713049234e+00
3.501206662957650373e+00
3.382641717451996488e+00
3.254208443534338357e+00
3.117392471509861984e+00
2.973783437008150177e+00
2.825056784437798285e+00
2.672954436903699271e+00
2.519264552343248642e+00
2.365800598585755310e+00
2.214379990355352490e+00
2.066802538769588526e+00
1.924828968505998050e+00
1.790159759426443120e+00
1.664414568009301210e+00
1.549112479416431043e+00
1.445653333439691268e+00
1.355300356974731502e+00
1.279164322156865818e+00
1.218189432986173548e+00
1.173141124332678809e+00
1.144595935843756740e+00
1.132933599703781713e+00
1.138331455680654303e+00
1.160761279721201022e+00
1.199988583839245004e+00
1.255574415507378472e+00
1.326879654565312316e+00
1.413071775155518628e+00
1.513134009761385457e+00
1.625876822428692581e+00
1.749951569071994451e+00
1.883866194774177494e+00
2.026002791537532044e+00
2.174636815387362976e+00
2.327957739386093294e+00
2.484090899298493582e+00
2.641120271625786220e+00
2.797111909748307035e+00
2.950137753196047541e+00
3.098299517769251388e+00
3.239752370500692535e+00
3.372728093368176250e+00
3.495557443281187116e+00
3.606691423178145506e+00
3.704721190031134981e+00
3.788396340074512203e+00
3.856641329508831539e+00
3.908569810099418618e+00
3.943496683262844638e+00
3.960947703143316012e+00
3.960666488518771011e+00
3.942618834801276950e+00
3.906994250533095681e+00
3.854204677230103293e+00
3.784880386764283511e+00
3.699863086268196710e+00
3.600196296334416957e+00
3.487113103615733678e+00
3.362021423349693450e+00
3.226486940379734492e+00
3.082213928488794163e+00
2.931024176870509201e+00
2.774834278944103172e+00
2.615631562095706464e+00
2.455448956965375018e+00
2.296339121296989916e+00
2.140348145869474639e+00
1.989489178427866767e+00
1.845716305667395751e+00
1.710899033095165445e+00
1.586797697946576546e+00
1.475040141280562711e+00
1.377099951979100512e+00
1.294276577761290348e+00
1.227677576664661263e+00
1.178203256986870340e+00
1.146533924705490426e+00
1.133119925240542614e+00
1.138174631481932764e+00
1.161670492695036305e+00
1.203338219709774171e+00
1.262669141184791677e+00
1.338920724240492799e+00
1.431125210910669576e+00
1.538101280224982714e+00
1.658468604856418782e+00
1.790665131704243240e+00
1.932966878075007555e+00
2.083509999795907230e+00
2.240314855148770157e+00
2.401311759413112146e+00
2.564368099486328489e+00
2.727316456888570606e+00
2.887983370795593530e+00
3.044218360847791072e+00
3.193922822580077092e+00
3.335078406548853902e+00
3.465774495691299695e+00
3.584234404147730757e+00
3.688839934655989250e+00
3.778153950559301144e+00
3.850940642259401248e+00
3.906183196326373341e+00
3.943098608115541914e+00
3.961149415242719130e+00
3.960052169180064752e+00
3.939782505051002026e+00
3.900576714870056527e+00
3.842929776402718378e+00
3.767589837887093118e+00
3.675549207415540032e+00
3.568031944160452440e+00
3.446478196172201969e+00
3.312525475516568285e+00
3.167987105397638281e+00
3.014828115000616648e+00
2.855138895483094519e+00
2.691106964284048608e+00
2.524987214189556184e+00
2.359071047937560284e+00
2.195654818162021460e+00
2.037008005843830905e+00
1.885341577902311716e+00
1.742776965949185630e+00
1.611316103453277027e+00
1.492812947619633901e+00
1.388946895257072045e+00
1.301198478960603699e+00
1.230827701326585588e+00
1.178855330984485139e+00
1.146047445389805075e+00
1.132903462069321021e+00
1.139647852903064917e+00
1.166225685692707792e+00
1.212302084377654188e+00
1.277265644542465717e+00
1.360235785068355518e+00
1.460073960700109419e+00
1.575398604724337570e+00
1.704603616685233858e+00
1.845880157890438245e+00
1.997241468153039712e+00
2.156550371516398723e+00
2.321549097313780674e+00
2.489891006466595780e+00
2.659173782007066666e+00
2.826973617931122895e+00
2.990879922070512009e+00
3.148530037062849729e+00
3.297643478937569927e+00
3.436055195469255974e+00
3.561747356325340341e+00
3.672879204085736315e+00
3.767814519275174856e+00
3.845146283351082772e+00
3.903718160758868017e+00
3.942642464231379762e+00
3.961314315906375505e+00
3.959421769917720102e+00
3.936951719155938889e+00
3.894191469100239722e+00
3.831725924147086459e+00
3.750430395805798511e+00
3.651459106573434088e+00
3.536229527293857089e+00
3.406402748398598135e+00
3.263860145678428637e+00
3.110676658226053881e+00
2.949091049039055168e+00
2.781473566647510332e+00
2.610291468266263681e+00
2.438072900672172416e+00
2.267369663673134195e+00
2.100719402155710291e+00
1.940607785877527913e+00
1.789431241119423088e+00
1.649460794865083457e+00
1.522807580294558649e+00
1.411390532141888476e+00
1.316906772090773226e+00
1.240805148203627084e+00
1.184263348853848985e+00
1.148168961338718264e+00
1.133104788973063215e+00
1.139338678790418058e+00
1.166818045883660560e+00
1.215169210856167581e+00
1.283701594846316851e+00
1.371416743201649746e+00
1.477022075216931851e+00
1.598949184534546264e+00
1.735376443957011627e+00
1.884255600646159934e+00
2.043341984053733462e+00
2.210227890464857570e+00
2.382378655693952574e+00
2.557170882125985756e+00
2.731932248715359002e+00
2.903982303410163723e+00
3.070673617300592184e+00
3.229432669005340095e+00
3.377799826684467543e+00
3.513467803718020921e+00
3.634317982494558841e+00
3.738454028731348799e+00
3.824232255967258354e+00
3.890288245854508276e+00
3.935559284001755032e+00
3.959302232634747121e+00
3.961106529359767592e+00
3.940902074846524883e+00
3.898961850197511403e+00
3.835899185966233915e+00
3.752659687986037440e+00
3.650507909087830960e+00
3.531008939104279598e+00
3.396005166961000743e+00
3.247588546832457901e+00
3.088068774025945373e+00
2.919937844229306023e+00
2.745831530883541483e+00
2.568488368673785160e+00
2.390706775536460604e+00
2.215300980363347438e+00
2.045056448075835753e+00
1.882685507453243812e+00
1.730783889685214572e+00
1.591788876921023999e+00
1.467939740128069603e+00
1.361241114540747033e+00
1.273429919265549604e+00
1.205946375756018707e+00
1.159909618615813764e+00
1.136098322407225636e+00
1.134936690876670484e+00
1.156486071421444883e+00
1.200442368999265152e+00
1.266139341403467844e+00
1.352557763350206610e+00
1.458340351658036216e+00
1.581812249485916366e+00
1.721006775674204459e+00
1.873696057230691103e+00
2.037426080394740158e+00
2.209555619905552160e+00
2.387298438406765033e+00
2.567768089535530596e+00
2.748024610221939668e+00
2.925122350969114216e+00
3.096158168112531417e+00
3.258319189809451899e+00
3.408929368117394887e+00
3.545494043113011529e+00
3.665741771490084400e+00
3.767662711159987410e+00
3.849542904544197786e+00
3.909993865774588961e+00
3.947976949991204521e+00
3.962822065239978819e+00
3.954240377860442024e+00
3.922330759290185931e+00
3.867579824354676177e+00
3.790855516703334871e+00
3.693394304369035375e+00
3.576782155687805442e+00
3.442929571223035001e+00
3.294041049103201502e+00
3.132579457557155500e+00
2.961225877739891654e+00
2.782835560602911151e+00
2.600390712129371007e+00
2.416950880425000392e+00
2.235601764814581394e+00
2.059403300317113050e+00
1.891337889957033891e+00
1.734259661846513367e+00
1.590845617608745322e+00
1.463549513532787172e+00
1.354559276125017364e+00
1.265758699979754098e+00
1.198694108900789423e+00
1.154546581974488229e+00
1.134110256049997822e+00
1.137777116256819765e+00
1.165528578393396852e+00
1.216934053023915663e+00
1.291156562816867304e+00
1.386965364041182980e+00
1.502755402258403761e+00
1.636573313194675361e+00
1.786149564619919694e+00
1.948936225837637704e+00
2.122149750046118832e+00
2.302818063213778910e+00
2.487831172904801935e+00
2.673994443211209937e+00
2.858083628896269879e+00
3.036900724103888560e+00
3.207329659355489859e+00
3.366390875583587849e+00
3.511293815899271920e+00
3.639486404623936799e+00
3.748700628501635101e+00
3.836993396323258310e+00
3.902781929521542459e+00
3.944873026451535036e+00
3.962485645605807072e+00
3.955266366249452492e+00
3.923297407006218762e+00
3.867097011718138688e+00
3.787612145226566085e+00
3.686203577268214460e+00
3.564623568062645020e+00
3.424986501984870202e+00
3.269732943575725859e+00
3.101587710725786096e+00
2.923512670940926483e+00
2.738655066091529200e+00
2.550292257062058976e+00
2.361773850575094702e+00
2.176462224749370566e+00
1.997672506512579327e+00
1.828613072000025985e+00
1.672327640007923666e+00
1.531640008270425124e+00
1.409102442953608314e+00
1.306948673828634888e+00
1.227052371959100441e+00
1.170891894596807870e+00
1.139521974830174367e+00
1.133552913158113684e+00
1.153137696617909436e+00
1.197967330656268148e+00
1.267274522060017450e+00
1.359845700566162163e+00
1.474041214957986234e+00
1.607823389282469595e+00
1.758791979055002841e+00
1.924226428660114063e+00
2.101134202221263347e+00
2.286304343461924571e+00
2.476365317778138841e+00
2.667846103912574041e+00
2.857239435012286943e+00
3.041066040887140609e+00
3.215938716050082302e+00
3.378625032324753974e+00
3.526107530768297416e+00
3.655640265304992198e+00
3.764800629317178959e+00
3.851535475612811510e+00
3.914200638421689860e+00
3.951593081724625200e+00
3.962975029315802367e+00
3.948089576249975252e+00
3.907167436171912200e+00
3.840924641680680818e+00
3.750551182382368953e+00
3.637690734544070104e+00
3.504411804125078689e+00
3.353170768265794521e+00
3.186767455946060590e+00
3.008294053481308516e+00
2.821078251972485962e+00
2.628621669146932849e+00
2.452257793937294927e+00
