4.110507589549886376e+00
5.992586378652410062e+00
7.548499928462195641e+00
8.652705841842566414e+00
9.216799310235241904e+00
9.196588810840054862e+00
8.595552616475593766e+00
7.464406226633261809e+00
5.896828112987897441e+00
4.021703606478407522e+00
1.992528926693337032e+00
-2.515359935944250225e-02
-1.867260634649496875e+00
-3.384511489667511253e+00
-4.454525204415775264e+00
-4.991690784842763406e+00
-4.954014622015455060e+00
-4.346397604089393241e+00
-3.220086672326809119e+00
-1.668357652693289950e+00
1.812073448237547790e-01
2.177208746404768913e+00
4.156822316139749063e+00
5.959081550992142873e+00
7.437966159123023502e+00
8.474232377200269895e+00
8.985026682867955472e+00
8.930507905959244042e+00
8.316948657843505899e+00
7.196075169364942070e+00
5.660711467625688442e+00
3.837094300961827908e+00
1.874494909218077376e+00
-6.699921266238106909e-02
-1.829542486533986878e+00
-3.270364218712906723e+00
-4.273333037210555574e+00
-4.758316108432859792e+00
-4.687578946385805523e+00
-4.068714897460747437e+00
-2.953877425074050489e+00
-1.435389882954413387e+00
3.618980435569540965e-01
2.290874572592874969e+00
4.194206957046088036e+00
5.917173965238819555e+00
7.320243061105745852e+00
8.290369898263543647e+00
8.750105114859175970e+00
8.663774882131908939e+00
8.040242204908524926e+00
6.932035824922630596e+00
5.430929833523281403e+00
3.660345596653741040e+00
1.765204882256981245e+00
-9.993167245719591918e-02
-1.783469934920085098e+00
-3.149103447673067269e+00
-4.086848968282902561e+00
-4.521902961615257510e+00
-4.420605964032294111e+00
-3.793039481494802967e+00
-2.692055690111351485e+00
-1.208831122168469552e+00
5.346819817266670327e-01
2.395781851666314743e+00
4.222696675866108862e+00
5.866961505040573677e+00
7.195483245474505907e+00
8.101313285678552134e+00
8.512255850348168451e+00
8.396619290890898313e+00
7.765652384070040881e+00
6.672479014278538401e+00
5.207630157158929407e+00
3.491548577974098677e+00
1.664686640026524778e+00
-1.239887376754178483e-01
-1.729143205387308591e+00
-3.020883685124942541e+00
-3.895269176616956930e+00
-4.282673181816770480e+00
-4.153325066363878548e+00
-3.519589582151285700e+00
-2.434810721136779765e+00
-9.888262105755556419e-01
6.994705482882057623e-01
2.491905428155098523e+00
4.242331820403507869e+00
5.808546723806697898e+00
7.063843097728531362e+00
7.907259991367048713e+00
8.271701291910598997e+00
8.129270334939022291e+00
7.493396494153046206e+00
6.417592401225675758e+00
4.990955155813130872e+00
3.330789373143913323e+00
1.572962697844893620e+00
-1.392133382404816544e-01
-1.666667164815741842e+00
-2.885863172695447343e+00
-3.698792361537889928e+00
-4.040849708570565468e+00
-3.885965238827682189e+00
-3.248581544540948496e+00
-2.182328569596168055e+00
-7.755157260217639958e-01
8.561801070083843168e-01
2.579225427999138009e+00
4.253157895659811061e+00
5.742036787273314680e+00
6.925482694626191815e+00
7.708409936392554229e+00
8.028664887796177041e+00
7.861956753953913690e+00
7.223689900092713501e+00
6.167560402611488968e+00
4.781043251671183825e+00
3.178149117529665890e+00
1.490050287706833343e+00
-1.456535469023094720e-01
-1.596151262928426018e+00
-2.744203801079035276e+00
-3.497619640054343559e+00
-3.796656470555309415e+00
-3.618754946856788113e+00
-2.980229727082830404e+00
-1.934791995680610110e+00
-5.690359190547673585e-01
1.004732031980227758e+00
2.657727261777360628e+00
4.255225534516173802e+00
5.667543414028919813e+00
6.780565719405663216e+00
7.504965407790106013e+00
7.783371018781304329e+00
7.594906710690764839e+00
6.956745927575141764e+00
5.922564100108470342e+00
4.578028507917654366e+00
3.033703919272785043e+00
1.415961356250043934e+00
-1.433625487695535661e-01
-1.517709471807223931e+00
-2.596071024470608446e+00
-3.291954443186657198e+00
-3.550318272273587983e+00
-3.351922022140238600e+00
-2.714746396640178805e+00
-1.692380380879690005e+00
-3.695186500243701211e-01
1.145052740846002948e+00
2.727401625546516328e+00
4.248590466120100828e+00
5.585182814028754272e+00
6.629259375441586499e+00
7.297130954407831993e+00
7.536044884690211276e+00
7.328347677437605512e+00
6.692775758686339671e+00
5.682781153565466425e+00
4.382040566855727626e+00
2.897524827220007815e+00
1.350702565108382824e+00
-1.323986085661936762e-01
-1.431460223435807588e+00
-2.441633773494971127e+00
-3.082002411390942331e+00
-3.302060680505808588e+00
-3.085693549371922639e+00
-2.452341624801991582e+00
-1.455269642249425566e+00
-1.770913283154715856e-01
1.277073725670384796e+00
2.788244499345082339e+00
4.233313482203589828e+00
5.495075625555127630e+00
6.471734299088391040e+00
7.085113282851194683e+00
7.286912392035292285e+00
7.062506324600812846e+00
6.431988330561150491e+00
5.448385717923044602e+00
4.193204591655385727e+00
2.769677801846715415e+00
1.294275292714789583e+00
-1.128250390641736267e-01
-1.337526352225511417e+00
-2.281064378082282129e+00
-2.867971305820619765e+00
-3.052109932910795909e+00
-2.820295780989089618e+00
-2.193223216192960567e+00
-1.223632179100986761e+00
8.123121596328441996e-03
1.400731571317667123e+00
2.840257159155578748e+00
4.209460457072228934e+00
5.397346962024784922e+00
6.308164654378373370e+00
6.869121419985139809e+00
7.036200398091660091e+00
6.797608847409518873e+00
6.174590725104321720e+00
5.219548846844702439e+00
4.011641596607212534e+00
2.650223839698054640e+00
1.246675372401681248e+00
-8.471107386010068296e-02
-1.236036832405307262e+00
-2.114541422757778566e+00
-2.650075185818067336e+00
-2.800698522390577150e+00
-2.555960999461010186e+00
-1.937604391051305885e+00
-9.976444610494530352e-01
1.860002654525534371e-01
1.515965737469053387e+00
2.883450641889127475e+00
4.177117053327043195e+00
5.292155328255333302e+00
6.138775169014316191e+00
6.649434947187415901e+00
6.784227273213581100e+00
6.533991552270139280e+00
5.920911226520052750e+00
4.996559197665535912e+00
3.837562717554027003e+00
2.539251910094530995e+00
1.207818418770911784e+00
-4.837060887939781395e-02
-1.127592347498322933e+00
-1.943003616497254615e+00
-2.429624450754650500e+00
-2.549507854884496272e+00
-2.294684187515921625e+00
-1.687652022940626662e+00
-7.793885678879504120e-01
3.549446827857092313e-01
1.622237898919330679e+00
2.919090233901728837e+00
4.140254307636858755e+00
5.187172073634021885e+00
5.975902119430808845e+00
6.443792101954192830e+00
6.554357279257692070e+00
6.299978454068076772e+00
5.702217935285046835e+00
4.809755459420629542e+00
3.694147751252527812e+00
2.443769397775223950e+00
1.157620385696918941e+00
-6.143240657282955652e-02
-1.114814840041185473e+00
-1.916294114351298816e+00
-2.399153597715308006e+00
-2.521869282529590084e+00
-2.271787816333260768e+00
-1.666472507401538294e+00
-7.525780386134992561e-01
3.976792043190069403e-01
1.692187163448588105e+00
3.026292849365483484e+00
4.291254746353466487e+00
5.383106500690860052e+00
6.211206227614246345e+00
6.705766020939524452e+00
6.823734687160300183e+00
6.552537263351604579e+00
5.911347138266647150e+00
4.949766726828090491e+00
3.744004426718254841e+00
2.390841724408886648e+00
9.998678697637597423e-01
-3.153947141293134138e-01
-1.446755405110590420e+00
-2.300254395325582291e+00
-2.803963686424688628e+00
-2.914042511280204639e+00
-2.618537858006802832e+00
-1.938601792390371337e+00
-9.270065549171802033e-01
3.359410054153524339e-01
1.748770211827268106e+00
3.196997506961977820e+00
4.562402930250677890e+00
5.732680468935892115e+00
6.610674510945365512e+00
7.122442819598285624e+00
7.223477102020863683e+00
6.902558372733704317e+00
6.182914339278955396e+00
5.120564693886930030e+00
3.799969763508120657e+00
2.327319709173676365e+00
8.219971432114647758e-01
-5.931005736733800937e-01
-1.801594854126888468e+00
-2.703196076434073003e+00
-3.222023528091091382e+00
-3.312985110025117752e+00
-2.965680943800738323e+00
-2.205494125023718777e+00
-1.091759928120869638e+00
2.868566997725254808e-01
1.819415990054427557e+00
3.381629529410441926e+00
4.845939675838693006e+00
6.091934819982359528e+00
7.016250075619108628e+00
7.541139397884620621e+00
7.621008461330523787e+00
7.246359863171528914e+00
6.444810450883101893e+00
5.279078053324242958e+00
3.842082359140630565e+00
2.249541928639985588e+00
6.306568438386690456e-01
-8.823728979804168482e-01
-2.165142920946708127e+00
-3.111272372372527517e+00
-3.641223373897116478e+00
-3.708981071791790374e+00
-3.306033764620974313e+00
-2.462310008056076693e+00
-1.243976505066145766e+00
2.517430486703711168e-01
1.904323114931536498e+00
3.579647139995035587e+00
5.140891745752080411e+00
6.459700993931111412e+00
7.426738135516560035e+00
7.960747489891970119e+00
8.015375621661895877e+00
7.583179699892026449e+00
6.696477586812044080e+00
5.424950548133162798e+00
3.870174698731405627e+00
2.157509734368314724e+00
4.259924054251402747e-01
-1.182950565396676090e+00
-2.537053840520522296e+00
-3.524085622701951248e+00
-4.061146993740971212e+00
-4.101628128503547188e+00
-3.639238172815057570e+00
-2.708761527783934309e+00
-1.383459071109492733e+00
2.306931115769852436e-01
2.003474998988018729e+00
3.790926999272666187e+00
5.447040141884189168e+00
6.835682807380903725e+00
7.841789768677793759e+00
8.380893958026296886e+00
8.406211586192844365e+00
7.912686806990135935e+00
6.937647415059583267e+00
5.557998299835642975e+00
3.884162200922237851e+00
2.051244616788436392e+00
2.081295441805304236e-01
-1.494613953451715105e+00
-2.917032040885467747e+00
-3.941288441254056973e+00
-4.481423537824460013e+00
-4.490562224451453588e+00
-3.964966606637346569e+00
-2.944584337738487267e+00
-1.510028059024683067e+00
2.237870287136269898e-01
2.116845819048545962e+00
4.015339429361955759e+00
5.764161913925320846e+00
7.219582230581826465e+00
8.261056185641928451e+00
8.801207715535300125e+00
8.793153253714615758e+00
8.234555701036859077e+00
7.168058633509478028e+00
5.678045514612565015e+00
3.883968929976277629e+00
1.930776699465134971e+00
-2.279801082610921625e-02
-1.817136636550092721e+00
-3.304776874220394678e+00
-4.362530490309307396e+00
-4.901681567124978045e+00
-4.875421131288113941e+00
-4.282895610133460096e+00
-3.169520153279418384e+00
-1.623511437068626329e+00
2.310965353852636461e-01
2.244401154897929906e+00
4.252746658454221063e+00
6.092027176998193738e+00
7.611096021950174872e+00
8.684185531987655082e+00
9.221317007497606966e+00
9.175839306609617552e+00
8.548464989220935450e+00
7.387456004861343573e+00
5.784923943750639452e+00
3.869527360778091563e+00
1.796144696570118882e+00
-2.666484603049927848e-01
-2.150285297330972067e+00
-3.699982541458016083e+00
-4.787458441602337800e+00
-5.321549056769756092e+00
-5.255844487391918562e+00
-4.592705894489268914e+00
-3.383316817511982766e+00
-1.723744762099252537e+00
2.526849363726118014e-01
2.386098001508252242e+00
4.503002875882497591e+00
6.430399209053886622e+00
8.009915862146234744e+00
9.110823049181433930e+00
9.640849585456049198e+00
9.553910384610125206e+00
8.854097527362332798e+00
7.595590485230758304e+00
5.878472971617611620e+00
3.840778418423455243e+00
1.647395900459661444e+00
-5.232719983654461338e-01
-2.493819836304337567e+00
-4.102338238832722084e+00
-5.215716147541613168e+00
-5.740653577608380687e+00
-5.631473974645212266e+00
-4.894082495381164577e+00
-3.585728426421600279e+00
-1.810571262758823075e+00
2.886070704062351222e-01
2.541884782188466030e+00
4.765954290041108266e+00
6.779034544959060327e+00
8.415728471783683773e+00
9.540611200710564788e+00
1.005943282593792176e+01
9.927009181116167369e+00
9.151140483537865578e+00
7.792219251536081970e+00
5.958539612986552214e+00
3.797671463737190223e+00
1.484586187155696457e+00
-7.925107418736159204e-01
-2.847493179777627059e+00
-4.511527782494548333e+00
-5.646944024374207061e+00
-6.158621397518999174e+00
-6.001952134135379424e+00
-5.186713359613287722e+00
-3.776513830328806609e+00
-1.883840514793333920e+00
3.389100626566246000e-01
2.711700977584144745e+00
5.041436935439277178e+00
7.137678152782374497e+00
8.828207318672399495e+00
9.973177181164940563e+00
1.047667662949815792e+01
1.029475892163733874e+01
9.439260543469323750e+00
7.977080150067555664e+00
6.024956512777450257e+00
3.740152308926372626e+00
1.307786870466113083e+00
-1.074161964812463399e+00
-3.210971876259136604e+00
-4.927094482672364606e+00
-6.080576970810666282e+00
-6.574802369227755960e+00
-6.366577812277986581e+00
-5.469894252114849920e+00
-3.955031702929221904e+00
-1.943062829915617407e+00
4.038162998439038809e-01
2.895356933443326675e+00
5.328677455006658903e+00
7.504783720140643766e+00
9.244846170804494889e+00
1.040490409740728239e+01
1.088778997313857033e+01
1.065128815210334245e+01
9.711844629539269746e+00
8.143503560055108892e+00
6.072132683960607125e+00
3.665382298712254183e+00
1.119169820938090254e+00
-1.358233891874464305e+00
-3.563242386810598905e+00
-5.313745596102640079e+00
-6.464299089945532373e+00
-6.918474071871344222e+00
-6.637348178001488463e+00
-5.643510913023062514e+00
-4.021012022183020562e+00
-1.907075264593015351e+00
5.213903927798577698e-01
3.062956145148140852e+00
5.508530683483824575e+00
7.658587661524952850e+00
9.339391479247089123e+00
1.041693960790919071e+01
1.080753045252694200e+01
1.048414262891192195e+01
9.478152499240328765e+00
7.876294347609603008e+00
5.813151051834716476e+00
3.459821378866760000e+00
1.009714074460800193e+00
-1.337355756479799318e+00
-3.391463815023216366e+00
-4.987941088337949580e+00
-6.000565119262233793e+00
-6.351523372582292382e+00
-6.017364192596133421e+00
-5.030482831745366923e+00
-3.476056365975650930e+00
-1.484711939488840837e+00
7.784424979390287547e-01
3.127504853169780219e+00
5.371048958379606830e+00
7.327724060476478840e+00
8.840912702951857938e+00
9.791262481723903122e+00
1.010608938103794330e+01
9.764912760132467895e+00
8.800702583697148640e+00
7.296771619847200796e+00
5.379600151402629038e+00
3.208209349925053466e+00
9.609753006211179116e-01
-1.179023298930210295e+00
-3.038920282842831444e+00
-4.470024901431218112e+00
-5.359704715846435263e+00
-5.640239220355542926e+00
-5.293949163262976043e+00
-4.354215275215924663e+00
-2.902337749622267093e+00
-1.060526623236799804e+00
1.018374422597767781e+00
3.163567595528002485e+00
5.200332341504211087e+00
6.964255891565148460e+00
8.314503964853839690e+00
9.145060564538253445e+00
9.393040218018695597e+00
9.043421925261080574e+00
8.129850851710164861e+00
6.731476829411121798e+00
4.966121477497733139e+00
2.980361937745901635e+00
9.373649503334460231e-01
-9.965193044205147288e-01
-2.665302197770299752e+00
-3.935937582857764294e+00
-4.708924077182377488e+00
-4.926084231937174707e+00
-4.574913470463844334e+00
-3.689176316757398322e+00
-2.345735753534158530e+00
-6.579082185739237865e-01
1.234083198757855548e+00
3.174753933019363039e+00
5.006134741007362443e+00
6.580630280732005843e+00
7.772912792867062493e+00
8.489892569186350713e+00
8.677972460664713950e+00
8.327022239139370896e+00
7.470780965865046142e+00
6.183689034596760337e+00
4.574442129429359127e+00
2.776823320148269048e+00
9.385856547642057457e-01
-7.906912512679924454e-01
-2.271772674217376053e+00
-3.386977885689280487e+00
-4.049524637789822634e+00
-4.210267524074227552e+00
-3.861308266249833476e+00
-3.036215854492331889e+00
-1.806873087013591839e+00
-2.772405158870085984e-01
1.425423217838234891e+00
3.161144131020757975e+00
4.788739040348401588e+00
6.177299348430656423e+00
7.216718389341254536e+00
7.826415892808043395e+00
7.961568815650867492e+00
7.616368122489742376e+00
6.824068354734823316e+00
5.653860459321381704e+00
4.204856687763758316e+00
2.597708413261107019e+00
9.645648088222560368e-01
-5.617922915355504365e-01
-1.858744106535622276e+00
-2.823683463267046445e+00
-3.382125333341672313e+00
-3.493438854714752129e+00
-3.153761240867099414e+00
-2.395888458799972032e+00
-1.286186119041650144e+00
8.119376972566372253e-02
1.592288359423020161e+00
3.122817224110171708e+00
4.548402908982831505e+00
5.754678326525995757e+00
6.646459638253862323e+00
7.155249085453752045e+00
7.244477022179765413e+00
6.912083651258109640e+00
6.190262513268924849e+00
5.142421187585870967e+00
3.857640740406616420e+00
2.443115830862982563e+00
1.015216015107499814e+00
-3.100867742509532121e-01
-1.426637215442892792e+00
-2.246597068777830497e+00
-2.707346653289003147e+00
-2.776245811219305804e+00
-2.452894231443554229e+00
-1.768739471303423905e+00
-7.840991943373967210e-01
4.171259165720853090e-01
1.734587450231359185e+00
3.059867023116685125e+00
4.285397481399366271e+00
5.313193542066997566e+00
6.062683263853816840e+00
6.477014648790095919e+00
6.527344556650479745e+00
6.214788436991751652e+00
5.569904623816759326e+00
4.649789809795837670e+00
3.533056128526466999e+00
2.313129300299400448e+00
1.090438058474494598e+00
-3.585259286205833007e-02
-9.758838904090869626e-01
-1.656269338707427874e+00
-2.025813042267479158e+00
-2.059335685208886435e+00
-1.759324552068163960e+00
-1.155305851605672895e+00
-3.010250997092689396e-01
7.303009945418807991e-01
1.852244217712191832e+00
2.972402133636544264e+00
4.000007374324420439e+00
4.853282392224000930e+00
5.465943745502935158e+00
5.792338892061899003e+00
5.810818444954216844e+00
5.525097419412794864e+00
4.963527356679648506e+00
4.176373258423636159e+00
3.231350840415574854e+00
2.207817631069536546e+00
1.190114957791853278e+00
2.606189494813384577e-01
-5.069269805478273661e-01
-1.053258525225573283e+00
-1.338152595515111454e+00
-1.343355156141389450e+00
-1.073664691920336534e+00
-5.561159152745722700e-01
1.626351361062490231e-01
1.020477986624574118e+00
1.945197322769218307e+00
2.860545897328450771e+00
3.692530541682607303e+00
4.375393125311403786e+00
4.856803043399441577e+00
5.101851625776316013e+00
5.095544949958473069e+00
4.843620573789316985e+00
4.371654621281145126e+00
3.722566622386050295e+00
2.952758901956729076e+00
2.127234686221466387e+00
1.314116014233588370e+00
5.790232522610920807e-01
-2.022013887446494351e-02
-4.381303232808382297e-01
-6.449968973506483572e-01
-6.289501675769288980e-01
-3.965222481691363932e-01
2.831067143344156989e-02
6.064922006452961867e-01
1.287429740424513636e+00
2.013400374691948436e+00
2.724436571078662439e+00
3.363278745744258114e+00
3.879985747981906208e+00
4.235832082636756368e+00
4.406188329774845869e+00
4.382172454495130154e+00
4.170966408843188589e+00
3.794805383566565382e+00
3.288756724061014047e+00
2.697502825079978184e+00
2.071419441984149845e+00
1.462291846904771875e+00
9.190324840868051570e-01
4.837541846153718961e-01
1.885141392995868248e-01
5.297967080216858804e-02
8.318339265558960527e-02
2.714400716154716786e-01
5.973987119370582910e-01
1.030109441300981477e+00
1.530903468226818553e+00
2.056822212019679519e+00
2.564293412051754206e+00
3.012740200325620066e+00
3.367824061929294288e+00
3.604062331272195330e+00
3.706621348387627357e+00
3.672161944285762480e+00
3.508697722029539001e+00
3.234511312979068798e+00
2.876252192019929321e+00
2.466405232870771957e+00
2.040366732863763133e+00
1.633390560518553691e+00
1.277669725533005618e+00
9.997983924336895090e-01
8.188184263965205822e-01
7.449969128443842958e-01
7.794119639233447749e-01
9.143495721411141197e-01
1.134440665961389927e+00
1.418401046383008790e+00
1.741183080817115147e+00
2.076311447364473928e+00
2.398159168009318609e+00
2.683926599563539739e+00
2.915115567183303114e+00
3.078342749304424864e+00
3.164903261035060034e+00
3.167861053983971775e+00
3.083841151167288075e+00
2.915130289777150274e+00
2.670507076631475574e+00
2.365374879685308684e+00
2.021147605497544575e+00
1.663923353410427186e+00
1.322557553032139399e+00
1.026309992009256655e+00
8.022850784309527583e-01
6.729088445148838638e-01
6.536880509925810934e-01
7.514763294041750807e-01
9.634313004238741485e-01
1.276788356832704530e+00
1.669506074981106147e+00
2.111760921388761592e+00
2.568191640271570098e+00
3.000723190248767658e+00
3.371742681548825615e+00
3.647360819310482505e+00
3.800475794353290748e+00
3.813364447053962714e+00
3.679557853152422009e+00
3.404813098371689772e+00
3.007065771311187241e+00
2.515332762535638089e+00
1.967625230863164099e+00
1.408019357712217312e+00
8.831100405523757413e-01
4.381329455985611965e-01
1.130776321790720740e-01
-6.087509211082187122e-02
-6.427646399110287234e-02
1.085756841145624207e-01
4.487302844407661251e-01
9.328941821621585806e-01
1.524969772859285477e+00
2.178723176692771712e+00
2.841387774896006135e+00
3.457922806562375939e+00
3.975583351849663494e+00
4.348422388827274609e+00
4.541341444898467472e+00
4.533334799282512151e+00
4.319631593008051773e+00
3.912526241116561998e+00
3.340793514151775945e+00
2.647702001602337152e+00
1.887758662639693386e+00
1.122427723771389996e+00
4.151597076390167729e-01
-1.738673959983554340e-01
-5.928590888692912841e-01
-8.029340996589127144e-01
-7.816786059778921825e-01
-5.254038945015788720e-01
-4.988837329017359323e-02
6.104924751050451182e-01
1.405211153019613857e+00
2.271437976942702885e+00
3.139003749393208587e+00
3.936083675793820458e+00
4.595142126541426286e+00
5.058646333655408611e+00
5.284066294818847709e+00
5.247728072405935862e+00
4.947174925650158706e+00
4.401808694148795276e+00
3.651723240729452424e+00
2.754791263723868955e+00
1.782213043049514667e+00
8.128682906659971952e-01
-7.308116402687847568e-02
-8.008190279560447600e-01
-1.307184692324879105e+00
-1.546134286260522739e+00
-1.492882038113032106e+00
-1.146352768550798817e+00
-5.297104269610772853e-01
3.111163034376460690e-01
1.310824833151425173e+00
2.389798263457246552e+00
3.460442773875744837e+00
4.434298629284448623e+00
5.229347530482623796e+00
5.776912789699090389e+00
6.027572405847562820e+00
5.955577401344736899e+00
5.561383536149019591e+00
4.872054795428986118e+00
3.939469890305801414e+00
2.836444379182172515e+00
1.651055940416575218e+00
4.796141383856800111e-01
-5.811644111955907022e-01
-1.442139739056574665e+00
-2.029232164701148644e+00
-2.289778157169054307e+00
-2.197214490235312123e+00
-1.753677010498461808e+00
-9.902668934565079795e-01
3.507316381905267733e-02
1.241933181818532406e+00
2.533732410716167394e+00
3.805445866797914967e+00
4.952142969821297314e+00
5.877644084120155377e+00
6.502580930928907321e+00
6.771185891776219989e+00
6.656230756202923260e+00
6.161680351931513755e+00
5.322809407112492508e+00
4.203737295874010904e+00
2.892548232757087945e+00
1.494366454970140534e+00
1.229300805340818314e-01
-1.108661146882869097e+00
-2.097271584658237931e+00
-2.758360041574378752e+00
-3.033193075579354581e+00
-2.894027041103441444e+00
-2.346804366095557537e+00
-1.431108880667447458e+00
-2.173480428010932108e-01
1.198641534809207210e+00
2.703153594237398316e+00
4.173741128914613796e+00
5.489181911712730511e+00
6.539469596158884457e+00
7.235007038726113393e+00
7.514234038693350826e+00
7.349041326763384063e+00
6.747497252339110574e+00
5.753629463089613871e+00
4.444243606126124568e+00
2.923005192295000665e+00
1.312239144566752280e+00
-2.569048484385754172e-01
-1.655130628550387506e+00
-2.765648079908594514e+00
-3.493922323943964958e+00
-3.775706246466339788e+00
-3.582675005599534668e+00
-2.925170873090908064e+00
-1.851799175454752699e+00
-4.458725356350039526e-01
1.181039812612132200e+00
2.897959532143339345e+00
4.565042419281415853e+00
6.044968803035958516e+00
7.214253351463202790e+00
7.973542907978679040e+00
8.256044049618234126e+00
8.033366630312416490e+00
7.318274502281880700e+00
6.164083657372831482e+00
4.660721145602297000e+00
2.927733061250672897e+00
1.104784003608049403e+00
-6.595974355975200432e-01
-2.220120349697423112e+00
-3.446694350087118774e+00
-4.235268681430875759e+00
-4.516644955287635099e+00
-4.262518184457240622e+00
-3.488221094614199824e+00
-2.251912434235001204e+00
-6.502397794671206377e-01
1.189202476115394980e+00
3.118032529969881672e+00
4.979049488603949136e+00
6.619045338611906359e+00
7.901416387343278558e+00
8.717536164532337040e+00
8.995943377169222543e+00
8.708568832073734001e+00
7.873461033861842040e+00
6.553752663472319995e+00
4.852916553498195285e+00
2.906665125248409698e+00
8.721264132796033852e-01
-1.084840431741338040e+00
-2.803166263058187280e+00
-4.139827416648948599e+00
-4.981744777863312379e+00
-5.255336906556173915e+00
-4.932921188190055872e+00
-4.035408402015475460e+00
-2.631035401633452953e+00
-8.302036212656109804e-01
1.223188483204241006e+00
3.363239534025542099e+00
5.415448125024848736e+00
7.210941786339661874e+00
8.600371781979887942e+00
9.466330592189992288e+00
9.733260062470789009e+00
9.374015068383984683e+00
8.412514727458484387e+00
6.922229350469661924e+00
5.020590917102754958e+00
2.859750191995086510e+00
6.144070846908697980e-01
-1.532312700403535732e+00
-3.403793009598258923e+00
-4.844456487537836864e+00
-5.732692599235116759e+00
-5.991110562697889108e+00
-5.593253759215164322e+00
-4.566195253984556501e+00
-2.988767123840774698e+00
-9.855324203713125009e-01
1.283041252354894857e+00
3.633432191739902173e+00
5.873910306306120432e+00
7.820177218798741947e+00
9.310524946565926996e+00
1.021926646156702390e+01
1.046732307390416494e+01
1.002907776771374238e+01
8.934902688843427754e+00
7.269118993624262615e+00
5.163519898719352241e+00
2.786952624173884008e+00
3.317819950469544921e-01
-2.001679373195829559e+00
-4.021514152699523947e+00
-5.559983251123346903e+00
-6.487450783420195322e+00
-6.723295482658095068e+00
-6.242891091737329035e+00
-5.080053471628316331e+00
-3.324719156445447243e+00
-1.116009172139734495e+00
1.368788633264388821e+00
3.928446918967379631e+00
6.354094358312512014e+00
8.446259749995444821e+00
1.003127392100708448e+01
1.097568086063101589e+01
1.119746264553345050e+01
1.067313496938150585e+01
9.440101522188976801e+00
7.594039479411117455e+00
5.281493856018736111e+00
2.688252365286665668e+00
2.442231687735985091e-02
2.054814804360815206e+00
