2.091019416451108892e+00
1.128215615671287697e+00
-1.577779512361485281e+00
-5.093309751182058420e+00
-6.670668380203763626e+00
-3.066069582594174392e+00
4.613865452416321844e+00
9.070879856003791986e+00
5.083723641029333606e+00
-2.718444816315507495e+00
-6.601502194425128422e+00
-5.532049005665758301e+00
-3.458087468184219304e+00
-3.513233340697773599e+00
-5.934008027774138938e+00
-5.628177816945425960e+00
3.743301945085086402e+00
7.955552706587707412e+00
-5.753539623986343443e+00
4.180809629412584272e+00
1.313071032085781686e+00
-1.038312177471452102e-01
1.888423938358313681e+00
2.629668232722059074e+00
-3.414635212113294571e+00
8.524415584998576989e+00
-6.147894605243600985e+00
4.381341067717633209e+00
4.568581779912245899e+00
-6.447093429714049861e+00
6.976354156242513760e+00
2.066502305110336390e+00
-5.562689728923824184e+00
8.418007740853749254e+00
-1.352777874833530625e+00
-2.260319950123807153e+00
8.357803987421194236e+00
-6.395298536828560643e+00
6.959698784181962417e+00
-2.134340440321350396e+00
2.559229389647740938e+00
7.857450915741271968e-01
1.777274449796398148e+00
-7.779436860582595870e-01
5.576971921605536231e+00
-5.773496092578969119e+00
8.709541158461556520e+00
-2.237205019606447465e+00
-3.161616741597309321e+00
8.638595654384225497e+00
2.195708495874489685e+00
-6.406892759242335700e+00
-1.941069718409975664e+00
6.321922609910192392e+00
8.846720435926012982e+00
6.004536797561526029e+00
1.763114236376760458e+00
-1.470144386670651837e+00
-3.236513716526432383e+00
-3.835589639641871607e+00
-3.501976354034669114e+00
-2.166612251962918734e+00
3.870694711722394432e-01
4.036230442274185926e+00
7.630014003723019300e+00
8.750805985734650960e+00
5.127269128620017824e+00
-2.071529131044940186e+00
-6.461105563563841692e+00
-1.904649788696323398e+00
7.088071247427487620e+00
7.025329608002346404e+00
-3.228139486791720358e+00
-5.038483666783084125e+00
6.116082207073183952e+00
6.146657029511835013e+00
-5.610298253575268568e+00
-4.505134024256429726e-02
8.640585949001694743e+00
-3.404107450400683632e+00
-1.969971599321908240e+00
8.741535907489696555e+00
-3.850060978340369644e+00
-2.914546572875487129e-01
7.861454833571288603e+00
-5.980088264498227169e+00
4.416009237446248292e+00
3.591010737263633068e+00
-5.391406746821067131e+00
8.645476773552527305e+00
-3.785346860110460732e+00
1.689536847776347273e+00
5.234601482011989937e+00
-5.791773039280663227e+00
8.595907426133784668e+00
-4.149744821181315935e+00
2.771956620621056189e+00
3.812218729067957668e+00
-4.790200091373616686e+00
8.694096810421536148e+00
-5.573057619490870529e+00
5.169632516719655513e+00
1.216621378233785133e+00
-2.864018062649178908e+00
8.028684084138209442e+00
-6.241916332523854472e+00
6.717676977094988899e+00
-4.607633079012878330e-01
-1.718429707182446808e+00
7.635161151495624132e+00
-6.259572856855998957e+00
6.475482009864771626e+00
5.215407913342119395e-01
-3.199203238930795834e+00
8.517349401584695556e+00
-5.151529327565740779e+00
2.827419763432157396e+00
5.395505665957046837e+00
-6.220769537413349148e+00
6.642546111146928389e+00
1.860450377283998868e+00
-5.208596676392534874e+00
7.950122602773962655e+00
2.478267592261790275e-01
-4.724257354793699015e+00
7.963016995104240436e+00
1.001500583610402506e+00
-5.536996085273274915e+00
6.604431474069854424e+00
4.206135573644013803e+00
-6.179351544922177197e+00
2.175265119219644383e+00
8.165321660459197162e+00
-2.481299979032144609e+00
-4.723470657633362713e+00
6.139296707797076813e+00
6.485702832077543611e+00
-3.964451675532073338e+00
-4.352162743263412459e+00
5.551123294751263870e+00
7.694988014274358079e+00
-1.064934815665528500e+00
-6.165058502196863799e+00
-2.312911376344419789e-01
7.604240031187501359e+00
6.883615864665775241e+00
-7.973822534435148768e-01
-6.041309774564584956e+00
-3.523040470518497003e+00
3.511725374269854427e+00
8.253818991623475654e+00
7.064263055413158909e+00
1.555107590894205583e+00
-3.976258732832206988e+00
-6.144217553974156587e+00
-4.253340611097923052e+00
1.417287828891351520e-01
4.729385193168444523e+00
7.737599731604465347e+00
8.472110253299346638e+00
7.184830570708170328e+00
4.633734413925949980e+00
1.652647645833210888e+00
-1.114770689425204520e+00
-3.304517258115024170e+00
-4.802918939735089765e+00
-5.666194303661640674e+00
-6.037009959054710606e+00
-6.081297128672436436e+00
-5.950272083892430786e+00
-5.763092329167887939e+00
-5.602717496053908341e+00
-5.518290434325932914e+00
-5.529407249968992133e+00
-5.629749699607860869e+00
-5.789244720762218854e+00
-5.955153272617794258e+00
-6.053369220335192757e+00
-5.991785412298633595e+00
-5.667798107696005339e+00
-4.981693710869661729e+00
-3.856566278264787151e+00
-2.263415324065701562e+00
-2.473163522460513075e-01
2.052359812045422505e+00
4.396678189665109038e+00
6.465472588106380591e+00
7.904099077773233617e+00
8.394704616690717103e+00
7.739448344716745254e+00
5.935667051220609558e+00
3.218780185150749595e+00
5.198936451053048913e-02
-2.946745093162409290e+00
-5.132356639517543506e+00
-5.987988019303916332e+00
-5.267430624253815807e+00
-3.081739818393315566e+00
1.014908511715046924e-01
3.554534939559556683e+00
6.461702162867013044e+00
8.123195706782190939e+00
8.134906898518671881e+00
6.493637441266018051e+00
3.598105864029417678e+00
1.459666236333525546e-01
-3.043608089437035424e+00
-5.232541400268434728e+00
-5.937877748551229296e+00
-5.034409434434027553e+00
-2.765081028837922172e+00
3.360336153149623417e-01
3.581761378178673461e+00
6.292274631120619688e+00
7.938614811862652054e+00
8.239116199056745415e+00
7.193641645892422609e+00
5.056742070036344572e+00
2.263987226723386925e+00
-6.667513881476472282e-01
-3.235956616542488007e+00
-5.045798708372894126e+00
-5.853901917558395063e+00
-5.593253184393738309e+00
-4.360968856297992247e+00
-2.383516725920489243e+00
3.166878534465400463e-02
2.548220057315069731e+00
4.848240135445654353e+00
6.669403793113192869e+00
7.828895383294596222e+00
8.234228752825078601e+00
7.882344502037275547e+00
6.849184939781351567e+00
5.272624232569530278e+00
3.331730061150865119e+00
1.225081263927556341e+00
-8.496106765621442847e-01
-2.712918068954491613e+00
-4.217104699376898580e+00
-5.255045036763153377e+00
-5.764654987787175777e+00
-5.729205207109544951e+00
-5.174145116497717467e+00
-4.161215959937901943e+00
-2.780688817463727425e+00
-1.142546798087467064e+00
6.326410304776884930e-01
2.422514640504468630e+00
4.110876212708091337e+00
5.594426283868334515e+00
6.788039923439817436e+00
7.628461503686056133e+00
8.076402621868147946e+00
8.117115593287280717e+00
7.759583775656390792e+00
7.034520213391201260e+00
5.991399006883157519e+00
4.694761283307213873e+00
3.220041837184239863e+00
1.649155682170698300e+00
6.606812346617152443e-02
-1.447450407864866673e+00
-2.815710751630196462e+00
-3.972489094418288680e+00
-4.863797430952935485e+00
-5.449961975789099355e+00
-5.706963540938221335e+00
-5.627025098176722473e+00
-5.218461003620777916e+00
-4.504829098602906257e+00
-3.523450635420202204e+00
-2.323383312595383110e+00
-9.629493180572290534e-01
4.930670861313828368e-01
1.976429436195206391e+00
3.418539212874752486e+00
4.753479222124699533e+00
5.920887595095052802e+00
6.868548354887561658e+00
7.554596952800669563e+00
7.949255167423181057e+00
8.036028814289569056e+00
7.812323246452621994e+00
7.289454944402862679e+00
6.492061809293242725e+00
5.456939222057947347e+00
4.231352597201786914e+00
2.870899108230381636e+00
1.437010572643353523e+00
-5.794704721493904032e-03
-1.392791784741981509e+00
-2.661936510600480865e+00
-3.756635713989223468e+00
-4.628256026878639240e+00
-5.238264957550404333e+00
-5.559914712345126020e+00
-5.579396237855839047e+00
-5.296414622196208732e+00
-4.724162687495522484e+00
-3.888696199290082589e+00
-2.827740449744910123e+00
-1.588982894581600469e+00
-2.279289575292200443e-01
1.194582907915001213e+00
2.615096107545430648e+00
3.970360154335482061e+00
5.200139198654705197e+00
6.249880777244651853e+00
7.073127170351305892e+00
7.633563355664973571e+00
7.906611776207277842e+00
7.880504279308188309e+00
7.556784748234690596e+00
6.950221118965023592e+00
6.088131547575639679e+00
5.009155325667776104e+00
3.761523600246710508e+00
2.400906968862075885e+00
9.879356260060075945e-01
-4.144978827688547973e-01
-1.744033717569721809e+00
-2.941613779094158332e+00
-3.954102099121996616e+00
-4.736640583013270067e+00
-5.254635839362677530e+00
-5.485289175625878144e+00
-5.418602069550693123e+00
-5.057812655162818416e+00
-4.419243966297171866e+00
-3.531570749190170666e+00
-2.434537437621981937e+00
-1.177184239456098958e+00
1.843398668830840137e-01
1.589280053725598441e+00
2.974983231698610009e+00
4.279689897130938725e+00
5.445286015967126581e+00
6.419892419317127619e+00
7.160176333166937468e+00
7.633281952581991270e+00
7.818293861412559664e+00
7.707167848677161537e+00
7.305087365606523164e+00
6.630229452689731851e+00
5.712950306966442682e+00
4.594426582688075911e+00
3.324812865414093377e+00
1.960997440077732801e+00
5.640565133179682444e-01
-8.034793645618476532e-01
-2.080424419075983522e+00
-3.209677002785528366e+00
-4.140776428182343594e+00
-4.832162598442658386e+00
-5.253036974228687761e+00
-5.384741208836682169e+00
-5.221591359779004904e+00
-4.771129979757435358e+00
-4.053784512030138565e+00
-3.101947091968377812e+00
-1.958516854340753621e+00
-6.749698461548045980e-01
6.909564224478990102e-01
2.077859456194364629e+00
3.423432538523790036e+00
4.667265558945130621e+00
5.753559858770243451e+00
6.633634909266215907e+00
7.268114004932177963e+00
7.628690611871287608e+00
7.699395906143808865e+00
7.477310517860241035e+00
6.972688549601826047e+00
6.208488432023422376e+00
5.219331919269036391e+00
4.049938304836047109e+00
2.753104590750535596e+00
1.387322801274438078e+00
1.414197303004982587e-02
-1.304606161364386008e+00
-2.509592667603435245e+00
-3.546662491100910586e+00
-4.369270741505473232e+00
-4.940574436098714273e+00
-5.235085548691790436e+00
-5.239811046994596211e+00
-4.954828785954641823e+00
-4.393273608741316671e+00
-3.580734638692256944e+00
-2.554091320914380514e+00
-1.359841090559565924e+00
-5.199446255949680129e-02
1.310367179721953823e+00
2.665760650651823216e+00
3.953076265421872293e+00
5.114334044807023361e+00
6.097296433365145596e+00
6.857819708266551295e+00
7.361838139636730283e+00
7.586891624874799511e+00
7.523128202745585469e+00
7.173736620617655824e+00
6.554789903653428063e+00
5.694507491598400861e+00
4.631969763371597715e+00
3.415343475478187063e+00
2.099698681807214307e+00
7.445160854237824477e-01
-5.890023304893237110e-01
-1.840697759804410971e+00
-2.954169204221130940e+00
-3.879315728768143678e+00
-4.574591694362236893e+00
-5.008873394410067625e+00
-5.162853174845258408e+00
-5.029898544980473396e+00
-4.616338017964812579e+00
-3.941161356464824017e+00
-3.035148367361924393e+00
-1.939466191825511387e+00
-7.037990084051506390e-01
6.159048749143546386e-01
1.959966367321273939e+00
3.267674646809040517e+00
4.480029819997758622e+00
5.542405255474627701e+00
6.407009420624900642e+00
7.035036242779691307e+00
7.398407211179625520e+00
7.481026989547232553e+00
7.279496376503092669e+00
6.803251031268574778e+00
6.074120361244276900e+00
5.125327170363993545e+00
3.999973908116530641e+00
2.749084499178515273e+00
1.429290729420873651e+00
1.002681157360449937e-01
-1.177962621324319503e+00
-2.347746431677062873e+00
-3.356394696444236381e+00
-4.158558538807937133e+00
-4.718267767142130253e+00
-5.010543768790025609e+00
-5.022514032080955815e+00
-4.753978576434964687e+00
-4.217403390276738051e+00
-3.437341889681789553e+00
-2.449311244980342472e+00
-1.298175010832824050e+00
-3.610572830159886060e-02
1.279779956180815859e+00
2.590006438651657916e+00
3.835427546760446837e+00
4.959896634313345487e+00
5.912797830368031526e+00
6.651324320602201468e+00
7.142401113003757906e+00
7.364165930177467345e+00
7.306941939117309381e+00
6.973659064377287109e+00
6.379705587686758328e+00
5.552217486357374554e+00
4.528838340299660814e+00
3.356006497547254774e+00
2.086847455495745685e+00
7.787671328752845401e-01
-5.091449192367898391e-01
-1.718784887953817897e+00
-2.795656055925721528e+00
-3.691323884161072044e+00
-4.365594227862988674e+00
-4.788316743088584460e+00
-4.940732595245999725e+00
-4.816306260162677155e+00
-4.421004575703925354e+00
-3.773011197792616400e+00
-2.901890108387894074e+00
-1.847236663035281889e+00
-6.568777318722895942e-01
6.152972577479677296e-01
1.911776036072384333e+00
3.174023550876856614e+00
4.345124887312787010e+00
5.372351798497221331e+00
6.209537212560078068e+00
6.819150902419165661e+00
7.173983122669917556e+00
7.258360809520055135e+00
7.068842093192531983e+00
6.614358426001664348e+00
5.915798515495934495e+00
5.005053345334795623e+00
3.923565735550441858e+00
2.720450052774529226e+00
1.450266839318048007e+00
1.705524375623703737e-01
-1.060785527908132853e+00
-2.188090144650892022e+00
-3.160482590558440386e+00
-3.934262063739077497e+00
-4.474926849265179918e+00
-4.758663445567623995e+00
-4.773373604359893108e+00
-4.519170323606109818e+00
-4.008322058433510193e+00
-3.264650198740783438e+00
-2.322409207063951708e+00
-1.224701807304228840e+00
-2.150222824335323857e-02
1.232622192054239063e+00
2.480987520067862384e+00
3.667355800258826903e+00
4.738468145322524805e+00
5.646434516500793421e+00
6.350873194267510513e+00
6.820704557453658445e+00
7.035519661108428302e+00
6.986463503014078924e+00
6.676594911395075549e+00
6.120708670844981825e+00
5.344629757631900624e+00
4.384013284778290220e+00
3.282705894273859393e+00
2.090743886400503460e+00
8.620794721831104290e-01
-3.478615390381052386e-01
-1.484680072053305988e+00
-2.497449363370406683e+00
-3.340995865102414975e+00
-3.977913352109464284e+00
-4.380220476560389820e+00
-4.530588379683829992e+00
-4.423084583357153932e+00
-4.063401349596957424e+00
-3.468560016452783223e+00
-2.666106439288552732e+00
-1.692835522260616177e+00
-5.931038895339340034e-01
5.831919226458820438e-01
1.782879589064054304e+00
2.951914688578229473e+00
4.037815303351030671e+00
4.992017854482275752e+00
5.772048438172061147e+00
6.343412605470640564e+00
6.681119544722289305e+00
6.770773377354628586e+00
6.609183997125358978e+00
6.204471671958788015e+00
5.575662497887630131e+00
4.751794713137276638e+00
3.770577815479282169e+00
2.676666394149863848e+00
1.519627697554656987e+00
3.516954502835475393e-01
-7.745882861223636340e-01
-1.808736746715548183e+00
-2.704581267937249400e+00
-3.422331861812431875e+00
-3.930343622114259361e+00
-4.206510590068312183e+00
-4.239225747290593205e+00
-4.027865539457169852e+00
-3.582778867908969822e+00
-2.924782842731311838e+00
-2.084189761219477077e+00
-1.099410763632490795e+00
-1.520048428345699421e-02
1.119377080152226478e+00
2.253169025756390553e+00
3.335239825932924784e+00
4.317159465083170389e+00
5.155170642565563455e+00
5.812138085727132086e+00
6.259193165467879183e+00
6.477001026541053363e+00
6.456594682686362496e+00
6.199740196564381023e+00
5.718818272818073645e+00
5.036229380215631934e+00
4.183350904165420658e+00
3.199094854247844122e+00
2.128132418021457806e+00
1.018866372373549600e+00
-7.875661276034784386e-02
-1.115494897586216450e+00
-2.045020765151720266e+00
-2.825990208275183768e+00
-3.423881160679359326e+00
-3.812518475830414921e+00
-3.975218339615357976e+00
-3.905502154448377894e+00
-3.607349461575337202e+00
-3.094980289396175976e+00
-2.392178488124115709e+00
-1.531188182532806419e+00
-5.512345231397222101e-01
5.032634077866600109e-01
1.584706115314957531e+00
2.644462361665172789e+00
3.635055995561422115e+00
4.512292611115885421e+00
5.237230788339166665e+00
5.777910014586707277e+00
6.110758651821574183e+00
6.221619977141798152e+00
6.106351711743641886e+00
5.770973774816271273e+00
5.231359378564670592e+00
4.512485099375153297e+00
3.647275296241065945e+00
2.675094317957363632e+00
1.639955540603263540e+00
5.885287159405853119e-01
-4.319641562767462251e-01
-1.375869570676463649e+00
-2.201144639832218530e+00
-2.871229269360878966e+00
-3.356665042314729064e+00
-3.636389166750944035e+00
-3.698646705339007745e+00
-3.541481659801925197e+00
-3.172786537009534946e+00
-2.609909915671875691e+00
-1.878841366715390038e+00
-1.013011966699613797e+00
-5.176573833996478413e-02
9.614281045404799997e-01
1.980940880780606594e+00
2.961039248082023345e+00
3.857936564734504525e+00
4.631748805227605459e+00
5.248267678802582381e+00
5.680472150698770761e+00
5.909711617089373981e+00
5.926508981574182044e+00
5.730949138816298749e+00
5.332637106057969589e+00
4.750229409339212339e+00
4.010561456951135639e+00
3.147411661019411167e+00
2.199959194921542682e+00
1.211005783877636910e+00
2.250422232579990522e-01
-7.137530448041256026e-01
-1.563493273668612904e+00
-2.286452006647227364e+00
-2.850737584137181813e+00
-3.231699266802985804e+00
-3.413003016033259840e+00
-3.387330038846937619e+00
-3.156668311592595977e+00
-2.732185672338983906e+00
-2.133691890897867260e+00
-1.388715499380211771e+00
-5.312383312724129336e-01
3.998540992402654926e-01
1.362535739625761133e+00
2.313536737436002078e+00
3.210288183672552087e+00
4.012827465867516707e+00
4.685578958379084114e+00
5.198930715855407669e+00
5.530537308218141490e+00
5.666291502683250769e+00
5.600922584024405460e+00
5.338196021579570072e+00
4.890707174088449349e+00
4.279279960301677121e+00
3.531999095265502042e+00
2.682920808753883612e+00
1.770521197005084701e+00
8.359528815916179578e-01
-7.881104596659005423e-02
-9.328620877672721967e-01
-1.688185752461158540e+00
-2.311353507975288046e+00
-2.775001972107441706e+00
-3.059033898052062383e+00
-3.151488265932153254e+00
-3.049041856114892646e+00
-2.757121369304423197e+00
-2.289622711509939457e+00
-1.668251706619102492e+00
-9.215174324763402147e-01
-8.342482014525387513e-02
8.080735537346841468e-01
1.712796006191098286e+00
2.590142805617691835e+00
3.400918120071033890e+00
4.109081092778019695e+00
4.683347815345566545e+00
5.098572997989238687e+00
5.336850329269869242e+00
5.388283404121142262e+00
5.251394088287593576e+00
4.933151597747928996e+00
4.448622660524947037e+00
3.820260125523325279e+00
3.076863526218526879e+00
2.252259675358686764e+00
1.383763713422302866e+00
5.104906140847924600e-01
-3.284064533581592116e-01
-1.095491564721303934e+00
-1.756716578302376597e+00
-2.282932224685891853e+00
-2.651172693389013624e+00
-2.845657124654582759e+00
-2.858464370838053270e+00
-2.689852247463826007e+00
-2.348208573792884390e+00
-1.849637879378208005e+00
-1.217203980312480116e+00
-4.798639749966737700e-01
3.288571100424991789e-01
1.172390384916807582e+00
2.012776597036218806e+00
2.812374306034869598e+00
3.535545864554404449e+00
4.150245688810670686e+00
4.629440037631592730e+00
4.952295407627933521e+00
5.105083326596301596e+00
5.081762295051095002e+00
4.884212294167010526e+00
4.522112981032833545e+00
4.012472719296618529e+00
3.378831224106863651e+00
2.650173134991870683e+00
1.859602621746652584e+00
1.042839610613584655e+00
2.366059315109849681e-01
-5.230257012711205800e-01
-1.202245644828263238e+00
-1.771012009505942952e+00
-2.204379107004592164e+00
-2.483590934871103606e+00
-2.596891793308283347e+00
-2.540019053313461672e+00
-2.316357525305245524e+00
-1.936750159567627083e+00
-1.418975253912177159e+00
-7.869152558942262843e-01
-6.945595995271536260e-02
7.008331957020841330e-01
1.489177457241679381e+00
2.260166614994064460e+00
2.979345527870393973e+00
3.614753870914441780e+00
4.138346298804391310e+00
4.527229927215872252e+00
4.764664546154979696e+00
4.840781898588654819e+00
4.752993181810650114e+00
4.506068072915091705e+00
4.111883400617456275e+00
3.588854416329653407e+00
2.961075792119644667e+00
2.257212358155321397e+00
1.509190615839306693e+00
7.507507397075090516e-01
1.592473375143166336e-02
-6.624906171645648101e-01
-1.254397480963561851e+00
-1.733732072627660159e+00
-2.079611895199360294e+00
-2.277244650053892983e+00
-2.318559295431688039e+00
-2.202532405292615625e+00
-1.935196792363525375e+00
-1.529333683782085007e+00
-1.003863929212863937e+00
-3.829671432977128642e-01
3.050302617408816586e-01
1.028947045549507777e+00
1.756160199094442875e+00
2.454075063452703986e+00
3.091586259866229813e+00
3.640463950849269548e+00
4.076603654872464233e+00
4.381084292773966382e+00
4.540988047944910733e+00
4.549946561542574486e+00
4.408390456352229592e+00
4.123492620148244470e+00
3.708809472927947049e+00
3.183637970938623774e+00
2.572118757993245186e+00
1.902127097604073613e+00
1.204002511890418070e+00
5.091750084162548484e-01
-1.512499053324656284e-01
-7.478837175405874671e-01
-1.254362580686567696e+00
-1.648511971979313095e+00
-1.913316908624790535e+00
-2.037655296248167325e+00
-2.016762857634310180e+00
-1.852410312810422788e+00
-1.552786503830738241e+00
-1.132094389127689116e+00
-6.098796776034340894e-01
-1.012375709833612802e-02
6.398570327374927258e-01
1.310655285147221516e+00
1.972102938147821893e+00
2.594628028516773099e+00
3.150576770622969924e+00
3.615441854761076268e+00
3.968942413904515298e+00
4.195908084484050171e+00
4.286928658460903208e+00
4.238741570918563184e+00
4.054341397144494152e+00
3.742808102950467841e+00
3.318863433458201673e+00
2.802176970547500368e+00
2.216454495083485021e+00
1.588350864266730333e+00
9.462572360887949730e-01
3.190178112778346842e-01
-2.653659077896075580e-01
-7.809851339284330507e-01
-1.205172287423756927e+00
-1.519497061239110103e+00
-1.710566310125767320e+00
-1.770593088696056583e+00
-1.697710738863059898e+00
-1.496019519377550289e+00
-1.175365352506904326e+00
-7.508622894070122733e-01
-2.421817265118684226e-01
3.273582695100740736e-01
9.318614079897975522e-01
1.544030455177718197e+00
2.136399837566270055e+00
2.682567911523642046e+00
3.158373612307761924e+00
3.542965045189530926e+00
3.819712767808796983e+00
3.976927788136396025e+00
4.008353326313404352e+00
3.913409744536703538e+00
3.697183263202981962e+00
3.370160644304826647e+00
2.947723412789023723e+00
2.449425892572869579e+00
1.898090879544156229e+00
1.318764737776987106e+00
7.375797398560099971e-01
1.805753191089809473e-01
-3.274685977702465056e-01
-7.641339066961316817e-01
-1.110353259148122440e+00
-1.351242000659036879e+00
-1.476736846178455576e+00
-1.482013946198521115e+00
-1.367669088212816408e+00
-1.139653575506706762e+00
-8.089703393847407220e-01
-3.911455752181889345e-01
9.449883342485443372e-02
6.257380679310001748e-01
1.178461089545453255e+00
1.727764820930806522e+00
2.249076145251269754e+00
2.719251172214598888e+00
3.117602596544921223e+00
3.426809550142641214e+00
3.633669948586083276e+00
3.729662689718451496e+00
3.711295833713414538e+00
3.580226675879480069e+00
3.343149968598197574e+00
3.011460988073695777e+00
2.600710204966210526e+00
2.129875555711405077e+00
1.620486313968928060e+00
1.095638978273730579e+00
5.789501455416102838e-01
9.349383937811905909e-02
-3.392288902400828476e-01
-7.002420832960130070e-01
-9.739265480537544484e-01
-1.148694671909170850e+00
-1.217479254588373916e+00
-1.178015826485233841e+00
-1.032907346685532968e+00
-7.894700351310681707e-01
-4.593689347390552680e-01
-5.806117959357748326e-02
3.959265538806875373e-01
8.818526902738021978e-01
1.377708096592356268e+00
1.861212866041937808e+00
2.310817403833923755e+00
2.706662834039824439e+00
3.031457926985660301e+00
3.271233834456134026e+00
3.415943716275043673e+00
3.459881572493913815e+00
3.401902923841344961e+00
3.245439025861500237e+00
2.998305646736705743e+00
2.672316662244796692e+00
2.282721409542543434e+00
1.847492507776293813e+00
1.386497355784137131e+00
9.205914729275981312e-01
4.706750478410448579e-01
5.675537193082225151e-02
-3.029427838663711903e-01
-5.927792955928536944e-01
-8.003780260291697424e-01
-9.171539031097188932e-01
-9.386653551095096581e-01
-8.647777607549262946e-01
-6.996321898674946471e-01
-4.514225121766339832e-01
-1.319925406500617182e-01
2.437271338462210224e-01
6.584159222662150368e-01
1.093161161476898791e+00
1.528320448075481508e+00
1.944409072762945057e+00
2.322972463063784687e+00
2.647404570340913033e+00
2.903675914312712436e+00
3.080939384228954303e+00
3.171987678778154240e+00
3.173543173831584241e+00
3.086368717124595484e+00
2.915196007412396817e+00
2.668476450899759378e+00
2.357967328060296630e+00
1.998173394174820539e+00
1.605670354385775989e+00
1.198341722915570395e+00
7.945641792881228405e-01
4.123785229705183575e-01
6.868362706013741992e-02
-2.215105963545924705e-01
-4.457382034743864185e-01
-5.946116387546427351e-01
-6.622127075375703331e-01
-6.463239167255256934e-01
-5.484913394709356460e-01
-3.739178283015180959e-01
-1.311930484109213868e-01
1.681259156835801516e-01
5.100630361900596599e-01
8.788749474951351726e-01
1.257775343189299955e+00
1.629698852971267264e+00
1.978069644860681375e+00
2.287540136237831589e+00
2.544666894366995447e+00
2.738493971113123315e+00
2.861018390031659031e+00
2.907518071799109816e+00
2.876728883663653313e+00
2.770864432859442061e+00
2.595479374226095981e+00
2.359184043536240782e+00
2.073224843433162601e+00
1.750950704080624032e+00
1.407190856881469054e+00
1.057572885117695094e+00
7.178123943464669310e-01
4.030065846094164073e-01
1.269634788489126809e-01
-9.840339311850088144e-02
-2.635883344743765733e-01
-3.618927645095735279e-01
-3.896937523248966695e-01
-3.465711904934909438e-01
-2.352894915816661214e-01
-6.163629731465003481e-02
1.658728895816066196e-01
4.364092955092031545e-01
7.373446259311529083e-01
1.054839671865876571e+00
1.374480375301442070e+00
1.681932135142886198e+00
1.963582656042826224e+00
2.207144510958997330e+00
2.402190749645826351e+00
2.540600226655450378e+00
2.616893678729886208e+00
2.628446743524251339e+00
2.575571836118043301e+00
2.461466820772717945e+00
2.292034456583797564e+00
2.075582383095953443e+00
1.822418686412459410e+00
1.544362615017912610e+00
1.189869322991744305e+00
