4.702541624463734138e+00
4.867723270906045840e+00
5.027425906961335400e+00
5.179022864720378649e+00
5.320020793273043225e+00
5.448100667344832893e+00
5.561155928721418285e+00
5.657327133146720755e+00
5.735032532856669363e+00
5.792994091759259945e+00
5.830258505392539092e+00
5.846212879950019037e+00
5.840594812506524569e+00
5.813496706661845259e+00
5.765364252630169162e+00
5.696989096780923134e+00
5.609495821202647114e+00
5.504323447444195772e+00
5.383201768647841945e+00
5.248122899345355918e+00
5.101308510842244459e+00
4.945173291073246880e+00
4.782285229907058621e+00
4.615323383088798082e+00
4.447033809476335087e+00
4.280184406269309960e+00
4.117519385053376446e+00
3.961714137388942181e+00
3.815331232266434114e+00
3.680778269177033213e+00
3.560268279973989092e+00
3.455783330591621016e+00
3.369041921376672910e+00
3.301470722232064947e+00
3.254181107458782307e+00
3.227950876243753875e+00
3.223211459455626482e+00
3.240040823178800267e+00
3.278162185723093813e+00
3.336948569232740969e+00
3.415433111056672910e+00
3.512324965310448910e+00
3.626030533116835208e+00
3.754679672369094501e+00
3.896156455960067877e+00
4.048133972608125575e+00
4.208112597918674425e+00
4.373461106240652541e+00
4.541459947150391585e+00
4.709345974788821110e+00
4.874357894378202438e+00
5.033781678444339214e+00
5.184995205764028725e+00
5.325511388837086635e+00
5.453019080537820251e+00
5.565421087123476163e+00
5.660868662366301152e+00
5.737791915449154345e+00
5.794925632469826837e+00
5.831330086831552073e+00
5.846406496215701409e+00
5.839906871881984429e+00
5.811938098273427222e+00
5.762960175800941443e+00
5.693778655684673673e+00
5.605531391257461138e+00
5.499669823618357434e+00
5.377935109423735760e+00
5.242329483441191762e+00
5.095083326871905349e+00
4.938618483080977839e+00
4.775508424100722848e+00
4.608435923073441742e+00
4.440148928826041619e+00
4.273415368343577825e+00
4.110977620546312217e+00
3.955507410184778028e+00
3.809561863760396516e+00
3.675541450269169008e+00
3.555650498566959250e+00
3.451860940776661835e+00
3.365879878097159050e+00
3.299121502504064551e+00
3.252683836186900379e+00
3.227330671324963873e+00
3.223479007268097440e+00
3.241192191765808417e+00
3.280178879066082853e+00
3.339797822026874918e+00
3.419068419422709670e+00
3.516686844964259429e+00
3.631047492737563331e+00
3.760269386321823504e+00
3.902227117198913575e+00
4.054585803567018587e+00
4.214839494540512987e+00
4.380352388046394374e+00
4.548402184446088903e+00
4.716224862782277150e+00
4.881060143150651953e+00
5.040196887411799942e+00
5.191017691473971851e+00
5.331041935676817722e+00
5.457966585170502150e+00
5.569704069196612650e+00
5.664416616228274748e+00
5.740546480226277559e+00
5.796841560857035169e+00
5.832375996284620889e+00
5.846565389847036442e+00
5.839176420195532735e+00
5.810330676863344479e+00
5.760502658216082317e+00
5.690511964667155809e+00
5.601509815489038147e+00
5.494960111295366545e+00
5.372615353806999394e+00
5.236487819057247250e+00
5.088816458261126385e+00
4.932030070836455948e+00
4.768707355369513401e+00
4.601534495656292023e+00
4.433260979478671260e+00
4.266654376826219952e+00
4.104454821371641415e+00
3.949329943870633741e+00
3.803830998704940125e+00
3.670350905144483811e+00
3.551084893393531505e+00
3.447994402626211929e+00
3.362774824713364197e+00
3.296827624076298147e+00
3.251237292114558475e+00
3.226753515128496286e+00
3.223778848901763361e+00
3.242362102534382728e+00
3.282197540213740439e+00
3.342629913923224727e+00
3.422665244190068456e+00
3.520987171442627073e+00
3.635978608937131096e+00
3.765748341031888824e+00
3.908162129266111062e+00
4.060877814578498501e+00
4.221383838295970747e+00
4.387040548315633615e+00
4.555123611117410931e+00
4.722868815632900841e+00
4.887517532126891773e+00
5.046362078497308445e+00
5.196790247942902674e+00
5.336328265760599265e+00
5.462681468887563341e+00
5.573772039271899459e+00
5.667773170623056522e+00
5.743139106761747215e+00
5.798630557693543963e+00
5.833335075553963023e+00
5.846682055464966332e+00
5.838452114740039889e+00
5.808780696323815107e+00
5.758155837332002314e+00
5.687410139506438256e+00
5.597707073740578743e+00
5.490521843995120221e+00
5.367617125379763543e+00
5.231014075454899270e+00
5.082959095520268811e+00
4.925886888529401375e+00
4.762380421149939203e+00
4.595128448380177311e+00
4.426881299195299491e+00
4.260405650274007527e+00
4.098439031478491756e+00
3.943644811155158525e+00
3.798568401417918849e+00
3.665595403501188176e+00
3.546912381356126076e+00
3.444470908436165324e+00
3.359955478787879812e+00
3.294755810015713493e+00
3.249943993469404546e+00
3.226256867298507025e+00
3.224083902139848412e+00
3.243460798563190473e+00
3.284068901487914971e+00
3.345240441143317423e+00
3.425969514349400669e+00
3.524928625518637837e+00
3.640490515373724367e+00
3.770754918443990800e+00
3.913579809373426865e+00
4.066616624277641812e+00
4.227348878038595714e+00
4.393133542598838481e+00
4.561244505928724990e+00
4.728917397136164880e+00
4.893395040731753021e+00
5.051972792720791361e+00
5.202043013137959804e+00
5.593896646353281099e+00
5.759163130094375305e+00
5.904293016853324971e+00
6.026899712709726131e+00
6.124966970140198974e+00
6.196882044704226544e+00
6.241462217637685050e+00
6.257974248220747882e+00
6.246146436014378800e+00
6.206173094546932667e+00
6.138711362781942960e+00
6.044870406660042939e+00
5.926193188111698262e+00
5.784631101126654684e+00
5.622511891732906442e+00
5.442501389154373648e+00
5.247559677168464276e+00
5.040892426099047974e+00
4.825898185454859934e+00
4.606112503650174439e+00
4.385149793431141418e+00
4.166643898720149508e+00
3.954188339971616450e+00
3.751277220454303674e+00
3.561247765048880520e+00
3.387225436353878738e+00
3.232072530566350910e+00
3.098341098442427111e+00
2.988230965584659060e+00
2.903553542515919350e+00
2.845702020006479316e+00
2.815628439518726545e+00
2.813828014129495791e+00
2.840330960080410527e+00
2.894701974551757040e+00
2.976047369053535618e+00
3.083029741953543734e+00
3.213889949679881397e+00
3.366476016082355471e+00
3.538278505289220277e+00
3.726471777030058163e+00
3.927960446564020547e+00
4.139430285649323693e+00
4.357402727827087041e+00
4.578292081877364694e+00
4.798464512617294453e+00
5.014297818990590017e+00
5.222241026128033425e+00
5.418872810963110354e+00
5.600957800021514998e+00
5.765499812859554041e+00
5.909791174734344565e+00
6.031457286628269188e+00
6.128495718662962943e+00
6.199309182945059504e+00
6.242731842509472884e+00
6.258048522612204678e+00
6.245006507372205640e+00
6.203819726750872121e+00
6.135165264081219760e+00
6.040172240755991240e+00
5.920403260174101234e+00
5.777828715561463824e+00
5.614794383807199196e+00
5.433982838052654252e+00
5.238369313616111356e+00
5.031172753250207741e+00
4.815802837204000042e+00
4.595803869786502460e+00
4.374796446006748774e+00
4.156417858542239330e+00
3.944262226152362771e+00
3.741821329361094239e+00
3.552427127701084153e+00
3.379196905226343084e+00
3.224981947815156680e+00
3.092320597704875773e+00
2.983396458682467500e+00
2.900002440582006180e+00
2.843511235607514287e+00
2.814852713090223446e+00
2.814498605346542170e+00
2.842454737204701765e+00
2.898260927492764871e+00
2.980998564377252968e+00
3.089305729993952809e+00
3.221399625405628075e+00
3.375105926607800289e+00
3.547894588067705968e+00
3.736921504009027117e+00
3.939075341098765115e+00
4.151028770947587709e+00
4.369293258308823091e+00
4.590276502250093316e+00
4.810341583846942548e+00
5.025866845828259599e+00
5.233305517558646258e+00
5.429244102968595165e+00
5.610458569473610879e+00
5.773967412220796902e+00
5.917080719566940594e+00
6.037444431675684342e+00
6.133079063433628519e+00
6.202412254216914000e+00
6.244304608883073371e+00
6.258068405035884574e+00
6.243478859286000215e+00
6.200777767963814746e+00
6.130669463506150940e+00
6.034309154457770497e+00
5.913283842609476260e+00
5.769586133133371320e+00
5.605581366912998575e+00
5.423968615808445470e+00
5.227736196336113750e+00
5.020112434786291544e+00
4.804512496097131269e+00
4.584482153818751016e+00
4.363639428467833703e+00
4.145615056213439509e+00
3.933992768591138223e+00
3.732250366517186002e+00
3.543702558238080336e+00
3.371446501243221316e+00
3.218310943089849996e+00
3.086809796297543596e+00
2.979100908963066008e+00
2.896950706748469440e+00
2.841705284835074785e+00
2.814268421922796914e+00
2.815086874151446317e+00
2.844143186816742386e+00
2.900956137930729817e+00
2.984588802076596714e+00
3.093664097701140037e+00
3.226387558036963643e+00
3.380576947271766386e+00
3.553698231330958635e+00
3.742907308553124590e+00
3.945096811318347996e+00
4.156947206878505163e+00
4.374981355584327325e+00
4.595621628547013948e+00
4.815248645418734874e+00
5.030260667093147120e+00
5.237132668120345613e+00
5.432474119650282596e+00
5.613084535646927442e+00
5.776005872575199263e+00
5.918570925122204507e+00
6.038446926897547584e+00
6.133673644358117905e+00
6.202695343106293890e+00
6.244386106710727802e+00
6.258068097628196824e+00
6.243522465857791026e+00
6.200992731724450202e+00
6.131180592681035435e+00
6.035234228208889995e+00
5.914729299749298619e+00
5.771642962099804208e+00
5.608321316905708898e+00
5.427440845902751221e+00
5.231964459677324264e+00
5.025092885307976154e+00
4.810212191915725022e+00
4.590838315653713586e+00
4.370559494004076839e+00
4.152977552643864811e+00
3.941649006067604155e+00
3.740026935333032210e+00
3.551404592715565300e+00
3.378861653954919220e+00
3.225213994650062865e+00
3.092967808946784913e+00
2.984278816936731804e+00
2.900917223338793427e+00
2.844238995446699114e+00
2.815163924561893793e+00
2.814160823893025576e+00
2.841240099021578480e+00
2.895953806421833310e+00
2.977403193158363326e+00
3.084253588765380805e+00
3.214756400433421479e+00
3.366777846944118746e+00
3.537833957186052203e+00
3.725131257335365653e+00
3.925612478543671013e+00
4.136006535735996081e+00
4.352881959194262684e+00
4.572702905095017201e+00
4.791886829972667350e+00
5.006862887843679388e+00
5.214130097862723190e+00
5.410314335044256850e+00
5.592223216679208520e+00
5.756897992255467500e+00
5.901661594363905472e+00
6.024162071407919150e+00
6.385778739841984297e+00
6.470191641616520606e+00
6.523105835863630908e+00
6.543667630888862163e+00
6.531549895412047668e+00
6.486957100604993087e+00
6.410621713439662805e+00
6.303792007232733141e+00
6.168211494765644787e+00
6.006090325352594128e+00
5.820069117515644486e+00
5.613175821396323428e+00
5.388776317705796792e+00
5.150519561073633845e+00
4.902278163471065042e+00
4.648085386549728248e+00
4.392069569081757052e+00
4.138387056302096134e+00
3.891154721200840605e+00
3.654383173338709323e+00
3.431911738495222686e+00
3.227346262631428431e+00
3.044000746760865184e+00
2.884843756162197792e+00
2.752450468975652598e+00
2.648961136899074198e+00
2.576046625950731084e+00
2.534881589811860181e+00
2.526125703987185833e+00
2.549913257952796997e+00
2.605851266730683680e+00
2.693026125143724414e+00
2.810018689605572995e+00
2.954927535928837834e+00
3.125400009498263465e+00
3.318670558386835889e+00
3.531605722619635124e+00
3.760755045701324573e+00
4.002407079438737192e+00
4.252649571530299433e+00
4.507432858663023012e+00
4.762635437013526207e+00
5.014130647892914183e+00
5.257853399336336331e+00
5.489865844968337072e+00
5.706420959440885454e+00
5.904022984828689147e+00
6.079483773987701234e+00
6.229974124177619643e+00
6.353069276113503250e+00
6.446787848698670054e+00
6.509623586452071287e+00
6.540569413334127447e+00
6.539133411401387264e+00
6.505346473456194545e+00
6.439761513485402489e+00
6.343444255023976019e+00
6.217955753433274779e+00
6.065326941258004645e+00
5.888025614177973210e+00
5.688916396534324349e+00
5.471214338039603220e+00
5.238432895269629519e+00
4.994327141255341829e+00
4.742833122514825028e+00
4.488004343983039490e+00
4.233946407544885382e+00
3.984750858549705121e+00
3.744429306342563546e+00
3.516848879323705823e+00
3.305670052458400843e+00
3.114287845888002337e+00
2.945777337996213774e+00
2.802844365874955557e+00
2.687782201762900947e+00
2.602434897075540210e+00
2.548167877683583882e+00
2.525846256878915064e+00
2.535821207891037155e+00
2.577924607895323295e+00
2.651472032282663260e+00
2.755274043683525242e+00
2.887655587016757508e+00
3.046483171804134749e+00
3.229199398239447127e+00
3.432864266022863653e+00
3.654202596643842504e+00
3.889656802345272002e+00
4.135444149978025230e+00
4.387617596705669420e+00
4.642129218168875582e+00
4.894895209151047588e+00
5.141861412631031136e+00
5.379068325728795230e+00
5.602714540543695776e+00
5.809217604072768992e+00
5.995271323841426359e+00
6.157898603870931353e+00
6.294498968203493305e+00
6.402890015215433550e+00
6.481342143981295933e+00
6.528606002416380782e+00
6.543932224071782322e+00
6.527083144396580217e+00
6.478336316022136998e+00
6.398479774096240469e+00
6.288799134791655199e+00
6.151056740719984539e+00
5.987463194009157164e+00
5.800641739224712268e+00
5.593586072196530701e+00
5.369612255342530283e+00
5.132305513600684321e+00
4.885462766111203337e+00
4.633031816051959240e+00
4.379048173468742533e+00
4.127570522736768943e+00
3.882615866879386424e+00
3.648095385041865590e+00
3.427752026935588781e+00
3.225100839249748219e+00
3.043372974357113847e+00
2.885464271854383256e+00
2.753889229547681339e+00
2.650741093624301215e+00
2.577658699340802162e+00
2.535800585197345747e+00
2.525826786995803097e+00
2.547888595268354983e+00
2.601626432281694878e+00
2.686175875204805497e+00
2.800181722145687058e+00
2.941819869684186184e+00
3.108826646293774143e+00
3.298535127627248542e+00
3.507917848920728332e+00
3.733635228497614200e+00
3.972088926130003195e+00
4.219479282262306619e+00
4.471865920037702224e+00
4.725230542697018699e+00
4.975540925004244386e+00
5.218815079413912095e+00
5.451184575993898385e+00
5.668956009658994155e+00
5.868669638801961241e+00
6.047154265421426977e+00
6.201577487587109694e+00
6.329490529566949242e+00
6.428866941964099802e+00
6.498134562374759504e+00
6.536200234804604214e+00
6.542466901648102962e+00
6.516842803594656175e+00
6.459742648438574264e+00
6.372080737437467057e+00
6.255256165555129755e+00
6.111130337613471575e+00
5.941997164071744386e+00
5.750546415924810972e+00
5.539820826236082851e+00
5.313167624393205557e+00
5.074185276744096917e+00
4.826666282466010927e+00
4.574536935162261564e+00
4.321795007817146761e+00
4.072446350635976486e+00
3.830441407475857929e+00
3.599612656794429988e+00
3.383613967329992533e+00
3.185862827347286874e+00
3.009486359756277096e+00
2.857271974497122002e+00
2.731623435264193933e+00
2.634523031113578106e+00
2.567500446145946746e+00
2.531608813837463945e+00
2.527408328404472382e+00
2.554957665649609577e+00
2.613813341953572955e+00
2.703037014410224259e+00
2.821210599543132247e+00
2.966458964573154056e+00
3.136479825779004749e+00
3.328580374986341184e+00
3.539720049422244497e+00
3.766558763741520544e+00
4.005509837478457236e+00
4.252796777838966591e+00
4.504513017766229588e+00
4.756683663512354165e+00
5.005328275236364810e+00
5.246523688882172465e+00
5.476465887995525250e+00
5.691529950183419118e+00
5.888327124327640050e+00
6.063758140924869089e+00
6.215061918281276299e+00
6.339858900774888895e+00
6.436188350833802474e+00
6.639368560768202698e+00
6.677158940207426951e+00
6.681188454181081759e+00
6.651401919092587711e+00
6.588276801133559069e+00
6.492815391477861908e+00
6.366528723455438410e+00
6.211412492349801973e+00
6.029915364072436113e+00
5.824900178343121127e+00
5.599598663277919997e+00
5.357560379715422982e+00
5.102596703616911533e+00
4.838720732056762230e+00
4.570084061478041804e+00
4.300911435054629806e+00
4.035434288437183881e+00
3.777824239376903925e+00
3.532127566488065362e+00
3.302201705754222782e+00
3.091654760585686113e+00
2.903788972839701721e+00
2.741549038995825249e+00
2.607476078657008145e+00
2.503667972944483733e+00
2.431746689599925570e+00
2.392833101296877096e+00
2.387529685538738455e+00
2.415911370449309370e+00
2.477524662695820723e+00
2.571395063740131270e+00
2.696042650632067605e+00
2.849505569678484118e+00
3.029371067543725093e+00
3.232813566597354971e+00
3.456639181458218246e+00
3.697335973402419818e+00
3.951129150163875003e+00
4.214040342039771403e+00
4.481950022301631975e+00
4.750662091675573073e+00
5.015969613819853734e+00
5.273720671795582682e+00
5.519883314732119572e+00
5.750608579228538630e+00
5.962290601239109478e+00
6.151622880756383083e+00
6.315649822780894596e+00
6.451812752871330936e+00
6.557989692818631866e+00
6.632528280297514733e+00
6.674271324168231878e+00
6.682574602732248792e+00
6.657316633869248435e+00
6.598900271691560349e+00
6.508246112175990028e+00
6.386777818173414722e+00
6.236399600254815212e+00
6.059466212063400192e+00
5.858745935303901753e+00
5.637377138402058563e+00
5.398819092521831564e+00
5.146797817490696758e+00
4.885247806887554667e+00
4.618250544908566901e+00
4.349970776679966455e+00
4.084591527683076428e+00
3.826248886391359960e+00
3.578967566824411861e+00
3.346598254479363099e+00
3.132757710239927995e+00
2.940772562852124850e+00
2.773627662106205261e+00
2.633919792903431478e+00
2.523817466054237624e+00
2.445027406282982874e+00
2.398768253001543282e+00
2.385751876607140165e+00
2.406172594125600472e+00
2.459704444817542246e+00
2.545506560815833375e+00
2.662236541922956334e+00
2.808071619326171220e+00
2.980737272118198611e+00
3.177542845015685735e+00
3.395423607333484028e+00
3.630988593776460327e+00
3.880573478480680016e+00
4.140297656348420396e+00
4.406124641257071595e+00
4.673924840166107764e+00
4.939539726265382846e+00
5.198846413635547670e+00
5.447821630729506204e+00
5.682604100389740509e+00
5.899554359906865386e+00
6.095311095379273070e+00
6.266843119695726827e+00
6.411496191963510505e+00
6.527033957057069458e+00
6.611672375900701226e+00
6.664107118677977226e+00
6.683533502796493941e+00
6.669658673415352013e+00
6.622705844861542346e+00
6.543410544444059340e+00
6.433008924111566884e+00
6.293218328168534548e+00
6.126210424967987400e+00
5.934577325286666039e+00
5.721291218190227568e+00
5.489658154950728175e+00
5.243266701449622147e+00
4.985932258116180904e+00
4.721637912608456666e+00
4.454472743137324109e+00
4.188568528770483468e+00
3.928035846653649799e+00
3.676900544511015667e+00
3.439041569923423136e+00
3.218131115863010372e+00
3.017578005142999675e+00
2.840475185416545756e+00
2.689552141931105034e+00
2.567132958434839463e+00
2.475100668636597945e+00
2.414868442819108285e+00
2.387358048118302989e+00
2.392985908259082084e+00
2.431656970927776662e+00
2.502766470286151623e+00
2.605209550256116557e+00
2.737398593009910286e+00
2.897287978455902469e+00
3.082405886239351744e+00
3.289892643637954084e+00
3.516545022380499486e+00
3.758865796388280778e+00
4.013117792125484584e+00
4.275381594863959300e+00
4.541616018761022389e+00
4.807720407048334366e+00
5.069597801455083541e+00
5.323218007644121563e+00
5.564679586085309992e+00
5.790269815372315776e+00
5.996521707212199459e+00
6.180267198664302519e+00
6.338685706946006526e+00
6.469347304318386449e+00
6.570249854087131247e+00
6.639849542304071761e+00
6.677084341879581331e+00
6.681390054934103873e+00
6.652708693642360060e+00
6.591489077789760564e+00
6.498679646951075028e+00
6.375713604775351762e+00
6.224486630481863791e+00
6.047327506537452990e+00
5.846962119852483930e+00
5.626471395045042456e+00
5.389243810838373783e+00
5.138923233068562801e+00
4.879352868834116563e+00
4.614516204949156375e+00
4.348475839178005842e+00
4.085311144062503175e+00
3.829055720036705690e+00
3.583635596724801697e+00
3.352809128817954232e+00
3.140109505943019741e+00
2.948790754896730704e+00
2.781778058180382374e+00
2.641623145776538006e+00
2.530465438610484785e+00
2.449999533349442871e+00
2.401449520487891842e+00
2.385550522553959940e+00
2.402537728370089720e+00
2.452143084315066002e+00
2.533599686229415227e+00
2.645653797779104366e+00
2.786584304546559032e+00
2.954229299633017725e+00
3.146019387862552641e+00
3.359017193431809822e+00
3.589962461600820554e+00
3.835322060203637307e+00
4.091344112647539610e+00
4.354115431791965918e+00
4.619621374579850226e+00
4.883807201278581367e+00
5.142640001202223310e+00
5.392170239148545541e+00
5.628591983591684667e+00
5.848300898795349312e+00
6.047949118114647860e+00
6.224496164278447097e+00
6.375255143632051258e+00
6.482753477117675800e+00
6.574770774811008245e+00
6.635680162338976729e+00
6.664560988396981855e+00
6.660981062594110824e+00
6.625002958306799528e+00
6.557182773674755438e+00
6.458561376462528258e+00
6.330648272944422672e+00
6.175398353128649376e+00
5.995181872815000368e+00
5.792748135536782250e+00
5.571183432820372872e+00
5.333863887962757566e+00
5.084403925371681510e+00
4.826601153277246148e+00
4.564378501327265525e+00
4.301724495418207006e+00
4.042632579487255740e+00
3.791040407504038257e+00
3.550770028363259723e+00
3.325469871820773804e+00
3.118559415281779046e+00
2.933177369579226479e+00
2.772134167537872784e+00
2.637869472936844595e+00
2.532415350490811790e+00
2.457365650843681859e+00
2.413852069644397247e+00
2.402527237998116849e+00
2.423555094515661423e+00
2.476608678449420342e+00
2.560875370690474995e+00
2.675069496420818815e+00
2.817452091680796133e+00
2.985857527713473125e+00
3.177726583322449727e+00
3.390145458194319339e+00
3.619890130651797655e+00
3.863475382969707272e+00
4.117207747401306683e+00
4.377241567476279904e+00
4.639637322815861609e+00
4.900421332343225522e+00
5.155645930844618086e+00
5.401449207632455618e+00
5.634113403658099983e+00
5.850121084678013617e+00
6.046208242657825416e+00
6.219413524960812012e+00
6.367122850273590373e+00
6.487108740762732140e+00
6.577563780545252925e+00
6.637127699963395244e+00
6.664907682016737667e+00
6.660491590147135099e+00
6.623953923833519219e+00
6.555854418507644610e+00
6.457229317482382491e+00
6.329575454210658592e+00
6.174827391597210280e+00
5.995327969632289644e+00
5.793792711735452627e+00
5.573268632399084765e+00
5.337088072625677526e+00
5.088818264002359371e+00
4.832207385949293332e+00
4.571127932760798096e+00
4.309518246768302419e+00
4.051323100705684688e+00
3.800434225768253516e+00
3.560631681738930077e+00
3.335526951934722817e+00
3.128508618821489673e+00
2.942691436384304193e+00
2.780869563334288586e+00
2.645474657787980632e+00
2.538539460135701198e+00
2.461667407553115972e+00
2.416008732267758585e+00
2.402243397656965040e+00
2.420571123008000036e+00
2.470708640876339235e+00
2.551894222045486327e+00
2.662899393762650391e+00
2.802047668843639983e+00
2.967239998027540793e+00
3.155986557200385789e+00
3.365444386296180923e+00
3.592460309249521977e+00
3.833618485611128612e+00
4.085291875523485494e+00
4.343696841707061829e+00
4.604950065784055191e+00
4.865126922349255700e+00
5.120320433176836161e+00
5.366699916124037628e+00
5.600568448762232698e+00
5.818418285428091252e+00
6.016983397949728030e+00
6.193288354268840834e+00
6.344692804881251647e+00
6.468930913597942478e+00
6.564145145577999330e+00
6.628913910745844795e+00
6.662272653287331536e+00
6.663728076528791178e+00
6.633265295654492633e+00
6.571347816860065194e+00
6.478910349079906261e+00
6.357344561753224710e+00
6.208478007600892745e+00
6.034546531496713939e+00
5.838160583707642459e+00
5.622265946603977937e+00
5.390099467046550963e+00
5.145140460816810091e+00
4.891058519564920104e+00
4.631658503868488985e+00
4.370823547339277582e+00
4.112456925681182263e+00
3.860423660780573751e+00
3.618492733064337941e+00
3.390280765467571733e+00
3.179198019575058431e+00
2.988397509191245582e+00
2.820727989297928673e+00
2.678691519797588683e+00
2.564406234500016701e+00
2.479574867532729154e+00
2.425459502919914634e+00
2.402862919780120787e+00
2.412116806839647243e+00
2.453077017223099787e+00
2.525125929304612882e+00
2.627181873350447727e+00
2.757715478339092918e+00
2.914772690276827838e+00
3.096004114067785196e+00
3.298700237021746418e+00
3.519832004784345436e+00
3.756096141143252520e+00
4.003964532974342738e+00
4.259736941577590308e+00
4.519596252692489990e+00
4.779665440299017298e+00
5.036065394435212283e+00
5.284972751058775842e+00
5.522676862613687732e+00
5.745635061406320965e+00
5.950525393942994512e+00
6.134296042623834211e+00
6.294210701050054091e+00
6.427889229928605452e+00
6.533342991235936204e+00
6.609004337871644097e+00
6.653749823302681499e+00
6.666916789365821217e+00
6.648313089063107917e+00
6.598219803383434723e+00
6.517386915392377134e+00
6.407022009504810711e+00
6.268772167436661213e+00
6.104699333288923668e+00
5.917249517053699392e+00
5.709216297117121641e+00
5.483699166718662532e+00
5.244057345567181727e+00
4.993859744787862098e+00
4.736831830095558971e+00
4.476800173731806609e+00
4.217635519591086180e+00
3.963195207612034032e+00
3.717265812605676789e+00
3.483506849112170123e+00
3.265396377682991069e+00
3.066179319425388350e+00
2.888819245152848048e+00
2.735954353664832084e+00
2.609858291415068532e+00
2.512406397817666281e+00
2.445047863119390819e+00
2.408784201494503563e+00
2.404154373307653358e+00
2.431226779157447559e+00
2.489598245331348103e+00
2.578400016626008373e+00
2.696310668525431886e+00
2.841575748022028947e+00
3.012033852435376247e+00
3.205148759913912127e+00
3.418047135315830598e+00
3.647561252200901993e+00
3.890276096953982243e+00
4.142580155726381719e+00
4.400719129897421311e+00
4.660851781949730821e+00
4.919107081680123450e+00
5.171641803019172201e+00
5.343820623519370372e+00
