-1.223811178851674786e+00
-7.260784213349491534e-01
-2.941591129652083580e-01
5.039284251091458167e-02
2.923853395074376138e-01
4.232793390310605197e-01
4.410519737171907373e-01
3.496967446843068927e-01
1.584396530407206072e-01
-1.192438455375659512e-01
-4.667267390901810309e-01
-8.653648272288724241e-01
-1.295599112525914975e+00
-1.737970309664568669e+00
-2.174003408129600246e+00
-2.586934232251409504e+00
-2.962263195337397903e+00
-3.288133254242779913e+00
-3.555538980935368798e+00
-3.758381436516031293e+00
-3.893389103960725794e+00
-3.959928601124114600e+00
-3.959730459164596095e+00
-3.896555191547169894e+00
-3.775823513559309230e+00
-3.604232231792752650e+00
-3.389374325780180719e+00
-3.139378379907655781e+00
-2.862579043034102710e+00
-2.567226800154055688e+00
-2.261242191318816541e+00
-1.952016817949043581e+00
-1.646261103373635182e+00
-1.349896853958468590e+00
-1.067991200372348182e+00
-8.047274627356069132e-01
-5.634078390201946451e-01
-3.464825125386206128e-01
-1.555997552717129917e-01
8.328188808801151310e-03
1.450482785250202244e-01
2.548832503263436244e-01
3.386453665736195440e-01
3.975505089887829691e-01
4.331351862223957738e-01
4.471784456711227485e-01
4.416301432028415519e-01
4.185465427782526504e-01
3.800337984137063252e-01
3.281995165526510050e-01
2.651123073292604992e-01
1.927690054458075508e-01
1.130690706156713965e-01
2.779555770732500264e-02
-6.139802884301581720e-02
-1.529957200282812124e-01
-2.456226380851262991e-01
-3.380448381799765478e-01
-4.291661164631297432e-01
-5.180224174518031077e-01
-6.037744177025210490e-01
-6.856988020611851642e-01
-7.631786865306144918e-01
-8.356935804135829926e-01
-9.028092217249582552e-01
-9.641675652477471603e-01
-1.019477152911592910e+00
-1.068504051895005080e+00
-1.111063507178678300e+00
-1.147012422138715015e+00
-1.176242752900614974e+00
-1.198675879162886426e+00
-1.214257995517164179e+00
-1.222956552336448066e+00
-1.224757763418047762e+00
-1.219665188065351291e+00
-1.207699387467968455e+00
-1.188898648384507428e+00
-1.163320760542610799e+00
-1.131045827155617189e+00
-1.092180079844766283e+00
-1.046860659407356398e+00
-9.952613116809609917e-01
-9.375989326671839708e-01
-8.741408786056855673e-01
-8.052129344240636089e-01
-7.312078076332202414e-01
-6.525939841253809437e-01
-5.699247474677073821e-01
-4.838471243744908445e-01
-3.951104765400965668e-01
-3.045744136644157329e-01
-2.132156553808670640e-01
-1.221334223578001144e-01
-3.255289096155888906e-02
5.417379613470507671e-02
1.365695063442855517e-01
2.130376489048650956e-01
2.818718420426447047e-01
3.412702896062929092e-01
3.893554129608678416e-01
4.241992288343152673e-01
4.438548772262329578e-01
4.463945809950318200e-01
4.299541564140527683e-01
3.927839887545840902e-01
3.333061369850192079e-01
2.501769368320418963e-01
1.423541337645197746e-01
9.167201633048405185e-03
-1.496109034214292421e-01
-3.336927291446190047e-01
-5.422086572135569327e-01
-7.736455932606788322e-01
-1.025795405466800592e+00
-1.295716805202653310e+00
-1.579714569309059291e+00
-1.873340077175178697e+00
-2.171417041772778944e+00
-2.468096017676379983e+00
-2.756940738964083870e+00
-3.031048549179978568e+00
-3.283206115999687924e+00
-3.506080268242282028e+00
-3.692442160808750540e+00
-3.835421090745380734e+00
-3.928782203001339290e+00
-3.967220109276617723e+00
-3.946658194256220220e+00
-3.864541221908039059e+00
-3.720106924682653915e+00
-3.514620723545239578e+00
-3.251556762363316810e+00
-2.936708225261111416e+00
-2.578210610994851493e+00
-2.186463413055207639e+00
-1.773938609163689728e+00
-1.354868555615875492e+00
-9.448112956089640413e-01
-5.600978243798497846e-01
-2.171733062357652511e-01
6.814769942389120594e-02
2.814836916137486433e-01
4.107101213882367041e-01
4.467614879088799285e-01
3.843629903286722715e-01
2.226399462953201347e-01
-3.444704345586568905e-02
-3.778899705879106286e-01
-7.936860206632545545e-01
-1.263185439666547838e+00
-1.763750110197235710e+00
-2.269719669407129992e+00
-2.753660660981043673e+00
-3.187851306031514120e+00
-3.545931506082578899e+00
-3.804626441582304786e+00
-3.945434571115948419e+00
-3.956158985282963503e+00
-3.832156816907486885e+00
-3.577186330999384545e+00
-3.203746469882769787e+00
-2.732829355173784336e+00
-2.193042017458571635e+00
-1.619097919541383046e+00
-1.049729121929337872e+00
-5.251227093258838963e-01
-8.403605695125193620e-02
2.392101522960869975e-01
4.176295023656839689e-01
4.341098259136089155e-01
2.833508970408384897e-01
-2.701892143053297168e-02
-4.763168288267136674e-01
-1.031769792521331386e+00
-1.650580017166458635e+00
-2.283003553530127405e+00
-2.876251610194935360e+00
-3.378928604940448110e+00
-3.745642663728747657e+00
-3.941373173165315880e+00
-3.945164620603438088e+00
-3.752742142110238710e+00
-3.377714071326540335e+00
-2.851138019599067430e+00
-2.219372495569521320e+00
-1.540304021878158069e+00
-8.782144389998631784e-01
-2.977162837244824445e-01
1.426833698795744176e-01
3.967462919972581936e-01
4.357283584764766182e-01
2.520518667593734108e-01
-1.390666060973735352e-01
-7.003353709534956284e-01
-1.375517491778853740e+00
-2.094769422676584725e+00
-2.781722987874825748e+00
-3.361615252933598530e+00
-3.769604630012985513e+00
-3.531409041300793916e+00
-3.487494418183223033e+00
-3.249915897412063437e+00
-2.843048695808230164e+00
-2.311178433700633583e+00
-1.713943662075948060e+00
-1.119793215139206932e+00
-5.981564296706898265e-01
-2.112188338214646688e-01
-6.289984895286204747e-03
-9.725074083186902030e-03
-2.232133743869140208e-01
-6.229862460695452242e-01
-1.162152515659252927e+00
-1.775979945060188525e+00
-2.389557005856968619e+00
-2.926940419082078471e+00
-3.320667523271765287e+00
-3.520423836301424636e+00
-3.499723663629743520e+00
-3.259683343017607982e+00
-2.829319477352528089e+00
-2.262245892329979302e+00
-1.630116477399464525e+00
-1.013603053312895241e+00
-4.920462704104149321e-01
-1.331222173237034401e-01
1.610481409586528301e-02
-6.446889054752502624e-02
-3.651212422244913824e-01
-8.473527142600327799e-01
-1.448755754417094810e+00
-2.091093965748869188e+00
-2.690537288981232233e+00
-3.168696161822559532e+00
-3.462977897799722982e+00
-3.534871171740326723e+00
-3.375039817582835333e+00
-3.004537925678288257e+00
-2.471984875494365408e+00
-1.847087956061479463e+00
-1.211394800931964166e+00
-6.475290020548991610e-01
-2.283587691440061018e-01
-7.544298062442722497e-03
-1.270724917259880016e-02
-2.420960983693905000e-01
-6.651380316610921994e-01
-1.226740519572603105e+00
-1.854707608581604550e+00
-2.469235328385255279e+00
-2.993200005723353208e+00
-3.361882734842048137e+00
-3.530886715919383967e+00
-3.481279820773826472e+00
-3.221389095337509278e+00
-2.785128858485538927e+00
-2.227195736750311017e+00
-1.615852001680327055e+00
-1.024294333716203154e+00
-5.217379086385001141e-01
-1.653259014457724163e-01
6.186313584637392893e-03
-2.370491180136546916e-02
-2.481758160131919411e-01
-6.387633015729288211e-01
-1.149459089563091174e+00
-1.722587091851427665e+00
-2.295672155788482272e+00
-2.808448884287709113e+00
-3.209207354049163463e+00
-3.459812706440296370e+00
-3.538942028539072027e+00
-3.443323140094502577e+00
-3.187003232488679672e+00
-2.798891383939062116e+00
-2.318985050281018090e+00
-1.793792697018184779e+00
-1.271498238329689112e+00
-7.973821544134550576e-01
-4.099304914721226822e-01
-1.379426089882231921e-01
1.190143111751584826e-03
2.001735024410367103e-03
-1.296442192945785887e-01
-3.780744114431531244e-01
-7.199967755343825715e-01
-1.127079602879967890e+00
-1.568639257501908135e+00
-2.014187369022267582e+00
-2.435638461488427886e+00
-2.809040268043331956e+00
-3.115753337339973505e+00
-3.343066952052466512e+00
-3.484289551107915717e+00
-3.538390435995284911e+00
-3.509294151045720511e+00
-3.404939866385713110e+00
-3.236216992387920044e+00
-3.015877621949439646e+00
-2.757509161901657180e+00
-2.474629633492798408e+00
-2.179946264836135406e+00
-1.884797341051056785e+00
-1.598779393467074428e+00
-1.329547650196468256e+00
-1.082767620809784281e+00
-8.621896627366327781e-01
-6.698159453424061827e-01
-5.061297402257949329e-01
-3.703596731460223612e-01
-2.607557202870083302e-01
-1.748586332731447701e-01
-1.097495608006664458e-01
-6.227146231176239333e-02
-2.921818028740696960e-02
-7.490576547024563325e-03
5.778128798839876623e-03
1.312374663117754636e-02
1.667398866834246540e-02
1.808707079041171895e-02
1.850041069608776567e-02
1.848444342462474133e-02
1.799777502687094355e-02
1.634164313352814979e-02
1.211400783753147081e-02
3.166636990356685999e-03
-1.342764316650879586e-02
-4.138575068997596418e-02
-8.518607990673832120e-02
-1.499782377548180001e-01
-2.414022008460667834e-01
-3.652838673155092142e-01
-5.271724536064519295e-01
-7.316890300639704581e-01
-9.816679125876185408e-01
-1.277097406977980354e+00
-1.613907316579596296e+00
-1.982710350877010086e+00
-2.367682888221199100e+00
-2.745861760686157282e+00
-3.087220625055110190e+00
-3.355934175977943745e+00
-3.513401064842187616e+00
-3.523337866517332273e+00
-3.358788072088669807e+00
-3.010360187152892664e+00
-2.494271843209401762e+00
-1.858041554946381568e+00
-1.181209726954911776e+00
-5.686283812820724926e-01
-1.349584115766688797e-01
1.858318416021442765e-02
-1.684938351859754935e-01
-6.910464626090297990e-01
-1.464078775002987332e+00
-2.327251315379772034e+00
-3.072860041900306705e+00
-3.495600095704988419e+00
-3.454068959816462225e+00
-2.926250018245980300e+00
-2.037632208437328618e+00
-1.044351306729576212e+00
-2.660266823592307706e-01
1.836842564939655809e-02
-3.207232158335842076e-01
-1.193099680357311287e+00
-2.294626461426684916e+00
-3.202827809551098692e+00
-3.538563302088230778e+00
-3.134046109162159865e+00
-2.131061451493262648e+00
-9.505155779442269193e-01
-1.256987802524121012e-01
-5.879940619657331169e-02
-8.111673606036207129e-01
-2.040640143589249611e+00
-3.140804439051881225e+00
-3.536332620488840117e+00
-2.994115075819807181e+00
-1.778466115703238426e+00
-5.420313852316016590e-01
1.706268528767029835e-02
-4.426312499472822015e-01
-1.679078746789372412e+00
-2.973307783500692025e+00
-3.538924381573489875e+00
-3.007727604629369722e+00
-1.688055646402235599e+00
-4.059959968127970775e-01
4.715694882163612434e-03
-7.454148784249101656e-01
-2.178507121072457586e+00
-3.335863384558704681e+00
-3.416204329680554430e+00
-2.343477714962056702e+00
-8.539561195483972300e-01
-4.535968481356400517e-03
-4.200664952044022016e-01
-1.817202430029171367e+00
-5.531771818219231918e+00
-6.348228155106554027e+00
-3.703461416098768666e+00
4.336647812019260861e-01
2.896246410345959532e+00
1.747032630278015031e+00
-2.158081805419109767e+00
-5.761103930652056171e+00
-6.181333255225392342e+00
-3.043924411149793841e+00
1.144343977553101244e+00
2.969497973271435498e+00
9.034368615600039121e-01
-3.378067560897810573e+00
-6.318718040581504880e+00
-5.432519109800490575e+00
-1.435641956464749347e+00
2.293752860355392720e+00
2.557389824034564718e+00
-8.995506051146195947e-01
-5.109259674083316938e+00
-6.408965793464039606e+00
-3.639669551055086494e+00
7.886940282310246353e-01
2.970418925171360414e+00
9.530277533392528255e-01
-3.488471824268731147e+00
-6.387916814378262309e+00
-5.128063239307168786e+00
-8.248651448618058435e-01
2.636003838762755791e+00
2.101999262051984285e+00
-1.957802736579017377e+00
-5.841176782132122547e+00
-5.980426544578974379e+00
-2.232449535492743831e+00
1.955272699288267191e+00
2.705926443973768691e+00
-6.889730487759624378e-01
-5.083380068885026581e+00
-6.381997149790900714e+00
-3.362532276136818599e+00
1.159144681670894794e+00
2.945314727083844453e+00
3.114723719506278243e-01
-4.273185671360387516e+00
-6.491963903265977720e+00
-4.246951882594906635e+00
3.481837672789938054e-01
2.951029483764006756e+00
1.094909964109750167e+00
-3.466783113570315766e+00
-6.411506764446298412e+00
-4.943907145916508483e+00
-4.538934629307727064e-01
2.796171130782648895e+00
1.718090184075361293e+00
-2.665143719951267975e+00
-6.188540988740125925e+00
-5.503428909697378302e+00
-1.261139164708476201e+00
2.506691324309874958e+00
2.220932823606819539e+00
-1.845303158529540521e+00
-5.830127590697617990e+00
-5.953007478554999565e+00
-2.100465901968077809e+00
2.073525836550710988e+00
2.616711078771440491e+00
-9.806701262436110511e-01
-5.313581296704043666e+00
-6.290114255472907701e+00
-2.994159607853227989e+00
1.462794995221934347e+00
2.885561149483688581e+00
-5.731367027883149667e-02
-4.596459394756113426e+00
-6.476071668868702780e+00
-3.943399612016229572e+00
6.266879196629893123e-01
2.968722854011729417e+00
9.082566718731079902e-01
-3.629759737164292233e+00
-6.431294278114799923e+00
-4.908437364513739354e+00
-4.793742140696033438e-01
2.766065980104536415e+00
1.846992103904075755e+00
-2.380831934563064856e+00
-6.037106853940073847e+00
-5.784701882781862814e+00
-1.866337856114809624e+00
2.144989374952407601e+00
2.613109447470561619e+00
-8.726726019352059049e-01
-5.155295345681618180e+00
-6.381177540160832606e+00
-3.462723052224121911e+00
9.748307487652634329e-01
2.969683289120831127e+00
7.586615797664388872e-01
-3.681818176662433384e+00
-6.419941107549612447e+00
-5.051865061324839701e+00
-7.962321140681333231e-01
2.611037661595493553e+00
2.202708428972296240e+00
-1.648913238975174611e+00
-5.592108936432937938e+00
-6.223337681173653380e+00
-3.015670363479507898e+00
1.263542725769253749e+00
2.955556388883157304e+00
6.341566670749512191e-01
-3.712982354000073038e+00
-6.405578482501526061e+00
-5.188054701482874620e+00
-1.101094261875133595e+00
2.429983352128102680e+00
2.474024230944432468e+00
-9.860619483771180249e-01
-5.078852637921706936e+00
-6.441640150043371982e+00
-3.976410545050503398e+00
2.883172271073410897e-01
2.886359643642194328e+00
1.731816172589133007e+00
-2.225304746090732699e+00
-5.803896437041350609e+00
-6.157991080349000335e+00
-3.027282477282724926e+00
1.097150573944658536e+00
2.971506696192003361e+00
1.146095979095473893e+00
-2.935543417866758098e+00
-6.100290229901261796e+00
-5.917526159101198502e+00
-2.549978537124212963e+00
1.413213922369095155e+00
2.961689117001998994e+00
9.437210168152705414e-01
-3.100341341316374510e+00
-6.135355903091027407e+00
-5.913464476753343746e+00
-2.622400159897169569e+00
1.295699596144811228e+00
2.971104463446706312e+00
1.202161822799406199e+00
-2.705561020790453686e+00
-5.924864699579501348e+00
-6.158311565524553721e+00
-3.263137900534767155e+00
6.884452970033039243e-01
2.909314207583991951e+00
1.860661051809316735e+00
-1.702168785265356865e+00
-5.296787709088320639e+00
-6.453835312825777493e+00
-4.403580299216651284e+00
-5.643918584790197368e-01
2.458880814864525810e+00
2.646391052129692945e+00
-1.023315345655380071e-01
-3.941781649415364797e+00
-6.336233814768078787e+00
-5.733058555357521513e+00
-2.550867276981596543e+00
1.133274936606185168e+00
2.952482278855725006e+00
1.765012841906968610e+00
-1.649867277871769122e+00
-5.124809552586587102e+00
-6.489615411158762726e+00
-4.917967961478277417e+00
-1.405995532222817479e+00
1.879393203171960902e+00
2.944795412553501635e+00
1.169427976036896855e+00
-2.355225089583544040e+00
-5.515690093102429081e+00
-6.449714868970356285e+00
-4.632507844032623723e+00
-1.149684406646565682e+00
1.969867958042824885e+00
2.941472119452953393e+00
1.234891177974895893e+00
-2.157616336162825110e+00
-5.316593989969385703e+00
-6.487614180415195442e+00
-5.046089551899203940e+00
-1.810143453777524059e+00
1.442197761454885985e+00
2.957696701903861580e+00
1.945603082136572404e+00
-1.028451148413872307e+00
-4.377190505096804962e+00
-6.348799028924895893e+00
-5.939009232686743189e+00
-3.386234513287315728e+00
-1.518617424437218588e-02
2.644026759852581066e+00
3.015686547048622934e+00
1.017216050423600748e+00
-2.339400107096576420e+00
-5.401042673347140166e+00
-6.692122999298458552e+00
-5.616797988286451826e+00
-2.715650621862482517e+00
6.233581654657647242e-01
2.838501043458387940e+00
2.921738644040342336e+00
8.632533758312184169e-01
-2.375457196024942430e+00
-5.324618114614507292e+00
-6.676916922122935638e+00
-5.858834741518233358e+00
-3.257259473309289444e+00
-2.059771117752884351e-02
2.458305190406909979e+00
3.140953990155910702e+00
1.767193623138356706e+00
-1.063198788921010385e+00
-4.166783747689946082e+00
-6.278486757398349383e+00
-6.564119718599243924e+00
-4.937695296700168157e+00
-2.068634956408676118e+00
9.066837905544367082e-01
2.840591497435729806e+00
3.012757706686886472e+00
1.386364449679729827e+00
-1.403747242934847872e+00
-4.310916019287839518e+00
-6.274531728181611534e+00
-6.603385548704928887e+00
-5.207878909856672678e+00
-2.607932093978949872e+00
2.724381414963090720e-01
2.439529598502968355e+00
3.170846755127798566e+00
2.246791964327030655e+00
2.715846767956886509e-03
-2.804279911995916308e+00
-5.258317681969465696e+00
-6.584312695431260742e+00
-6.386482820702168439e+00
-4.755045675276766026e+00
-2.216989004792471629e+00
4.433395170203544566e-01
2.430652945670452425e+00
3.174071342206550739e+00
2.483021294699886639e+00
5.841839671521715793e-01
-1.962461135992764394e+00
-4.435969728222481478e+00
-6.160679251665671430e+00
-6.687284629465973573e+00
-5.901712404857160976e+00
-4.038324122306725883e+00
-1.601398694011102908e+00
7.776051740779843513e-01
2.505541108102455894e+00
3.172461081587794496e+00
2.641760769502778494e+00
1.068150003047649843e+00
-1.154846413162525121e+00
-3.499536288647805193e+00
-5.432119433964452071e+00
-6.532894698328158611e+00
-6.582300784025135520e+00
-5.596811167669851095e+00
-3.811388460929004296e+00
-1.617108302244685492e+00
5.288175883563677182e-01
2.199473861954199361e+00
3.080965499371751015e+00
3.026270453347610356e+00
2.072492661843805983e+00
4.218090300650878532e-01
-1.606666785148960219e+00
-3.642243759540393810e+00
-5.331590074680159219e+00
-6.398584265822792716e+00
-6.685574908898702873e+00
-6.170966651169313977e+00
-4.962751600326411605e+00
-3.271708918909048691e+00
-1.370881654719472431e+00
4.506921063507758340e-01
1.932153160162294103e+00
2.876433893018539578e+00
3.173029414139802107e+00
2.806160988198014294e+00
1.848959351189123357e+00
4.462210842822940116e-01
-1.210461469303361515e+00
-2.910893929115208056e+00
-4.453678699914993544e+00
-5.669422111648800389e+00
-6.437414087327013590e+00
-6.694632059984757966e+00
-6.437030839284505923e+00
-5.714077693284067117e+00
-4.618162160481078971e+00
-3.270828419773191609e+00
-1.807808032977179735e+00
-3.646198031620400126e-01
9.358719617293695947e-01
1.993008797765541296e+00
2.734537701967941103e+00
3.119422655378111919e+00
3.137573019743427949e+00
2.807032441978877024e+00
2.169305390290825031e+00
1.283536793757876104e+00
2.202215892049255164e-01
-9.449727243241539121e-01
-2.136813857694806806e+00
-3.285225281814675213e+00
-4.328937602664410633e+00
-5.218009215377493959e+00
-5.915252765044672678e+00
-6.396676545309756712e+00
-6.651097173576938637e+00
-6.679104073109495054e+00
-6.491561271766926211e+00
-6.107822258889348710e+00
-5.553813646813942739e+00
-4.860117311021008746e+00
-4.060152047239123263e+00
-3.188527340585656233e+00
-2.279615572316694205e+00
-1.366366160809908026e+00
-4.793688122840207289e-01
3.538214949679909793e-01
1.109168456747159581e+00
1.766488659741469736e+00
2.309639555093162322e+00
2.726583099816385136e+00
3.009346061334461808e+00
3.153896038099714083e+00
3.159949963454787181e+00
3.030729454700823666e+00
2.772675009657037393e+00
2.395128854697756715e+00
1.909994287900804277e+00
1.331377684413345808e+00
6.752179609856603371e-01
-4.109276193964550572e-02
-7.990943165760298061e-01
-1.579646945288444293e+00
-2.363320744072721524e+00
-3.130783742354176891e+00
-3.863186030107349733e+00
-4.542536934159247863e+00
-5.152071704690582621e+00
-5.676603541380618623e+00
-6.102856110318369609e+00
-6.419771024504510315e+00
-6.618784131821286110e+00
-6.694063926128387187e+00
-6.642705022109971935e+00
-6.464869465003885374e+00
-6.163868732847333831e+00
-5.746179677853546330e+00
-5.221388384942746264e+00
-4.602057029861628124e+00
-3.903510314845425100e+00
-3.143539948926119543e+00
-2.342027906692617734e+00
-1.520491806204439689e+00
-7.015586332560064253e-01
9.162387974255081780e-02
8.360257456613813254e-01
1.509407491284689762e+00
2.091008687801894084e+00
2.562231172468811380e+00
2.907293874086493091e+00
3.113834850783544717e+00
3.173435719292545087e+00
3.082044240656130363e+00
2.840272534200924071e+00
2.453551280142425739e+00
1.932124345472341354e+00
1.290873467020650533e+00
5.489688182736851552e-01
-2.706517314493286364e-01
-1.141964359479215041e+00
-2.036684051262829254e+00
-2.925206926994376566e+00
-3.777637829343583054e+00
-4.564865061784034950e+00
-5.259639808524769755e+00
-5.837615213622407317e+00
-6.278299807065696569e+00
-6.565884759178082675e+00
-6.689883328794460127e+00
-6.645545743931929650e+00
-6.434051011344969595e+00
-6.062470915019789075e+00
-3.500018439229040546e+00
-3.201807587946320588e+00
-2.854326523106124558e+00
-2.469558762295319454e+00
-2.060749268890438302e+00
-1.641930628325763086e+00
-1.227427655176342558e+00
-8.313589918342432217e-01
-4.671536104809146384e-01
-1.470988157468486879e-01
1.180652053477824204e-01
3.194904800763316288e-01
4.505049682462165528e-01
5.068257089675105576e-01
4.866914979619676451e-01
3.909112128907423767e-01
2.228267181651653051e-01
-1.180793708762384320e-02
-3.050266064700346558e-01
-6.469234494303759408e-01
-1.025988370978187181e+00
-1.429494220163115337e+00
-1.843922842864971434e+00
-2.255415879621538000e+00
-2.650235452527549995e+00
-3.015219618512638089e+00
-3.338217686373359250e+00
-3.608491193299860456e+00
-3.817067489906819322e+00
-3.957034453247184835e+00
-4.023766784260975449e+00
-4.015076587336851688e+00
-3.931283403375825269e+00
-3.775201494798185564e+00
-3.552044877320325256e+00
-3.269253272755353379e+00
-2.936244733709989063e+00
-2.564103082120641641e+00
-2.165210432093006787e+00
-1.752836864668250616e+00
-1.340700729496862031e+00
-9.425140197952680543e-01
-5.715277700571930186e-01
-2.400924433093134525e-01
4.075219568413124271e-02
2.616441691811575154e-01
4.152111743046700276e-01
4.963168975626714996e-01
5.022335186519124584e-01
4.327345774657112010e-01
2.901049882998969487e-01
7.906770964707710014e-02
-1.933706719655590156e-01
-5.181504999191037797e-01
-8.844582701358497667e-01
-1.280084745233287524e+00
-1.691830204570543117e+00
-2.105943472740091416e+00
-2.508580202792949798e+00
-2.886265200741357173e+00
-3.226343390146479084e+00
-3.517404338966058308e+00
-3.749666097492236894e+00
-3.915305401625467585e+00
-4.008723039226730123e+00
-4.026735303345817307e+00
-3.968684895994483153e+00
-3.836467320107326273e+00
-3.634471617234925844e+00
-3.369437180623684025e+00
-3.050231201457053842e+00
-2.687553994734870333e+00
-2.293581909071478186e+00
-1.881559667254401935e+00
-1.465355737371224931e+00
-1.058995635991130779e+00
-6.761888684277439499e-01
-3.298654862314787106e-01
-3.173797627241636832e-02
2.080966051003845241e-01
3.815006511303442593e-01
4.825743561737043663e-01
5.078587707585482391e-01
4.564564614163155731e-01
3.300654601558510315e-01
1.329251314778456816e-01
-1.283244129593734684e-01
-4.448647634223821257e-01
-8.059961236192795253e-01
-1.199498714041756564e+00
-1.612046460458522956e+00
-2.029658936812036796e+00
-2.438176184610497899e+00
-2.823740209322806116e+00
-3.173266734642130160e+00
-3.474891183239830816e+00
-3.718372912966441568e+00
-3.895443960889619195e+00
-4.000090546831186700e+00
-4.028757741622797539e+00
-3.980470346660932801e+00
-3.856865907002335891e+00
-3.662138789904709757e+00
-3.402897300438468609e+00
-3.087938771111511826e+00
-2.727950351979355759e+00
-2.335145746653085386e+00
-1.922850302907980646e+00
-1.505048601837623901e+00
-1.095909939247409870e+00
-7.093078166892372582e-01
-3.583497347200990113e-01
-5.493320389043576668e-02
1.906570254088841843e-01
3.700969317620326215e-01
4.773046808179630673e-01
5.086461391802710175e-01
4.630585198741083985e-01
3.420873871665897070e-01
1.498343275274107711e-01
-1.071821111080479838e-01
-4.202474334132348943e-01
-7.787466705824928059e-01
-1.170524295752993993e+00
-1.582296377462040438e+00
-2.000100996301580114e+00
-2.409771652417795007e+00
-2.797417611841213514e+00
-3.149894904255496897e+00
-3.455252001721976995e+00
-3.703135066305846212e+00
-3.885139025419814374e+00
-3.995092570508274488e+00
-4.029267415171566391e+00
-3.986504717002747888e+00
-3.868254376193505983e+00
-3.678525878126118975e+00
-3.423752346528754487e+00
-3.112572416630995598e+00
-2.755537324328987125e+00
-2.364753143154839865e+00
-1.953470299881887362e+00
-1.535634287283639932e+00
-1.125412808320830127e+00
-7.367153852084238341e-01
-3.827217223372350041e-01
-7.543481520999795187e-02
1.747260415177624981e-01
3.592785466940977557e-01
4.719650066524869736e-01
5.089645181702198151e-01
4.690225257649416335e-01
3.534933603508458866e-01
1.662943168950676842e-01
-8.622717176301386566e-02
-3.955087610493503991e-01
-7.510635228705071498e-01
-1.140835531491818156e+00
-1.551608649937086248e+00
-1.969454655871900606e+00
-2.380205512050291183e+00
-2.769933767738368857e+00
-3.125424801863565083e+00
-3.434624895296541691e+00
-3.687049939290174105e+00
-3.874140921865352194e+00
-3.989554138606512534e+00
-4.029376287694560688e+00
-3.992257156024263232e+00
-3.879455397557612706e+00
-3.694795851901846895e+00
-3.444539850553307581e+00
-3.137172908609397126e+00
-2.783117000980878331e+00
-2.394377179256301780e+00
-1.984134511666798550e+00
-1.566299148602950275e+00
-1.155038668111970868e+00
-7.642976939382334356e-01
-4.073250745303513831e-01
-9.622465500294485885e-02
1.584551259964082082e-01
3.480788990686911610e-01
4.662171593775981115e-01
5.088642669025027487e-01
4.745742601579876485e-01
3.645098786422624748e-01
1.824031321288719365e-01
-6.557124589777840740e-02
-3.710051695373381975e-01
-7.235422970623262007e-01
-1.111229185787828921e+00
-1.520920598429445825e+00
-1.938725218105504133e+00
-2.350476659078883035e+00
-2.742213802710228521e+00
-3.100654171982077045e+00
-3.413644294070039109e+00
-3.670571780774777082e+00
-3.349188672180400950e+00
