3.940807849167714316e+00
4.291888314556040029e+00
4.530814742164448461e+00
4.622798531165479119e+00
4.554666960468198411e+00
4.336689028142832747e+00
4.000969157367594065e+00
3.596667759138686193e+00
3.182767338940790225e+00
2.819453486320409930e+00
2.559372013175299720e+00
2.440030671552020358e+00
2.478437328350515223e+00
2.668733795704016476e+00
2.983145498626656789e+00
3.376086297424107041e+00
3.790804777564956485e+00
4.167598000897999810e+00
4.452401787544429723e+00
4.604522583606868835e+00
4.602409257583093272e+00
4.446652743673785935e+00
4.159804241819409221e+00
3.783060006505715833e+00
3.370306876475750002e+00
2.980394276776547446e+00
2.668743478498919686e+00
2.479490017600845420e+00
2.439269994406932263e+00
2.553519354554813603e+00
2.805792981471002534e+00
3.160179902004949692e+00
3.566453518401422329e+00
3.967213182376409186e+00
4.305998861551124435e+00
4.535231583700819691e+00
4.622865426622761120e+00
4.556825806647223587e+00
4.346625729003290139e+00
4.021950959604192910e+00
3.628430223279354827e+00
3.221197997756832354e+00
2.857161047181725255e+00
2.587054104133007293e+00
2.448392032426919940e+00
2.460293719351870578e+00
2.620886545536369461e+00
2.907637647046374063e+00
3.280550331481081106e+00
3.687767703104620320e+00
4.072795423203502629e+00
4.382336580360327360e+00
4.573653149409341090e+00
4.620440172023823067e+00
4.516409572114225668e+00
4.276100397410623088e+00
3.932816518455545474e+00
3.533988233759952191e+00
3.134606542738242130e+00
2.789640100568175018e+00
2.546479922038539900e+00
2.438448114246694942e+00
2.480256407104180827e+00
2.666029441622814744e+00
2.970154337712773263e+00
3.350830663999377013e+00
3.755826548162185308e+00
4.129647360337902029e+00
4.421133552845612158e+00
4.590449131393471660e+00
4.614508726060280175e+00
4.490106942331837381e+00
4.234328764236527043e+00
3.882191087758198211e+00
3.481842394666085472e+00
3.087978993699181718e+00
2.754377372991811512e+00
2.526560614838671448e+00
2.435596811153430963e+00
2.493872034007126537e+00
2.693410996004410141e+00
3.006971772865402848e+00
3.391763920919526054e+00
3.795283078465665483e+00
4.162467884831089648e+00
4.443205609353568342e+00
4.599165492786394083e+00
4.609029864268878285e+00
4.471410311629913537e+00
4.205050216041993139e+00
3.846283383839360415e+00
3.444091498721007838e+00
3.053430169627914026e+00
2.727730073867726812e+00
2.511593814875759278e+00
2.434684846854699991e+00
2.507645052653443507e+00
2.720603528708057883e+00
3.044487612030934098e+00
3.434965607907827234e+00
3.838490763582475651e+00
4.199626826287404135e+00
4.468656741812788269e+00
4.608432652535205065e+00
4.599524064620397645e+00
4.442949317194332615e+00
4.160103022052417998e+00
3.789874913159386072e+00
3.383341619071210449e+00
2.996749413623201796e+00
2.683746457984181877e+00
2.487933560283845935e+00
2.436766638902505111e+00
2.537665367032423180e+00
2.776884040088625216e+00
3.121322418546025101e+00
3.523047516133997359e+00
3.925917974021199353e+00
4.273403689092884150e+00
4.516517272865097965e+00
4.620746820499197050e+00
4.571007192517146933e+00
4.373893943759354030e+00
4.056894916843989840e+00
3.664638990845428435e+00
3.252680808719839334e+00
2.879675431148363884e+00
2.599036630971633954e+00
2.451261057024645584e+00
2.458022491670266874e+00
2.618903871728455623e+00
2.911270252017568616e+00
3.293342927647647578e+00
3.710075250039691408e+00
4.101019842083597489e+00
4.409075070239538263e+00
4.588851710323687882e+00
4.613433528006120277e+00
4.478517438964398245e+00
4.203283687150720205e+00
3.827814158182782478e+00
3.407380661310669634e+00
3.004394716832059054e+00
2.679174663903892917e+00
2.480887246159999115e+00
2.440024748636375307e+00
2.563578806114607200e+00
2.833692030858096178e+00
3.210060360948050473e+00
3.635795445989786323e+00
4.045921400500150256e+00
4.377256483399236231e+00
4.578186327800751521e+00
4.616814765899214912e+00
4.486191716652860428e+00
4.205739763169374257e+00
3.818573157487221703e+00
3.385040495232090940e+00
2.973427037719709620e+00
2.649227761373481815e+00
2.464667554260605353e+00
2.450150691072509268e+00
2.609057555386918636e+00
2.916805364619108332e+00
3.324423934618825349e+00
3.766169591519464177e+00
4.170026895730174488e+00
4.469441491173999026e+00
4.614377870297750484e+00
4.579854074973954248e+00
4.370473137812100894e+00
4.020098478664783315e+00
3.586611809154895969e+00
3.142519914035968753e+00
2.762901919461013378e+00
2.512683855280048562e+00
2.435398996871147137e+00
2.545398873614082014e+00
2.824940598231431288e+00
3.226771841651126849e+00
3.681895594153008933e+00
4.111282243439909223e+00
4.439568328790629792e+00
4.608375322016031284e+00
4.586882122571688924e+00
4.377706791947058917e+00
4.016936561196153832e+00
3.568162805427305795e+00
3.111454254078182657e+00
2.729143951809679169e+00
2.490936678151907557e+00
2.441036712281026144e+00
2.589699507814362978e+00
2.910861998454392641e+00
3.346427450076077115e+00
3.816561088758850140e+00
4.234215233965419323e+00
4.521263846500970018e+00
4.623254894829695871e+00
4.519971355533533242e+00
4.229712466678068772e+00
3.806346957618566673e+00
3.329545227657562556e+00
2.889914458600022051e+00
2.571783908323266754e+00
2.436909168621629984e+00
2.512266159586130421e+00
2.784387200134652129e+00
3.201473595662908345e+00
3.683025545607379048e+00
4.135246950110664343e+00
4.469303918949510290e+00
4.618884922993002462e+00
4.553569750674402172e+00
4.285272237682847596e+00
3.866346322608384956e+00
3.379585848281970950e+00
2.921983150831069409e+00
2.585408504146062825e+00
2.438059174669192419e+00
2.510446968297212145e+00
2.788843015714586038e+00
3.217632696111129675e+00
3.710237932772044722e+00
4.166500645865005126e+00
4.493055137037994307e+00
4.622540943654619205e+00
4.527677446119965587e+00
4.227220703514229072e+00
3.782461029082813120e+00
3.284867467455707679e+00
2.837340589846813810e+00
2.532906275014352282e+00
2.435272457762949649e+00
2.565339464238188594e+00
2.896556173718957794e+00
3.360187748777295091e+00
3.859483132625075363e+00
4.289839325995789210e+00
4.560759795421790663e+00
4.614981585703531231e+00
4.440701862159259328e+00
4.074263354096245848e+00
3.592664355075671612e+00
3.097419428821968523e+00
2.693150272124101186e+00
2.465431728227789776e+00
2.462603540062864305e+00
2.685436576024907485e+00
3.086882507987625868e+00
3.581990090750943434e+00
4.065898476606737866e+00
4.436086005303970126e+00
4.614136137668701565e+00
4.562380225929069333e+00
4.291870271791132119e+00
3.859989055964595739e+00
3.358220756477456437e+00
2.892705212643555512e+00
2.561731922664990613e+00
2.434967985090987774e+00
2.538824198863008696e+00
2.851034510580404469e+00
3.305546814850858439e+00
3.806626028151745000e+00
4.249125235984688942e+00
4.540600692807499783e+00
4.620597471059918249e+00
4.473077899284790604e+00
4.129454443124171981e+00
3.661694273666116661e+00
3.167051714400397344e+00
2.747714201211663543e+00
2.489659095869669159e+00
2.445113597165081032e+00
2.622186911817749877e+00
2.983694941964563974e+00
3.455262897960312607e+00
3.940882313496203881e+00
4.342611040166315384e+00
4.580333947129233252e+00
4.607586473293731721e+00
4.420339859477708799e+00
4.057146967581616082e+00
3.590825793461623228e+00
3.113544020613601582e+00
2.718425200596872759e+00
2.481388902156056897e+00
2.446771202038743098e+00
2.619412189334327401e+00
2.964543462893688197e+00
3.415249431387852308e+00
3.885826519183997796e+00
4.288301402246177396e+00
4.548879968521458039e+00
4.621247693930542688e+00
4.494367157396081502e+00
4.193549952969471306e+00
3.774881387516113129e+00
3.314292908938252680e+00
2.893487572851278777e+00
2.585378752431429117e+00
2.441647651995863200e+00
2.484505019232452483e+00
2.703882975486187501e+00
3.060262500020271226e+00
3.492354281610795752e+00
3.928067349543781450e+00
4.296742340936740234e+00
4.540547775782957984e+00
4.623220557664051711e+00
4.534897259538805514e+00
4.292510510217894648e+00
3.935978711263147467e+00
3.521070135316943794e+00
3.110276732562269775e+00
2.763233586821385757e+00
2.528163998665182710e+00
2.435550805041575728e+00
2.494783873227300663e+00
2.694023571212647017e+00
3.003028724770070657e+00
3.378297073887507551e+00
3.769605625732080689e+00
4.126938360119070559e+00
4.406843253644852965e+00
4.577441353174381611e+00
4.621575131011701032e+00
4.537883343656289092e+00
4.339879114842176477e+00
4.053349540751847613e+00
3.712563794893930957e+00
3.355861360741825283e+00
3.021194500734870392e+00
2.742131692830409584e+00
2.544710776822932896e+00
2.445384332137687800e+00
2.450147382658138362e+00
2.554797810227594557e+00
2.746166871297708312e+00
3.004079265167606039e+00
3.303762005433277249e+00
3.618416779201497402e+00
3.921695806832085296e+00
4.189868484124959380e+00
4.403526486374673254e+00
4.548740035890897815e+00
4.617640361791374382e+00
4.608457423336085768e+00
4.525084094934590517e+00
4.376266510857934833e+00
4.174535109316925841e+00
3.934993383451425686e+00
3.674073622916603554e+00
3.408353680210547854e+00
3.153508805517572178e+00
2.923450475970207574e+00
2.729682137765210292e+00
2.580881626691747144e+00
2.482702942322482453e+00
2.437776713339146362e+00
2.445879339619347448e+00
2.504235295323266719e+00
2.607915020618692292e+00
2.750291639699881774e+00
2.923522756652002119e+00
3.119028123576741862e+00
3.327938604144394574e+00
3.541497498477748973e+00
3.751406508922602079e+00
3.950108876562997473e+00
4.131006437901933559e+00
4.288611254643817539e+00
4.418635310039073616e+00
4.518023886701926450e+00
4.584939689260119522e+00
4.618705622242373465e+00
4.619714465972178274e+00
4.589313604163955951e+00
4.529672539484829841e+00
4.443640275516649751e+00
4.334598824827365249e+00
4.206318192260861899e+00
4.062817237709259288e+00
3.908233889705759800e+00
3.746707295415654837e+00
3.582273679304748715e+00
3.418776958492599327e+00
3.259794536726334346e+00
3.108578174179778664e+00
2.968009405291709868e+00
2.840568646469160186e+00
2.728316892057876863e+00
2.632888731302645002e+00
2.555495321012714260e+00
2.496935907993388604e+00
2.457616501894720695e+00
2.437574343396103238e+00
2.436506885806260847e+00
2.453804102341476057e+00
2.488583039676988129e+00
2.539723654978622402e+00
2.605905093627730373e+00
2.685641684290913211e+00
2.777318043744449572e+00
2.879222793587644880e+00
2.989580492980982385e+00
3.106581484706074203e+00
3.228409435521502946e+00
3.353266425736554979e+00
3.479395507202488691e+00
3.605100703837098131e+00
3.728764474839068921e+00
3.848862698527004689e+00
3.963977264951375812e+00
4.072806388820970902e+00
4.174172771615965338e+00
4.267029753782365376e+00
4.350465605344687070e+00
4.423706106826356788e+00
4.486115572671831586e+00
4.537196467015425227e+00
4.576587757170489823e+00
4.604062144099728471e+00
4.619522301795930375e+00
4.622996249319552220e+00
4.614631970525572058e+00
4.594691387536099292e+00
4.563543785005510500e+00
4.521658773368930184e+00
4.469598870715612904e+00
4.408011774806741556e+00
4.337622389156857494e+00
4.259224660088444914e+00
4.173673275299397467e+00
4.081875268783743849e+00
3.984781571934664868e+00
3.883378546335999992e+00
3.778679530109386953e+00
3.671716426711278736e+00
3.563531362743167730e+00
3.455168439619545229e+00
3.347665602796976003e+00
3.242046651663478052e+00
3.139313413076481041e+00
3.040438101874348042e+00
2.946355892421175682e+00
2.857957726322211123e+00
2.776083382818232081e+00
2.701514839968201631e+00
2.634969956505781141e+00
2.577096506142879662e+00
2.528466598027188539e+00
2.489571518976972264e+00
2.460817034944557946e+00
2.442519190830057418e+00
2.434900649207900614e+00
2.438087609665388733e+00
2.452107351211541442e+00
2.476886440520112309e+00
2.512249648547793868e+00
2.557919617243294752e+00
2.613517316562441017e+00
2.678563329759405143e+00
2.752480001868226722e+00
2.834594482362600587e+00
2.924142688130815682e+00
3.020274207082637830e+00
3.122058155880357067e+00
3.228489997434505820e+00
3.338499314916856253e+00
3.450958529126745944e+00
3.564692535127817141e+00
3.678489222191376307e+00
3.791110828316756720e+00
3.901306067025551716e+00
4.007822949878071306e+00
4.109422213364521959e+00
4.204891243664054201e+00
4.293058377435418294e+00
4.372807441534140693e+00
4.443092379600796171e+00
4.502951799119596643e+00
4.551523259113119835e+00
4.588057106458482082e+00
4.611929658230365270e+00
4.622655518873305169e+00
4.619898814756161265e+00
4.603483125153449151e+00
4.573399888311211470e+00
4.529815064361062404e+00
4.473073843793136106e+00
4.403703201306763404e+00
4.322412110401430141e+00
4.230089254273694088e+00
4.127798093605253626e+00
4.016769181738900407e+00
3.898389652535167116e+00
3.774189845762700557e+00
3.645827078977021518e+00
3.517747347877587138e+00
3.411770378753782751e+00
3.306896987024231738e+00
3.204700196026022407e+00
3.106758611531921677e+00
3.014632017733394953e+00
2.929835937644572397e+00
2.853815524408537474e+00
2.787919192448401695e+00
2.733372435785247578e+00
2.691252313874262558e+00
2.662463111706605989e+00
2.647713699398665188e+00
2.647497125799680440e+00
2.662072979615850876e+00
2.691453039116806778e+00
2.735390706750732814e+00
2.793374687239734477e+00
2.864627316490473419e+00
2.948107883749742086e+00
3.042521211002127579e+00
3.146331662140151142e+00
3.257782650825706838e+00
3.374921601500330492e+00
3.495630194417237213e+00
3.617659595011161855e+00
3.738670232969207419e+00
3.856275559985286261e+00
3.968089080708767646e+00
4.071773822467904758e+00
4.165093289842873858e+00
4.245962844108069234e+00
4.312500359040825515e+00
4.363074937627055228e+00
4.396352432608822802e+00
4.411336501126116971e+00
4.407403942938178609e+00
4.384333125297837697e+00
4.342324387164499200e+00
4.282011441860577250e+00
4.204462960271857064e+00
4.111173714922872868e+00
4.004044896188179159e+00
3.885353471756240573e+00
3.757710744223684785e+00
3.624010563118052364e+00
3.487367959345294643e+00
3.351049283620100461e+00
3.218395236606449217e+00
3.092738467380668155e+00
2.977317678173148074e+00
2.875190396834253814e+00
2.789146754076169188e+00
2.721626720888949080e+00
2.674643314282087569e+00
2.649714259749061718e+00
2.647804501489078088e+00
2.669281773488989984e+00
2.713887185576612904e+00
2.780722440711376642e+00
2.868254888165465477e+00
2.974341139909915555e+00
3.096269445429508771e+00
3.230820447121610428e+00
3.374345340704663965e+00
3.522859861155169803e+00
3.672151924767046882e+00
3.817900203211048282e+00
3.955800407559948439e+00
4.081695640322262619e+00
4.191706851532577716e+00
4.282359228721651867e+00
4.350700275025901398e+00
4.394405395931155311e+00
4.411867029847575949e+00
4.402263722468531704e+00
4.365606055745076652e+00
4.302756989595045489e+00
4.215424942627304716e+00
4.106128806028982225e+00
3.978135025981831330e+00
3.835367873681615247e+00
3.682295013801546446e+00
3.523791445199806915e+00
3.364985783869654856e+00
3.211093649973937758e+00
3.067243572651360939e+00
2.938301305994865942e+00
2.828698730112809923e+00
2.742273571916880925e+00
2.682126008380596005e+00
2.650497806349597418e+00
2.648679012803354382e+00
2.676946352702040066e+00
2.734536442708073611e+00
2.819655721703066220e+00
2.929527674762521627e+00
3.060476534446569641e+00
3.208045235225340797e+00
3.367144029797072058e+00
3.532224906801329833e+00
3.697475832986844235e+00
3.857027929966793778e+00
4.005168030310914951e+00
4.136548675010833342e+00
4.246387538671157813e+00
4.330648512211877410e+00
4.386197234269332057e+00
4.410924727044509552e+00
4.403833931803267099e+00
4.365085312685005547e+00
4.295999252832479520e+00
4.199014642833019728e+00
4.077604685869547829e+00
3.936152300028199047e+00
3.779790352997004277e+00
3.614213018005781652e+00
3.445465378061106865e+00
3.279719329159735963e+00
3.123044363220509823e+00
2.981181996794978417e+00
2.859332447674706401e+00
2.761961658351975490e+00
2.692635946859148532e+00
2.653890468327250396e+00
2.647136341929705594e+00
2.672609793488102348e+00
2.729365045662311751e+00
2.815311020359066774e+00
2.927290267332037565e+00
3.061196962344132189e+00
3.212129386529120723e+00
3.374571057736076796e+00
3.542593678023452153e+00
3.710074322412267200e+00
3.870918844823164839e+00
4.019283328657862420e+00
4.149785561110206800e+00
4.257698950335091936e+00
4.339122007722665764e+00
4.391117401653190200e+00
4.411816252639323643e+00
4.400484236955053419e+00
4.357546831170208357e+00
4.284572824912145528e+00
4.184216737440775269e+00
4.060122236047503108e+00
3.916790042226144131e+00
3.759415076175602888e+00
3.593698686845846257e+00
3.425642704566958852e+00
3.261332704574868568e+00
3.106718259022755113e+00
2.967398068021445123e+00
2.848417692250906352e+00
2.754087165982618934e+00
2.687825064964296295e+00
2.652034662854537039e+00
2.648016665549285165e+00
2.675921704992999306e+00
2.734744349095531213e+00
2.822358892767115712e+00
2.935595690055488927e+00
3.070355322892574179e+00
3.221756530829510190e+00
3.384312598086577584e+00
3.552129854114773000e+00
3.719121129977088103e+00
3.879226455571879395e+00
4.026633003284932677e+00
4.155986293369974049e+00
4.262584976084454524e+00
4.342552085669616702e+00
4.392976501725914140e+00
4.412019425315647503e+00
4.398981897230624938e+00
4.354330814812667150e+00
4.279682523380495596e+00
4.177744558224468108e+00
4.052217630644571855e+00
3.907661403110127107e+00
3.749328921937201908e+00
3.582975722424099896e+00
3.414650549091199583e+00
3.250475308468842250e+00
3.096422268917733422e+00
2.958096626570923426e+00
2.840532364658394648e+00
2.748008852079029118e+00
2.683894873580018103e+00
2.650525785720986516e+00
2.649118286334052996e+00
2.679725914468439107e+00
2.741236912882600851e+00
2.831414540256329992e+00
2.946978371886417314e+00
3.083723632282382443e+00
3.236674215438266611e+00
3.400263819332153492e+00
3.568538595311315120e+00
3.735373927938236971e+00
3.894697445271221969e+00
4.040710132252506526e+00
4.168097489149697132e+00
4.272223040280819006e+00
4.349297142239088032e+00
4.396514941958467482e+00
4.412158460277940897e+00
4.395659085039304692e+00
4.347618201393874671e+00
4.269785213173639349e+00
4.164993762190112747e+00
4.037058475490960419e+00
3.890636008378514088e+00
3.731055450966946463e+00
3.564124280876338258e+00
3.395916933759002276e+00
3.232553694418130341e+00
3.079977961425965471e+00
2.943739994760361967e+00
2.828795017140826484e+00
2.739323014324444472e+00
2.678576786918155594e+00
2.648763775310406743e+00
2.650965947814369894e+00
2.685100655018008986e+00
2.749923861261083680e+00
2.843075621496533589e+00
2.961166134735948585e+00
3.099899229768446673e+00
3.254228778539947520e+00
3.418542336903244827e+00
3.586865324794533461e+00
3.753078314037036289e+00
3.911139518811947102e+00
4.055304398380808806e+00
4.180334390438893877e+00
4.281687192357718885e+00
4.355681681832497709e+00
4.399631493384409175e+00
4.411942408985188635e+00
4.392170038132855225e+00
4.341035707036771996e+00
4.260399995615959945e+00
4.153194899553809272e+00
4.023317096803975979e+00
3.875486209192249287e+00
3.715073218943541367e+00
3.547905281399323929e+00
3.380054033273339531e+00
3.217615080467834066e+00
3.066486667080699391e+00
2.932155563235773865e+00
2.819497941488211978e+00
2.732602464849015256e+00
2.674622001030299678e+00
2.647659336645938222e+00
2.652691029664397071e+00
2.689532153290671967e+00
2.756843199950823387e+00
2.852178884045746265e+00
2.972077062136494696e+00
3.112184534343225728e+00
3.267415153719531951e+00
3.432134499647216952e+00
3.600364409275727429e+00
3.765999942517889387e+00
3.923030907080927943e+00
4.065759906645179278e+00
4.189009003440114398e+00
4.288307501360960394e+00
4.360054042292075493e+00
4.401647141479065439e+00
4.411579433716011245e+00
4.389492219179801147e+00
4.336188338155409383e+00
4.253602915401126339e+00
4.144733042689402680e+00
4.013528956740122666e+00
3.864750665386666562e+00
3.703795226814271757e+00
3.536500949741935962e+00
3.368935617996260845e+00
3.207176420815944784e+00
3.057089569547716046e+00
2.924117591355349877e+00
2.813082010876359895e+00
2.728008571615684996e+00
2.671981330594427551e+00
2.647030912078356835e+00
2.654060967114243663e+00
2.692815500045033339e+00
2.761888241397933097e+00
2.858773722260632866e+00
2.979958193726023552e+00
3.121047090969540250e+00
3.276924417343060281e+00
3.441938267489399905e+00
3.610105761781585709e+00
3.775329961642010623e+00
3.931620901928191802e+00
4.073312728246587966e+00
4.195269069109745175e+00
4.293069200097526128e+00
4.363168254096797760e+00
4.403025672996903950e+00
4.411197247762252083e+00
4.387387413845662998e+00
4.332459909592716762e+00
4.248406414404030329e+00
4.138274306281899406e+00
4.006056159809497252e+00
3.856544991922830956e+00
3.695160503817499276e+00
3.527752618032534926e+00
3.360389432119357700e+00
3.199137274558649491e+00
3.049840834309098803e+00
2.917911332225643584e+00
2.808130410709800184e+00
2.724476847943904989e+00
2.669982375585744361e+00
2.646621823856954769e+00
2.655241573784454356e+00
2.695528908035885074e+00
2.766023369637627294e+00
2.864169715581948772e+00
2.986410545073762801e+00
3.128315244548467433e+00
3.284740575692915776e+00
3.450017086195034555e+00
3.618154587369219577e+00
3.783059252042547893e+00
3.938754465166804497e+00
4.079597423781459398e+00
4.200483637115975277e+00
4.297031916188132072e+00
4.365743149342073970e+00
4.404127110145145352e+00
4.410792702511227681e+00
4.385498372862564942e+00
4.329160862575299973e+00
4.243821983579189272e+00
4.132574621099513124e+00
3.999450645025842466e+00
3.849274791733185097e+00
3.687489811352521851e+00
3.519959216802530655e+00
3.352754782623777796e+00
3.191936494381312883e+00
3.043332923088470920e+00
2.912329983835301839e+00
2.803675734118632690e+00
2.721308286269626731e+00
2.668213070902291317e+00
2.646314624803980387e+00
2.656406825682063655e+00
2.698124102996515283e+00
2.769954669222093990e+00
2.869295293100907251e+00
2.992545630943075796e+00
3.135238698368576493e+00
3.292202755007689774e+00
3.457748736070272333e+00
3.625876438616770336e+00
3.790491990395724820e+00
3.945628719899616943e+00
4.085663422685875901e+00
4.205520185502209074e+00
4.300854380336692984e+00
4.368210158862595449e+00
4.405145737859817778e+00
4.410321933283261053e+00
4.383550732432654584e+00
4.325802141906448739e+00
4.239169061212304968e+00
4.126791453261281717e+00
3.992742558352572857e+00
3.841881274185320994e+00
3.679676051037918949e+00
3.512006684061958151e+00
3.344951186201947202e+00
3.184565466495850039e+00
3.036663799801798902e+00
2.906608045832840492e+00
2.799113258761523504e+00
2.718076735031603963e+00
2.666436697873565187e+00
2.646065743123694247e+00
2.657702911194368856e+00
2.700926850087238318e+00
2.774171044910587192e+00
2.874780564442458441e+00
2.999108270146209065e+00
3.142647002259375100e+00
3.300192953014509545e+00
3.466034306020366440e+00
3.634158304349553781e+00
3.798469241197850899e+00
3.953009470363821887e+00
4.092175423659075939e+00
4.210920802718176148e+00
4.304939577033652931e+00
4.370822151582862247e+00
4.406179039657759589e+00
4.409727554224146751e+00
4.381338371652634400e+00
4.322040276392726810e+00
4.233982911370745228e+00
4.120358881615096003e+00
3.985288032633979238e+00
3.833668096940254788e+00
3.670997122075089436e+00
3.503174117272480181e+00
3.336285146383308753e+00
3.176382623140621586e+00
3.029265812110264910e+00
2.900270495718865860e+00
2.794075436115226019e+00
2.714532652284395997e+00
2.664527669823236966e+00
2.645874814368263106e+00
2.659251349209907467e+00
2.704172849184934613e+00
2.779010707573064565e+00
2.881051144657415186e+00
3.006593581259082715e+00
3.151084812524621803e+00
3.309284118338925218e+00
3.475453324083337847e+00
3.643564919806537183e+00
3.807520690102741856e+00
3.961372924921299887e+00
4.099540187059145246e+00
4.217009808683806149e+00
4.309519769805272738e+00
4.373713358772662652e+00
4.407261001545274226e+00
4.408944836923084587e+00
4.378702965958742865e+00
4.317631766424475437e+00
4.227946184424586917e+00
4.112899439847007343e+00
3.976665055024000139e+00
3.824185483284329834e+00
3.660992826402692302e+00
3.493008143279262345e+00
3.326326629715060879e+00
3.166996462642101218e+00
3.020799332947444960e+00
2.893040630681560810e+00
2.788356897111602617e+00
2.710547532395407355e+00
2.662436868282016977e+00
2.645771614053447518e+00
2.661157400841830167e+00
2.708036731017318566e+00
2.784709136999549806e+00
2.888392822107716640e+00
3.015325550514061259e+00
3.160901128647883862e+00
3.319836528230024619e+00
3.486363588419993942e+00
3.654438341741590879e+00
3.817960367957157874e+00
3.970994215172666930e+00
4.107984851464325793e+00
4.223959326022589167e+00
4.314707318434234828e+00
4.376934020172148720e+00
4.408379795894281195e+00
4.407902277379608158e+00
4.375517906130545143e+00
4.312401412387025346e+00
4.220843245120493137e+00
4.104166494085705885e+00
3.966606315789073189e+00
3.813156236876664273e+00
3.649386911506317777e+00
3.481243910036087463e+00
3.314831878476094396e+00
3.156192903897579782e+00
3.011087132332443073e+00
2.884783604908808474e+00
2.781868907935844959e+00
2.706080586768523588e+00
2.660171374950778489e+00
2.645809171937580029e+00
2.663516405197898784e+00
2.712650982788218812e+00
2.791429532457423868e+00
2.896992087819219464e+00
3.025505876868538113e+00
3.172304447789358495e+00
3.332057083203959991e+00
3.498962353386708468e+00
3.666958781519086941e+00
3.829944971697295308e+00
3.982001205762783158e+00
4.260220474710648020e+00
