-2.133552297568702016e+00
-1.797150586915542636e+00
-1.501161297138030370e+00
-1.262938288235741835e+00
-1.096485443298047979e+00
-1.011627942329934360e+00
-1.013425824414946108e+00
-1.101865228872366709e+00
-1.271846564009879721e+00
-1.513471486565377777e+00
-1.812613000689002885e+00
-2.151736236933650570e+00
-2.510922542720306350e+00
-2.869037299473242708e+00
-3.204973117536672245e+00
-3.498895288557654748e+00
-3.733415904027936882e+00
-3.894626933024320614e+00
-3.972930588581551348e+00
-3.963617049094645850e+00
-3.867154363911043280e+00
-3.689172301229127982e+00
-3.440139996956913748e+00
-3.134755464037111139e+00
-2.791082238440190988e+00
-2.429483637673130136e+00
-2.071417371180694911e+00
-1.738161820119331402e+00
-1.449549663305587321e+00
-1.222784382862575292e+00
-1.071410521753248357e+00
-1.004499641707937041e+00
-1.026101257366266006e+00
-1.134992342538188703e+00
-1.324741244340534863e+00
-1.584083058053969983e+00
-1.897584834776282481e+00
-2.246561540090123099e+00
-2.610188511614789153e+00
-2.966744200539885856e+00
-3.294908961844845496e+00
-3.575042079828023134e+00
-3.790360313272615134e+00
-3.927946969498691487e+00
-3.979530539604537953e+00
-3.941985657406357646e+00
-3.817525763771727920e+00
-3.613575369604652643e+00
-3.342329099546537563e+00
-3.020023598293012590e+00
-2.665965745879628201e+00
-2.301375400743128630e+00
-1.948112167789261218e+00
-1.627362781231275646e+00
-1.358368159823501120e+00
-1.157266877140595840e+00
-1.036124824620530349e+00
-1.002209646690306100e+00
-1.057553770677162719e+00
-1.198832432562070727e+00
-1.417564069770279156e+00
-1.700620970075696681e+00
-2.031019315735828723e+00
-2.388940884493161221e+00
-2.752924690389954687e+00
-3.101156616789295661e+00
-3.412779231855207485e+00
-3.669142836231472415e+00
-3.854922438378004745e+00
-3.959033557223209154e+00
-3.975292008636313934e+00
-3.902778389203282572e+00
-3.745885875286927735e+00
-3.514049113480663955e+00
-3.221171222602533746e+00
-2.884784087587924262e+00
-2.524993102040534065e+00
-2.163270345795011096e+00
-1.821169099185856011e+00
-1.519037071196402966e+00
-1.274805501686348208e+00
-1.102926423099571007e+00
-1.013521152729117025e+00
-1.011790113689069903e+00
-1.097718157680592110e+00
-1.266091666695235540e+00
-1.506824938822250326e+00
-1.805574856007451601e+00
-2.144605705399619922e+00
-2.503851304986531190e+00
-2.862110138653414459e+00
-3.198301699795762509e+00
-3.492709095837837285e+00
-3.728134330257069529e+00
-3.890898431354578690e+00
-3.971628351245970912e+00
-3.965785689795537472e+00
-3.873907979127393375e+00
-3.701550448394509196e+00
-3.458934088609096236e+00
-3.160323363512790529e+00
-2.823172506652304126e+00
-2.467092501164759089e+00
-2.112700784026845469e+00
-1.780421875605572524e+00
-1.489309200658301968e+00
-1.255956279942131770e+00
-1.093559421437153789e+00
-1.011184447440442113e+00
-1.013277480704088518e+00
-1.099445162111743146e+00
-1.264513777487424218e+00
-1.498860580733150760e+00
-1.788995061428045652e+00
-2.118353906499946149e+00
-2.468261728273959399e+00
-2.819000904055786627e+00
-3.150928539510119641e+00
-3.445576867312111879e+00
-3.686675346820972088e+00
-3.861038151974463428e+00
-3.959269240835952886e+00
-3.976248241473156142e+00
-3.911373284041117060e+00
-3.768550888322065084e+00
-3.555937267547241376e+00
-3.285449126342897319e+00
-2.972074457324775931e+00
-2.633024313785484516e+00
-2.286774518817175306e+00
-1.952051381465037760e+00
-1.646817516035866458e+00
-1.387312766673075792e+00
-1.187201164706762402e+00
-1.056868090691966300e+00
-1.002902815027007177e+00
-1.027790899464499530e+00
-1.129829182047079605e+00
-1.303263905016821100e+00
-1.538640645975473564e+00
-1.823343709377152955e+00
-2.142293092892912476e+00
-2.478759529784313020e+00
-2.815252774549697801e+00
-3.134435462287232355e+00
-3.420014610107224406e+00
-3.657565080112331390e+00
-3.835243895721870189e+00
-3.944360888339732529e+00
-3.979779346096089299e+00
-3.940129666598786606e+00
-3.827828964224400998e+00
-3.648909617992323717e+00
-3.412669350897553855e+00
-3.131164128352058373e+00
-2.818572538098254476e+00
-2.490466034865581602e+00
-2.163023264465582685e+00
-1.852228492619589773e+00
-1.573093929116833767e+00
-1.338943537266146677e+00
-1.160791927006808111e+00
-1.046846405362041654e+00
-1.002153524601897328e+00
-1.028403898576942144e+00
-1.123901050344298769e+00
-1.283692014766239176e+00
-1.499849739468389620e+00
-1.761890364928598629e+00
-2.057302529191978202e+00
-2.372161182581606464e+00
-2.691795189415337575e+00
-3.001476337147825024e+00
-3.287097290486716172e+00
-3.535807465193280485e+00
-3.736578630087031172e+00
-3.880676092145853850e+00
-3.962016345202420631e+00
-3.977397798254043160e+00
-3.926597353775498789e+00
-3.812331881480545803e+00
-3.640089737615194387e+00
-3.417843143204468248e+00
-3.155657217590055019e+00
-2.865215568193684614e+00
-2.559285414138790404e+00
-2.251147173383768685e+00
-1.954014228240045448e+00
-1.680468214351832135e+00
-1.441933715950359129e+00
-1.248213803504030439e+00
-1.107104565263656637e+00
-1.024102838224821843e+00
-1.002216934084053213e+00
-1.041885490362977507e+00
-1.141004865997163664e+00
-1.295060946599472906e+00
-1.497357013511573687e+00
-1.739325625600101288e+00
-2.010909397448075175e+00
-2.348081131601794880e+00
-2.571262055417763648e+00
-2.790660472151612836e+00
-2.997655158851773916e+00
-3.184227200795700874e+00
-3.343263324982823192e+00
-3.468816475977264169e+00
-3.556314656530190632e+00
-3.602711397704005503e+00
-3.606573734866388214e+00
-3.568106139850967473e+00
-3.489111391537683016e+00
-3.372891759679125023e+00
-3.224096042937949935e+00
-3.048519868003198408e+00
-2.852868163952339220e+00
-2.644489833231425724e+00
-2.431095323807912933e+00
-2.220468059794417304e+00
-2.020180520511067446e+00
-1.837325196353197132e+00
-1.678269733341068992e+00
-1.548444357540073479e+00
-1.452168205085989205e+00
-1.392519538770120358e+00
-1.371253076674473714e+00
-1.388765861302823090e+00
-1.444111326002291751e+00
-1.535059531708296898e+00
-1.658200007157940803e+00
-1.809082277513990533e+00
-1.982388048203433950e+00
-2.172128150819952364e+00
-2.371856773622726955e+00
-2.574895197282426995e+00
-2.774557233615773555e+00
-2.964368808119079990e+00
-3.138274614668590257e+00
-3.290825474070941059e+00
-3.417340912689688093e+00
-3.514042504354321750e+00
-3.578154646720911103e+00
-3.607970629657129447e+00
-3.602883055950962365e+00
-3.563378853397486168e+00
-3.491000234869696239e+00
-3.388273986214112909e+00
-3.258612362578860555e+00
-3.106189629513607553e+00
-2.935798879287049523e+00
-2.752694174901368918e+00
-2.562423319895850149e+00
-2.370656622728536611e+00
-2.183016927246443917e+00
-2.004915927312027613e+00
-1.841401390044827391e+00
-1.697019397771256433e+00
-1.575695105655250838e+00
-1.480634823840884851e+00
-1.414251494400343478e+00
-1.378114869146075172e+00
-1.372926928442461669e+00
-1.398522336177697944e+00
-1.453893022695965209e+00
-1.537235343947295441e+00
-1.646017696744733083e+00
-1.777065989066512142e+00
-1.926663979773760582e+00
-2.090665219578864420e+00
-2.264613146979290281e+00
-2.443865818427841230e+00
-2.623721777619472562e+00
-2.799543688212834169e+00
-2.966876559112278766e+00
-3.121557671292694458e+00
-3.259815658302377184e+00
-3.378356586258601801e+00
-3.474435309998444854e+00
-3.545910836525179022e+00
-3.591284891662220424e+00
-3.609723348109501018e+00
-3.601060620971650916e+00
-3.565787559497391346e+00
-3.505023751776811025e+00
-3.420475504526151678e+00
-3.314381056490979471e+00
-3.189444826722862558e+00
-3.048762685005129924e+00
-2.895740359625373905e+00
-2.734007167677978689e+00
-2.567327266731235014e+00
-2.399510586917595667e+00
-2.234325513343982106e+00
-2.075415255171450202e+00
-1.926219665542935111e+00
-1.789904072075139130e+00
-1.669296447579502463e+00
-1.566834001920773378e+00
-1.484520015344790167e+00
-1.423891467930175514e+00
-1.385997755444170254e+00
-1.371390524770253805e+00
-1.380124417626333866e+00
-1.411768284267722606e+00
-1.465426223319149956e+00
-1.539767623104524752e+00
-1.633065226366148259e+00
-1.743240115835075876e+00
-1.867912423717668524e+00
-2.004456504060239563e+00
-2.150059272719297532e+00
-2.301780414255842455e+00
-2.456613176886117245e+00
-2.611544523578974708e+00
-2.763613477014215114e+00
-2.909966585610527900e+00
-3.047909544169749019e+00
-3.174954122688508740e+00
-3.288859687307120083e+00
-3.387668734952854699e+00
-3.469736004810728858e+00
-3.533750872273659027e+00
-3.578752871623003706e+00
-3.604140329738390491e+00
-3.609672222266885111e+00
-3.595463483826809359e+00
-3.561974113225729432e+00
-3.509992511908413881e+00
-3.440613577821992841e+00
-3.355212146824806396e+00
-3.255412429222842796e+00
-3.143054129848923850e+00
-3.020155966444129092e+00
-2.888877313357789856e+00
-2.751478696385686096e+00
-2.610281850752987687e+00
-2.467630028828398547e+00
-2.325849208283377934e+00
-2.187210806342632985e+00
-2.053896452853068766e+00
-1.927965315511078082e+00
-1.811324406142921450e+00
-1.705702228824752975e+00
-1.612626060228661284e+00
-1.533403081198232876e+00
-1.469105507435312097e+00
-1.420559797468055052e+00
-1.388339948819590219e+00
-1.372764829443529511e+00
-1.373899431853653486e+00
-1.391559882643130575e+00
-1.425321990828917640e+00
-1.474533075108045876e+00
-1.538326772988797053e+00
-1.615640504055484872e+00
-1.705235235420603512e+00
-1.805717179686033846e+00
-1.915561044350198694e+00
-2.033134446347228508e+00
-2.156723105994982514e+00
-2.284556440699492708e+00
-2.414833189897223065e+00
-2.545746718448525847e+00
-2.675509665525257486e+00
-2.802377629436709761e+00
-2.924671605269674401e+00
-3.040798921131618648e+00
-3.149272449635511339e+00
-3.248727903514084581e+00
-3.337939057381960062e+00
-3.415830771179808600e+00
-3.481489724268995722e+00
-3.534172802063119789e+00
-3.573313109087551176e+00
-3.598523613090148121e+00
-3.609598453969815601e+00
-3.606511978568770704e+00
-3.589415587557567289e+00
-3.558632503540573921e+00
-3.514650589975433448e+00
-3.458113368427355283e+00
-3.389809396999490687e+00
-3.310660185463784710e+00
-3.221706832665364395e+00
-3.124095579223427066e+00
-3.019062473465783825e+00
-2.907917351002570427e+00
-2.792027328479279813e+00
-2.672800009981058711e+00
-2.551666600437493049e+00
-2.430065114360818512e+00
-2.309423860511880200e+00
-2.191145373805067464e+00
-2.076590955121756732e+00
-1.967065967884300326e+00
-1.863806027436616608e+00
-1.767964205666540334e+00
-1.680599359067760368e+00
-1.602665673748847830e+00
-1.535003505920960354e+00
-1.047061218624110168e+00
-9.827611194788723470e-01
-9.356282609243273818e-01
-9.061207558058519407e-01
-8.944992160740581344e-01
-9.008259334440178456e-01
-9.249661026458677604e-01
-9.665910226246487991e-01
-1.025183104380926080e+00
-1.100042659056356564e+00
-1.190296466822649224e+00
-1.294908033043272511e+00
-1.412689422662905647e+00
-1.542314550670484063e+00
-1.682333794304731622e+00
-1.831189781521972870e+00
-1.987234200214075930e+00
-2.148745463827880009e+00
-2.313947061481866463e+00
-2.481026414469157171e+00
-2.648154056251469157e+00
-2.813502949743854842e+00
-2.975267753921253533e+00
-3.131683851586015699e+00
-3.281045951558273721e+00
-3.421726081607820991e+00
-3.552190793150250769e+00
-3.671017405078528473e+00
-3.776909122078028869e+00
-3.868708872347977223e+00
-3.945411720780197307e+00
-4.006175726264967096e+00
-4.050331125827840495e+00
-4.077387743656544217e+00
-4.087040539644744008e+00
-4.079173229734923467e+00
-4.053859928945339419e+00
-4.011364787361151762e+00
-3.952139609388769070e+00
-3.876819467033577382e+00
-3.786216338671494874e+00
-3.681310825542253973e+00
-3.563242018784553267e+00
-3.433295610045543178e+00
-3.292890358306762355e+00
-3.143563044353709923e+00
-2.986952062056927648e+00
-2.824779812107546917e+00
-2.658834078852038818e+00
-2.490948584194067728e+00
-2.322982923986678383e+00
-2.156802101750601608e+00
-1.994255881764640526e+00
-1.837158188446059270e+00
-1.687266781356439704e+00
-1.546263435044453960e+00
-1.415734850206254558e+00
-1.297154517278057639e+00
-1.191865745569578250e+00
-1.101066060434896965e+00
-1.025793155039914861e+00
-9.669125420677904259e-01
-9.251071733533808850e-01
-9.008691643453341502e-01
-8.944936578010302952e-01
-9.060749043744493747e-01
-9.355046146998804435e-01
-9.824726116637705342e-01
-1.046469785172269296e+00
-1.126793325169563875e+00
-1.222554182251503363e+00
-1.332686679262108820e+00
-1.455960172061592006e+00
-1.590992633516375987e+00
-1.736266011969702650e+00
-1.890143194282817518e+00
-2.050886384246277228e+00
-2.216676689986006643e+00
-2.385634699139901116e+00
-2.555841808245189917e+00
-2.725362063109808108e+00
-2.892264260070558368e+00
-3.054644054058023528e+00
-3.210645818356355541e+00
-3.358484002885215425e+00
-3.496463742738635805e+00
-3.623000476538666081e+00
-3.736638344826705982e+00
-3.836067152105477440e+00
-3.920137692114017636e+00
-3.987875254290058180e+00
-4.038491149939644309e+00
-4.071392119162712930e+00
-4.086187503814201705e+00
-4.082694097436723624e+00
-4.060938609884715333e+00
-4.021157711960583470e+00
-3.963795653478113579e+00
-3.889499476428357916e+00
-3.799111873016290275e+00
-3.693661765930675855e+00
-3.574352714978970003e+00
-3.442549279845523280e+00
-3.299761492908165117e+00
-3.147627618489730938e+00
-2.987895395352427208e+00
-2.822401977422967168e+00
-2.653052803441020568e+00
-2.481799639261852874e+00
-2.310618046756344857e+00
-2.141484540507168521e+00
-1.976353697710495405e+00
-1.817135487795157101e+00
-1.665673086249453094e+00
-1.523721432015181954e+00
-1.392926779620163646e+00
-1.274807486067549567e+00
-1.170736258504036842e+00
-1.081924072011851701e+00
-1.009405947699133721e+00
-9.540287598236734112e-01
-9.164412172220002262e-01
-8.970861391043145616e-01
-8.961951186079211151e-01
-9.137856396910888357e-01
-9.496606843206356618e-01
-1.003410837796620658e+00
-1.074418870809020099e+00
-1.161866747778659947e+00
-1.264744982541358365e+00
-1.381864234826254645e+00
-1.511869014585624171e+00
-1.653253336363971648e+00
-1.804378142849051514e+00
-1.963490295795278007e+00
-2.128742913907002432e+00
-2.298216821232510476e+00
-2.469942856343990911e+00
-2.641924782226486190e+00
-2.812162529488699381e+00
-2.978675501338949871e+00
-3.139525667785321605e+00
-3.292840178740054746e+00
-3.436833231109659881e+00
-3.569826933473162711e+00
-3.690270923494653132e+00
-3.796760507649021399e+00
-3.888053109993651724e+00
-3.963082836393889252e+00
-4.020972982576454413e+00
-4.061046338384747934e+00
-4.082833166363071697e+00
-4.086076759998352514e+00
-4.070736515281077494e+00
-4.036988478376075662e+00
-3.985223361777101125e+00
-3.916042051007823765e+00
-3.830248653376147061e+00
-3.728841169141416501e+00
-3.612999893375247407e+00
-3.484073683455958026e+00
-3.343564252221495892e+00
-3.193108670016927775e+00
-3.034460279939424687e+00
-2.869468249255135550e+00
-2.700055996018468463e+00
-2.528198743176756302e+00
-2.355900462732002598e+00
-2.185170479739553251e+00
-2.018000009961462116e+00
-1.856338905814684637e+00
-1.702072882850837132e+00
-1.557001493400912651e+00
-1.422817105285855588e+00
-1.301085131728775046e+00
-1.193225743951034978e+00
-1.100497280560997382e+00
-1.023981547958309646e+00
-9.645711838104258362e-01
-9.229592314737291581e-01
-8.996310473140125552e-01
-8.948586355344276821e-01
-9.086974766660513847e-01
-9.409858866513050035e-01
-9.913469137975596812e-01
-1.059192751145730860e+00
-1.143731612336594594e+00
-1.243976990211448364e+00
-1.358759189492616981e+00
-1.486738998280705770e+00
-1.626423338091294024e+00
-1.776182709026820961e+00
-1.934270225711403945e+00
-2.098842021051409379e+00
-2.267978778940362261e+00
-2.439708143889567360e+00
-2.612027745385717026e+00
-2.782928567676864251e+00
-2.950418391743369284e+00
-3.112545035471729893e+00
-3.168627129986925972e+00
-3.295897820523199684e+00
-3.413780737620978112e+00
-3.520902921928378060e+00
-3.616017072838868529e+00
-3.698016064879753095e+00
-3.765945823844205176e+00
-3.819016412973859964e+00
-3.856611200497300551e+00
-3.878294002320743505e+00
-3.883814117385950837e+00
-3.873109197878345178e+00
-3.846305921795585725e+00
-3.803718461076547097e+00
-3.745844764241666347e+00
-3.673360698006441272e+00
-3.587112117302001302e+00
-3.488104957279114515e+00
-3.377493463901663162e+00
-3.256566701385624540e+00
-3.126733494757339749e+00
-2.989505983957079227e+00
-2.846481981991935140e+00
-2.699326343458229971e+00
-2.549751561149586898e+00
-2.399497817311518677e+00
-2.250312722296349932e+00
-2.103930976843864098e+00
-1.962054194924463868e+00
-1.826331122029599463e+00
-1.698338479003990376e+00
-1.579562654044138981e+00
-1.471382455430510827e+00
-1.375053125033366630e+00
-1.291691797786508555e+00
-1.222264575332890679e+00
-1.167575363112368869e+00
-1.128256599508445923e+00
-1.104761983539798820e+00
-1.097361284233089540e+00
-1.106137290520847749e+00
-1.130984935554842696e+00
-1.171612604003849256e+00
-1.227545605510031779e+00
-1.298131772306117204e+00
-1.382549114339086893e+00
-1.479815441391765685e+00
-1.588799838917388962e+00
-1.708235862869176724e+00
-1.836736298962316605e+00
-1.972809313781589635e+00
-2.114875809147982899e+00
-2.261287777368697682e+00
-2.410347443571104975e+00
-2.560326972395630118e+00
-2.709488509991994754e+00
-2.856104328601309916e+00
-2.998476840048764913e+00
-3.134958246228197520e+00
-3.263969599106371078e+00
-3.384019049851841654e+00
-3.493719076323450246e+00
-3.591802490211582821e+00
-3.677137039475913305e+00
-3.748738438192585676e+00
-3.805781674318866159e+00
-3.847610465988028139e+00
-3.873744758526294518e+00
-3.883886177184549648e+00
-3.877921374334285076e+00
-3.855923234313347159e+00
-3.818149923938399581e+00
-3.765041801639266161e+00
-3.697216222926830831e+00
-3.615460304194446195e+00
-3.520721730392393667e+00
-3.414097714634510616e+00
-3.296822239036910407e+00
-3.170251725806863874e+00
-3.035849305568932177e+00
-2.895167865931830065e+00
-2.749832077179644063e+00
-2.601519603557713722e+00
-2.451941717787879060e+00
-2.302823543086037983e+00
-2.155884150995412085e+00
-2.012816744747291775e+00
-1.875269156608841303e+00
-1.744824883788203884e+00
-1.622984880994457146e+00
-1.511150318770660750e+00
-1.410606505337536953e+00
-1.322508156044033045e+00
-1.247866178773955115e+00
-1.187536125993315039e+00
-1.142208444747111917e+00
-1.112400635052446463e+00
-1.098451405029996941e+00
-1.100516888025048878e+00
-1.118568963159173313e+00
-1.152395696500572164e+00
-1.201603895623769569e+00
-1.265623746030305252e+00
-1.343715473999515186e+00
-1.434977957207611343e+00
-1.538359182159614758e+00
-1.652668426377925659e+00
-1.776590023622139469e+00
-1.908698552403712334e+00
-2.047475271907667871e+00
-2.191325615326357834e+00
-2.338597538704589418e+00
-2.487600513824910653e+00
-2.636624946533371094e+00
-2.783961797294479457e+00
-2.927922178722887736e+00
-3.066856705382609682e+00
-3.199174374265886911e+00
-3.323360760019820948e+00
-3.437995317114098448e+00
-3.541767591635816004e+00
-3.633492158138040828e+00
-3.712122111804132985e+00
-3.776760962947787625e+00
-3.826672799354608578e+00
-3.861290601969461278e+00
-3.880222620713200232e+00
-3.883256739528008428e+00
-3.870362782844352090e+00
-3.841692739269248147e+00
-3.797578902144627122e+00
-3.738529950442497807e+00
-3.665225016978165939e+00
-3.578505813866125429e+00
-3.479366907252996910e+00
-3.368944254389279802e+00
-3.248502135804029578e+00
-3.119418633507079264e+00
-2.983169822551273054e+00
-2.841312857761768562e+00
-2.695468149818795567e+00
-2.547300835024128851e+00
-2.398501750879898253e+00
-2.250768134977666701e+00
-2.105784267574179580e+00
-1.965202278593800145e+00
-1.830623337645684190e+00
-1.703579441000900419e+00
-1.585516002405422009e+00
-1.477775445185443237e+00
-1.381581981450617613e+00
-1.298027750449405104e+00
-1.228060472442047191e+00
-1.172472757011116418e+00
-1.131893185728764628e+00
-1.106779268763353752e+00
-1.097412353567911891e+00
-1.103894541496188930e+00
-1.126147645292900679e+00
-1.163914197164324538e+00
-1.216760493818966005e+00
-1.284081641739793778e+00
-1.365108543272730790e+00
-1.458916742146603163e+00
-1.564437026026426647e+00
-1.680467663881395790e+00
-1.805688137544587235e+00
-1.938674210058169312e+00
-2.077914158426531710e+00
-2.221825985402878345e+00
-2.368775414060540818e+00
-2.517094460265475231e+00
-2.665100371867095141e+00
-2.811114719526635497e+00
-2.953482422647530470e+00
-3.090590494872649696e+00
-3.220886297051939184e+00
-3.342895091420877485e+00
-3.455236698893224823e+00
-3.556641071764517381e+00
-3.645962606626244717e+00
-3.722193036757448503e+00
-3.784472759526556818e+00
-3.832100472211411812e+00
-3.864541008928696897e+00
-3.881431291832192265e+00
-3.882584331161058167e+00
-3.867991230850396978e+00
-3.837821179005860728e+00
-3.792419425336237104e+00
-3.732303270375082249e+00
-3.658156113748135319e+00
-3.570819630604701089e+00
-3.471284166382939684e+00
-3.360677460085010448e+00
-3.240251824972689487e+00
-3.111369932852271258e+00
-2.975489363700570600e+00
-2.834146096126167969e+00
-2.688937125902339353e+00
-2.531561464928424154e+00
-2.412516071589338118e+00
-2.294362478542826267e+00
-2.178433418281978007e+00
-2.066035988073628094e+00
-1.958436927896401780e+00
-1.856848364122355655e+00
-1.762414179097143485e+00
-1.676197159553598937e+00
-1.599167067860965741e+00
-1.532189769571273841e+00
-1.476017538697036668e+00
-1.431280648775141051e+00
-1.398480343196496278e+00
-1.377983262671912845e+00
-1.370017391240365923e+00
-1.374669565092030643e+00
-1.391884570867972792e+00
-1.421465842210277497e+00
-1.463077745371273997e+00
-1.516249426849995974e+00
-1.580380178508825395e+00
-1.654746258627846300e+00
-1.738509091070779000e+00
-1.830724749343521918e+00
-1.930354617998332856e+00
-2.036277110729932005e+00
-2.147300312771891928e+00
-2.262175404960895531e+00
-2.379610718205356523e+00
-2.498286260169484851e+00
-2.616868550837702756e+00
-2.734025600313757298e+00
-2.848441860768600620e+00
-2.958832984894086415e+00
-3.063960225539828386e+00
-3.162644315377749926e+00
-3.253778671406710732e+00
-3.336341776806823312e+00
-3.409408601992929277e+00
-3.472160937592283059e+00
-3.523896524359517279e+00
-3.564036878603396463e+00
-3.592133726382472414e+00
-3.607873975363375951e+00
-3.611083169653054981e+00
-3.601727389928191414e+00
-3.579913578602263335e+00
-3.545888287397821692e+00
-3.500034862331720120e+00
-3.442869098577383546e+00
-3.375033414746351657e+00
-3.297289612641216561e+00
-3.210510304289750039e+00
-3.115669102901531762e+00
-3.013829688128044193e+00
-2.906133868504438222e+00
-2.793788775066436525e+00
-2.678053329748030897e+00
-2.560224140168231521e+00
-2.441620978820485011e+00
-2.323572010647112496e+00
-2.207398932059998486e+00
-2.094402186017621403e+00
-1.985846419626383863e+00
-1.882946346662159209e+00
-1.786853172772273624e+00
-1.698641734773195910e+00
-1.619298497429512818e+00
-1.549710541475158188e+00
-1.490655665526376072e+00
-1.442793712062099276e+00
-1.406659213949975396e+00
-1.382655443229154235e+00
-1.371049928188202705e+00
-1.371971488373348258e+00
-1.385408820211448067e+00
-1.411210648622384989e+00
-1.449087442520308633e+00
-1.498614674656238765e+00
-1.559237589030875171e+00
-1.630277422297476519e+00
-1.710939009367097086e+00
-1.800319688003452212e+00
-1.897419402722810844e+00
-2.001151894957191590e+00
-2.110356854345389443e+00
-2.223812895318607374e+00
-2.340251213968385979e+00
-2.458369772621457283e+00
-2.576847853685512391e+00
-2.694360820238338228e+00
-2.809594918550827103e+00
-2.921261957291382494e+00
-3.028113699559719763e+00
-3.128955807121319044e+00
-3.222661181231874394e+00
-3.308182551189393195e+00
-3.384564170161438845e+00
-3.450952487808501612e+00
-3.506605680651790458e+00
-3.550901933888760631e+00
-3.583346382296765498e+00
-3.603576632833483728e+00
-3.611366807371253707e+00
-3.606630060517706404e+00
-3.589419544491615710e+00
-3.559927810351479760e+00
-3.518484652322025230e+00
-3.465553419335563490e+00
-3.401725835008671872e+00
-3.327715383917329905e+00
-3.244349338032257002e+00
-3.152559512350201043e+00
-3.053371852939530395e+00
-2.947894973648531369e+00
-2.837307769460543305e+00
-2.722846244787284764e+00
-2.605789703757536824e+00
-2.487446456684276885e+00
-2.369139202299695324e+00
-2.252190248973097386e+00
-2.137906739933224110e+00
-2.027566047481164091e+00
-1.922401499303235450e+00
-1.823588596298044262e+00
-1.732231875856676595e+00
-1.649352567341038522e+00
-1.575877177674217311e+00
-1.512627134584862976e+00
-1.460309603251088939e+00
-1.419509579000414634e+00
-1.390683344484700434e+00
-1.374153364523690524e+00
-1.370104675765940305e+00
-1.378582811630478133e+00
-1.399493285853653068e+00
-1.432602640562876672e+00
-1.477541047328002399e+00
-1.533806432295427680e+00
-1.600770079484798547e+00
-1.677683649811826605e+00
-1.763687537579455622e+00
-1.857820471228028181e+00
-1.959030251223217167e+00
-2.066185505239967579e+00
-2.178088329418619296e+00
-2.293487674547503019e+00
-2.411093327682260590e+00
-2.529590333032279315e+00
-2.647653691011169652e+00
-2.763963171211130554e+00
-2.877218073758035732e+00
-2.986151774051721830e+00
-3.089545888285056385e+00
-3.186243901342698415e+00
-3.275164104659347153e+00
-3.355311699298432426e+00
-3.425789928814985341e+00
-3.485810117283506315e+00
-3.534700500084129171e+00
-3.571913748512656639e+00
-3.597033103861162928e+00
-3.609777052143273490e+00
-3.610002486939391630e+00
-3.597706324729257332e+00
-3.573025554374380519e+00
-3.536235719917420361e+00
-3.487747853384103980e+00
-3.428103891610178700e+00
-3.357970628076656361e+00
-3.278132267132431998e+00
-3.189481663629583519e+00
-3.093010345719757304e+00
-2.989797432192688564e+00
-2.880997568129949116e+00
-2.767828013657520625e+00
-2.651555030087179965e+00
-2.533479715630714502e+00
-2.414923449066943117e+00
-2.297213104165241937e+00
-2.181666200274070544e+00
-2.069576155237408344e+00
-1.962197805698172814e+00
-1.860733356895416080e+00
-1.766318919295647660e+00
-1.680011782869869741e+00
-1.602778571609553726e+00
-1.535484411057385090e+00
-1.478883230322850073e+00
-1.433609307383523879e+00
-1.400170152581979854e+00
-1.378940810270756767e+00
-1.370159642700479408e+00
-1.373925643666770613e+00
-1.390197312314679134e+00
-1.418793100037234911e+00
-1.459393425792151922e+00
-1.511544237595209283e+00
-1.186277414190187951e+00
