-5.567601758976554294e+00
-5.438832724188787715e+00
-5.316295513452075738e+00
-5.202921140317493531e+00
-5.101421760769687452e+00
-5.014225732439280492e+00
-4.943419444226922366e+00
-4.890697314369933046e+00
-4.857321160481588684e+00
-4.844089921375830166e+00
-4.851320462874381789e+00
-4.878839934190474459e+00
-4.925989864258040640e+00
-4.991641905192730100e+00
-5.074224849736985732e+00
-5.171762277836948307e+00
-5.281919931015728764e+00
-5.402061678186574234e+00
-5.529312728726992532e+00
-5.660628577193747013e+00
-5.792868055267460292e+00
-5.922868669548238429e+00
-6.047522389827657108e+00
-6.163850085656516598e+00
-6.269072822398612743e+00
-6.360678305388230314e+00
-6.436480879804497235e+00
-6.494673651156544381e+00
-6.533871482949450638e+00
-6.553143849456539272e+00
-6.552036767134840289e+00
-6.530583292089734648e+00
-6.489302346699018287e+00
-6.429185919354512890e+00
-6.351674960475635068e+00
-6.258624568759857176e+00
-6.152259317549779283e+00
-6.035119806087462457e+00
-5.910001728693641709e+00
-5.779888931614775238e+00
-5.647882068265426270e+00
-5.517124565574333950e+00
-5.390727674788641011e+00
-5.271696398074883660e+00
-5.162858057282182500e+00
-5.066795204041189216e+00
-4.985784462712277154e+00
-4.921742752283801536e+00
-4.876182153766547955e+00
-4.850174480348965034e+00
-4.844326373678729425e+00
-4.858765496797551542e+00
-4.893138128585396096e+00
-4.946618192455878749e+00
-5.017927480001874940e+00
-5.105366564804604046e+00
-5.206855648991418839e+00
-5.319984351323478577e+00
-5.442069236105720798e+00
-5.570217701925618492e+00
-5.701396702314872833e+00
-5.832504660247382233e+00
-5.960444867407348468e+00
-6.082198628910888694e+00
-6.194896425196789735e+00
-6.295885414689736947e+00
-6.382791692188677146e+00
-6.453575846422740625e+00
-6.506580522657855248e+00
-6.540568888652420476e+00
-6.554753119983891096e+00
-6.548812258558989186e+00
-6.522899050289170830e+00
-6.477635628459116113e+00
-6.414098172070421100e+00
-6.333790927214276500e+00
-6.238610228248530731e+00
-6.130799388424708063e+00
-6.012895541228844287e+00
-5.887669699190641204e+00
-5.758061452040126760e+00
-5.627109847343193749e+00
-5.497882081431572310e+00
-5.373401674732122935e+00
-5.256577812575150332e+00
-5.150137500224942322e+00
-5.056562110149398492e+00
-4.978029792241946971e+00
-4.916365076484634500e+00
-4.872996825830117729e+00
-4.848925499009435036e+00
-4.844700463261928824e+00
-4.860407860833958260e+00
-4.895669286061006709e+00
-4.949651277716418996e+00
-5.021085379952478611e+00
-5.108298280403090530e+00
-5.209251301508520449e+00
-5.321588306197428508e+00
-5.442690886624286684e+00
-5.569739539072311452e+00
-5.699779393114356552e+00
-5.829788961674630343e+00
-5.956750312962974192e+00
-6.077719036735580893e+00
-6.189892386485666087e+00
-6.290674025628387511e+00
-6.377733888304743637e+00
-6.449061782052921465e+00
-6.503013507473331956e+00
-6.538348445631172901e+00
-6.554257763162840256e+00
-6.550382603221756916e+00
-6.526821862442800715e+00
-6.484129394654329914e+00
-6.423300725582024029e+00
-6.345749603683613849e+00
-6.253274945024754672e+00
-6.148018949457623172e+00
-6.032417366325912411e+00
-5.909143065961490748e+00
-5.781044224367151152e+00
-5.651078549331494116e+00
-5.522245064132149217e+00
-5.397515018046228796e+00
-5.279763509994030990e+00
-5.171703392505476948e+00
-5.075822968352774467e+00
-4.994328902979774831e+00
-4.929095654393803372e+00
-4.881622571308960268e+00
-4.852999633536398072e+00
-4.843882609977669951e+00
-4.854478193644842676e+00
-4.884539444835576560e+00
-4.933371638128688730e+00
-4.999848371579565409e+00
-5.082437562756681793e+00
-5.179236731349140754e+00
-5.288016757058271011e+00
-5.406273109108718167e+00
-5.531283374291310118e+00
-5.660169767773176375e+00
-5.789965198164222393e+00
-5.917681378020464678e+00
-6.040377424869832090e+00
-6.155227386971598769e+00
-6.259585152583424517e+00
-6.351045260933084080e+00
-6.427498226019530136e+00
-6.487179108696568441e+00
-6.528708225418091260e+00
-6.551123060106514018e+00
-6.553900644845553458e+00
-6.536969891023969303e+00
-6.500713580326750396e+00
-6.445959959478643420e+00
-6.373964118635688791e+00
-6.286379565502627109e+00
-6.185220630419017596e+00
-6.072816546793411874e+00
-5.951758241669388383e+00
-5.824839038587455775e+00
-5.694990615477610874e+00
-5.565215670882254884e+00
-5.438518829834628754e+00
-5.317837364385376020e+00
-5.205973312021829891e+00
-5.105528547783787729e+00
-5.018844303261434270e+00
-4.947946529160106799e+00
-4.894498369782644076e+00
-4.859760860373525837e+00
-4.844562775203584692e+00
-4.849280349543354518e+00
-4.873827376765638597e+00
-4.917655947620513501e+00
-4.979767857418907262e+00
-5.058736463805571404e+00
-5.152738538425289505e+00
-5.259595425461187190e+00
-5.376822603954216184e+00
-5.501686553916738553e+00
-5.631267653055282096e+00
-5.762527685448903370e+00
-5.892380429234303385e+00
-6.017763710008339650e+00
-6.135711262323476411e+00
-6.243422734594018308e+00
-6.338330203408409247e+00
-6.418159631284797051e+00
-6.480985806112039782e+00
-6.525279438876383509e+00
-6.549945265999973287e+00
-6.554350200204923205e+00
-6.538340795107583148e+00
-6.502249544348503107e+00
-6.446890183818657860e+00
-6.373542182002811529e+00
-6.283923906643058999e+00
-6.180154740057288265e+00
-6.064706817735718403e+00
-5.940347357160826292e+00
-5.810072826063298557e+00
-5.677036460893972958e+00
-5.544470877594981140e+00
-5.415607708507820028e+00
-5.293596342853597925e+00
-5.181423936118895845e+00
-5.081838879800952391e+00
-4.997279883050241622e+00
-4.929812709677110050e+00
-4.881076438027587727e+00
-4.852240870194935773e+00
-4.843976416338997559e+00
-4.856437427515459149e+00
-4.889259556736512025e+00
-4.941571305453982710e+00
-5.012019475422293979e+00
-5.098807809283401937e+00
-5.199747954447861531e+00
-5.312322830896924586e+00
-5.433758094274087291e+00
-5.561098519718132849e+00
-5.691287290563042056e+00
-5.821245764285619018e+00
-5.947951384339878800e+00
-6.068511578858660549e+00
-6.180231722479750722e+00
-6.280675522725940318e+00
-6.367716513440786485e+00
-6.439579680485129742e+00
-6.494872595328939013e+00
-6.532605777336757846e+00
-6.552202333821016467e+00
-6.553497228419852050e+00
-6.536726795084045527e+00
-6.502509341039560908e+00
-6.451817863718773083e+00
-6.385946042024304603e+00
-6.306468751459542332e+00
-6.215198397326631152e+00
-6.114138363440435597e+00
-6.005434839824977722e+00
-5.891328226651300071e+00
-5.774105218773181392e+00
-5.656052561409598667e+00
-5.539413338612230397e+00
-5.426346517746320153e+00
-5.318890330536763855e+00
-5.130652721356125490e+00
-5.023221198158105416e+00
-4.928455712556996104e+00
-4.847869416063796066e+00
-4.782696618731916871e+00
-4.733882280107509999e+00
-4.702076681731672814e+00
-4.687634945616730775e+00
-4.690621008314434626e+00
-4.710815622456530072e+00
-4.747727935832037893e+00
-4.800610190728735738e+00
-4.868475091756765849e+00
-4.950115406903383253e+00
-5.044124732421773061e+00
-5.148916900559836307e+00
-5.262747727422200761e+00
-5.383739288229366871e+00
-5.509906155856286958e+00
-5.639183453052113215e+00
-5.769456514178875395e+00
-5.898591893282818077e+00
-6.024469393790508498e+00
-6.145014733289525743e+00
-6.258232397095085275e+00
-6.362238179159993123e+00
-6.455290860986234946e+00
-6.535822441188869902e+00
-6.602466302816489829e+00
-6.654082694835967260e+00
-6.689780910440414452e+00
-6.708937587716302886e+00
-6.711210290877132500e+00
-6.696544437379862380e+00
-6.665174325123755850e+00
-6.617618973917887892e+00
-6.554672908929938480e+00
-6.477392100549316467e+00
-6.387075362994738548e+00
-6.285241593570030538e+00
-6.173603304376348078e+00
-6.054036957463013735e+00
-5.928550662075400268e+00
-5.799249828363572057e+00
-5.668301395462763459e+00
-5.537897263334638609e+00
-5.410217557505516695e+00
-5.287394344422395420e+00
-5.171476393336255306e+00
-5.064395549347009862e+00
-4.967935242570850285e+00
-4.883701611482475613e+00
-4.813097665569419981e+00
-4.757300854771219001e+00
-4.717244352022308185e+00
-4.693602305039354938e+00
-4.686779125896391562e+00
-4.696902475903486085e+00
-4.723820416794080046e+00
-4.767102975236221063e+00
-4.826048138495117712e+00
-4.899692232505389100e+00
-4.986824566575761786e+00
-5.086006161913587675e+00
-5.195592315121206006e+00
-5.313758683819193251e+00
-5.438530520655067590e+00
-5.567814625229013714e+00
-5.699433531967852851e+00
-5.831161406730691610e+00
-5.960761086909105444e+00
-6.086021669892425656e+00
-6.204796033812397305e+00
-6.315037663153802328e+00
-6.414836150676172188e+00
-6.502450756539859711e+00
-6.576341425801614626e+00
-6.635196696586655563e+00
-6.677957973107767842e+00
-6.703839689931140100e+00
-6.712344955918362110e+00
-6.703276337327265466e+00
-6.676741518647880014e+00
-6.633153665701417623e+00
-6.573226406973020630e+00
-6.497963444549537115e+00
-6.408642903714460992e+00
-6.306796628420680229e+00
-6.194184726641046801e+00
-6.072765763061080513e+00
-5.944663084793869956e+00
-5.812127846859644897e+00
-5.677499376253736685e+00
-5.543163574815040739e+00
-5.411510110251239958e+00
-5.284889180228131700e+00
-5.165568655280090127e+00
-5.055692411613155635e+00
-4.957240654125250501e+00
-4.871993002961803043e+00
-4.801495073810571057e+00
-4.747029223425171196e+00
-4.709590058420065617e+00
-4.689865218420821158e+00
-4.688221845738945071e+00
-4.704699044737883362e+00
-4.739006517112036576e+00
-4.790529436794570550e+00
-4.858339502710300017e+00
-4.941211981794099373e+00
-5.037648431369783353e+00
-5.145904671898692051e+00
-5.264023470966527896e+00
-5.389871299755656153e+00
-5.521178436521396726e+00
-5.655581619867367849e+00
-5.790668399688160051e+00
-5.924022296934185583e+00
-6.053267865859035979e+00
-6.176114754683956320e+00
-6.290399882745002280e+00
-6.394126893773829146e+00
-6.485502105132505690e+00
-6.562966250236205390e+00
-6.625221404289008298e+00
-6.671252589664885768e+00
-6.700343674289737095e+00
-6.712087301444480403e+00
-6.706388719532572651e+00
-6.683463512427549880e+00
-6.643829361882017892e+00
-6.588292100019685016e+00
-6.517926429148836576e+00
-6.434051795231268578e+00
-6.338203917649940067e+00
-6.232102114807406501e+00
-6.117613890120644271e+00
-5.996717852525448755e+00
-5.871465642527597062e+00
-5.743943680326566437e+00
-5.616235520874441889e+00
-5.490385551180080981e+00
-5.368364700910765563e+00
-5.252038760895702652e+00
-5.143139818175282763e+00
-5.043241223520602112e+00
-4.953736410612371799e+00
-4.875821787968717125e+00
-4.810483827745065000e+00
-4.758490381973574657e+00
-4.720386168681076633e+00
-4.696492289341832382e+00
-4.686909566681539019e+00
-4.691525429018999382e+00
-4.710024014845590301e+00
-4.741899129612773933e+00
-4.786469655831972148e+00
-4.842896997418018046e+00
-4.910204129306945831e+00
-4.987295823117479543e+00
-5.072979628191923496e+00
-5.165987203797739014e+00
-5.264995621545896398e+00
-5.368648286074884091e+00
-5.475575155617335987e+00
-5.584411981074451248e+00
-5.693818321564335427e+00
-5.802494135035431100e+00
-5.909194783471677148e+00
-6.012744332579186057e+00
-6.112047064858836976e+00
-6.206097161965031361e+00
-6.293986546677740712e+00
-6.374910906233555608e+00
-6.448173946846759819e+00
-6.513189953786291397e+00
-6.569484752238489378e+00
-6.616695181355040312e+00
-6.654567207410720719e+00
-6.682952812004004706e+00
-6.701805797906272844e+00
-6.711176658734772538e+00
-6.711206659357921822e+00
-6.702121272134003327e+00
-6.684223110046813687e+00
-6.657884491853807596e+00
-6.623539766822869268e+00
-6.581677517815681000e+00
-6.532832751678427918e+00
-6.477579175407217171e+00
-6.416521645627062398e+00
-6.350288867798413506e+00
-6.279526410455066099e+00
-6.204890088868916465e+00
-6.127039761987945532e+00
-6.046633576437967506e+00
-5.964322681920933178e+00
-5.880746433567201947e+00
-5.796528088764679509e+00
-5.712270998732987159e+00
-5.628555288657238087e+00
-5.545935014544997266e+00
-5.464935780113388653e+00
-5.386052792925497990e+00
-5.309749335645266299e+00
-5.236455625625250576e+00
-5.166568034035293522e+00
-5.100448634331431919e+00
-5.038425048995843980e+00
-4.980790563098357993e+00
-4.927804473277902275e+00
-4.879692641165334521e+00
-4.836648221012902482e+00
-4.798832532309116772e+00
-4.766376049393108438e+00
-4.739379481495138435e+00
-4.717914918179672235e+00
-4.702027016817490690e+00
-4.691734210431737218e+00
-4.687029916022482645e+00
-4.687883725250875599e+00
-4.694242561139358116e+00
-4.706031786202983014e+00
-4.723156249158439124e+00
-4.745501259054715426e+00
-4.772933477329739382e+00
-4.805301719920996639e+00
-4.842437663149352645e+00
-4.884156448661494565e+00
-4.930257184267403225e+00
-4.980523339059257815e+00
-5.034723032762992823e+00
-5.092609220871969100e+00
-5.153919778766072213e+00
-5.218377489751617304e+00
-5.285689943794806389e+00
-5.355549355689774416e+00
-5.427632313533057307e+00
-5.501599470696493910e+00
-5.577095197033445473e+00
-5.653747207846791412e+00
-5.731166192221357036e+00
-5.808945465703977185e+00
-5.886660676024209060e+00
-5.963869594604525481e+00
-6.040112031017974559e+00
-6.114909912313421181e+00
-6.187767574224272593e+00
-6.258172316673483948e+00
-6.325595281624195820e+00
-6.192418023761375956e+00
-6.235148171184940580e+00
-6.274556271311642064e+00
-6.310230910910017421e+00
-6.341757462227316289e+00
-6.368721188049025983e+00
-6.390710973792622873e+00
-6.407323752182471743e+00
-6.418169684474697156e+00
-6.422878158257238290e+00
-6.421104654924537414e+00
-6.412538529313068558e+00
-6.396911728888818871e+00
-6.374008459424941542e+00
-6.343675777351849732e+00
-6.305835054913116799e+00
-6.260494221918706970e+00
-6.207760636296173473e+00
-6.147854373957717833e+00
-6.081121656096319938e+00
-6.008048048599951230e+00
-5.929270974024502650e+00
-5.845590972370414917e+00
-5.757981034553851352e+00
-5.667593214918359656e+00
-5.575761610842222105e+00
-5.484000757278414184e+00
-5.394000536459963691e+00
-5.307613562694950105e+00
-5.226829705932746428e+00
-5.153739435498701837e+00
-5.090485322988492989e+00
-5.039201271004909444e+00
-5.001939610879665210e+00
-4.980586941692595637e+00
-4.976770457457591057e+00
-4.991757507591173315e+00
-5.026352218762768054e+00
-5.080794115581200643e+00
-5.154664734602475207e+00
-5.246809132688491140e+00
-5.355279832393714301e+00
-5.477310999163746530e+00
-5.609330381943846255e+00
-5.747015655667795819e+00
-5.885400192410775055e+00
-6.019030911901150027e+00
-6.142177735672063932e+00
-6.249090381962326468e+00
-6.334293967201255704e+00
-6.392910393202196673e+00
-6.420988153366265827e+00
-6.415819414382610830e+00
-6.376220493365941877e+00
-6.302750627130627947e+00
-6.197844642937124782e+00
-6.065838101512538216e+00
-5.912868046950705114e+00
-5.746638205215761630e+00
-5.576057200265760905e+00
-5.410764132194331388e+00
-5.260564027074368099e+00
-5.134805786934887983e+00
-5.041743014421557589e+00
-4.987923323310851309e+00
-4.977653749178229781e+00
-5.012588136019917151e+00
-5.091476674636346900e+00
-5.210108226649733609e+00
-5.361463165714700274e+00
-5.536079037220711818e+00
-5.722614515816652592e+00
-5.908580285009568556e+00
-6.081190045356906104e+00
-6.228272329043541333e+00
-6.339175452738754046e+00
-6.405594779732601829e+00
-6.422254082367373940e+00
-6.387381303970572688e+00
-6.302932994718458026e+00
-6.174540198037961503e+00
-6.011170194812224032e+00
-5.824521523100902876e+00
-5.628192129744364891e+00
-5.436680396132758553e+00
-5.264294286709843007e+00
-5.124053498222115088e+00
-5.026672222727864181e+00
-4.979705548790021474e+00
-4.986930828081133527e+00
-5.048017383833060201e+00
-5.158515163316077512e+00
-5.310167223715433593e+00
-5.491524463911883203e+00
-5.688816043569377534e+00
-5.887007625507385100e+00
-6.070963791280695965e+00
-6.226622091960456906e+00
-6.342084985098662031e+00
-6.408542484031015007e+00
-6.420952138927413344e+00
-6.378422789001988669e+00
-6.284272667876693141e+00
-6.145758847854790652e+00
-5.973501440865235601e+00
-5.780650227656214390e+00
-5.581861474496873754e+00
-5.392167017175443000e+00
-5.225825161604173985e+00
-5.095243083413698137e+00
-5.010053344975925249e+00
-4.976413622708654394e+00
-4.996580001796968595e+00
-5.068781895530364068e+00
-5.187402671357764561e+00
-5.343446381392617184e+00
-5.525249477983663837e+00
-5.719378680607124288e+00
-5.911643518478210346e+00
-6.088145319471965244e+00
-6.236283865077618671e+00
-6.345648394641203893e+00
-6.408730466848344243e+00
-6.421411329001699642e+00
-6.383194574147578848e+00
-6.297174483504991649e+00
-6.169750016305941109e+00
-6.010112460968993098e+00
-5.829550029359574559e+00
-5.640624164386615291e+00
-5.456279380568388682e+00
-5.288950773156867236e+00
-5.149730984868069683e+00
-5.047651818284875525e+00
-4.989125520011810089e+00
-4.977577948898501248e+00
-5.013291419396129989e+00
-5.093460076875383713e+00
-5.212446276993280669e+00
-5.362213562714516435e+00
-5.532901251051413283e+00
-5.713497937860913645e+00
-5.892566748907067442e+00
-6.058974012923082242e+00
-6.202575080818784947e+00
-6.314815932948548038e+00
-6.389216505230362664e+00
-6.421710706169561966e+00
-6.410828201787849956e+00
-6.357713506249883295e+00
-6.265988053328117147e+00
-6.141470128621431712e+00
-5.991775308974617964e+00
-5.825826005218067927e+00
-5.653302598877862017e+00
-5.484070408058927093e+00
-5.327616354653064157e+00
-5.192526899714697386e+00
-5.086034834064646404e+00
-5.013657202272597146e+00
-4.978940395814026587e+00
-4.983321693766871618e+00
-5.026109671630371700e+00
-5.104579328232862423e+00
-5.214171837885647420e+00
-5.348783798669010991e+00
-5.501126865627834484e+00
-5.663135758020972688e+00
-5.826402177459312881e+00
-5.982611631197179314e+00
-6.123960867195988200e+00
-6.243535752834104002e+00
-6.335632365373576214e+00
-6.396007692169188630e+00
-6.422050440818194872e+00
-6.412866804408204224e+00
-6.369280388878447496e+00
-6.293749676802215198e+00
-6.190210186650764612e+00
-6.063851731566156644e+00
-5.920843765551548898e+00
-5.768023645525803822e+00
-5.612563692708976149e+00
-5.461633203290469751e+00
-5.322071069783093300e+00
-5.200083496767275548e+00
-5.100979520877519491e+00
-5.028954788864554715e+00
-4.986931437789258403e+00
-4.976459093946057344e+00
-4.997679099168636618e+00
-5.049351216915444418e+00
-5.128939387683741025e+00
-5.232750700525421017e+00
-5.356119712757436702e+00
-5.493628650222405874e+00
-5.639352899898380400e+00
-5.787120586537836786e+00
-5.930774904242371193e+00
-6.064428230529066433e+00
-6.182697844057238434e+00
-6.280914241650762619e+00
-6.355294537143681310e+00
-6.403075146761139536e+00
-6.422599841076246818e+00
-6.413361188551721881e+00
-6.375995348863347623e+00
-6.312232019400350502e+00
-6.224803027242871600e+00
-6.117314533330451276e+00
-5.994089029012435788e+00
-5.859984224091307148e+00
-5.720196529538503327e+00
-5.580057120259640513e+00
-5.444828529306549925e+00
-5.319509392177728557e+00
-5.208654356035542499e+00
-5.116215330149634255e+00
-5.045409223738317905e+00
-4.998616143423689984e+00
-4.977310755188210756e+00
-4.982028206092664391e+00
-5.012364698868085888e+00
-5.067011564579223304e+00
-5.143820527081868654e+00
-5.239896834376446932e+00
-5.351716075858259813e+00
-5.475259833141125299e+00
-5.606164840094218782e+00
-5.739880061694160318e+00
-5.871826040397590596e+00
-5.997550995046015743e+00
-6.112878476491336421e+00
-6.214041866340647147e+00
-6.297801626117858653e+00
-6.361541935982341300e+00
-6.403344174928224497e+00
-6.422035557000145722e+00
-6.417212119394276826e+00
-6.389236128304240481e+00
-6.339208798942945755e+00
-6.268919992044285294e+00
-6.180777228512548405e+00
-6.077716938911627231e+00
-5.963101321669507904e+00
-5.840604514228171951e+00
-5.714091980450477060e+00
-5.587497085376229577e+00
-5.464698769039841864e+00
-5.349404052445854596e+00
-5.365716036638950470e+00
-5.299327742488209481e+00
-5.245102581348523252e+00
-5.204548544057644222e+00
-5.178746813298539031e+00
-5.168328416311956275e+00
-5.173464744322765263e+00
-5.193871783967887623e+00
-5.228827508138582658e+00
-5.277201508800621887e+00
-5.337495631733589541e+00
-5.407894100204206467e+00
-5.486321396973060871e+00
-5.570506015431282876e+00
-5.658048092863269929e+00
-5.746488901768439739e+00
-5.833380197038866122e+00
-5.916351494174953096e+00
-5.993173481819679793e+00
-6.061815944708960124e+00
-6.120498783727598813e+00
-6.167734960489946516e+00
-6.202364456650781399e+00
-6.223578614725695957e+00
-6.230934509344665528e+00
-6.224359277636088095e+00
-6.204144607382011678e+00
-6.170931834895621471e+00
-6.125688335252615246e+00
-6.069676090484336761e+00
-6.004413492545148223e+00
-5.931631574289725428e+00
-5.853225961407761524e+00
-5.771205900399192679e+00
-5.687641742400272094e+00
-5.604612251120301814e+00
-5.524153057333403893e+00
-5.448207505080548074e+00
-5.378581029423423310e+00
-5.316900076239918782e+00
-5.264576425544404970e+00
-5.222777615806680984e+00
-5.192403992513098920e+00
-5.174072724549434454e+00
-5.168108951556336095e+00
-5.174544048658241024e+00
-5.193120826012973090e+00
-5.223305323183322635e+00
-5.264304715628651543e+00
-5.315090725362351165e+00
-5.374427822165284141e+00
-5.440905417249159548e+00
-5.512973188904638278e+00
-5.588978639848271257e+00
-5.667205968549044570e+00
-5.745915341104264051e+00
-5.823381675105940403e+00
-5.897932090842185282e+00
-5.967981246200161571e+00
-6.032063847579566485e+00
-6.088863717563318900e+00
-6.137238898447369806e+00
-6.176242376338672457e+00
-6.205138120705579574e+00
-6.223412246362500788e+00
-6.230779216345793792e+00
-6.227183112594338432e+00
-6.212794104584013155e+00
-6.188000342110676399e+00
-6.153395585562298820e+00
-6.109762963843031969e+00
-6.058055315483224845e+00
-5.999372621567872876e+00
-5.934937079424406292e+00
-5.866066393310855887e+00
-5.794145872701238709e+00
-5.720599930511494513e+00
-5.646863563321453228e+00
-5.574354374120921385e+00
-5.504445666323658060e+00
-5.438441096889787829e+00
-5.377551327638728118e+00
-5.322873058571953919e+00
-5.275370766670551603e+00
-5.235861409620174101e+00
-5.205002287676675721e+00
-5.183282189817042251e+00
-5.171015883757138276e+00
-5.168341944617496075e+00
-5.175223855130284711e+00
-5.191454252339516628e+00
-5.216662142652247702e+00
-5.250322859610472293e+00
-5.291770497482858993e+00
-5.340212519182408357e+00
-5.394746209410959281e+00
-5.454376623476005825e+00
-5.518035668940946437e+00
-5.584601951043875800e+00
-5.652921013415853402e+00
-5.721825612701449515e+00
-5.790155678784296711e+00
-5.856777630921385480e+00
-5.920602743588933237e+00
-5.980604283591159032e+00
-6.035833171283393028e+00
-6.085431952899586605e+00
-6.128646907222280227e+00
-6.164838147467369467e+00
-6.193487617568742998e+00
-6.214204920359899020e+00
-6.226730952816899034e+00
-6.230939359955402601e+00
-6.226835853620832140e+00
-6.214555474793990619e+00
-6.194357907736566915e+00
-6.166620980972871813e+00
-6.131832513464813950e+00
-6.090580684176869042e+00
-6.043543119404231057e+00
-5.991474904676899804e+00
-5.935195736744734774e+00
-5.875576436143233217e+00
-5.813525042245183627e+00
-5.749972710672516030e+00
-5.685859627682873452e+00
-5.622121147892071846e+00
-5.559674350725517300e+00
-5.499405197604681383e+00
-5.442156456394090291e+00
-5.388716542388845454e+00
-5.339809406459560037e+00
-5.296085581231592343e+00
-5.258114475701375135e+00
-5.226377987815594928e+00
-5.201265483968271042e+00
-5.183070178131015560e+00
-5.171986894556604319e+00
-5.168111200881157608e+00
-5.171439901324323962e+00
-5.181872846093450669e+00
-5.199215996324729083e+00
-5.223185669207212278e+00
-5.253413874781873716e+00
-5.289454644395913618e+00
-5.330791241005418790e+00
-5.376844133512316937e+00
-5.426979611127768166e+00
-5.480518909377308567e+00
-5.536747716789696128e+00
-5.594925930499626610e+00
-5.654297529887538865e+00
-5.714100439896136585e+00
-5.773576259712167591e+00
-5.831979737967951216e+00
-5.888587882381667526e+00
-5.942708599681514769e+00
-5.993688770604657101e+00
-6.040921674578902056e+00
-6.083853689228644335e+00
-6.121990200941297644e+00
-6.154900674229847546e+00
-6.182222839376681378e+00
-6.203665969691504856e+00
-6.219013231516630213e+00
-6.228123101724779787e+00
-6.230929858747818351e+00
-6.227443164024832001e+00
-6.217746761053537519e+00
-6.201996328867839026e+00
-6.180416535657093924e+00
-6.153297346311781268e+00
-6.120989644861218437e+00
-6.083900239009852662e+00
-6.042486319240838455e+00
-5.997249449213017058e+00
-5.948729167416975550e+00
-5.897496282275827895e+00
-5.844145944088540823e+00
-5.789290577438361396e+00
-5.733552756959518604e+00
-5.677558107712695090e+00
-5.621928308915129513e+00
-5.567274276461786187e+00
-5.514189595625933471e+00
-5.463244270610838171e+00
-5.414978852314668245e+00
-5.369898999848479626e+00
-5.328470525092168231e+00
-5.291114962972359947e+00
-5.258205703279965171e+00
-5.230064712801325122e+00
-5.206959869395313412e+00
-5.189102922492438097e+00
-5.176648087397655473e+00
-5.169691273820736122e+00
-5.168269942307761156e+00
-5.172363575768286204e+00
-5.181894747146417401e+00
-5.196730758523643523e+00
-5.216685821615228313e+00
-5.241523744771930282e+00
-5.270961087259517619e+00
-5.304670737788951485e+00
-5.342285871031191569e+00
-5.383404233187824239e+00
-5.427592705610160273e+00
-5.474392093967664685e+00
-5.523322089555892767e+00
-5.573886348997247886e+00
-5.625577638805534519e+00
-5.677882992040325760e+00
-5.730288825541268949e+00
-5.782285967977771612e+00
-5.833374551141230491e+00
-5.883068719508488087e+00
-5.930901116077335722e+00
-5.976427105774495097e+00
-6.019228701321375219e+00
-6.058918160265651665e+00
-6.095141225904294302e+00
-6.127579988987574389e+00
-6.155955351359412298e+00
-6.180029077011313987e+00
-6.199605420361077535e+00
-6.214532325871028107e+00
-6.224702197352327993e+00
-6.230052239424225036e+00
-6.230564377572646251e+00
-6.226264767049070947e+00
-6.217222904436717101e+00
-6.203550359059906150e+00
-6.185399144499995394e+00
-6.162959753286412656e+00
-6.136458880337578137e+00
-6.106156862919270623e+00
-6.072344866757826587e+00
-6.035341849485293508e+00
-5.995491333799300548e+00
-5.953158023593661419e+00
-5.908724296856368241e+00
-5.862586609349684785e+00
-5.815151842987073216e+00
-5.766833632419135824e+00
-5.718048702645715409e+00
-5.669213249502959684e+00
-5.620739393648459092e+00
-5.573031737204727776e+00
-5.526484050543199800e+00
-5.410947989389827129e+00
