2.570566208188446389e+00
2.759994856615839431e+00
2.941471710540511264e+00
3.111230800009201936e+00
3.265749818967442319e+00
3.401823180799243396e+00
3.516628484773806740e+00
3.607785015989089850e+00
3.673403067157829049e+00
3.712123061414707159e+00
3.723143667263604684e+00
3.706238325425132540e+00
3.661759847936441048e+00
3.590632997401578486e+00
3.494335203653469613e+00
3.374865821094834129e+00
3.234704567534025799e+00
3.076760009499774462e+00
2.904309165162863415e+00
2.720929479845735965e+00
2.530424586859854053e+00
2.336745394815508803e+00
2.143908138949691899e+00
1.955911096429856055e+00
1.776651692735368826e+00
1.609845717546746879e+00
1.458950324280487099e+00
1.327092408427864356e+00
1.217003847841452435e+00
1.130964945399305144e+00
1.070757244034582278e+00
1.037626689492403775e+00
1.032257901409377343e+00
1.054760082863922532e+00
1.104664857199014749e+00
1.180936073678874543e+00
1.281991375532576916e+00
1.405735080299261863e+00
1.549601688167264957e+00
1.710609114041223844e+00
1.885420537927535278e+00
2.070413590057882836e+00
2.261755435653751256e+00
2.455482202498635580e+00
2.647581105037922544e+00
2.834073563407723650e+00
3.011097595734576249e+00
3.174987777648392573e+00
3.322351113873186712e+00
3.450137251934782157e+00
3.555701585673983089e+00
3.636859943928111960e+00
3.691933734373795239e+00
3.719784610482668619e+00
3.719837946722187816e+00
3.692094639032051262e+00
3.637130989417143745e+00
3.556086680211333118e+00
3.450641090074962669e+00
3.322978444990976499e+00
3.175742528431114486e+00
3.011981890700718978e+00
2.835086693778317901e+00
2.648718500690956823e+00
2.456734464043831334e+00
2.263107483752973437e+00
2.071843986936448445e+00
1.886901031601348144e+00
1.712104449227525471e+00
1.551069719330544494e+00
1.407127212055353738e+00
1.283253344002742269e+00
1.182009069714973215e+00
1.105486979097380695e+00
1.055268092687057013e+00
1.032389245797124211e+00
1.037321733328087081e+00
1.069961653986807537e+00
1.129632150612615682e+00
1.215097497286593775e+00
1.324588738981770097e+00
1.455840350761514967e+00
1.606137155883522905e+00
1.772370530318705395e+00
1.951102729520621581e+00
2.138638005735362224e+00
2.331099044177275648e+00
2.524507136894713621e+00
2.714864436362613986e+00
2.898236588339896613e+00
3.070834036183840432e+00
3.229090316759378076e+00
3.369735730727687173e+00
3.489864866037829749e+00
3.586996580881204988e+00
3.659125208556128772e+00
3.704761928392334092e+00
3.722965450339234650e+00
3.713361381817243512e+00
3.676149879396984232e+00
3.612101429970120403e+00
3.522540851304711396e+00
3.409319845172053220e+00
3.274778672567490112e+00
3.121697745046980721e+00
2.953240134233050984e+00
2.772886188818657782e+00
2.584361611056420927e+00
2.391560479414153395e+00
2.198464808034870099e+00
2.009062304725409476e+00
1.827264025956253590e+00
1.656823629039960499e+00
1.501259888243392737e+00
1.363784073782200013e+00
1.247233691855591076e+00
1.154013952196785375e+00
1.086048169767853011e+00
1.044738122525030732e+00
1.030935181441584136e+00
1.044922806452534214e+00
1.086410767275792333e+00
1.154541206014267463e+00
1.247906414049642532e+00
1.364577954043534991e+00
1.502146523851085158e+00
1.657771737650393762e+00
1.828240795164343346e+00
2.010034826709991229e+00
2.199401543726621000e+00
2.392432694658929382e+00
2.585144727274752530e+00
2.773560992706023853e+00
2.953793795063075045e+00
3.122124594025278199e+00
3.275080706270875996e+00
3.409506924173121512e+00
3.522630575351942461e+00
3.612118682253032897e+00
3.676126044125259895e+00
3.713333251210285013e+00
3.722973848774219441e+00
3.704850092510012516e+00
3.659336972201423066e+00
3.587374422509690408e+00
3.490447883333136492e+00
3.370557612376302359e+00
3.230177384399185669e+00
3.072203430322379081e+00
2.899894670436067745e+00
2.716805475260477998e+00
2.526712341442078014e+00
2.333535995279936603e+00
2.141260530486035041e+00
1.953851247662272916e+00
1.775172889478162874e+00
1.608909957118260570e+00
1.458490750418260262e+00
1.327016697119658195e+00
1.217198427438241026e+00
1.131299910918160956e+00
1.071091806205734853e+00
1.037814984356431491e+00
1.032154976504669364e+00
1.054227871503480962e+00
1.103577953122205635e+00
1.179187124438649592e+00
1.279495924162192599e+00
1.402435700779436578e+00
1.545471280542759285e+00
1.705653249157949469e+00
1.879678769019528906e+00
2.063959678067006198e+00
2.254696466409237043e+00
2.447956605871017821e+00
2.639755618044558716e+00
2.826139210118896905e+00
3.003264785868843489e+00
3.167480652158387588e+00
3.315401288881342889e+00
3.443977131441562811e+00
3.550557427991755333e+00
3.632944876372393495e+00
3.689440915079456040e+00
3.718880735152788830e+00
3.720657291649350107e+00
3.694733819987047418e+00
3.641644599248615499e+00
3.562483946645725652e+00
3.458883669776752878e+00
3.332979441076682203e+00
3.187366787059623618e+00
3.025047598896259071e+00
2.849368266145731798e+00
2.663950708054056982e+00
2.472617723186907313e+00
2.279314195268734800e+00
2.088025778542723643e+00
1.902696737986178777e+00
1.727148637241285645e+00
1.565001549789254653e+00
1.419599417060948943e+00
1.293941091903193286e+00
1.190618488859787716e+00
1.111763116483919678e+00
1.059002094380942172e+00
1.033424562435478977e+00
1.035559175720042635e+00
1.065363150315013607e+00
1.122223087388013907e+00
1.204967560279085248e+00
1.311891207009017624e+00
1.440789833559247946e+00
1.589005806343494420e+00
1.753482800176199508e+00
1.930828775109898920e+00
2.117385885737995466e+00
2.309305883441228779e+00
2.502629458547115604e+00
2.693367887816377149e+00
2.877585304756077988e+00
3.051479896981124540e+00
3.211462356488723024e+00
3.354229964838499889e+00
3.476834784701240189e+00
3.576744550220573693e+00
3.651894998645672352e+00
3.700732561661844056e+00
3.722246533157301140e+00
3.715990046745136333e+00
3.682089426758851758e+00
3.621241715920472615e+00
3.534700426516359517e+00
3.424249804693932475e+00
3.292168134413417935e+00
3.141180833772792891e+00
2.974404307208549092e+00
2.795281708111936769e+00
2.607511933746456734e+00
2.414973314548144678e+00
2.221643570033264847e+00
2.031517681343617987e+00
1.848525374303657820e+00
1.676449915824711256e+00
1.518849900359295901e+00
1.378985642400882172e+00
1.259751696964839685e+00
1.163616904491217241e+00
1.092573202239066399e+00
1.048094264155338795e+00
1.031104829087063912e+00
1.041961357211430572e+00
1.080444421200792426e+00
1.145762996716044535e+00
1.236570571309093758e+00
1.350992746768843400e+00
1.486665772395686425e+00
1.640785220537997802e+00
1.810163805642204027e+00
1.991297158401506895e+00
2.180436201266126695e+00
2.373664634034090781e+00
2.566979931339489429e+00
2.756376179832417339e+00
2.937927043263861115e+00
3.107867139404389523e+00
3.262670143867588468e+00
3.399122001876317967e+00
3.514387728485383278e+00
3.606070408746528955e+00
3.672261169109956924e+00
3.711579076741264416e+00
3.723200130603179225e+00
3.706874733605964867e+00
3.662933276381187042e+00
3.592279702733772062e+00
3.496373172174838118e+00
3.377198185035692024e+00
3.237223775454719732e+00
3.079352604947957595e+00
2.906860999862137973e+00
2.723331165374744511e+00
2.532576972886235733e+00
2.338564853192984572e+00
2.145331431865360017e+00
1.956899613561165818e+00
1.777194857045211407e+00
1.609963381657566250e+00
1.458694008810856424e+00
1.326545269490764012e+00
1.216279302103653093e+00
1.130203926494678601e+00
1.070124112347375700e+00
1.037303866882141268e+00
1.032439351749429024e+00
1.055643806678707719e+00
1.106444612584313036e+00
1.183792574505088568e+00
1.286083250197783912e+00
1.411189898707347012e+00
1.556507380045221822e+00
1.719006107307271325e+00
1.895294940979810550e+00
2.081691726274457643e+00
2.274300012100073598e+00
2.469090358179798272e+00
2.661984537690578634e+00
2.848940878802791232e+00
3.026038961060164567e+00
3.189561892340727844e+00
3.336074439076432085e+00
3.462495365604812747e+00
3.566162456342521381e+00
3.644888844540532524e+00
3.697009450654881846e+00
3.721416538173629718e+00
3.717583620863894822e+00
3.685577198164129875e+00
3.626056049805402193e+00
3.540258081399560108e+00
3.429974974231275731e+00
3.297515149347780561e+00
3.145655802847344695e+00
2.977585000809763738e+00
2.796835033677011140e+00
2.607208416575932386e+00
2.412698080074482831e+00
2.217403421768392668e+00
2.025443980156693691e+00
1.840872546458144354e+00
1.667589546091341912e+00
1.509260499032313074e+00
1.369238307529645260e+00
1.250492021860980074e+00
1.155543601903458839e+00
1.086414026960442980e+00
1.044579911926794002e+00
1.030941568499974537e+00
1.045803210311595288e+00
1.088865745569759458e+00
1.159232335417683002e+00
1.255426626312031502e+00
1.375423296004810725e+00
1.516690290870396973e+00
1.676241882924645932e+00
1.850701443262264823e+00
2.036372619761167346e+00
2.229317425273697584e+00
2.425439592087154761e+00
2.620571432487466712e+00
2.810562366373835275e+00
2.991367236849466593e+00
3.159132534530166847e+00
3.310278691106238291e+00
3.441576681748489186e+00
3.550217292713453432e+00
3.633871562616374895e+00
3.690741090179199713e+00
3.719597114004907112e+00
3.719807506637682337e+00
3.691351080872408374e+00
3.634818875584597375e+00
3.551402365559776619e+00
3.442868819016167592e+00
3.311524301778103752e+00
3.160165092472588366e+00
2.992018522979383199e+00
2.810674487268942201e+00
2.620009064740943305e+00
2.424101876796760813e+00
2.227148933840323419e+00
2.033372831119605095e+00
1.846932213498977848e+00
1.671832449932391107e+00
1.511839437504062911e+00
1.370398392723968461e+00
1.250559385501830434e+00
1.154911230935285138e+00
1.085525178619357156e+00
1.043909632264502063e+00
1.030976898343062720e+00
1.047022706210163356e+00
1.091718969106051151e+00
1.164119971464256054e+00
1.262681879104714744e+00
1.385295181392305786e+00
1.529329394493251559e+00
1.691689088530818008e+00
1.868880054522277234e+00
2.057084204871630906e+00
2.252241608780382709e+00
2.450137905483970258e+00
2.646495217268580280e+00
2.837064603520091932e+00
3.017718058489209376e+00
3.184538060009122873e+00
3.333902724125359818e+00
3.462564710610488650e+00
3.567722154835625936e+00
3.647080069769608635e+00
3.698900864457007387e+00
3.722042857911535663e+00
3.715985925008553181e+00
3.680843688160400529e+00
3.617361959357102918e+00
3.526903435278417653e+00
3.411418947173317839e+00
3.273405860557673464e+00
3.115854501094407425e+00
2.942183746124132693e+00
2.756167160412569039e+00
2.561851264476908696e+00
2.363467699669472122e+00
2.165341192077493648e+00
1.971795314100198704e+00
1.787058096028519394e+00
1.615169548759743279e+00
1.459893122575371516e+00
1.324633046331280095e+00
1.212359368057072562e+00
1.125542354384728938e+00
1.066097705863405798e+00
1.035343812324300394e+00
1.033972012023415044e+00
1.062030535921619112e+00
1.118922520273354371e+00
1.203418163172734756e+00
1.313680790563954703e+00
1.447306291260832545e+00
1.601375085473643933e+00
1.772515513730234415e+00
1.956977279068647491e+00
2.150713350637915244e+00
2.349468546421928927e+00
2.548872861010099911e+00
2.744537494657432575e+00
2.932151474870569707e+00
3.107576743016659648e+00
3.266939606555038900e+00
3.406716531983316365e+00
3.523812372991043773e+00
3.615629290147641228e+00
3.680124819292750260e+00
3.715857781348386624e+00
3.722020991447704930e+00
3.698460014316821365e+00
3.645677519443872860e+00
3.564823106999511104e+00
3.457668796745864359e+00
3.326570690183356493e+00
3.174417623878941441e+00
3.004567922436367500e+00
2.820775626407833414e+00
2.627107807598791034e+00
2.427854786320462921e+00
2.227435227581644472e+00
2.030298212238043742e+00
1.840824451933524841e+00
1.663228841494352350e+00
1.501466518550570672e+00
1.359144527923952683e+00
1.239441069172196874e+00
1.145034142109632613e+00
1.078041200619330287e+00
1.039971184049864661e+00
1.031690023196510486e+00
1.053400420267955440e+00
1.104636385889169015e+00
1.184272688086835945e+00
1.290549035633941299e+00
1.421108488510392176e+00
1.573049268946978607e+00
1.742988844736494514e+00
1.927138879031682350e+00
2.121389394000321893e+00
2.321400285106145933e+00
2.522698153274461230e+00
2.720776297723361825e+00
2.911195635743408339e+00
3.089684289069651868e+00
3.252233600481210907e+00
3.395188418520344698e+00
3.515329611249877750e+00
3.609946939168485081e+00
3.676900629133468712e+00
3.714670240784242239e+00
3.722389699031137589e+00
3.699867674436335463e+00
3.647592820915791734e+00
3.566723719820664051e+00
3.459063723501972554e+00
3.327021232183424271e+00
3.173556267669177089e+00
3.002114518621471717e+00
2.816550317770173173e+00
2.621040264928800934e+00
2.419989425253534776e+00
2.217932204795060258e+00
2.019430131012569518e+00
1.828968841544443169e+00
9.682242813972186113e-02
-4.109730602145384992e-01
-8.558192561394051268e-01
-1.227616730818635649e+00
-1.517909620323813602e+00
-1.720079297972082699e+00
-1.829496757706197130e+00
-1.843630166987362706e+00
-1.762105055720410540e+00
-1.586715676176746026e+00
-1.321387173678111093e+00
-9.720893239630412630e-01
-5.467036953445361114e-01
-5.484715687047225785e-02
4.923443465945482878e-01
1.082466918100448039e+00
1.702129090966547631e+00
2.337255149791914732e+00
2.973404532398307154e+00
3.596100071978611368e+00
4.191157619698269166e+00
4.745009538468032417e+00
5.245014680250569938e+00
5.679747749846587368e+00
6.039261411525107981e+00
6.315315101278217824e+00
6.501565253511335740e+00
6.593712520007984246e+00
6.589602531540013075e+00
6.489277806599725196e+00
6.294979523532582277e+00
6.011099016565996322e+00
5.644080006748714240e+00
5.202273709286654224e+00
4.695750043206734503e+00
4.136069182682858170e+00
3.536018608254516860e+00
2.909321619172581030e+00
2.270323936432311562e+00
1.633665543944843090e+00
1.013945270391302333e+00
4.253857979620756513e-01
-1.184932083445828788e-01
-6.051863265859585006e-01
-1.023490777524532103e+00
-1.363765325706557618e+00
-1.618153673517380930e+00
-1.780767143709527822e+00
-1.847822371773188976e+00
-1.817730756321315866e+00
-1.691137520009993622e+00
-1.470909390146700968e+00
-1.162071090514865013e+00
-7.716920168347414233e-01
-3.087256204117649894e-01
2.161948788060890081e-01
7.909998128324182698e-01
1.402459871940648028e+00
2.036490063686269281e+00
2.678473851214642210e+00
3.313600016715289254e+00
3.927204486500464498e+00
4.505109223760968007e+00
5.033950347076292076e+00
5.501487866526900916e+00
5.896889839818826751e+00
6.210984329141909122e+00
6.436473272561482162e+00
6.568103254977634364e+00
6.602789153208449946e+00
6.539687714889095282e+00
6.380219286659980504e+00
6.128037106866814909e+00
5.788944793934106769e+00
5.370763865467051090e+00
4.883154286954436429e+00
4.337392145504614049e+00
3.746109547670815054e+00
3.123002727510843179e+00
2.482515100651384365e+00
1.839502594494266230e+00
1.208889009602631459e+00
6.053194124366119144e-01
4.281961884977114607e-02
-4.655303006973938729e-01
-9.079008768252387895e-01
-1.273989332225723192e+00
-1.555260441260184034e+00
-1.745146502464828053e+00
-1.839201712732356775e+00
-1.835207288094967026e+00
-1.733224819419806551e+00
-1.535596555397182872e+00
-1.246892541911726049e+00
-8.738057873767535177e-01
-4.249978388592152712e-01
8.910168466491175110e-02
6.565369751043124147e-01
1.264103733283721276e+00
1.897656236912129923e+00
2.542436638223179557e+00
3.183418822145198224e+00
3.805658805747703433e+00
4.394643496901528223e+00
4.936629658702585743e+00
5.418965145904115488e+00
5.830384885524674488e+00
6.161274656725970189e+00
6.403896471571455251e+00
6.552570251100956256e+00
6.603807509538637710e+00
6.556393879641291278e+00
6.411418508015443329e+00
6.172249592678108243e+00
5.844456597037931189e+00
5.435680925181547885e+00
4.955458053431485155e+00
4.414995254080976039e+00
3.826910092082113302e+00
3.204935799562204313e+00
2.563600414491083335e+00
1.917887190069869074e+00
1.282884225687494162e+00
6.734315279759779393e-01
1.037737753306058330e-01
-4.127730704245702320e-01
-8.641334828773943322e-01
-1.239755103556340554e+00
-1.530855849289428416e+00
-1.730629590046309119e+00
-1.834405564398839950e+00
-1.839757785358510311e+00
-1.746561863557455574e+00
-1.556997909879679121e+00
-1.275499446599115849e+00
-9.086495249573038890e-01
-4.650264879702978860e-01
4.499699920296151845e-02
6.094969307185740259e-01
1.215277245643437087e+00
1.848178857436534317e+00
2.493411169149053030e+00
3.135898289377834214e+00
3.760631820751852761e+00
4.353021941083728308e+00
4.899238540820038068e+00
5.386534417979778055e+00
5.803542957694045157e+00
6.140543327602284052e+00
6.389686988354901231e+00
6.545180232069363058e+00
6.603418499106385120e+00
6.563069360362034033e+00
6.425102261463721653e+00
6.192764378174187456e+00
5.871503199294387798e+00
5.468837704454132975e+00
4.994181209842926350e+00
4.458620086717637321e+00
3.874653588780744951e+00
3.255900931017462696e+00
2.616782523067282096e+00
1.972182856947485075e+00
1.337102968097418021e+00
7.263106206814238242e-01
1.539964077300757239e-01
-3.665561965599097860e-01
-8.232791371972796313e-01
-1.205599258837040555e+00
-1.504682483933879933e+00
-1.713637047488290044e+00
-1.827671119264993038e+00
-1.844201223849857740e+00
-1.762909030113627651e+00
-1.585745296937598248e+00
-1.316881002584144866e+00
-9.626069215142218916e-01
-5.311841155946925852e-01
-3.264894822002517571e-02
5.214227168411511570e-01
1.118186529614957569e+00
1.743829473029029131e+00
2.383891426198051278e+00
3.023600926411471157e+00
3.648217278360149418e+00
4.243371038391472894e+00
4.795394968160227478e+00
5.291637803574475996e+00
5.720753614710054613e+00
6.072960129449868738e+00
6.340260143180083574e+00
6.516621020576303103e+00
6.598108291899992039e+00
6.582970431299700387e+00
6.471673052409075311e+00
6.266881939749685770e+00
5.973395525093845748e+00
5.598028588022939900e+00
5.149450082086071134e+00
4.637979036179727288e+00
4.075343430898343833e+00
3.474407779994113543e+00
2.848875839042567026e+00
2.212975401650940199e+00
1.581132516503444663e+00
9.676426586540223251e-01
3.863464122814217472e-01
-1.496829296236255047e-01
-6.284327656161790010e-01
-1.039218987471711486e+00
-1.372922218007682993e+00
-1.622187286716293642e+00
-1.781581625995761087e+00
-1.847709244669847983e+00
-1.819277978678729646e+00
-1.697118806404032121e+00
-1.484157122348064739e+00
-1.185336961925548493e+00
-8.075002364750019090e-01
-3.592240468079266336e-01
1.493799271612723523e-01
7.068991346610629112e-01
1.300881424517848606e+00
1.918117766570229588e+00
2.544939883118814805e+00
3.167525974026766722e+00
3.772207602454171749e+00
4.345770851250568612e+00
4.875745059853402452e+00
5.350672801636735088e+00
5.760355252093733114e+00
6.096067715955584276e+00
6.350740810488648691e+00
6.519103624554353438e+00
6.597786068416019667e+00
6.585378576195257239e+00
6.482448298891801741e+00
6.291511908218717863e+00
6.016966097610021436e+00
5.664977794792153354e+00
5.243336969671600123e+00
4.761275713059360370e+00
4.229257959127599165e+00
3.658744813121185047e+00
3.061940914155990345e+00
2.451527602295881625e+00
1.840388864053391860e+00
1.241336098696154355e+00
6.668376801703967960e-01
1.287590900789781223e-01
-3.618809382231851224e-01
-7.951334492451307412e-01
-1.162316555706971677e+00
-1.456182929767463552e+00
-1.671054732577966995e+00
-1.802923693199175226e+00
-1.849514834445793454e+00
-1.810313157015712271e+00
-1.686553401763255522e+00
-1.481173795336720556e+00
-1.198735429879058234e+00
-8.453096177977932335e-01
-4.283361842174091549e-01
4.354379889418158456e-02
5.606768811223037385e-01
1.112603393493758919e+00
1.688276334809463819e+00
2.276288268797697079e+00
2.865101469203767515e+00
3.443276603600986974e+00
3.999695396813906179e+00
4.523772954972829830e+00
5.005655753241322614e+00
5.436401684609460716e+00
5.808139023079480268e+00
6.114201660431765717e+00
6.349238519317665030e+00
6.509295614120175877e+00
6.591869812281890617e+00
6.595933930285077018e+00
6.521933368358139305e+00
6.371755035164541781e+00
6.148669828037093055e+00
5.857250406678477184e+00
5.503266420825418948e+00
5.093559718688041471e+00
4.635902367955385905e+00
4.138840561189445211e+00
3.611527650363588915e+00
3.063549660404343733e+00
2.504746669538068904e+00
1.945033416957159922e+00
1.394222408975755556e+00
8.618526476308645545e-01
3.570269057738459928e-01
-1.117397739942993518e-01
-5.366579660883155078e-01
-9.107860640421101550e-01
-1.228135073527150123e+00
-1.483754636188561182e+00
-1.673799299428854859e+00
-1.795574426083871522e+00
-1.847561513292759194e+00
-1.829423055127398001e+00
-1.741987432580700990e+00
-1.587214641779238544e+00
-1.368143971909745016e+00
-1.088825014179194195e+00
-7.542336187702156636e-01
-3.701746155946188388e-01
5.682672514144648801e-02
5.196423960147571464e-01
1.010666342014138186e+00
1.521943918647309157e+00
2.045303897957176709e+00
2.572490836172073081e+00
3.095295685554354748e+00
3.605682633684850202e+00
4.095910282795534485e+00
4.558645436407944729e+00
4.987067936743353691e+00
5.374965190292789075e+00
5.716815226607010914e+00
6.007857352819798713e+00
6.244149689716547158e+00
6.422613100496554317e+00
6.541061247091086273e+00
6.598216727571203144e+00
6.593713458629694379e+00
6.528085666491547201e+00
6.402744035346382923e+00
6.219939732317653736e+00
5.982717180255765044e+00
5.694856582808244916e+00
5.360807319195860288e+00
4.985613418187481827e+00
4.574832391558783407e+00
4.134448756815154447e+00
3.670783607456804098e+00
3.190401597150030355e+00
2.700016692716601607e+00
2.206398020944771332e+00
1.716277087186612871e+00
1.236257581006740214e+00
7.727289074209535702e-01
3.317844932413374082e-01
-8.085418146224698788e-02
-4.599069848917456405e-01
-8.005972410270145723e-01
-1.098705935836348235e+00
-1.350617537723908690e+00
-1.553357071829516656e+00
-1.704618211477072265e+00
-1.802782271760055011e+00
-1.846928108482978281e+00
-1.836833039102148568e+00
-1.772965009725201213e+00
-1.656466332573694800e+00
-1.489129410678833310e+00
-1.273364950210846835e+00
-1.012163235131236405e+00
-7.090491033572137169e-01
-3.680313180232435144e-01
6.452928435596749779e-03
4.095976058134735975e-01
8.362907380661468437e-01
1.281179786777447926e+00
1.738738713299086802e+00
2.203335911975241590e+00
2.669302220882363574e+00
3.130998238738609718e+00
3.582880206415208768e+00
4.019563748151055549e+00
4.435884810407751289e+00
4.826957184572304271e+00
5.188226052655340759e+00
5.515517051982842034e+00
5.805080414879546069e+00
6.053629801743748651e+00
6.258375509982446516e+00
6.417051806316091067e+00
6.527938195293568668e+00
6.589874501851772592e+00
6.602269709812040865e+00
6.565104560781307441e+00
6.478927978514224861e+00
6.344847441943306521e+00
6.164513485390751057e+00
5.940098556589508583e+00
5.674270511753267243e+00
5.370161071799548047e+00
5.031329604734855465e+00
4.661722635997398001e+00
4.265629521112268563e+00
3.847634743253788514e+00
3.412567322220958488e+00
2.965447840878839614e+00
2.511433610363033253e+00
2.055762506320745864e+00
1.603696015267499497e+00
1.160462032868456728e+00
7.311979547341695973e-01
3.208945952856563366e-01
-6.565853845726454807e-02
-4.239261035318264703e-01
-7.496774090696276538e-01
-1.039034055419873592e+00
-1.288514265868138331e+00
-1.495073477134914786e+00
-1.656140782247182308e+00
-1.769650849354715838e+00
-1.834070972490318141e+00
-1.848422945007122564e+00
-1.812299483353553953e+00
-1.725874967854721831e+00
-1.589910308155979113e+00
-1.405751783857535742e+00
-1.175323755542600157e+00
-9.011151877923260223e-01
-5.861599738179825714e-01
-2.340111009384440166e-01
1.512912527813408126e-01
5.652575479257992974e-01
1.002992442561304376e+00
1.459243828918929342e+00
1.928457040286034596e+00
2.404833863510897007e+00
2.882395934842187479e+00
3.355052038669324332e+00
3.816668770350677420e+00
4.261143966061507804e+00
4.682482244847434139e+00
5.074871951292337258e+00
5.432762731938359124e+00
5.750942925461375310e+00
6.024615896316030117e+00
6.249474394936202160e+00
6.421771985542792827e+00
6.538390546179799756e+00
6.596902815943264997e+00
6.595628942721226018e+00
6.533685972515073104e+00
6.411029220032386178e+00
6.228484471315395510e+00
5.987769994360458981e+00
5.691507374726795021e+00
5.343220251811116484e+00
4.947320109564385504e+00
4.509078374725039140e+00
4.034584197827454588e+00
3.530687438883051588e+00
3.004926552109318472e+00
2.465441263471713107e+00
1.920870161885042338e+00
1.380233579932402144e+00
8.528024226559005605e-01
3.479539123507682241e-01
-1.249844484253719301e-01
-5.569010369722833254e-01
-9.390743602803786061e-01
-1.263352973137488178e+00
-1.522338248225052038e+00
-1.709566788177855123e+00
-1.819688886464941646e+00
-1.848639082670473499e+00
-1.793794531232856926e+00
-1.654116625586355305e+00
-1.430271108224407062e+00
-1.124722036491611732e+00
-7.417971914598586736e-01
-2.877181637352754784e-01
2.294121653802818628e-01
7.996691805145650367e-01
1.411417146394001065e+00
2.051473919239260368e+00
2.705331540721022332e+00
3.357432975660685770e+00
3.991503471629639144e+00
4.590933000946513687e+00
5.139204032631080388e+00
5.620356529345531982e+00
6.019479645046994065e+00
6.323217202959574124e+00
6.520271766723199747e+00
6.601890100678532214e+00
6.562311179770651925e+00
6.399156793693105527e+00
6.113744332626568578e+00
5.711301675878762474e+00
5.201065347850590825e+00
4.596245352053939470e+00
3.913843403625535622e+00
3.174315670438672132e+00
2.401076565879506131e+00
1.619846514620956857e+00
8.578537706921729455e-01
1.429080682656249657e-01
-4.976281773001063335e-01
-1.037937600534925675e+00
-3.178813030572716691e+00
