4.756040337952688546e+00
5.972976348338467467e+00
7.009705938662887270e+00
7.785702331059665582e+00
8.238070857131209124e+00
8.327072210622418424e+00
8.040093068520240749e+00
7.393652648205125466e+00
6.433166226639960072e+00
5.230353345711559854e+00
3.878368087775608597e+00
2.484926956017500910e+00
1.163899837125669467e+00
2.599362789920744987e-02
-8.307206510841549374e-01
-1.329622802640234802e+00
-1.422890823365881019e+00
-1.096649772936732603e+00
-3.733428124253839187e-01
6.890385159467515841e-01
2.000961556966622368e+00
3.448399575587660859e+00
4.902423809862769488e+00
6.230575093434963740e+00
7.309033758914366352e+00
8.034471208698725775e+00
8.334431487173532105e+00
8.175167662920950207e+00
7.566046599802464634e+00
6.559925977788017448e+00
5.249276955059665184e+00
3.758242226785714735e+00
2.231242434531485408e+00
8.191299876409785519e-01
-3.358050356489687971e-01
-1.114485219698597263e+00
-1.433820356310469002e+00
-1.256194698494918605e+00
-5.945342620680680312e-01
4.877615744166616807e-01
1.882222059837428185e+00
3.445670791923417298e+00
5.014627898954748808e+00
6.422337455164490727e+00
7.516657314734518813e+00
8.176876847125157610e+00
8.327565983091293589e+00
7.947813755968953231e+00
7.074668454965983067e+00
5.800202372949975427e+00
4.262327068506582606e+00
2.630209802944418307e+00
1.085799153446752374e+00
-1.965355703597433390e-01
-1.069961396196571712e+00
-1.432418695036042244e+00
-1.239066942803560778e+00
-5.083671042493147496e-01
6.790687743888002004e-01
2.188900605019096890e+00
3.847934729873226267e+00
5.463839102408666548e+00
6.847468621550710566e+00
7.835200930428024790e+00
8.308617651681466043e+00
8.209121993339483225e+00
7.545639328866351470e+00
6.394343323310103244e+00
4.890295331660176714e+00
3.211866669390814888e+00
1.559711556987487091e+00
1.327596515424160906e-01
-8.958908352193741820e-01
-1.400233577796230477e+00
-1.317120808416278877e+00
-6.545216864672873669e-01
5.088469943514288829e-01
2.032586214176838713e+00
3.731366755876302843e+00
5.397388261063580828e+00
6.825827503236881810e+00
7.840148849682861965e+00
8.314126887780208364e+00
8.187803627580127142e+00
7.475329647471656180e+00
6.263633297524606292e+00
4.702002383587782219e+00
2.983805966631911666e+00
1.322584927687836753e+00
-7.453016873717155377e-02
-1.032752600713303437e+00
-1.431657624113168659e+00
-1.220487670558483728e+00
-4.247752619769555871e-01
8.566008338969983704e-01
2.463605324198192559e+00
4.194988120142514987e+00
5.833493593426327450e+00
7.173172408390934507e+00
8.045349549386706656e+00
8.339958049371048787e+00
8.019523506811161440e+00
7.124008170205293311e+00
5.765878565035292169e+00
4.116000521072170848e+00
2.382131803099109657e+00
7.827260693911575196e-01
-4.806385066400236106e-01
-1.248714139497034914e+00
-1.424696045193573291e+00
-9.864438109520543563e-01
1.073599120476176338e-02
1.441095289884190667e+00
3.124345525304645932e+00
4.848434376777437826e+00
6.396309370901872349e+00
7.573278960253074565e+00
8.231512449137767362e+00
8.288589950169134468e+00
7.737774008787140723e+00
6.648727640861014088e+00
5.158614433462398452e+00
3.454730745407426529e+00
1.750883936565451382e+00
2.605099438753173402e-01
-8.300786970924489694e-01
-1.384955212763872900e+00
-1.335447136189729989e+00
-6.885247103405793823e-01
4.743019750514956279e-01
2.007392940624447064e+00
3.719347041344232441e+00
5.396994125528834729e+00
6.831987841681236517e+00
7.846672005940106054e+00
8.316007002763189604e+00
8.182856091929108899e+00
7.464776859885643212e+00
6.251531748477335171e+00
4.693688322434960369e+00
2.983779985561672010e+00
1.332405276489047274e+00
-5.775169138626656817e-02
-1.016767026400010820e+00
-1.428144899679175239e+00
-1.242804654793852492e+00
-4.847276098926545096e-01
7.523584657672266474e-01
2.316777137672724862e+00
4.017672586447226024e+00
5.648405445893354582e+00
7.011691861476163190e+00
7.943421384188968482e+00
8.332282663799713163e+00
8.132864847682942155e+00
7.370716791726628969e+00
6.138833077739906052e+00
4.586073635443701058e+00
2.898986615783042620e+00
1.279277376620140405e+00
-8.033984742224475895e-02
-1.019011534319560930e+00
-1.426628100141011934e+00
-1.256521328881602173e+00
-5.305387233894154342e-01
6.640212159591198926e-01
2.185160284499990446e+00
3.853265637926776677e+00
5.472448821395239804e+00
6.853587833559267040e+00
7.836356877627416395e+00
8.307684501493813656e+00
8.214533262138434822e+00
7.569584605885520290e+00
6.449256491515011902e+00
4.984377479101384623e+00
3.344684690961802431e+00
1.719007665916621796e+00
2.934684231080897376e-01
-7.697794525639301000e-01
-1.350849867724988052e+00
-1.385413780027378472e+00
-8.715336642574778026e-01
1.306469970444843476e-01
1.506228721073259891e+00
3.098974379809884994e+00
4.729227562002681573e+00
6.214257241250021657e+00
7.388716529078341644e+00
8.122928256242360590e+00
8.336990163131478226e+00
8.009190857531297780e+00
7.177884215242475996e+00
5.936708226343735184e+00
4.423770885360149840e+00
2.806079289495226448e+00
1.260988518077926557e+00
-4.325741336913235813e-02
-9.657569832687711298e-01
-1.407990310553596913e+00
-1.324082407337638934e+00
-7.252519742148946236e-01
3.219465909092242839e-01
1.703305007013218741e+00
3.269652827052900612e+00
4.853125228768860211e+00
6.285217241589514003e+00
7.414677169782173394e+00
8.123344642771268553e+00
8.338291055992140599e+00
8.039040665562023236e+00
7.259190843977807006e+00
6.082350255957416962e+00
4.632909551682259597e+00
3.062688394134560177e+00
1.534911692580921860e+00
2.072172439819177647e-01
-7.845352996654186839e-01
-1.340000601415709092e+00
-1.404259307557198966e+00
-9.729536362384791914e-01
-9.220135855059208296e-02
1.146617191768220412e+00
2.616585994757097744e+00
4.168436328672616042e+00
5.645800237925755027e+00
6.900967921818100592e+00
7.809562864351295985e+00
8.282688040339873936e+00
8.275377135639885751e+00
7.790574817975578270e+00
6.878328129831196236e+00
5.630349963203674868e+00
4.170567547726318658e+00
2.642650215491441301e+00
1.195785888827000321e+00
-2.987931006633992581e-02
-9.167198793826507597e-01
-1.380743256301875554e+00
-1.379305218851267334e+00
-9.147457133373713134e-01
-3.366753967637015066e-02
1.177997588577533783e+00
2.603592772153985990e+00
4.107129321211679951e+00
5.546343807401776793e+00
6.786159056979721882e+00
7.711277423910110507e+00
8.236742330683163971e+00
8.315517993165554955e+00
7.942434610993885258e+00
7.154197184184926783e+00
6.025526527185942172e+00
4.661856236162193134e+00
3.189317027946957595e+00
1.742973065133267552e+00
4.544143096325345965e-01
-5.601555449242994200e-01
-1.210264808678229720e+00
-1.439046462067133270e+00
-1.227972837886342816e+00
-5.980831396843289127e-01
3.923437299469627604e-01
1.653400447398685191e+00
3.071889740221442011e+00
4.521603142578458190e+00
5.874598258449406529e+00
7.012464620201004806e+00
7.836590427796669367e+00
8.276550560477225815e+00
8.295918470435573511e+00
7.895043006236352134e+00
7.110603650881442306e+00
6.012039614675011023e+00
4.695215146213231883e+00
3.273912810640486448e+00
1.869919732416154945e+00
6.025756715360990334e-01
-4.213206340634654268e-01
-1.116399421182685536e+00
-1.425674035373964976e+00
-1.325010829138451918e+00
-8.247839815197037794e-01
3.137364581255885909e-02
1.170568926702293400e+00
2.497016553531435257e+00
3.900209020551784533e+00
5.264183880272712557e+00
6.477107944731088196e+00
7.440388121356020790e+00
8.076573359661871621e+00
8.335425543899326328e+00
8.197698333447004160e+00
7.676357617098512165e+00
6.815188825722920285e+00
5.684947390870139117e+00
4.377402256679999049e+00
2.997783552039646526e+00
1.656262335073053205e+00
4.591546320472543741e-01
-4.994499054006320549e-01
-1.144981682671533108e+00
-1.428051657452793499e+00
-1.328061936422490596e+00
-8.545179800554931759e-01
-4.597770116604138479e-02
1.033242568159327579e+00
2.298313970185716038e+00
3.650656565006831666e+00
4.985671713911790093e+00
6.200836609719443615e+00
7.203535897317101089e+00
7.918037034724388690e+00
8.291092135879694069e+00
8.295762667903552767e+00
7.933205063481156394e+00
7.232313719828198373e+00
6.247280710743091880e+00
5.053286557556329939e+00
3.740672220107073009e+00
2.408049439054508412e+00
1.154877433134199993e+00
7.406432936970919201e-02
-7.548597265131107292e-01
-1.271502276102539852e+00
-1.438892352624759674e+00
-1.245994662231260541e+00
-7.082946278244222071e-01
1.335619716628091425e-01
1.216949318147587444e+00
2.462006399157652847e+00
3.777581821449577770e+00
5.067933151502908906e+00
6.239687723474886205e+00
7.208561138958456738e+00
7.905355076331658459e+00
8.280813289358736284e+00
8.309002355513475990e+00
7.988993470464619051e+00
7.344745370473868107e+00
6.423217360102110973e+00
5.290866265555889569e+00
4.028793224372426707e+00
2.726897919293239880e+00
1.477463095565994644e+00
3.686268510040777713e-01
-5.217976565078736861e-01
-1.131725402046974693e+00
-1.419055390569925024e+00
-1.364493477363336815e+00
-9.727594452399683789e-01
-2.721100663856712565e-01
6.877725151251805613e-01
1.839365077217502087e+00
3.102098243684727308e+00
4.388019265065476127e+00
5.607923739682806996e+00
6.677529300865686857e+00
7.523265860009004768e+00
8.087287672505993896e+00
8.331369804595283313e+00
8.239431270749047798e+00
7.818523473376227884e+00
7.098228851059237954e+00
6.128523493951984591e+00
4.976261507937818962e+00
3.720531121787348017e+00
2.447206842436430385e+00
1.243073566604713687e+00
1.899242356372421447e-01
-6.409690596983041999e-01
-1.193639237420864418e+00
-1.431145698291809154e+00
-1.337989380748144441e+00
-9.210675501257528097e-01
-2.091138560283765102e-01
7.493286802933964985e-01
1.889256062602622466e+00
3.133639995661155808e+00
4.398648646689872876e+00
5.599297116030575339e+00
6.655147105268909513e+00
7.495674694891810041e+00
8.064949929623477232e+00
8.325320183739865598e+00
8.259857631746264417e+00
7.873414879083240336e+00
7.192226240314809615e+00
6.262089029404195983e+00
5.145253120347660136e+00
3.916231774129824483e+00
2.656816795362952455e+00
1.450631978271299971e+00
3.775873249355661265e-01
-4.913990366543101729e-01
-1.099064052648754952e+00
-1.405543339560754390e+00
-1.390952678030193290e+00
-1.056642670064422695e+00
-4.250499259418885067e-01
4.618392583514534522e-01
1.545305773940079508e+00
2.753804702270326921e+00
4.007701512124793197e+00
5.224523464533177730e+00
6.324380011151635728e+00
7.235196538201308591e+00
7.897419646712693364e+00
8.267888230699409036e+00
8.322620439353084265e+00
8.058338441143206410e+00
7.492635984480529920e+00
6.662782608509683513e+00
5.623247193703769575e+00
4.442106586231441057e+00
3.196576922484259509e+00
1.967961413586648334e+00
8.363451631852361068e-01
-1.246172058432479801e-01
-8.524826297959062771e-01
-1.300060105419095891e+00
-1.438450458329128878e+00
-1.258891004006039260e+00
-7.732888351900593094e-01
-1.341180314781142968e-02
9.712067247480673515e-01
2.116510178854857038e+00
3.348095242019763162e+00
4.586049751926979390e+00
5.750137410443597830e+00
6.764993164350979526e+00
7.564993388053035339e+00
8.098486929445975591e+00
8.331115184987048394e+00
8.248008867355785867e+00
7.854722129661629637e+00
7.176846471323654164e+00
6.258332084371115656e+00
5.158627512691137618e+00
3.948824347224399123e+00
2.707057314778072765e+00
1.513457484557679367e+00
4.449844193504488565e-01
-4.295298127579445513e-01
-1.053806172333468183e+00
-1.387729890746252082e+00
-1.409916489868202838e+00
-1.119069265462229623e+00
-5.340428738303710787e-01
3.073890723896099963e-01
1.350981264904734580e+00
2.529519826507760971e+00
3.767154807243993098e+00
4.984282699813332940e+00
6.102664778141793533e+00
7.050452419960971717e+00
7.766797031676688334e+00
8.205749297946521637e+00
8.339198455807043331e+00
8.158664167233546038e+00
7.675827347403591183e+00
6.921767257594328093e+00
5.944955100921518465e+00
4.808133958123594454e+00
3.584286083223757302e+00
2.351946805173420252e+00
1.190165846456978649e+00
1.734391380420623463e-01
-6.330642166034490259e-01
-1.177674372270766767e+00
-1.425525826112202132e+00
-1.360784149904153750e+00
-9.876525426244269212e-01
-3.300945593567861103e-01
5.697084417118780664e-01
1.654065659654453624e+00
2.853477033774677096e+00
4.091087931507470188e+00
5.287612904905366840e+00
6.366413237369767053e+00
7.258403330404011200e+00
7.906472083002068274e+00
8.269136572117155026e+00
8.323194550306460826e+00
8.065206384006108564e+00
7.511711961584784270e+00
6.698169015780056412e+00
5.676681060301699944e+00
4.512660513646584270e+00
3.280640634282546486e+00
2.059504276510121024e+00
9.274347249224765832e-01
-4.308839866650693295e-02
-7.899280690433005958e-01
-1.265266908128754864e+00
-1.438667953535280652e+00
-1.299023330911980523e+00
-8.552661179144553927e-01
-1.357997664098311574e-01
8.133185457189084921e-01
1.965852590848439219e+00
3.153541264246078946e+00
4.360271371002413687e+00
5.508763747636354680e+00
6.525459453199475846e+00
7.345230392470080361e+00
7.915551330642888850e+00
8.199866117880191041e+00
8.179932396990363230e+00
7.856994343538858949e+00
7.251707919275002467e+00
6.402822921639979015e+00
5.364705684562232513e+00
4.203860539980796673e+00
2.994672332853393737e+00
1.814642282080808355e+00
7.394220864162375229e-01
-1.620357120463666867e-01
-8.319003292409048456e-01
-1.227174666210493648e+00
-1.322458245773850294e+00
-1.111583466358898598e+00
-6.080195389281817242e-01
1.559826362261866883e-01
1.131450717448778231e+00
2.255825058026580621e+00
3.456966526343995927e+00
4.657781598547166446e+00
5.781168483532734825e+00
6.754967161927437402e+00
7.516595655475724058e+00
8.017074653541548912e+00
8.224181566213307093e+00
8.124530677503056353e+00
7.724444794118890734e+00
7.049561235252319591e+00
6.143196229849190004e+00
5.063571572840262824e+00
3.880080616973297758e+00
2.668832630374111226e+00
1.507761235030690372e+00
4.716110341657051563e-01
-3.728752179357508467e-01
-9.712590161406708944e-01
-1.284920599991865586e+00
-1.293558381188664619e+00
-9.965111471111463004e-01
-4.128164341215945221e-01
4.200002841513135188e-01
1.448329212475673700e+00
2.605919312222976458e+00
3.818140280182316104e+00
5.006789733907913487e+00
6.095136317353653688e+00
7.012873718475304941e+00
7.700665794325710856e+00
8.113988839047763690e+00
8.226021885610695250e+00
8.029396952789873865e+00
7.536694434871741066e+00
6.779649681820597351e+00
5.807120030819540091e+00
4.681941758545471899e+00
3.476878439087320860e+00
2.269921341802145776e+00
1.139244931390448912e+00
1.581434534815620019e-01
-6.097235298012320115e-01
-1.114468125316554925e+00
-1.323224443928144645e+00
-1.222299999335985987e+00
-8.180866634243448843e-01
-1.366697957688915999e-01
7.778415292828237959e-01
1.866157240790952576e+00
3.057639603665727179e+00
4.274880094165761868e+00
5.438723876313853900e+00
6.473416155742425460e+00
7.311535988120550833e+00
7.898396132456017682e+00
8.195621487888772094e+00
8.183671395807586180e+00
7.863139257769834245e+00
7.254742129161957820e+00
6.397998079929629434e+00
5.348674643784911531e+00
4.175172036060748049e+00
2.954074753326408675e+00
1.765160079430494910e+00
6.861882782968544703e-01
-2.121855789625670674e-01
-8.710451928246145670e-01
-1.247087828164343826e+00
-1.315484878908789845e+00
-1.071538382680550683e+00
-5.310219279074255283e-01
2.708197671686454200e-01
1.281550503213745973e+00
2.434955313951086886e+00
3.655365302937353178e+00
4.862613100430687396e+00
5.977295128814558822e+00
6.925995658771116226e+00
7.646129015948409879e+00
8.090080265274306015e+00
8.228369780096251418e+00
8.051630424688223542e+00
7.571263557001437938e+00
6.818726658240057859e+00
5.843495455852345088e+00
4.709831009162202875e+00
3.492561585836484461e+00
2.272154999499388595e+00
1.129404994354401559e+00
1.400820010825070128e-01
-6.300977205557760641e-01
-1.129850251180936738e+00
-1.325757124781017815e+00
-1.204522505131855326e+00
-7.739006178736245189e-01
-6.222726016692892159e-02
8.834183582097412391e-01
2.000304061660524102e+00
3.214186298359908101e+00
4.444230930516045674e+00
5.608388231732448048e+00
6.628865420216586202e+00
7.437331982305053657e+00
7.979509242820879145e+00
8.218835177867280350e+00
8.138955841277766723e+00
7.744872081738201963e+00
7.062659401505202439e+00
6.137773961052742422e+00
5.032052538556900600e+00
3.819602360276782793e+00
2.581852182844746491e+00
1.402093691180861246e+00
3.598781910856092559e-01
-4.743548303884583817e-01
-1.044054371152383531e+00
-1.310415080404451871e+00
-1.255050486191934489e+00
-8.812963323704039453e-01
-2.140495950355352228e-01
7.018527778899055214e-01
1.804612534948232261e+00
3.019610827808800302e+00
4.264435714064842564e+00
5.454459469780744030e+00
6.508589429283322403e+00
7.354802056710731506e+00
7.935082369118216405e+00
8.209429036097525056e+00
8.158647080370963423e+00
7.785731090691688117e+00
7.115736870726881769e+00
6.194142119900578614e+00
5.083800128561581033e+00
3.860687511482346679e+00
2.608731009077086771e+00
1.414063491233286118e+00
3.591008780211555340e-01
-4.831533146431423731e-01
-1.054181954148956102e+00
-1.314053021026922785e+00
-1.244254099203964792e+00
-8.490588920083448343e-01
-1.553220667244055164e-01
7.892932187905263852e-01
1.919542083462375981e+00
3.157064185822706204e+00
4.415786925353406112e+00
5.607895510750114276e+00
6.649957445828832192e+00
7.468774946236947265e+00
8.006554372450670698e+00
8.225026170380136392e+00
8.108219255688830174e+00
7.663685617197820044e+00
6.922077953732452826e+00
5.935098064246061789e+00
4.771948508580167392e+00
3.514526679533508613e+00
2.251691281954852464e+00
1.072999719020590437e+00
6.235594596144578006e-02
-7.079812581412960881e-01
-1.182601031884637166e+00
-1.326977643053217193e+00
-1.130044980882002115e+00
-6.051125247671889085e-01
2.109565357524396667e-01
1.260260889807305329e+00
2.467904533675563616e+00
3.747290901052524603e+00
5.006297854110773216e+00
6.153896453927409027e+00
7.106739826917765512e+00
7.795245535568243511e+00
8.168726324861447452e+00
8.199188206744597807e+00
7.883507566561042346e+00
7.243813053177737160e+00
6.326026576703339899e+00
5.196651725448933057e+00
3.938027138754552237e+00
2.642377471648735376e+00
1.405086915698802397e+00
3.176826573853905877e-01
-5.389569153117537148e-01
-1.100664602486856936e+00
-1.324860336907220493e+00
-1.193865821902175384e+00
-7.163942365375728372e-01
7.291609599605664016e-02
1.115910876016591669e+00
2.335113109112972651e+00
3.639405907613596280e+00
4.930794350659690295e+00
6.111749143088866632e+00
7.092584139955354416e+00
7.798309731499707631e+00
8.174436111334237864e+00
8.191272918550680515e+00
7.846379887432305189e+00
7.164959377300657906e+00
6.198136108816672873e+00
5.019230620303506640e+00
3.718288638143344649e+00
2.395266651907355104e+00
1.152383516896686277e+00
8.621986325133290663e-02
-7.198248253816412756e-01
-1.202126419117692357e+00
-1.321955759053364154e+00
-1.068705148634441215e+00
-4.609451286523347235e-01
4.547989497089046651e-01
1.607483349995117550e+00
2.906952664287774102e+00
4.250914688383971018e+00
5.532950945130916232e+00
6.650939921923415099e+00
7.515227635477311985e+00
8.055890012328895011e+00
8.228494054320087514e+00
8.017875912784315773e+00
7.439605890554828349e+00
6.538991630185837067e+00
5.387667299325786807e+00
4.078012853707715379e+00
2.715827507714347888e+00
1.411830381870757378e+00
2.726661300977037961e-01
-6.078553209349504272e-01
-1.156563297783577582e+00
-1.327120522863823204e+00
-1.104074402170528657e+00
-5.044014433511434525e-01
4.236174439767736999e-01
1.604133983770219096e+00
2.939806697976918848e+00
4.319737419430851766e+00
5.628631759116735189e+00
6.756431982495932687e+00
7.607618668479005031e+00
8.109392226369653400e+00
8.218027033827665306e+00
7.922834160395264114e+00
7.247362521122710177e+00
6.247697443704725018e+00
5.007961220441766059e+00
3.633361573403623090e+00
2.241350263884850591e+00
9.516261488367900867e-01
-1.241710009570300421e-01
-8.921886712662807639e-01
-1.284659774190339832e+00
-1.266028896196594644e+00
-8.363416272783377181e-01
-3.156175502297964286e-02
1.079255238667395034e+00
2.399728848646970114e+00
3.814394327881345692e+00
5.198725045368729702e+00
6.430074338626510233e+00
7.398578493887497665e+00
8.017049678065911067e+00
8.228961319814381170e+00
8.013783924187681151e+00
7.389154470086122473e+00
6.409638663948619808e+00
5.162148616845602334e+00
3.758382127346621804e+00
2.324926138204558512e+00
9.918903270344952006e-01
-1.189143840035669086e-01
-9.051786478794374702e-01
-1.293643410403412908e+00
-1.247093365201609849e+00
-7.681139825445884028e-01
1.007817390348293429e-01
1.280721142253449685e+00
2.663456721944752914e+00
4.121167251829930045e+00
5.518201342662841569e+00
6.723692698520831179e+00
7.623876116411784309e+00
8.132941300936968432e+00
8.201379526281741050e+00
7.820997384856834600e+00
7.026073790083678716e+00
5.890494176776826407e+00
4.521076579479522017e+00
3.047672049248055792e+00
1.610941110046643976e+00
3.489468465761080829e-01
-6.161611042571335517e-01
-1.190084223493011351e+00
-1.315758363256231966e+00
-9.792343665418448140e-01
-2.114326255821357137e-01
9.144596908549491587e-01
2.289757392831573313e+00
3.780608420741207176e+00
5.240922797802012312e+00
6.526661828621911354e+00
7.510094102334827326e+00
8.092604170458681523e+00
8.214759392804953819e+00
7.862591605646336745e+00
7.069410794706034729e+00
5.912904137882504685e+00
4.507743436304263440e+00
2.994380450196477916e+00
1.525106525243336897e+00
2.487485411379068978e-01
-7.044647076497119187e-01
-1.236322611923688974e+00
-1.290944732019489116e+00
-8.608843537820245473e-01
1.166357742443047130e-02
1.238745274505021587e+00
2.695294853373754407e+00
4.231719720935205764e+00
5.689176647762439032e+00
6.915989383811091962e+00
7.783513150308005279e+00
8.199780196494430129e+00
8.119464729007990655e+00
7.549067358432166586e+00
6.546704128763373376e+00
5.216444674444954188e+00
3.697720432796613554e+00
2.150856231761836490e+00
7.402092462380140958e-01
-3.833200237581095848e-01
-1.098542872290155792e+00
-1.327242465301446295e+00
-1.042970015341404100e+00
-2.743647138722105083e-01
8.974399131725445677e-01
2.347126844307820370e+00
3.918402438163849588e+00
5.440730714264290668e+00
6.747817834764042288e+00
7.695847800460980714e+00
8.179463909654884901e+00
8.143704867453884333e+00
7.590520780293742220e+00
6.579070967513414914e+00
5.219682055139304389e+00
3.662048049360174140e+00
2.078906089647770905e+00
6.469482378565980518e-01
-4.729308999326762297e-01
-1.153841015685039828e+00
-1.317484782745769856e+00
-9.434297558236508507e-01
-7.193858524333185400e-02
1.200054738808488342e+00
2.729461543247388100e+00
4.342939897378149894e+00
5.856438044558561984e+00
7.096190222689005012e+00
7.918771726407444866e+00
8.227888670443073593e+00
7.985916661831289787e+00
7.218778077956955030e+00
6.013498111680632974e+00
4.508621497933045674e+00
2.878508475349311091e+00
1.313261911388387215e+00
-3.420769153876790369e-03
-9.158951246797490953e-01
-1.315157452370772084e+00
-1.152133059438438245e+00
-4.440166278695842905e-01
7.271852128440050578e-01
2.223843950867463448e+00
3.868642086456937079e+00
5.465435400345901584e+00
6.822609648743538813e+00
7.776156618493168970e+00
8.209682855470209262e+00
8.068889723492265631e+00
7.368693508426650496e+00
6.192018930659536124e+00
4.680298233689272003e+00
3.016721721638641274e+00
1.404190285374144587e+00
4.060258938110417049e-02
-9.055195893161602783e-01
-1.316057303943267698e+00
-1.138326389669671812e+00
-3.921704037608511051e-01
8.318752514012586197e-01
2.383241365665847766e+00
4.069594837897381190e+00
5.680537570935396019e+00
7.013834799102312445e+00
7.900908307813547360e+00
8.228370172821662720e+00
7.952821446105938108e+00
7.106949321894827420e+00
5.796030413329074094e+00
4.185155491108740300e+00
2.478680833701349950e+00
8.944304023898297373e-01
-3.641130772640361890e-01
-1.134079674547467498e+00
-1.314539627995088722e+00
-8.800644664167549536e-01
1.153388825668923978e-01
1.544561003140443534e+00
3.223303402745387736e+00
4.933624685998392323e+00
6.452142343274964276e+00
7.579255342683762997e+00
8.165561044669928492e+00
8.131949224618651328e+00
7.480635678331874594e+00
6.295554401849177140e+00
4.731914832438054219e+00
2.996169118003153109e+00
1.318932889007963905e+00
-7.561508389755511317e-02
-9.998018603719041053e-01
-1.327953358162500486e+00
-1.013819719330631308e+00
-9.747558109651421887e-02
1.299376646419440728e+00
2.989216469093242345e+00
4.743625820649237212e+00
6.324045739718028081e+00
7.514246595282177310e+00
8.150090672646163270e+00
8.142468935053347678e+00
7.490168869558023523e+00
6.280768374105939245e+00
4.679275966855980684e+00
2.905930687026078374e+00
1.206102002369489501e+00
-1.836252048099829004e-01
-1.068500477285297734e+00
-1.323161418332042594e+00
-9.097593421064775754e-01
1.160106396606956913e-01
1.611980322143166111e+00
3.368851452507645838e+00
5.139233844037606858e+00
6.672387204780250158e+00
7.749803822653332119e+00
8.216575421689064740e+00
8.004012580015558598e+00
7.140168204997996426e+00
5.746600946910267460e+00
4.021667692902809677e+00
2.212580042462932717e+00
5.801164920119288304e-01
-6.389958442551177953e-01
-1.266602326956310698e+00
-1.209485746232006775e+00
-4.736290767091144716e-01
8.358610019488486031e-01
2.529340421830866603e+00
4.359767170032814221e+00
6.058560970555763703e+00
7.375007079709835267e+00
8.113426902770287441e+00
8.162582703634093662e+00
7.512854189873246824e+00
6.258477940800418970e+00
4.584328162110494098e+00
2.739020327848447511e+00
9.981948526162325308e-01
-3.766303043332608347e-01
-1.063651338508907251e+00
