2.021894383294252640e-01
2.900425635838016492e-01
3.773663353298907230e-01
4.633394109642679504e-01
5.471088886024424447e-01
6.277988884553588056e-01
7.045202990743435478e-01
7.763816247629187206e-01
8.425008388609334098e-01
9.020181145265909750e-01
9.541092708284202306e-01
9.979997382957698226e-01
1.032978815564699504e+00
1.058413958497028684e+00
1.073764816317617443e+00
1.078596707122822851e+00
1.072593208776387641e+00
1.055567531898238265e+00
1.027472340442908472e+00
9.884076931862594284e-01
9.386267970188807430e-01
8.785392907544284924e-01
8.087118163695177220e-01
7.298656830202854273e-01
6.428714872710077355e-01
5.487406197628525995e-01
4.486136626795725335e-01
3.437457620691454219e-01
2.354891422268319823e-01
1.252730134889897817e-01
1.458120723183262135e-02
-9.507205024443066144e-02
-2.021677428585226810e-01
-3.052092019283551561e-01
-4.027520824491397367e-01
-4.934300037845660292e-01
-5.759768033705300327e-01
-6.492463850782995705e-01
-7.122298507878739304e-01
-7.640696923265106744e-01
-8.040709104585270772e-01
-8.317090140110070529e-01
-8.466349327943836212e-01
-8.486769505031378502e-01
-8.378398265440508696e-01
-8.143013290608561716e-01
-7.784068958818852746e-01
-7.306637283625679880e-01
-6.717332665110395951e-01
-6.024217114077694557e-01
-5.236687447886044788e-01
-4.365346024798448799e-01
-3.421856775802212258e-01
-2.418788461918701116e-01
-1.369447229275943534e-01
-2.877006521165115238e-02
8.122044557542013044e-02
1.915828118695973303e-01
3.008724790880779598e-01
4.076630082940487232e-01
5.105644270113176564e-01
6.082410282406083279e-01
6.994283959106848414e-01
7.829494458451591310e-01
8.577292846956913186e-01
9.228087050109845535e-01
9.773561524783328514e-01
1.020678021165272398e+00
1.052227154056206482e+00
1.071609449056564412e+00
1.078588494643075713e+00
1.073088184178416338e+00
1.055193283278145877e+00
1.025147950208121106e+00
9.833522347903935756e-01
9.303566063955436283e-01
8.668545859956269251e-01
7.936735806496160173e-01
7.117640409100003396e-01
6.221870822088629849e-01
5.261007300567732692e-01
4.247449656430051235e-01
3.194257629602369475e-01
2.114983207174179203e-01
1.023497019065621322e-01
-6.618899160790794878e-03
-1.140100383149451058e-01
-2.184478260193088994e-01
-3.185954307837075561e-01
-4.131720615276381903e-01
-5.009692157791876266e-01
-5.808659900883816896e-01
-6.518432610432179919e-01
-7.129965596527236826e-01
-7.635474784256561787e-01
-8.028534690204424118e-01
-8.304159086420009883e-01
-8.458863351628553851e-01
-8.490707739797908049e-01
-8.399321035980753525e-01
-8.185904315661945985e-01
-7.853214773601476795e-01
-7.405529838281258437e-01
-6.848592035437598424e-01
-6.189535305719868763e-01
-5.436793714259336996e-01
-4.599993710964392912e-01
-3.689831306926713017e-01
-2.717935721848445119e-01
-1.696721227515869956e-01
-6.392290609150594327e-02
4.410385942549882587e-02
1.530290458748713167e-01
2.614621668790901854e-01
3.680190727421872587e-01
4.713395657773509773e-01
5.701047129092275956e-01
6.630536363539316635e-01
7.489995696581522866e-01
8.268449755363249665e-01
8.955955336702006164e-01
9.543728207849366818e-01
1.002425521715613055e+00
1.039139028625675643e+00
1.064043305805257633e+00
1.076818919311080203e+00
1.077301153838628789e+00
1.065482163352824863e+00
1.041511126843507773e+00
1.005692405805247436e+00
9.584817253502182499e-01
9.004804259294417745e-01
8.324278571451217967e-01
7.551920087750468857e-01
6.697584965993143014e-01
5.772180416338201780e-01
4.787526006662462530e-01
3.756203233111242712e-01
2.691395259283290153e-01
1.606718854883410208e-01
5.160506665128801462e-02
-5.666499717838480166e-02
-1.627519433550577155e-01
-2.652967127367967248e-01
-3.629849493913980818e-01
-4.545638448965773071e-01
-5.388582116158198154e-01
-6.147855788350061745e-01
-6.813701177897966144e-01
-7.377552162508831390e-01
-7.832145402835669623e-01
-8.171614398495581355e-01
-8.391565758343249026e-01
-8.489136686015498201e-01
-8.463032920136719373e-01
-8.313546617137583805e-01
-8.042553920245563148e-01
-7.653492217611288506e-01
-7.151317352439382491e-01
-6.542441305078210423e-01
-5.834651118000305781e-01
-5.037010076249432977e-01
-4.159742385131386389e-01
-3.214102800717338893e-01
-2.212232864338711802e-01
-1.167005567127313570e-01
-9.186042250398568365e-03
9.993689486659083909e-02
2.092632515438265783e-01
3.173844539851619073e-01
4.229064965917323504e-01
5.244679161536651701e-01
6.207573697058367257e-01
7.105305890725165385e-01
7.926264927092361301e-01
8.659822458739598883e-01
9.296470732976493956e-01
9.827946442144014361e-01
1.024733867659008313e+00
1.054917956118517353e+00
1.072951637680530368e+00
1.078596420475040008e+00
1.071773838158209813e+00
1.052566631117227924e+00
1.021217844653339757e+00
9.781278522839833567e-01
9.238493391482510697e-01
8.590803069556873783e-01
7.846551876435852169e-01
7.015341775677701452e-01
6.107909273242091430e-01
5.135987438786213666e-01
4.112154812842012674e-01
3.049673136344200897e-01
1.962315987964707853e-01
8.641905370225436145e-02
-2.304452862975525651e-02
-1.307367837355721540e-01
-2.352572620272275206e-01
-3.352456565446321202e-01
-4.293995347410564101e-01
-5.164913428520033767e-01
-5.953844603684249615e-01
-6.650480940226700666e-01
-7.245708153535359575e-01
-7.731725631621214623e-01
-8.102149517856983563e-01
-8.352097478540180253e-01
-8.478254017739711434e-01
-8.478915453121995682e-01
-8.354013929879233746e-01
-8.105120122095624824e-01
-7.735424548359282060e-01
-7.249697707549550563e-01
-6.654229517859244769e-01
-5.956748813621715044e-01
-5.166323916836021990e-01
-4.293245549962815266e-01
-3.348893590294871880e-01
-2.345589380883753572e-01
-1.296435505759966633e-01
-2.151451054322883749e-02
8.841370498855670446e-02
1.987019399128203134e-01
3.079051928650403114e-01
4.145915546238262972e-01
5.173610008368740854e-01
6.148637931962185332e-01
7.058182468069061910e-01
7.890276293073648084e-01
8.633959682149773274e-01
9.279425568516563860e-01
9.818149658778028144e-01
1.024300386716877842e+00
1.054835154740979331e+00
1.073012323732513540e+00
1.078587188532243557e+00
1.071480679600018249e+00
1.051780581101489753e+00
1.019740552727183447e+00
9.757769643739191423e-01
9.204635816916744151e-01
8.545241689401047447e-01
7.788231032307036950e-01
6.943541206856682635e-01
6.022273399696307372e-01
5.036547317113260203e-01
3.999342232187861890e-01
2.924326463211693872e-01
1.825677518915920228e-01
7.178952740317817716e-02
-3.843893643326970477e-02
-1.466607774438120626e-01
-2.514446365469897304e-01
-3.514036197179714605e-01
-4.452136956363664799e-01
-5.316312842898966995e-01
-6.095098020693250351e-01
-6.778149422906026844e-01
-7.356384864489652342e-01
-7.822104606363161627e-01
-8.169094731903786544e-01
-8.392710935101785896e-01
-8.489941577554324104e-01
-8.459449145083467458e-01
-8.301589520549212953e-01
-8.018408783605281975e-01
-7.613617546813327142e-01
-7.092543136712237128e-01
-6.462060224140739884e-01
-5.730500796373904082e-01
-4.907544640586956053e-01
-4.004091770073099354e-01
-3.032118467972373388e-01
-2.004518844723018334e-01
-9.349340019972990357e-02
1.624289351510888046e-02
1.272985517155440505e-01
2.381967891855375496e-01
3.474621367671578143e-01
4.536400996842397393e-01
5.553165553168890600e-01
6.511366309528140439e-01
7.398228086076276133e-01
8.201920139752754135e-01
8.911714598166284862e-01
9.518130304469374359e-01
1.001306013228709713e+00
1.038988004862503534e+00
1.064353844505005142e+00
1.077062452010412841e+00
1.076941477537512348e+00
1.063989698017824281e+00
1.038377126148018137e+00
1.000442828247231741e+00
9.506904780941526356e-01
8.897817043142717264e-01
8.185273186130564982e-01
7.378765407424722200e-01
6.489043631404730617e-01
5.527972183890704772e-01
4.508371369746124735e-01
3.443846247564851248e-01
2.348604851831894158e-01
1.237268287033258807e-01
1.246752406745671449e-02
-9.743164624622072112e-02
-2.045028602466120726e-01
-3.073158936335507185e-01
-4.044972565159010713e-01
-4.947485728932087268e-01
-5.768639563296346084e-01
-6.497461487456150930e-01
-7.124212058822783078e-01
-7.640515325315062611e-01
-8.039470928050292953e-01
-8.315746452396486355e-01
-8.465648790705802007e-01
-8.487173561929135523e-01
-8.380031927918302204e-01
-8.145654449583797918e-01
-7.787171934107817162e-01
-7.309373532967600173e-01
-6.718642655456709134e-01
-6.022871559605305070e-01
-5.231355767908381083e-01
-4.354669725244513234e-01
-3.404525367200280095e-01
-2.393615495342780175e-01
-1.335444058774455933e-01
-2.441456158414739841e-02
8.657036061513199987e-02
1.979280523859991980e-01
3.081713276524067346e-01
4.158279920739570978e-01
5.194605084699712716e-01
6.176851953646816940e-01
7.091907021849919168e-01
7.927555144263301878e-01
8.672642551783291687e-01
9.317225655937005913e-01
9.852703659705638328e-01
1.027193320843840407e+00
1.056932355551709835e+00
1.074091097835346620e+00
1.078441145793791467e+00
1.069925092578653425e+00
1.048657268186328206e+00
1.014922189187692503e+00
9.691707378197745859e-01
9.120141221426535383e-01
8.442156985343544084e-01
7.666807662633017273e-01
6.804444708636091521e-01
5.866579781850037589e-01
4.865731039628523047e-01
3.815256042513646695e-01
2.729173509216212823e-01
1.621976342937445914e-01
5.084383266935180168e-02
-5.965829301513086991e-02
-1.678344148563878924e-01
-2.722412999011530332e-01
-3.714860563011272987e-01
-4.642447072420362586e-01
-5.492798451442898466e-01
-6.254571308898138060e-01
-6.917604182187925277e-01
-7.473053017577404589e-01
-7.913509081416306712e-01
-8.233097730999847652e-01
-8.427556728770422279e-01
-8.494293056111126283e-01
-8.432417469449197123e-01
-8.242756337958209167e-01
-7.927840604876937869e-01
-7.491872019317307174e-01
-6.940667088356781145e-01
-6.281579496163416376e-01
-5.523402023934261829e-01
-4.676249277707100749e-01
-3.751422787000041614e-01
-2.761260272318106224e-01
-1.718971090721727046e-01
-6.384600530431217003e-02
4.658580384811694675e-02
1.579250659499433773e-01
2.686864076155162095e-01
3.773921480626548086e-01
4.825920107351098221e-01
5.828824701056627422e-01
6.769254756132442319e-01
7.634663029709984894e-01
8.413502946959808826e-01
9.095382665030645741e-01
9.671203739774799635e-01
1.013328254456859812e+00
1.047545282040770687e+00
1.069314798798177479e+00
1.078346212225526290e+00
1.074518877460846067e+00
1.057883712303189672e+00
1.028662523328008893e+00
9.872450519242866873e-01
9.341837795011981305e-01
8.701865610148982189e-01
7.961071849503673636e-01
7.129339855725809194e-01
6.217766592653743984e-01
5.238514607587132499e-01
4.204649766840788949e-01
3.129966929053242808e-01
2.028805881931521338e-01
9.158599983061752048e-02
-1.940198352039732010e-02
-1.286023400262473471e-01
-2.345578794534062261e-01
-3.358546906844213087e-01
-4.311410123673531380e-01
-5.191452747654995425e-01
-5.986930719164773596e-01
-6.687228374700713296e-01
-7.283000148632324811e-01
-7.766295325771896962e-01
-8.130664178384312546e-01
-8.371244069705429114e-01
-8.484824373530205355e-01
-8.469889339986484966e-01
-8.326638326809878698e-01
-8.056983131857645697e-01
-7.664522466320288219e-01
-7.154493909970706111e-01
-6.533703990453572086e-01
-5.810437320716252962e-01
-4.994346008283865324e-01
-4.096320813457460241e-01
-3.128345777142237938e-01
-2.103338259644625952e-01
-1.034976526465120894e-01
6.248281673884942267e-03
1.174395102454543482e-01
2.285923052484930551e-01
3.382234792699636006e-01
4.448701788023044501e-01
5.471094055570975279e-01
6.435770050371878437e-01
7.329858689423037754e-01
8.141431084976635812e-01
8.859659695512028810e-01
9.474962770996877559e-01
9.979132165514005282e-01
1.036544281251107646e+00
1.062874240284129357e+00
1.076552007014053292e+00
1.077395316838635431e+00
1.065393151897406021e+00
1.040705880540863326e+00
1.003663109873915715e+00
9.547592802077722318e-01
8.946470603875229521e-01
8.241286323051303375e-01
7.441449810674859444e-01
6.557633338915296317e-01
5.601629154877147965e-01
4.586192101406145749e-01
3.524869406014010664e-01
2.431819910068110657e-01
1.321625151042593038e-01
2.090948190673611040e-02
-8.909308162080714633e-02
-1.963778872288708399e-01
-2.995139572946559081e-01
-3.971257108960840609e-01
-4.879113094791082128e-01
-5.706600174566828221e-01
-6.442683462472956757e-01
-7.077547665180727865e-01
-7.602727925230817752e-01
-8.011222641665112221e-01
-8.297586764828707162e-01
-8.458004322898932115e-01
-8.490339214873404705e-01
-8.394163594756023361e-01
-8.170763470653424898e-01
-7.823121446441572147e-01
-7.355876838529468165e-01
-6.775263701967176866e-01
-6.089027594694897960e-01
-5.306322192180872310e-01
-4.437587133271386763e-01
-3.494408728195499969e-01
-2.489365387997311552e-01
-1.435859838170019942e-01
-3.479403552314580539e-02
7.598865889413415620e-02
1.872849775935319649e-01
2.976110202785902104e-01
4.054958930617271196e-01
5.095013181956695725e-01
6.082408072437063273e-01
6.228141600888793539e-01
6.959901254181535268e-01
7.614146238556632751e-01
8.182157059381081066e-01
8.656364204606158408e-01
9.030448972477729264e-01
9.299427616656925633e-01
9.459717688922488765e-01
9.509185697080175803e-01
9.447175444879490902e-01
9.274516678317211715e-01
8.993513925249914109e-01
8.607915679247369889e-01
8.122864340575155495e-01
7.544827583606169563e-01
6.881512067413277922e-01
6.141760641489028005e-01
5.335434418345965657e-01
4.473281286241321264e-01
3.566792615763100249e-01
2.628050071113869901e-01
1.669564568532858062e-01
7.041095286731965941e-02
-2.554493544991409681e-02
-1.196325559596018440e-01
-2.105982113906548769e-01
-2.972298629677101456e-01
-3.783732775341308030e-01
-4.529474030898172909e-01
-5.199587679718803424e-01
-5.785147119399514093e-01
-6.278352730147542804e-01
-6.672635718489171586e-01
-6.962745554450182617e-01
-7.144819839090063018e-01
-7.216435673467916923e-01
-7.176641846648590395e-01
-7.025971415944138876e-01
-6.766434513816470542e-01
-6.401491479265478679e-01
-5.936006673583458237e-01
-5.376183597580991291e-01
-4.729482176357703294e-01
-4.004519315090291354e-01
-3.210954051976180890e-01
-2.359358839448678635e-01
-1.461078669336534075e-01
-5.280799193215046650e-02
4.272090652847741754e-02
1.392063530604970567e-01
2.353631808726678876e-01
3.299106490174206208e-01
4.215894994707127807e-01
5.091787269097773905e-01
5.915118379046141461e-01
6.674923830617874865e-01
7.361085553631181444e-01
7.964466603966712244e-01
8.477032792176640852e-01
8.891959620015250643e-01
9.203723102281291535e-01
9.408173266041760519e-01
9.502589350040842042e-01
9.485715970808989983e-01
9.357779775433149316e-01
9.120486360753895516e-01
8.776997501460942486e-01
8.331888991668301436e-01
7.791089662575921837e-01
7.161802389335448771e-01
6.452408139895398076e-01
5.672354344226925305e-01
4.832029070917067681e-01
3.942622686891149031e-01
3.015978842484998701e-01
2.064436766013880153e-01
1.100666967492147097e-01
1.375025387207973182e-02
-8.122317045919441592e-02
-1.735889964449637279e-01
-2.621173813395072383e-01
-3.456295917949595009e-01
-4.230136953810023082e-01
-4.932393624671499444e-01
-5.553715815044085735e-01
-6.085831052122504525e-01
-6.521654620725713114e-01
-6.855383866303096374e-01
-7.082575431452505788e-01
-7.200204398525458238e-01
-7.206704551672987735e-01
-7.101989222916416100e-01
-6.887452445164803372e-01
-6.565950397110940084e-01
-6.141763387135654728e-01
-5.620538882249911383e-01
-5.009216340262816480e-01
-4.315934845430006161e-01
-3.549924776590830389e-01
-2.721384949209423310e-01
-1.841346865961291379e-01
-9.215278819973674040e-02
2.582476151641074913e-03
9.880969605017723978e-02
1.952475658733361652e-01
2.906119412241061628e-01
3.836329337975812881e-01
4.730718172193637550e-01
5.577375189085698182e-01
6.365024785162847198e-01
7.083176619058954016e-01
7.722265308640268167e-01
8.273777826091138765e-01
8.730366895160109886e-01
9.085948880811862693e-01
9.335784867675041010e-01
9.476543847160080469e-01
9.506347170977058614e-01
9.424793677855204388e-01
9.232965157237776888e-01
8.933412075190463320e-01
8.530119750243099208e-01
8.028455426894065550e-01
7.435096948595005806e-01
6.757943976819378307e-01
6.006012935053103297e-01
5.189317073141050951e-01
4.318733245504324247e-01
3.405857173668962457e-01
2.462849116979518305e-01
1.502272003249096599e-01
5.369241717423509780e-02
-4.203310470612997563e-02
-1.356736647965978149e-01
-2.259811884471356613e-01
-3.117518557642700583e-01
-3.918421446929888363e-01
-4.651840746796230830e-01
-5.307994478791715487e-01
-5.878128981474958215e-01
-6.354635738616219998e-01
-6.731152987285171641e-01
-7.002650749364054406e-01
-7.165498150037005187e-01
-7.217512121988081120e-01
-7.157986841265280287e-01
-6.987703496766863864e-01
-6.708920256678828631e-01
-6.325342558474361665e-01
-5.842074110783378460e-01
-5.265549252080379272e-01
-4.603447559311674153e-01
-3.864591839093090009e-01
-3.058830907210478567e-01
-2.196908665605969979e-01
-1.290321148304937882e-01
-3.511634606412569748e-02
6.080313553630582041e-02
1.574459388178468255e-01
2.535216633880225112e-01
3.477471208716233497e-01
4.388634701021713602e-01
5.256530375324519611e-01
6.069555980939065343e-01
6.816838986854075744e-01
7.488382163392338642e-01
8.075197557714938190e-01
8.569427063103473019e-01
8.964447959106068842e-01
9.254961998740434126e-01
9.437066837401749675e-01
9.508308833024176066e-01
9.467716495294064005e-01
9.315814119996178588e-01
9.054615409459111364e-01
8.687597148006482861e-01
8.219653268731321738e-01
7.657029911198113270e-01
7.007242325301453745e-01
6.278974721014394245e-01
5.481964393846265882e-01
4.626871668369617052e-01
3.725137394275895852e-01
2.788829898463663914e-01
1.830483440322456801e-01
8.629303336759193421e-02
-1.008710138302904014e-02
-1.048009836000449446e-01
-1.965796184040705108e-01
-2.841931214568489406e-01
-3.664672297829395520e-01
-4.422990722018725895e-01
-5.106719867461312345e-01
-5.706691851091497680e-01
-6.214860795527765713e-01
-6.624411056013715937e-01
-6.929848940209268893e-01
-7.127076677564577745e-01
-7.213447633814356053e-01
-7.187802018778496338e-01
-7.050482598731441231e-01
-6.803330194550306631e-01
-6.449659020010203303e-01
-5.994212187253439295e-01
-5.443097974906995207e-01
-4.803707714901064296e-01
-4.084616403191847489e-01
-3.295467373904990005e-01
-2.446842592687127893e-01
-1.550120320301076604e-01
-6.173220690568415048e-02
3.390490798471208767e-02
1.306176612583974106e-01
2.271102899371262585e-01
3.220903361584894764e-01
4.142860134296371122e-01
5.024632876256542868e-01
5.854424418404116093e-01
6.621139012533384660e-01
7.314531042857010945e-01
7.925342193472397767e-01
8.445425222415278155e-01
8.867852675888366898e-01
9.187009081902934859e-01
9.398665388120223119e-01
9.500034651047934986e-01
9.489808239585716398e-01
9.368172081711267918e-01
9.136802755185181590e-01
8.798843495075567844e-01
8.358860308446717235e-01
7.822778713872271528e-01
7.197802331666449671e-01
6.492314484702760291e-01
5.715764187608435298e-01
4.878538113241915330e-01
3.991820307332393791e-01
3.067441578876162755e-01
2.117720623432604032e-01
1.155299037326854850e-01
1.929724518305192538e-02
-7.564799430382443401e-02
-1.680465205630172210e-01
-2.566743522025886626e-01
-3.403589949798405123e-01
-4.179948898255689826e-01
-4.885579324885986896e-01
-5.511188761443217565e-01
-6.048554440827493828e-01
-6.490629975352666392e-01
-6.831636235562901227e-01
-7.067135293653051820e-01
-7.194086523807780020e-01
-7.210884190266581006e-01
-7.117376099444272519e-01
-6.914863141720924977e-01
-6.606079798291675242e-01
-6.195155935496754473e-01
-5.687560450173174686e-01
-5.090027561737189288e-01
-4.410466767021321566e-01
-3.657857679656214001e-01
-2.842131164502346152e-01
-1.974038347073776012e-01
-1.065009226078048321e-01
-1.270027424479219791e-02
8.276497408085010943e-02
1.786405518007082027e-01
2.736674099971761476e-01
3.665981150457711668e-01
4.562130700703795894e-01
5.413363572685849778e-01
6.208509996970000833e-01
6.937134491163942096e-01
7.589671168626876963e-01
8.157547772886408755e-01
8.633296879407807989e-01
9.010652871032291955e-01
9.284633474427202993e-01
9.451604839958189785e-01
9.509329354063843498e-01
9.456995588935728225e-01
9.295230016446153209e-01
9.026090339143668650e-01
8.653040518059383901e-01
8.180907802355112945e-01
7.615822286861587687e-01
6.965139737747281234e-01
6.237348631460468695e-01
5.441962545380201188e-01
4.589399218108011214e-01
3.690847761035493946e-01
2.758125648918200445e-01
1.803527244074744074e-01
8.396657151322441115e-02
-1.206897041880461430e-02
-1.064779108799282226e-01
-1.980017922375623685e-01
-2.854160115542767606e-01
-3.675443976021532944e-01
-4.432745375048184888e-01
-5.115741793176584729e-01
-5.715071360432339986e-01
-6.222483342768881931e-01
-6.630976634007677006e-01
-6.934922782084774751e-01
-7.130170154222236212e-01
-7.214126035286222427e-01
-7.185813761192432203e-01
-7.045902414693823168e-01
-6.796707149484750854e-01
-6.442157213731840582e-01
-5.987715171130731928e-01
-5.440256941138716940e-01
-4.807929646753895669e-01
-4.099989959364925829e-01
-3.326627208759455612e-01
-2.498775695594221413e-01
-1.627920656649112785e-01
-7.259022245766841297e-02
1.952784940341922848e-02
1.123647410735943986e-01
2.047436095729801009e-01
2.955248094682466631e-01
3.836210440905942765e-01
4.680108396946155436e-01
5.477501981604107062e-01
6.219823351992369576e-01
6.899454601857335501e-01
7.509785995584884466e-01
8.045255072830580501e-01
8.501367424616060875e-01
8.874700253331080368e-01
9.162890083819891229e-01
9.364606190017622511e-01
9.479511442590886627e-01
9.508212370342361552e-01
9.452200265601491402e-01
9.313785156193888914e-01
9.096024419275037243e-01
8.802647731139684462e-01
8.437979938050289563e-01
8.006863302098164992e-01
7.514580428838939508e-01
6.966779025284619564e-01
6.369399472684577068e-01
5.728606032725347408e-01
5.050722342082836214e-01
4.342171691797527266e-01
3.609422437228843039e-01
2.858938743296027818e-01
2.097136739673188810e-01
1.330346042406710394e-01
5.647764924336028808e-02
-1.935101323602247958e-02
-9.386237569509783829e-02
-1.664863652293511187e-01
-2.366718737053039034e-01
-3.038875905102497166e-01
-3.676237894390749772e-01
-4.273941792809358153e-01
-4.827378270301005969e-01
-5.332211671038863399e-01
-5.784401052449330560e-01
-6.180222210318029319e-01
-6.516290681081815528e-01
-6.789585663557864414e-01
-6.997474752721780655e-01
-7.137739327716490223e-01
-7.208600385115339071e-01
-7.208744556720161345e-01
-7.137349999096962438e-01
-6.994111789983558092e-01
-6.779266415115272615e-01
-6.493614878498394916e-01
-6.138543920438219725e-01
-5.716044781562646948e-01
-5.228728908676537612e-01
-4.679839960667335763e-01
-4.073261441155389129e-01
-3.413519260525586518e-01
-2.705778514940605506e-01
-1.955833765528212087e-01
-1.170092108870353642e-01
-3.555483519583607643e-02
4.802483573227343816e-02
1.329237037591688153e-01
2.182897037873785806e-01
3.032310281012258191e-01
3.868233891850469397e-01
4.681183374495433425e-01
5.461526338133750880e-01
6.199586581873127722e-01
6.885758136198875112e-01
7.510628622753181549e-01
8.065111036894481167e-01
8.540582781264056678e-01
8.929030486721005744e-01
9.223198853758820537e-01
9.416741438217188787e-01
9.504370996125233173e-01
9.482006701333828280e-01
9.346915264772451826e-01
9.097842725279647880e-01
8.735133459536554845e-01
8.260832784006629792e-01
7.678769406898814376e-01
6.994613945338026273e-01
6.215909764520650693e-01
5.352072533719720582e-01
4.414355139920703164e-01
3.415774963711111223e-01
2.371001012172729849e-01
1.296199025899646973e-01
2.088334349402297396e-02
-8.725740691755132228e-02
-1.928728555894020369e-01
-2.939886540631627132e-01
-3.886218152567938455e-01
-4.748202273290721420e-01
-5.507048744627282000e-01
-6.145140330053924238e-01
-6.646485715369025993e-01
-6.997173496320129304e-01
-7.185815874397979419e-01
-7.203969722411839305e-01
-7.046521847335025512e-01
-6.712024729586275607e-01
-6.202968815463928420e-01
-5.525977640425377979e-01
-4.691912717712128922e-01
-3.715876283832811322e-01
-2.617101682886829317e-01
-1.418723414553507700e-01
-1.474216671883465946e-02
1.167060511302444731e-01
2.492525428782589592e-01
3.795048126822507251e-01
5.039812120979890731e-01
6.192037919950587055e-01
7.217983900248418072e-01
8.085994391773384526e-01
8.767565424221573922e-01
9.238394709497547153e-01
9.479379316613097961e-01
9.477522361263884809e-01
9.226709103676614676e-01
8.728313328704645491e-01
7.991596944675640746e-01
7.033869512332152629e-01
5.880379976605367709e-01
4.563920227737358615e-01
3.124129190528571187e-01
1.606496768430924482e-01
6.107889467193525213e-03
-1.459052190435444207e-01
-2.899584960394452349e-01
-4.206922140815584354e-01
-5.330247346561578503e-01
-6.223630101597457109e-01
-6.848085271145970543e-01
-7.173496427419977506e-01
-7.180309572884508995e-01
-6.860904545633127460e-01
-6.220556795694003327e-01
-5.277912349766988864e-01
-4.064913769792457554e-01
-2.626134610138268211e-01
-1.017503870480072903e-01
6.955704800643369712e-02
2.440639665386833967e-01
4.141143230527897789e-01
5.719727145410470337e-01
7.101819549813128685e-01
8.219307222757109566e-01
9.014135906319430402e-01
9.441645080947618229e-01
9.473444271842370590e-01
9.099644737942211847e-01
8.330278284900497487e-01
7.195764218884103114e-01
5.746325729507110180e-01
4.050307142716867981e-01
2.191401646670563252e-01
2.648626529431404031e-02
-1.627162375112168879e-01
-3.380972853571902470e-01
-4.897069992381749559e-01
-6.086017202935430914e-01
-6.874064299968043468e-01
-7.208178868626382574e-01
-7.060134526210647410e-01
-6.429335390275160433e-01
-5.344109448801195317e-01
-3.861279713771635924e-01
-2.063918310281840363e-01
-5.730054699105882610e-03
2.036802580852996591e-01
4.087231611310556678e-01
5.175857813718793832e-01
