3.385496850858615847e+00
3.512498232272839971e+00
3.632193871653575989e+00
3.741132413451368599e+00
3.836160513635368474e+00
3.914515025860997977e+00
3.973904476435516031e+00
4.012577396365489157e+00
4.029375438467433845e+00
4.023769630859218793e+00
3.995878593533894740e+00
3.946468058897840248e+00
3.876931575583422607e+00
3.789252822085360073e+00
3.685950496932451692e+00
3.570007269314384057e+00
3.444784752934325400e+00
3.313926891883394621e+00
3.181254507436821921e+00
3.050654037534604957e+00
2.925963697147616838e+00
2.810860390994910141e+00
2.708750716089106891e+00
2.622669299089730455e+00
2.555187524085933859e+00
2.508335424749645881e+00
2.483539148133758090e+00
2.481575955690839663e+00
2.502548222665166744e+00
2.545877344195094594e+00
2.610317871205102502e+00
2.693991598584236868e+00
2.794440730026349851e+00
2.908698666178793690e+00
3.033376422950218920e+00
3.164762201581192702e+00
3.298931216563834923e+00
3.431862554975253055e+00
3.559559602192166938e+00
3.678170432506740806e+00
3.784104534106305540e+00
3.874142318266153850e+00
3.945534051197814751e+00
3.996085139260128649e+00
4.024225086436881149e+00
4.029057916360761382e+00
4.010392396241149626e+00
3.968751001004569456e+00
3.905357195054325548e+00
3.822101267190921359e+00
3.721485611482847844e+00
3.606550983098958163e+00
3.480785853569917876e+00
3.348021525911175189e+00
3.212316129390295316e+00
3.077830981486840756e+00
2.948703068445332587e+00
2.828917546493699753e+00
2.722184197410018491e+00
2.631821682403814755e+00
2.560653228702357342e+00
2.510917059002593099e+00
2.484194443897078219e+00
2.481357733737670213e+00
2.502540124457576010e+00
2.547128249550708823e+00
2.613777987728938879e+00
2.700453154267345113e+00
2.804486026078019112e+00
2.922657958655378696e+00
3.051297709193482088e+00
3.186394505125335730e+00
3.323722409896553209e+00
3.458972154247171193e+00
3.587886334839751612e+00
3.706393742402299907e+00
3.810738574421211666e+00
3.897600414464691632e+00
3.964201118849724370e+00
4.008395134785825320e+00
4.028740271490708125e+00
4.024546542474795707e+00
3.995901375293130720e+00
3.943670223814077058e+00
3.869472394519461123e+00
3.775632688117220859e+00
3.665110235685486550e+00
3.541406649627753200e+00
3.408456289739577816e+00
3.270502041180829433e+00
3.131960494047274945e+00
2.997280786574403777e+00
2.870801612505851530e+00
2.756610988705025633e+00
2.658413327082669753e+00
2.579408155478430054e+00
2.522184490175629179e+00
2.488634387832242112e+00
2.479888610798339776e+00
2.496276645114947623e+00
2.537312536504201965e+00
2.601707180758581650e+00
2.687406847590929182e+00
2.791656858931110818e+00
2.911088511913153098e+00
3.041826560885774633e+00
3.179613877720044890e+00
3.319949319149731348e+00
3.458234364371511660e+00
3.589923762284314979e+00
3.710675257714269648e+00
3.816493456972082754e+00
3.903863047103460104e+00
3.969866896827858760e+00
4.012285031696330329e+00
4.029671077606611362e+00
4.021403486950483774e+00
3.987709677634408312e+00
3.929662100853993145e+00
3.849146180033990561e+00
3.748801000286348106e+00
3.631934543905795731e+00
3.502416131965096824e+00
3.364549515511096711e+00
3.222930735097360611e+00
3.082295410638199229e+00
2.947360515212626098e+00
2.822665911742169520e+00
2.712420981105458040e+00
2.620361540746741991e+00
2.549621946708146680e+00
2.502626797792185442e+00
2.481006032558613850e+00
2.485536447773027735e+00
2.516111795227179648e+00
2.571742661022698329e+00
2.650586329019028575e+00
2.750005811812247458e+00
2.866656232883030064e+00
2.996595796739994544e+00
3.135417722883341529e+00
3.278398774557686135e+00
3.420659411253589521e+00
3.557330156860170955e+00
3.683718519958450344e+00
3.795470739612143429e+00
3.888722763295326068e+00
3.960235190706528741e+00
4.007507428848045450e+00
4.028866984107226656e+00
4.023530644355033381e+00
3.991635251130292161e+00
3.934236797198320978e+00
3.853277673130783398e+00
3.751522990776336552e+00
3.632467993330278144e+00
3.500219583262921930e+00
3.359355924402737781e+00
3.214768869722275380e+00
3.071494602737537161e+00
2.934538334031043583e+00
2.808699147509667871e+00
2.698401132709882244e+00
2.607536766168124132e+00
2.539328120509367626e+00
2.496210895874291680e+00
2.479745503176640220e+00
2.490558507629490936e+00
2.528316694968178791e+00
2.591734887563489576e+00
2.678617452457988435e+00
2.785932249778910297e+00
2.909914610254880962e+00
3.046197846232792550e+00
3.189965830978830574e+00
3.336122361829703120e+00
3.479471384645391296e+00
3.614901724587902265e+00
3.737569759014697013e+00
3.843073491940390607e+00
3.927611747556468025e+00
3.988122685783122900e+00
4.022396540590838399e+00
4.029158368898182907e+00
4.008117644183415429e+00
3.959982698422394698e+00
3.886439267621535354e+00
3.790093685667013546e+00
3.674382552216367337e+00
3.543451926467380719e+00
3.402010224880441580e+00
3.255159985461069994e+00
3.108214466875752535e+00
2.966505646419319131e+00
2.835190542924960866e+00
2.719062903615563798e+00
2.622377151072453838e+00
2.548691090652528413e+00
2.500733241815086494e+00
2.480299799882460743e+00
2.488185187012529997e+00
2.524148949190492708e+00
2.586920442504874629e+00
2.674241374083514255e+00
2.782944870939426441e+00
2.909068394795724544e+00
3.047996553097184425e+00
3.194628723567777495e+00
3.343565455053491675e+00
3.489306868077739487e+00
3.626455784028076668e+00
3.749918082910745021e+00
3.855092837228382585e+00
3.938045094655715950e+00
3.995654775376353385e+00
4.025735991665765567e+00
4.027122158535449969e+00
3.999713507443146909e+00
3.944484995462785637e+00
3.863454069511269129e+00
3.759609245066344307e+00
3.636801935292863774e+00
3.499605363915458955e+00
3.353145660206358514e+00
3.202911318189741507e+00
3.054548062009474041e+00
2.913646760778490830e+00
2.785532353944567774e+00
2.675061767557222581e+00
2.586438519245104040e+00
2.523051133067984786e+00
2.487341633803423768e+00
2.480709293430233053e+00
2.503453499993625542e+00
2.554758158351549291e+00
2.632718467712997334e+00
2.734409311130268527e+00
2.855992898284798631e+00
2.992861786127296586e+00
3.139812021002631237e+00
3.291239955016231900e+00
3.441355336056568959e+00
3.584402593915926971e+00
3.714881872953355479e+00
3.827761311872123429e+00
3.918672348341861067e+00
3.984080422711637759e+00
4.021424350835427930e+00
4.029218799180561028e+00
4.007115683339574908e+00
3.955921872087075020e+00
3.877572254235801097e+00
3.775058950730826091e+00
3.652319163055446793e+00
3.514085774448226562e+00
3.365706298555190212e+00
3.212937041968297436e+00
3.061720361098465126e+00
2.917953608029769885e+00
2.787258743747219825e+00
2.674761632417163693e+00
2.584889712712523213e+00
2.521196080823968177e+00
2.486217037700189092e+00
2.481368885991340534e+00
2.506888257494033212e+00
2.561818566824284993e+00
2.644043386481883751e+00
2.750365692529746831e+00
2.876630111399630874e+00
3.017883579092731416e+00
3.168568273278058012e+00
3.322739359498928291e+00
3.474299059291365843e+00
3.617237844066172769e+00
3.745873214981567667e+00
3.855076562539528240e+00
3.940479012192726227e+00
3.998647940639560971e+00
4.027226963743517629e+00
4.025033609375779697e+00
3.992110542915658922e+00
3.929728045394111025e+00
3.840337382321865167e+00
3.727476668159602990e+00
3.595632748329948392e+00
3.450064410076621790e+00
3.296593822198377932e+00
3.141374425992873309e+00
2.990644500060608113e+00
2.850476256870721148e+00
2.726530570489458682e+00
2.623827269622861280e+00
2.546540361513033091e+00
2.497826600047253098e+00
2.479694511257381162e+00
2.492919391250470795e+00
2.537007958152112774e+00
2.610214343649878366e+00
2.709607031264108734e+00
2.831184271696617571e+00
2.970033515338487362e+00
3.120528580285270248e+00
3.276556696854924677e+00
3.431766303112670613e+00
3.579825564576796904e+00
3.714681094874799250e+00
3.830806286093516810e+00
3.923429023941772176e+00
3.988729351794353839e+00
4.023998829862199145e+00
4.027754865310138932e+00
3.999805105562190377e+00
3.941259017377445328e+00
3.854485936177496352e+00
3.743021075071906623e+00
3.611423140073661830e+00
3.465089217396356780e+00
3.310034395757953884e+00
3.152645085140445058e+00
2.999416129155249688e+00
2.856682531340941189e+00
2.730356893486987513e+00
2.625683481884272474e+00
2.547019199798079558e+00
2.497650675057924818e+00
2.479655212314831658e+00
2.493811568717264393e+00
2.539564462299120251e+00
2.615044498425616482e+00
2.717142893291793371e+00
2.841638080907343156e+00
2.983369107508450746e+00
3.136448737216900540e+00
3.294507499422667074e+00
3.450958574678516300e+00
3.599272500051256873e+00
3.733250217800670789e+00
3.847283014760352504e+00
3.936588405501066035e+00
3.997411981501401979e+00
4.027186642630199209e+00
4.024642389524384356e+00
3.989861913240749125e+00
3.924279486230415337e+00
3.830623041193843115e+00
3.712801721280470701e+00
3.575743494803827360e+00
3.425189551725893899e+00
3.267454046597932482e+00
3.109159243730803546e+00
2.956957190214524633e+00
2.817249643785023849e+00
2.695918088003149915e+00
2.598075270384184066e+00
2.527848815065814936e+00
2.488206126300954946e+00
2.480828067948185112e+00
2.506036849817721013e+00
2.562781260950512952e+00
2.648679959855922306e+00
2.760121065914820981e+00
2.892413899953887313e+00
3.039986498139541027e+00
3.196620567450266570e+00
3.355713947434393329e+00
3.510559461181203211e+00
3.654628329875230897e+00
3.781846121154999629e+00
3.886849511279128588e+00
3.965212952200489749e+00
4.013635612812355369e+00
4.030080654406372531e+00
4.013860931443703706e+00
3.965667492991395982e+00
3.887539699511220359e+00
3.782778259242593588e+00
3.655804921117354667e+00
3.511974832346695052e+00
3.357349580887484475e+00
3.198440609527103184e+00
3.041933937926186715e+00
2.894407908338527236e+00
2.762055947016544444e+00
2.650426095470021171e+00
2.564188325028830207e+00
2.506939437586135355e+00
2.481053728276057857e+00
2.487585613402703011e+00
2.526228195189233361e+00
2.595329340841445287e+00
2.691964400713302563e+00
2.812062284877125506e+00
2.950579362518886306e+00
3.101713640700198837e+00
3.259150003387201178e+00
3.416326018643049078e+00
3.566707004066659525e+00
3.704058710454796177e+00
3.822706152425596304e+00
3.917767771835022117e+00
3.985355233597597469e+00
4.022730672783421113e+00
4.028415068209715066e+00
4.002243528729490407e+00
3.945365551260875847e+00
3.860190645334177439e+00
3.750282016799622919e+00
3.620203165205958307e+00
3.475324183993438787e+00
3.321596179622395173e+00
3.165303478871410281e+00
3.012804123517739630e+00
2.870269528083820187e+00
2.743434088900278400e+00
2.637364991179182550e+00
2.556261494355618336e+00
2.503291631804100525e+00
2.480472601913937147e+00
2.488599228769449834e+00
2.527222816794028937e+00
2.594680604425492199e+00
2.688173928206754493e+00
2.803891228889314746e+00
2.937170247023792147e+00
3.082692238855337941e+00
3.234699853062726227e+00
3.387229488695518320e+00
3.534348531514027503e+00
3.670387849183844420e+00
3.790160307192442346e+00
3.889156821891016413e+00
3.963712554345223626e+00
4.011137215137046574e+00
4.029805031799963189e+00
4.019201655623806602e+00
3.979927077403007107e+00
3.913655405821970135e+00
3.823054063641157185e+00
3.711666507420966710e+00
3.583763916415956707e+00
3.444172376486483333e+00
3.298082868949462565e+00
3.150851839467089466e+00
3.007800259800660125e+00
2.874018911066469339e+00
2.754187129878865825e+00
2.652411499334705880e+00
2.572089938689221089e+00
2.515805508671825397e+00
2.485253564463791864e+00
2.481203543329451477e+00
2.503495337826717737e+00
2.551069038341791106e+00
2.622025621525700956e+00
2.713715112638286353e+00
2.822847892839148276e+00
2.945624179670402132e+00
3.077876292489210908e+00
3.215218126399193022e+00
3.353196290792695322e+00
3.487437606024571757e+00
3.613788070984506273e+00
3.728438986857828485e+00
3.828036615690961320e+00
3.909772531784221794e+00
3.971452654056350173e+00
4.011543793846270134e+00
4.029197382787308435e+00
4.024250830324830552e+00
3.997207675195764587e+00
3.949198319533930412e+00
3.881923653088101833e+00
3.797584278429344096e+00
3.698798331169847131e+00
3.588511052108612098e+00
3.469899315190893230e+00
3.346274254305636298e+00
3.220984974424229819e+00
3.097326091945252546e+00
2.978451540531325659e+00
2.867296718299476410e+00
2.766510656290239289e+00
2.678399472664507730e+00
2.604881957134773884e+00
2.547457719471673876e+00
2.507187946612164708e+00
2.484688455094985926e+00
2.480134407375823802e+00
2.493275788035680396e+00
2.523462512921891499e+00
2.569677872804614793e+00
2.630578893320822509e+00
2.704542123319812141e+00
2.789713341334736807e+00
2.884059690761188399e+00
2.985422813524909014e+00
3.091571644042843570e+00
3.200253644226366490e+00
3.309243400097710008e+00
3.819371508368182511e+00
4.180208199084727738e+00
4.520854979466467860e+00
4.835327086506541860e+00
5.118352448628392004e+00
5.365438484519448714e+00
5.572918994338110110e+00
5.737981674786333031e+00
5.858677172841042058e+00
5.933910916760100740e+00
5.963419225729200690e+00
5.947731401400904616e+00
5.888119647371213183e+00
5.786538749429006145e+00
5.645557484356722888e+00
5.468283713126798951e+00
5.258285061077511813e+00
5.019506998965454159e+00
4.756190020741898117e+00
4.472787472510631801e+00
4.173885428259898056e+00
3.864125837159640753e+00
3.548133989628194040e+00
3.230451169655188082e+00
2.915473183153664216e+00
2.607395279960345036e+00
2.310163823500753555e+00
2.027434909495561932e+00
1.762539995275273386e+00
1.518458475625502846e+00
1.297797030471663282e+00
1.102775474545581336e+00
9.352187594967444895e-01
7.965547144185012307e-01
6.878170608724900603e-01
6.096532024068506139e-01
5.623362652850389942e-01
5.457808555513277149e-01
5.595619964460261109e-01
6.029367182883325071e-01
6.748677889877479075e-01
7.740490960642416596e-01
8.989321652955548636e-01
1.047752609928274126e+00
1.218556546424943043e+00
1.409227480751275019e+00
1.617513221815839231e+00
1.841052580326699717e+00
2.077401640507429370e+00
2.324059413948416086e+00
2.578492705840628396e+00
2.838160043867597793e+00
3.100534539060311623e+00
3.363125565914267145e+00
3.623499166017708273e+00
3.879297095345106250e+00
4.128254450246179985e+00
4.368215821033405888e+00
4.597149934972740937e+00
4.813162762452607879e+00
5.014509071184992450e+00
5.199602423529729123e+00
5.367023621467890138e+00
5.515527612435452198e+00
5.644048877205698034e+00
5.751705328322758604e+00
5.837800754283167137e+00
5.901825850775099802e+00
5.943457885854721567e+00
5.962559050999922228e+00
5.959173554564454633e+00
5.933523518289943510e+00
5.886003741243847287e+00
5.817175398861504476e+00
5.727758747699713382e+00
5.618624909074592111e+00
5.490786806973973810e+00
5.345389337514314221e+00
5.183698848767017253e+00
5.007092011015996214e+00
4.817044158433744450e+00
4.615117183785124588e+00
4.402947068085748761e+00
4.182231127164560469e+00
3.954715056804396944e+00
3.722179857565803829e+00
3.486428719538285037e+00
3.249273946111081113e+00
3.012523994410875705e+00
2.777970708326932936e+00
2.547376818024329470e+00
2.322463777547218111e+00
2.104900009535969563e+00
1.896289623222639387e+00
1.698161668748671582e+00
1.511959987455846033e+00
1.339033714159682642e+00
1.180628483521029004e+00
1.037878388505845351e+00
9.117987345706639601e-01
8.032796286503862682e-01
7.130804372662460366e-01
6.418251431365464832e-01
5.899986245754194059e-01
5.579438767261151177e-01
5.458601883179587944e-01
5.538022821797192741e-01
5.816804222134668301e-01
6.292614839552168604e-01
6.961709802492186405e-01
7.818960279686897330e-01
8.857892361551691351e-01
1.007073490451541709e+00
1.144847603298602579e+00
1.298092794083161472e+00
1.465679958296720153e+00
1.646377679819950091e+00
1.838860935716766898e+00
2.041720438437562457e+00
2.253472556120147630e+00
2.472569747768618598e+00
2.697411446516524425e+00
2.926355320961315343e+00
3.157728841726323399e+00
3.389841077978976269e+00
3.620994646641843229e+00
3.849497735486462346e+00
4.073676120224390296e+00
4.291885095117889293e+00
4.502521236536540350e+00
4.704033919295488531e+00
4.894936506538186904e+00
5.073817135366220477e+00
5.239349022381913024e+00
5.390300215785641669e+00
5.525542723657560273e+00
5.644060951542737570e+00
5.744959386433414750e+00
5.827469468691358401e+00
5.890955598351477640e+00
5.934920227575107177e+00
5.959007996748280078e+00
5.963008877818229081e+00
5.946860294895568444e+00
5.910648198882711313e+00
5.854607079882793386e+00
5.779118908353751749e+00
5.684711003353937642e+00
5.572052833733021515e+00
5.441951765702703447e+00
5.295347777826831859e+00
5.133307172046153610e+00
4.957015316845552633e+00
4.767768466026710783e+00
4.566964703711633433e+00
4.356094073117677823e+00
4.136727953258446888e+00
3.910507753983621271e+00
3.679133005621399111e+00
3.444348924881058593e+00
3.207933543558643130e+00
2.971684490925889044e+00
2.737405524418877523e+00
2.506892906352929273e+00
2.281921726819792440e+00
2.064232274662941791e+00
1.855516559426942047e+00
1.657405087433592161e+00
1.471453994623895145e+00
1.299132637510404864e+00
1.141811741507715805e+00
1.000752203043157262e+00
8.770946382074180647e-01
7.718497662926364633e-01
6.858897114050752641e-01
6.199402994540492706e-01
5.745744212394328088e-01
5.502065251225132236e-01
5.470882949143280882e-01
5.653055601979373179e-01
6.047764773730071042e-01
6.652510103304032363e-01
7.463117298969299540e-01
8.473759411048624735e-01
9.676991370102037138e-01
1.106379767286129301e+00
1.262365299232134808e+00
1.434459538249298616e+00
1.621331164322947327e+00
1.821523430708430924e+00
2.033464960926234077e+00
2.255481570421035364e+00
2.485809029912719126e+00
2.722606678652810697e+00
2.963971787575078842e+00
3.207954564779428974e+00
3.452573688980891120e+00
3.695832250570526334e+00
3.935733974834507709e+00
4.170299597715981577e+00
4.397583261348641415e+00
4.615688794472859513e+00
4.822785741814868743e+00
5.017125006589017389e+00
5.197053971503146741e+00
5.361030966009028731e+00
5.507638951059830923e+00
5.635598297294910353e+00
5.743778538364111341e+00
5.831208987994100923e+00
5.897088117356098280e+00
5.940791598268594598e+00
5.961878927705799747e+00
5.960098559914221106e+00
5.935391484092267689e+00
5.887893197975431647e+00
5.817934040700757592e+00
5.726037861897682824e+00
5.612919017960683377e+00
5.479477700789422201e+00
5.326793618813076669e+00
5.156118064726602945e+00
4.968864418927630311e+00
4.766597152025347839e+00
4.551019403867686108e+00
4.323959230164393652e+00
4.087354620848630660e+00
3.843237406682197932e+00
3.593716182152092209e+00
3.340958383304614809e+00
3.087171668705645189e+00
2.834584760095314238e+00
2.585427906421023714e+00
2.341913140700097262e+00
2.106214503497811474e+00
1.880448409644890351e+00
1.666654336103933876e+00
1.466776008583705160e+00
1.282643262567690901e+00
1.115954750853026312e+00
9.682616644890753577e-01
8.409526271806622155e-01
7.352399148063919476e-01
6.521471417481969901e-01
5.924985442987806827e-01
5.569099785818667492e-01
5.457817362840100550e-01
5.592932661623839508e-01
5.973998728798850522e-01
6.598314473640396471e-01
7.460932647326541378e-01
8.554688670364489766e-01
9.870250288002742067e-01
1.139618783777268884e+00
1.311906471643302652e+00
1.502354743738678389e+00
1.709253447601364773e+00
1.930730291118258224e+00
2.164767168844231371e+00
2.409218015583058481e+00
2.661828035886051769e+00
2.920254142867214409e+00
3.182086425842825861e+00
3.444870453926504261e+00
3.706130212007725522e+00
3.963391456639650201e+00
4.214205272387309797e+00
4.456171604239528961e+00
4.686962538859256178e+00
4.904345106793853937e+00
5.106203379347970639e+00
5.290559637652003211e+00
5.455594397544320628e+00
5.599665082209588363e+00
5.721323145028046397e+00
5.819329457732219879e+00
5.892667793646248597e+00
5.940556252386807401e+00
5.962456490802401810e+00
5.958080644963205330e+00
5.927395849513582782e+00
5.870626283470958384e+00
5.788252695387852143e+00
5.681009385464462547e+00
5.549878647469144610e+00
5.396082698943693856e+00
5.221073153885208207e+00
5.026518117638436145e+00
4.814287008840401505e+00
4.586433237662191686e+00
4.345174893025512297e+00
4.092873613678388978e+00
3.832011838737670928e+00
3.565168652307182384e+00
3.294994453833957504e+00
3.024184700754614319e+00
2.755452982522966998e+00
2.491503695122487372e+00
2.235004592511744548e+00
1.988559496000194438e+00
1.754681444217011554e+00
1.535766565052558486e+00
1.334068946682368750e+00
1.151676777532896434e+00
9.904900148396471593e-01
8.521998283513165795e-01
7.382700498377867682e-01
6.499208405000778122e-01
5.881147673076219107e-01
5.535454559013790465e-01
5.466289622105300339e-01
5.674979775871564769e-01
6.159989533341576617e-01
6.916922002806953351e-01
7.938549878575398289e-01
9.214876352700600570e-01
1.073322555200016293e+00
1.247836178338533220e+00
1.443263655316713079e+00
1.657616201613810292e+00
1.888700921142681288e+00
2.134142915780110172e+00
2.391409461467171482e+00
2.657836006975898169e+00
2.930653729313460687e+00
3.207018360316014505e+00
3.484039982499202104e+00
3.758813478930369989e+00
4.028449311938028465e+00
4.290104299051900938e+00
4.541012051770918490e+00
4.778512743681860186e+00
5.000081879116884842e+00
5.203357741949271364e+00
5.386167216222490950e+00
5.546549686000613377e+00
5.682778740973644105e+00
5.793381436773130666e+00
5.877154884428233750e+00
5.933179971658596230e+00
5.960832049464285021e+00
5.959788450399592818e+00
5.930032739651505125e+00
5.871855636194476702e+00
5.785852578455505046e+00
5.672917946670645861e+00
5.534235992009872263e+00
5.371268560145358251e+00
5.185739733795630357e+00
4.979617554448962480e+00
4.755093017523516430e+00
4.514556510976293957e+00
4.260571684820070537e+00
3.995847523255484202e+00
3.723208960142808888e+00
3.445566264018340430e+00
3.165883536263501608e+00
2.887146673952184273e+00
2.612331152478354568e+00
2.344369982566064881e+00
2.086122191764788525e+00
1.840342172149951105e+00
1.609650223840068284e+00
1.396504608324658836e+00
1.203175406683302917e+00
1.031720455868303077e+00
8.839636115882654188e-01
7.614755593182236382e-01
6.655573658908018331e-01
5.972269472499918130e-01
5.572085462972231618e-01
5.459251478983957462e-01
5.634940446753353704e-01
6.097256414573974936e-01
6.841255111633963715e-01
7.858996806387898992e-01
9.139630909296920791e-01
1.066951142987374368e+00
1.243234207218459897e+00
1.440934943967644655e+00
1.657948252274998424e+00
1.891963636399862869e+00
2.140489753946414719e+00
2.400880886234534550e+00
2.670365051079384600e+00
2.946073460598132687e+00
3.225071012237903822e+00
3.504387490073141986e+00
3.781049145682252366e+00
4.052110323653808521e+00
4.314684796068180894e+00
4.565976473133410707e+00
4.803309163529538850e+00
5.024155067851951095e+00
5.226161701750207556e+00
5.407176961803935811e+00
5.565272066684173069e+00
5.698762128522397497e+00
5.806224134414067706e+00
5.886512145359377612e+00
5.938769549401381909e+00
5.962438236954717752e+00
5.957264598993670113e+00
5.923302282543019714e+00
5.860911672429116592e+00
5.770756103136347903e+00
5.653794837415038188e+00
5.511272873379756021e+00
5.344707699157780212e+00
5.155873141543462879e+00
4.946780479195432179e+00
4.719657021585305756e+00
4.476922381981653487e+00
4.221162697391055652e+00
3.955103070316306368e+00
3.681578526194947187e+00
3.403503796250149538e+00
3.123842248044899517e+00
2.845574295148674882e+00
2.571665622909667714e+00
2.305035569305418974e+00
2.048525998206756071e+00
1.804870997155683332e+00
1.576667722967548979e+00
1.366348706234774113e+00
1.176155910248847025e+00
1.008116821144558362e+00
8.640228244022578608e-01
7.454100984497626925e-01
6.535432292516589747e-01
5.894017207400326086e-01
5.536695450439759192e-01
5.467278440389296001e-01
5.686508601140087826e-01
6.192051395993525276e-01
6.978520173775470958e-01
8.037533561954055550e-01
9.357804794671031878e-01
1.092526202290281745e+00
1.272319832343360657e+00
1.473244980652804070e+00
1.693159992243757905e+00
1.929720778746154108e+00
2.180405809408247464e+00
2.442542993956331454e+00
2.713338170561721441e+00
2.989904895069900093e+00
3.269295213776042264e+00
3.548531091550962024e+00
3.824636160149871955e+00
4.094667448130769216e+00
4.355746754028107404e+00
4.605091328240880522e+00
4.840043536493136678e+00
5.058099188595327256e+00
5.256934230494080040e+00
5.434429515064605809e+00
5.588693387609081853e+00
5.718081845343451874e+00
5.821216056039336451e+00
5.896997049165728200e+00
5.944617423034411985e+00
5.963569943284728225e+00
5.953652941198011916e+00
5.914972454460734497e+00
5.847941087732788645e+00
5.753273605352715592e+00
5.631979303352279587e+00
5.485351242286262696e+00
5.314952455846784218e+00
5.122599282461054671e+00
4.910341997734396280e+00
4.680442954357577179e+00
4.435352462654353012e+00
4.177682669008937921e+00
3.910179710734941416e+00
3.635694444295386241e+00
3.357152058965489072e+00
3.077520899882079775e+00
2.799780832823064003e+00
2.526891487915998713e+00
2.261760720731246899e+00
2.007213626873784129e+00
1.765962440251199528e+00
1.540577635754025287e+00
1.333460544212291987e+00
1.146817771352691029e+00
9.826376932244200724e-01
8.426692784090556998e-01
7.284034625124546913e-01
6.410572732145958241e-01
5.815608748267981909e-01
5.505476701793656780e-01
5.483475650720039951e-01
5.749834668113198433e-01
6.301710538940290540e-01
7.133218190370507195e-01
8.235493528802120267e-01
9.596788011627475079e-01
-3.457091826832208170e-01
