5.895858385638064192e+00
6.866554104965956640e+00
7.815683756470062526e+00
8.732762434940251950e+00
9.607659297985529534e+00
1.043070948005377829e+01
1.119282085886627343e+01
1.188557449483315587e+01
1.250131763390979245e+01
1.303324824650465175e+01
1.347549016854948967e+01
1.382315801465924388e+01
1.407241114629544398e+01
1.422049609875478993e+01
1.426577699829834422e+01
1.420775363340801967e+01
1.404706698054020286e+01
1.378549212333475005e+01
1.342591864350028885e+01
1.297231869999540521e+01
1.242970314913088359e+01
1.180406619032843096e+01
1.110231914902666084e+01
1.033221412822556040e+01
9.502258372080197191e+00
8.621620287557153262e+00
7.700028162319195957e+00
6.747662697687524691e+00
5.775044543854639834e+00
4.792918079730349667e+00
3.812132721288385540e+00
2.843523069583391294e+00
1.897789222425726230e+00
9.853785718940826222e-01
1.163703934514810356e-01
-6.996354984077735040e-01
-1.453624797975282767e+00
-2.137268288114976933e+00
-2.743013851972061268e+00
-3.264169900166365323e+00
-3.694979291875874594e+00
-4.030682933205207874e+00
-4.267572350274400961e+00
-4.403030656259758757e+00
-4.435561459828731401e+00
-4.364805395620471984e+00
-4.191544094161056222e+00
-3.917691547357135207e+00
-3.546272964950938800e+00
-3.081391355505220808e+00
-2.528182201091950354e+00
-1.892756726385888655e+00
-1.182134388860219154e+00
-4.041653358543673136e-01
4.325563148812117120e-01
1.318787413186456092e+00
2.244737884273568795e+00
3.200178878319505316e+00
4.174555767156360453e+00
5.157104739801236626e+00
6.136971708811509885e+00
7.103332213923347460e+00
8.045510998414680870e+00
8.953099937248829576e+00
9.816073014262364893e+00
1.062489707825942631e+01
1.137063715450451795e+01
1.204505514825095780e+01
1.264070084993984189e+01
1.315099423674574020e+01
1.357029816129438515e+01
1.389398062456792715e+01
1.411846594507605346e+01
1.424127425903231980e+01
1.426104891518068740e+01
1.417757146164360016e+01
1.399176405923197031e+01
1.370567929455573619e+01
1.332247750546632048e+01
1.284639186931205401e+01
1.228268163967013038e+01
1.163757404814122154e+01
1.091819551300815760e+01
1.013249291468633828e+01
9.289145807624135998e+00
8.397470538435991116e+00
7.467317329461365283e+00
6.508961464653672202e+00
5.532989779853504153e+00
4.550183711373283479e+00
3.571400194840284925e+00
2.607451729993029321e+00
1.668986936340271843e+00
7.663729191691359688e-01
-9.041925460898703193e-02
-8.919247056405135154e-01
-1.629289299534319113e+00
-2.294367457455576798e+00
-2.879812139405965254e+00
-3.379156006154781622e+00
-3.786882863233591578e+00
-4.098488597759679664e+00
-4.310530934925104418e+00
-4.420667464495375398e+00
-4.427681517241918385e+00
-4.331495605452397868e+00
-4.133172279041223973e+00
-3.834902387800822154e+00
-3.439980879457159801e+00
-2.952770400883416357e+00
-2.378653104563093201e+00
-1.723971192688681597e+00
-9.959568556966384989e-01
-2.026523791977536959e-01
6.471786981295943875e-01
1.544148394255893564e+00
2.478347991682561702e+00
3.439457497841706957e+00
4.416859648817888839e+00
5.399757197006943343e+00
6.377292187048790417e+00
7.338665902406907193e+00
8.273258157558693426e+00
9.170744617988862757e+00
1.002121085196519523e+01
1.081526185417884633e+01
1.154412583135313142e+01
1.219975110331208867e+01
1.277489504905197215e+01
1.326320411523770382e+01
1.365928400327739567e+01
1.395875925962477382e+01
1.415832161102038533e+01
1.425576651071572343e+01
1.425001749195632428e+01
1.414113805969179616e+01
1.393033098914446022e+01
1.361992503898334839e+01
1.321334922587993965e+01
1.271509494462992684e+01
1.213066635229432677e+01
1.146651956445935738e+01
1.072999133530570148e+01
9.929218009349972007e+00
9.073045640187878291e+00
8.170932269147153093e+00
7.232843443366654412e+00
6.269142127501277528e+00
5.290474225185988644e+00
4.307650974891327422e+00
3.331529519330115541e+00
2.372892967753164051e+00
1.442331276073182345e+00
5.501242607218834735e-01
-2.938719614247533585e-01
-1.080333852566960573e+00
-1.800573450165174449e+00
-2.446634341998362494e+00
-3.011379559869622469e+00
-3.488570421004578037e+00
-3.872935446188728648e+00
-4.160228593311069645e+00
-4.347276163012223194e+00
-4.432011858274314875e+00
-4.413499610651271610e+00
-4.291943920979205629e+00
-4.068687600333063870e+00
-3.746196936183514126e+00
-3.328034447621263325e+00
-2.818819530617791003e+00
-2.224177428069785911e+00
-1.550677088348990651e+00
-8.057585988276558808e-01
2.349003986957143297e-03
8.647186397651260847e-01
1.771823800893649992e+00
2.713643790833344838e+00
3.679774421737567636e+00
4.659542948466094181e+00
5.642125969329170765e+00
6.616668991122999444e+00
7.572406337634066453e+00
8.498780076992609622e+00
9.385556654097404916e+00
1.022293993968296277e+01
1.100167944718681845e+01
1.171317252195550829e+01
1.234955937391326763e+01
1.290380990387687987e+01
1.336980136435427546e+01
1.374238599691438623e+01
1.401744789894497778e+01
1.419194849159618776e+01
1.426396008662979575e+01
1.423268718136437805e+01
1.409847524647317130e+01
1.386280690955705452e+01
1.352828557665271170e+01
1.309860667260825728e+01
1.257851681803172994e+01
1.197376139378198445e+01
1.129102107225268981e+01
1.053783801658379815e+01
9.722532563071755618e+00
8.854111307181375068e+00
7.942167608526016664e+00
6.996775613929134607e+00
6.028378969286320554e+00
5.047675449618297172e+00
4.065498781797476369e+00
3.092698965441839754e+00
2.140022414062188183e+00
1.217993240531602517e+00
3.367969983072960360e-01
-4.938318372954642044e-01
-1.264717404793213262e+00
-1.967343821251470892e+00
-2.593949256263019087e+00
-3.137611675961665014e+00
-3.592325309866591709e+00
-3.953066995836447717e+00
-4.215851670228923709e+00
-4.377776390273107054e+00
-4.437052402346362001e+00
-4.393024901903274326e+00
-4.246180266774047141e+00
-3.998140683930186512e+00
-3.651646229079023698e+00
-3.210524597056261698e+00
-2.679648817406294015e+00
-2.064883422266792223e+00
-1.373019661240379996e+00
-6.117004789332014525e-01
2.106639160688956736e-01
1.084988958080899124e+00
2.001616080717861568e+00
2.950419414181111311e+00
3.920917644753236786e+00
4.902389800797200436e+00
5.883993686180014393e+00
6.854885652795575268e+00
7.804340389070140382e+00
8.721869401161900015e+00
9.597336878046014874e+00
1.042107166044929656e+01
1.118397407671290722e+01
1.187761646542008620e+01
1.249433627433123384e+01
1.302732070717959978e+01
1.347068198325075095e+01
1.381952237837064068e+01
1.406998832881187944e+01
1.421931300044938773e+01
1.426584685292096566e+01
1.420907586116647003e+01
1.404962719306767305e+01
1.378926228048201708e+01
1.343085736022759313e+01
1.297837169999413298e+01
1.243680386019815742e+01
1.181213647496499419e+01
1.111127016224752850e+01
1.034194729317992945e+01
9.512666462787287003e+00
8.632588606890653438e+00
7.711435802330781186e+00
6.759383868457340405e+00
5.786949956304929366e+00
4.804876367247254976e+00
3.824011884569875619e+00
2.855191928874960094e+00
1.909118861222366181e+00
9.962437562774684174e-01
1.266509514948790383e-01
-6.900533523011143089e-01
-1.444847208335712452e+00
-2.129392587049460772e+00
-2.736127484059949211e+00
-3.258349455429542019e+00
-3.690289657453398320e+00
-4.027176573077591470e+00
-4.265288720988229088e+00
-4.401995765120192416e+00
-4.435787570473175734e+00
-4.366290884277976403e+00
-4.194273458257093523e+00
-3.921635566459233502e+00
-3.551389012385961053e+00
-3.087623857331726285e+00
-2.535463237498871258e+00
-1.901006769029539356e+00
-1.191263166162344511e+00
-4.140728168797895847e-01
4.219788286499541741e-01
1.307656100047616565e+00
2.233175131405552793e+00
3.188311941626824186e+00
4.162515376476113360e+00
5.145023664692993215e+00
6.124983300597199865e+00
7.091568939917644698e+00
8.034102984386031210e+00
8.942173534077220154e+00
9.805749404510422096e+00
1.061529093795438428e+01
1.136185538484059165e+01
1.203719569117424371e+01
1.263385160067584323e+01
1.314523206528708776e+01
1.356568805368814523e+01
1.389057495354753335e+01
1.411630387818098598e+01
1.424038131086693149e+01
1.426143664889802309e+01
1.417923734311633766e+01
1.399469146570965705e+01
1.370983767792248642e+01
1.332782270852469075e+01
1.285286659184531999e+01
1.229021604939451962e+01
1.164608653006995631e+01
1.092759354922811532e+01
1.014267408511124025e+01
9.299998900952957115e+00
8.408876761323911708e+00
7.479151600820015844e+00
6.521093781045524729e+00
5.545286637146394249e+00
4.562509567181556314e+00
3.583618955807936768e+00
2.619428247674763455e+00
1.680588495315805897e+00
7.774707010799186691e-01
1.783140027276560069e+00
1.280165973733836005e+00
8.173371004572089760e-01
3.997660825378535066e-01
3.206564540660306051e-02
-2.817023896413299866e-01
-5.380719742335067224e-01
-7.342111203806762632e-01
-8.679531836748530793e-01
-9.378207966630389691e-01
-9.430421880263031298e-01
-8.835597073049523686e-01
-7.600304610131543015e-01
-5.738190531288331897e-01
-3.269825101643242249e-01
-2.224755735664363243e-02
3.370195029896168037e-01
7.468499782543505106e-01
1.202716626550821122e+00
1.699583667768128858e+00
2.231962412146802688e+00
2.793971891873934688e+00
3.379403825919672144e+00
3.981791200470615522e+00
4.594479707376404320e+00
5.210701251457620309e+00
5.823648714668957282e+00
6.426551151231272740e+00
7.012748583085400611e+00
7.575765569438051017e+00
8.109382737713495715e+00
8.607705485746034668e+00
9.065229096297185762e+00
9.476899544614740378e+00
9.838169327328884606e+00
1.014504769597918710e+01
1.039414474027582180e+01
1.058270883413959140e+01
1.070865703088351850e+01
1.077059807178714124e+01
1.076784775391155335e+01
1.070043648740717757e+01
1.056910895884531243e+01
1.037531590430545592e+01
1.012119808310970726e+01
9.809562629250912380e+00
9.443852041760552041e+00
9.028106156575212538e+00
8.566917519990248309e+00
8.065380656676911286e+00
7.529035792681642469e+00
6.963807655079245151e+00
6.375940024333769607e+00
5.771926762339401051e+00
5.158440078042213273e+00
4.542256823056728621e+00
3.930183631452735415e+00
3.328981730652808224e+00
2.745292254012264177e+00
2.185562880111111106e+00
1.655976609129047983e+00
1.162383463067377054e+00
7.102358642803023869e-01
3.045284061462725234e-01
-5.025731880998662859e-02
-3.502022239018334204e-01
-5.919930195279139440e-01
-7.729588124804154248e-01
-8.911006090342503683e-01
-9.451133959259925277e-01
-9.344005553196899072e-01
-8.590804545387786817e-01
-7.199851377842128031e-01
-5.186511343037167876e-01
-2.573024845616869172e-01
6.117382807815108237e-02
4.332597687538370934e-01
8.548451132933649887e-01
1.321272851892869138e+00
1.827390632727644793e+00
2.367607677221816420e+00
2.935956538260476645e+00
3.526159019133651373e+00
4.131695525040786521e+00
4.745877081069326486e+00
5.361919221107089406e+00
5.973016931483764225e+00
6.572419821485921076e+00
7.153506690387295031e+00
7.709858667301855206e+00
8.235330115936630335e+00
8.724116521009467107e+00
9.170818606442390220e+00
9.570501977066026456e+00
9.918751625022132146e+00
1.021172069877693112e+01
1.044617299603808824e+01
1.061951871119521229e+01
1.072984304241844455e+01
1.077592734242397299e+01
1.075726257928149643e+01
1.067405495858415065e+01
1.052722364488982976e+01
1.031839060761652860e+01
1.004986270356986111e+01
9.724606194037100693e+00
9.346213977951242313e+00
8.918865903089006508e+00
8.447282593726825439e+00
7.936673304798036455e+00
7.392678378577899778e+00
6.821306939543121395e+00
6.228870515653301076e+00
5.621913319296167444e+00
5.007139958037105210e+00
4.391341373701332707e+00
3.781319827887219542e+00
3.183813762539522862e+00
2.605423365591775564e+00
2.052537663894753006e+00
1.531263948777438433e+00
1.047360313817682798e+00
6.061720500202829598e-01
2.125726009888042611e-01
-1.290902696941467198e-01
-4.150425042405743170e-01
-6.421254390910409171e-01
-8.078306955209573204e-01
-9.103278870208990625e-01
-9.484848374023009399e-01
-9.218800863072802443e-01
-8.308075439971025489e-01
-6.762732440146557167e-01
-4.599842296045846268e-01
-1.843296966665901593e-01
1.476453984467438474e-01
5.322739747426377122e-01
9.653073344520470833e-01
1.441962095477089978e+00
1.956973029987488122e+00
2.504651225492636080e+00
3.078946925924531453e+00
3.673516358570330986e+00
4.281791808668856447e+00
4.897054167609996789e+00
5.512507153355755918e+00
6.121352383230475702e+00
6.716864469814121108e+00
7.292465310419661506e+00
7.841796749543677336e+00
8.358790811654827735e+00
8.837736728523296392e+00
9.273344020704477941e+00
9.660800936377865966e+00
9.995827602026402303e+00
1.027472329785669558e+01
1.049440733576006224e+01
1.065245308828249549e+01
1.074711479272746928e+01
1.077734683432234597e+01
1.074281529545712388e+01
1.064390164343408607e+01
1.048169851600590263e+01
1.025799765126848939e+01
9.975270095248784941e+00
9.636638905828407431e+00
9.245844654530412043e+00
8.807204107249955172e+00
8.325562540356042263e+00
7.806240218894169303e+00
7.254973628104078642e+00
6.677852107421649919e+00
6.081250586916886469e+00
5.471759169170880455e+00
4.856110334439031284e+00
4.241104573199950600e+00
3.633535267557657100e+00
3.040113651263228078e+00
2.467394677247776613e+00
1.921704611536382945e+00
1.409071153340825333e+00
9.351568532197336303e-01
5.051965647685277006e-01
1.239396207403942185e-01
-2.044026276848587287e-01
-4.762033290106728600e-01
-6.884601930826326210e-01
-8.388286537849536373e-01
-9.256477664707842834e-01
-9.479585540742663241e-01
-9.055145992658770737e-01
-7.987847656620328252e-01
-6.289480180433510981e-01
-3.978803988095700461e-01
-1.081343045418750037e-01
2.370897084050112014e-01
6.339782778338705072e-01
1.078147358629777841e+00
1.564690649378624787e+00
2.088233787751451409e+00
2.642993716004544691e+00
3.222842560838644399e+00
3.821375321995176932e+00
4.431980621900086348e+00
5.047913734850770773e+00
5.662371089068418684e+00
6.268565418666572242e+00
6.859800735410821915e+00
7.429546292136432584e+00
7.971508720830858152e+00
8.479701548550847789e+00
8.948511323310754051e+00
9.372759619525751873e+00
9.747760238108371666e+00
1.006937096939872234e+01
1.033403934716749895e+01
1.053884188830573621e+01
1.068151638477417009e+01
1.076048689112778156e+01
1.077488113161764360e+01
1.072454013460378164e+01
1.061001998787047640e+01
1.043258569546651771e+01
1.019419720393891993e+01
9.897487752324522603e+00
9.545734785054342808e+00
9.142823749073929918e+00
8.693205175083623004e+00
8.201845516982636752e+00
7.674172292548659513e+00
7.116014131328731729e+00
6.533536391972824653e+00
5.933173060177937330e+00
5.321555679493580548e+00
4.705440100014197213e+00
4.091631854082899977e+00
3.486910983298675326e+00
2.897957147176411397e+00
2.331275840697591306e+00
1.793126535739176575e+00
1.289453540115678809e+00
8.258203379506143804e-01
4.073481366372950774e-01
3.865929918292643208e-02
-2.761737132343728973e-01
-5.336733245318132646e-01
-7.309952559425942908e-01
-8.659599429057323050e-01
-9.370766096093099407e-01
-9.435597352741593724e-01
-8.853377303047187397e-01
-7.630537264822301324e-01
-5.780584724823505383e-01
-3.323954132019739660e-01
-2.877811771617544423e-02
3.294396947989355340e-01
7.383012000809525688e-01
1.193290175533022968e+00
1.689380885929217868e+00
2.221093597039891510e+00
2.782555103978642475e+00
3.367563605681783034e+00
3.969657208928198511e+00
4.582185305214125037e+00
5.198382032068074921e+00
5.811441007367763589e+00
6.414590511159393493e+00
7.001168284539913245e+00
7.564695119391538825e+00
8.098946426117450414e+00
8.598020988860563207e+00
9.056406148757261576e+00
9.469038695230540981e+00
9.831360792740724719e+00
1.013937032524368931e+01
1.038966510227344742e+01
1.057948043836536201e+01
1.070671969073493202e+01
1.076997741790855656e+01
1.076855490350895295e+01
1.070246787373149999e+01
1.057244632327353528e+01
1.037992645164610295e+01
1.012703479894506131e+01
9.816564756318832963e+00
9.451945710598796069e+00
9.037205163916691930e+00
8.576924246730591506e+00
8.076187115653926440e+00
7.540524795028389349e+00
6.975854082554009850e+00
6.388412193807923245e+00
5.784687867553152785e+00
5.171349692826601618e+00
4.555172449486170727e+00
3.942962275835151242e+00
3.341481489900780311e+00
2.757373894765434930e+00
2.197091393003568260e+00
1.666822720817378034e+00
1.172425089047720803e+00
7.193594861309291488e-01
3.126303576220861302e-01
-4.326967143941740090e-02
-3.444094207421297682e-01
-5.874625773660842043e-01
-7.697444372647908040e-01
-8.892415597344429656e-01
-9.446340073192533993e-01
-9.353099254987871092e-01
-8.613723011171092736e-01
-7.236378249024717491e-01
-5.236278706423513896e-01
-2.635516906544657090e-01
5.371798682970041483e-02
4.246766888274633445e-01
8.452269068230373605e-01
1.310723356475278489e+00
1.816024287894070444e+00
2.355548279732281092e+00
2.923335889770157792e+00
3.513115481021796604e+00
4.118372496277627803e+00
4.732421415902833495e+00
5.348479604073290261e+00
5.959742227774799339e+00
6.559457421037714120e+00
7.141000864171298090e+00
7.697948954225773299e+00
8.224149758464937676e+00
8.713790967125181197e+00
9.161464094875910291e+00
9.562224221834249249e+00
1.109832358814210806e+01
1.146241115243325126e+01
1.175416985593310670e+01
1.197037695054934758e+01
1.210864421140799507e+01
1.216744431761054734e+01
1.214612772376010597e+01
1.204492983588480115e+01
1.186496841247929623e+01
1.160823121935380797e+01
1.127755407463196491e+01
1.087658952638471987e+01
1.040976650885559529e+01
9.882241422878564663e+00
9.299841180817219666e+00
8.668998845107205753e+00
7.996682571296931386e+00
7.290318640436397324e+00
6.557709430951276453e+00
5.806947236040420179e+00
5.046324878523257951e+00
4.284244110440827313e+00
3.529122809187462462e+00
2.789301995243042676e+00
2.072953698552289392e+00
1.387990691228360163e+00
7.419790836416160218e-01
1.420547493394908045e-01
-4.051554980524905147e-01
-8.936071052772236456e-01
-1.317904548671813281e+00
-1.673360934637605268e+00
-1.956049772995920755e+00
-2.162848351324623053e+00
-2.291472231137021254e+00
-2.340500484827177985e+00
-2.309391394574619838e+00
-2.198488439753440105e+00
-2.009016506656989165e+00
-1.743068362348399347e+00
-1.403581541984538994e+00
-9.943059048494191643e-01
-5.197622174029747910e-01
1.480777923443632460e-02
6.034992658824425149e-01
1.239809566533984775e+00
1.916709973859861194e+00
2.626723385674385458e+00
3.362006894856807371e+00
4.114438420503156557e+00
4.875706423444063020e+00
5.637401715179982453e+00
6.391110346157888422e+00
7.128506547383641312e+00
7.841444698761641519e+00
8.522049308297145132e+00
9.162802008254953279e+00
9.756624607308605590e+00
1.029695728126748833e+01
1.077783103865283820e+01
1.119393366062613815e+01
1.154066838683706564e+01
1.181420469887866886e+01
1.201152064031177957e+01
1.213043620569790448e+01
1.216963742971962859e+01
1.212869091018454526e+01
1.200804860436736732e+01
1.180904284557753314e+01
1.153387163512980074e+01
1.118557437959145950e+01
1.076799834167975334e+01
1.028575616320282649e+01
9.744174929193992085e+00
9.149237335092998080e+00
8.507515606075767067e+00
7.826098897877297844e+00
7.112514980669221387e+00
6.374647070922526915e+00
5.620646730021221060e+00
4.858843792076920742e+00
4.097654316449109047e+00
3.345487582529328208e+00
2.610653155143928039e+00
1.901269048350644031e+00
1.225172003449013225e+00
5.898307034507563884e-01
2.257147668376369154e-03
-5.310688225858113398e-01
-1.004260508390377282e+00
-1.412087984444110766e+00
-1.750035293425754368e+00
-2.014350093035003120e+00
-2.202085213609240810e+00
-2.311131665235572896e+00
-2.340242719522582782e+00
-2.289048781863193938e+00
-2.158062864246090840e+00
-1.948676565550355733e+00
-1.663146564840960018e+00
-1.304571732491348612e+00
-8.768610629959407987e-01
-3.846927310864884930e-01
1.665353317783937470e-01
7.707628513321127528e-01
1.421332037746556143e+00
2.111059166512570862e+00
2.832312176815287241e+00
3.577093481849009216e+00
4.337127123953142593e+00
5.103949354464369037e+00
5.869001674447033245e+00
6.623725338546718966e+00
7.359656300614206614e+00
8.068519566813789012e+00
8.742321919983757184e+00
9.373441988167758865e+00
9.954716650577946524e+00
1.047952280567398553e+01
1.094185356838506706e+01
1.133638801642445060e+01
1.165855366874739829e+01
1.190458095190400201e+01
1.207154899170579654e+01
1.215742215746693233e+01
1.216107688324419200e+01
1.208231839400645136e+01
1.192188707347114729e+01
1.168145432332279654e+01
1.136360787948642503e+01
1.097182666882238067e+01
1.051044540775778557e+01
9.984609261658167867e+00
9.400218998854835917e+00
8.763867184851388714e+00
8.082766069043053392e+00
7.364667917013115073e+00
6.617778634903644708e+00
5.850665617336789026e+00
5.072160825780315463e+00
4.291260169144194059e+00
3.517020311833173540e+00
2.758454075718598464e+00
2.024425630857197067e+00
1.323546684774687510e+00
6.640748813646126791e-01
5.381560772770033196e-02
-4.999716194842998007e-01
-9.906610573378191731e-01
-1.412341852965457001e+00
-1.759891364032115213e+00
-2.029039754583844335e+00
-2.216425029655703760e+00
-2.319637775127330492e+00
-2.337254982371216983e+00
-2.268862459069187487e+00
-2.115065456863178817e+00
-1.877487281850002354e+00
-1.558755793810854939e+00
-1.162477842894271696e+00
-6.932018365931478243e-01
-1.563687735731624784e-01
4.417477775028348930e-01
1.094112138276209567e+00
1.793006672073738539e+00
2.530120753401273515e+00
3.296647566507214577e+00
4.083387638301434919e+00
4.880857917069929108e+00
5.679405127726506741e+00
6.469322067986693625e+00
7.240965458841856162e+00
7.984873927932292226e+00
8.691884686528243975e+00
9.353247460313914630e+00
9.960734251298585917e+00
1.050674354302567792e+01
1.098439761363939837e+01
1.138763169094541006e+01
1.171127376975077716e+01
1.195111401369437765e+01
1.210396278044895979e+01
1.216769643936971690e+01
1.214129029296755036e+01
1.202483806640585229e+01
1.181955759080762292e+01
1.152778247462246952e+01
1.115293973063126209e+01
1.069951350224763686e+01
1.017299520943734237e+01
9.579820609584730917e+00
8.927294439756137123e+00
8.223503471802573017e+00
7.477218968418954503e+00
6.697789674509930791e+00
5.895026611963779750e+00
5.079081065320812272e+00
4.260317249060754818e+00
3.449181232775038630e+00
2.656067766941520691e+00
1.891186698233652486e+00
1.164430688364892941e+00
4.852459537381026422e-01
-1.374922757483210134e-01
-6.955979215728502751e-01
-1.181684251261810203e+00
-1.589264593863131125e+00
-1.912842172946590757e+00
-2.147987779341091752e+00
-2.291404149738014873e+00
-2.340976078035497565e+00
-2.295805462010006792e+00
-2.156230676501365018e+00
-1.923829863484985303e+00
-1.601407936713816760e+00
-1.192967311413374532e+00
-7.036625850678674965e-01
-1.397396108134101311e-01
4.915403825176252184e-01
1.181990762963211594e+00
1.922602501871607750e+00
2.703658968957726394e+00
3.514861098368386561e+00
4.345461352491742701e+00
5.184404773667043109e+00
6.020475298547719234e+00
6.842445417578223221e+00
7.639227194424750067e+00
8.400022618593229851e+00
9.114471249799002806e+00
9.772793125576377804e+00
1.036592494434539091e+01
1.088564760457906466e+01
1.132470327631645901e+01
1.167690030315050009e+01
1.193720437970711679e+01
1.210181461988992346e+01
1.216822332279181751e+01
1.213525845385210467e+01
1.200310808593704159e+01
1.177332628563858563e+01
1.144882018108407529e+01
1.103381820558760396e+01
1.053381977305970807e+01
9.955526902619801888e+00
9.306758567665887938e+00
8.596348795065178905e+00
7.834029779518632886e+00
7.030301502967107652e+00
6.196289555763572210e+00
5.343593042042338759e+00
4.484124613302384432e+00
3.629944809058261335e+00
2.793092989149869254e+00
1.985417217016419489e+00
1.218405495376563064e+00
5.030207642457504846e-01
-1.504579546022606351e-01
-7.325859428689796005e-01
-1.234892471158502758e+00
-1.650007682696300826e+00
-1.971774732968057720e+00
-2.195345432519706819e+00
-2.317257857591049408e+00
-2.335494635753504689e+00
-2.249520878161836102e+00
-2.060301012884209193e+00
-1.770294071209444375e+00
-1.383427286722568539e+00
-9.050481809462587179e-01
-3.418556249639888023e-01
2.981893209355241936e-01
1.005971682558109759e+00
1.771348562254617232e+00
2.583291168695049933e+00
3.430040955170269967e+00
4.299277705788424164e+00
5.178297208027410115e+00
6.054195981533140092e+00
6.914060399799371481e+00
7.745157445953157804e+00
8.535124288272172066e+00
9.272153846708224734e+00
9.945173549406455038e+00
1.054401454820479778e+01
1.105956877394686089e+01
1.148393136507768375e+01
1.181052619472451681e+01
1.203421244997047879e+01
1.215137047939947124e+01
1.215996541774968343e+01
1.205958741566228554e+01
1.185146764359448390e+01
1.153846959710440601e+01
1.112505560070178667e+01
1.061722878380961888e+01
1.002245117943469666e+01
9.349538968123740190e+00
8.608536250901542175e+00
7.810569079434356965e+00
6.967681794078402824e+00
6.092658015462396826e+00
5.198828897851718089e+00
4.299871478205940178e+00
3.409600139535611696e+00
2.541754347409442616e+00
1.709785911446980222e+00
9.266490671933058643e-01
2.045966665250604777e-01
-4.450142939406678266e-01
-1.011904686920372498e+00
-1.487039851728467532e+00
-1.862778024174827962e+00
-2.132998103165728132e+00
-2.293204555272215117e+00
-2.340607594192970708e+00
-2.274177141423636250e+00
-2.094669472171992730e+00
-1.804625870728420622e+00
-1.408343055746875017e+00
-9.118155814940047676e-01
-3.226508691048408650e-01
3.500420348864077269e-01
1.095788444161200914e+00
1.902906821497717615e+00
2.758688043641137178e+00
3.649592460998794863e+00
4.561461755765957804e+00
5.479742331187445359e+00
6.389716743081716110e+00
7.276739516808715891e+00
8.126473582039457355e+00
8.925123506591692291e+00
9.085353433988521132e+00
