1.032882603056855642e+00
1.450225631669509685e+00
1.826252713427840346e+00
2.142193276489905429e+00
2.382203315410876598e+00
2.534160786147332978e+00
2.590278788849001756e+00
2.547505477712775690e+00
2.407690120691620805e+00
2.177506275885706444e+00
1.868135086412572976e+00
1.494723625229474884e+00
1.075644452421600006e+00
6.315925189288742470e-01
1.845637620393970058e-01
-2.432342257305669664e-01
-6.304855199299699287e-01
-9.578283619312404351e-01
-1.208823853724364739e+00
-1.370782354833738781e+00
-1.435405998075951262e+00
-1.399214746766750617e+00
-1.263734075719789018e+00
-1.035434147488483170e+00
-7.254226910380932036e-01
-3.489060601627257396e-01
7.555545786290895904e-02
5.269616766769600336e-01
9.829109218775851087e-01
1.420711502318019459e+00
1.818511109534597825e+00
2.156387931369072586e+00
2.417348981968146404e+00
2.588185589214911708e+00
2.660142931011066025e+00
2.629369636360229912e+00
2.497124318834264223e+00
2.269727953795432907e+00
1.958263650228316610e+00
1.578037974731956616e+00
1.147829929899016888e+00
6.889643733763841649e-01
2.242555494277790329e-01
-2.231269583710192572e-01
-6.308134961693474541e-01
-9.783532248816002586e-01
-1.248240639361881676e+00
-1.426798165480197556e+00
-1.504870295334433061e+00
-1.478293986927097903e+00
-1.348121115434506967e+00
-1.120581072357060171e+00
-8.067845555626846910e-01
-4.221825325573795862e-01
1.419335576643010466e-02
4.806716698294339341e-01
9.540168561110362599e-01
1.410586378799416174e+00
1.827511686165183225e+00
2.183844018163852763e+00
2.461607627504561080e+00
2.646707431297889990e+00
2.729645222125813397e+00
2.706007999363696293e+00
2.576703269770211691e+00
2.347928752022987453e+00
2.030877177260824062e+00
1.641190145106844023e+00
1.198187607488603534e+00
7.239108766224153779e-01
2.420265168602493966e-01
-2.233543980260903616e-01
-6.488827652229209875e-01
-1.013143295953382150e+00
-1.297732889761506803e+00
-1.488191206535258049e+00
-1.574736340001114288e+00
-1.552768119226011878e+00
-1.423113098560046863e+00
-1.191998169358730264e+00
-8.707532974267404580e-01
-4.752574798310944537e-01
-2.515494159150444275e-02
4.571197943037857980e-01
9.474596184776998831e-01
1.421289666914604233e+00
1.854799065803569125e+00
2.226137844989758641e+00
2.516518833654940224e+00
2.711168937517223654e+00
2.800081589772534407e+00
2.778532006064616589e+00
2.647328670708964715e+00
2.412787650826413444e+00
2.086430219586600465e+00
1.684418173854704825e+00
1.226754456270314098e+00
7.362885700606097705e-01
2.375762050683107862e-01
-2.443500301051371171e-01
-6.852372361986280858e-01
-1.062833119356078715e+00
-1.358009672612144669e+00
-1.555732867459407087e+00
-1.645829157822374489e+00
-1.623509674647854562e+00
-1.489625064209232130e+00
-1.250637395633821924e+00
-9.183097593006086523e-01
-5.091283852036061486e-01
-4.348561385593296968e-02
4.553358302904771948e-01
9.623266960824503613e-01
1.452005026065291027e+00
1.899697078560764751e+00
2.282780947893092716e+00
2.581830176327663651e+00
2.781599511746914111e+00
2.871802753465678038e+00
2.847642961119315252e+00
2.710067665048957686e+00
2.465735493905805598e+00
2.126695135990214425e+00
1.709792046257439635e+00
1.235832070171948516e+00
7.285434828414554254e-01
2.133892114410081420e-01
-2.837113028637129331e-01
-7.376864354827505910e-01
-1.125577244042283320e+00
-1.427699028788837365e+00
-1.628640788574939213e+00
-1.718051792966319047e+00
-1.691175092884707576e+00
-1.549100448341315550e+00
-1.298723229180289263e+00
-9.524106368022415836e-01
-5.273913570248205396e-01
-4.489874149297534700e-02
4.708898805701045576e-01
9.940647719418317374e-01
1.498285510978709212e+00
1.958107447786281652e+00
2.350266067060550412e+00
2.654854395858619043e+00
2.856333836605378096e+00
2.944327068941960057e+00
2.914152538693454808e+00
2.767072995470042152e+00
2.510244903583658260e+00
2.156370612124328012e+00
1.723070170272814394e+00
1.232003855598687636e+00
7.077891281696669923e-01
1.767661897432697971e-01
-3.343259182798248297e-01
-7.996960996340178873e-01
-1.195802998228983283e+00
-1.502546060349039925e+00
-1.704285573221771655e+00
-1.790639895897424561e+00
-1.757019236079021995e+00
-1.604868537931157357e+00
-1.341606667777167639e+00
-9.802643811888267500e-01
-5.388387549837241330e-01
-3.939610320421171874e-02
4.930318583333245241e-01
1.031703325404921046e+00
1.549510185452650290e+00
2.020342682204431028e+00
2.420406214595533179e+00
2.729423819074425772e+00
2.931663540519693356e+00
3.016738629554267526e+00
2.980139876723558956e+00
2.823472836461681013e+00
2.554387530266318596e+00
2.186203701935371946e+00
1.737250047314846002e+00
1.229950281766688747e+00
6.897017104636193885e-01
1.436024815730100879e-01
-3.809086028649425471e-01
-8.574313604089560670e-01
-1.261933186072602187e+00
-1.573960749703090967e+00
-1.777673319646503769e+00
-1.862645516411527202e+00
-1.824398855101771799e+00
-1.664635047832086601e+00
-1.391159022210330720e+00
-1.017495214611344068e+00
-5.622161311763431701e-01
-4.801665716889491620e-02
4.994195941063101496e-01
1.052705114383568619e+00
1.584120102365985883e+00
2.067002024546042982e+00
2.477083388173110023e+00
2.793710550510802193e+00
3.000882337879738238e+00
3.088056276297147740e+00
3.050681888171451916e+00
2.890434199736811927e+00
2.615135642516533743e+00
2.238370162266976493e+00
1.778808784365550233e+00
1.259280349547770683e+00
7.056339017617113685e-01
1.454496401873580091e-01
-3.933370821366839465e-01
-8.838298980276666494e-01
-1.301514008977559644e+00
-1.625480128844996708e+00
-1.839468677491428616e+00
-1.932682139530667031e+00
-1.900325127710262185e+00
-1.743845326712291532e+00
-1.470863454979091989e+00
-1.094795917863932821e+00
-6.341891559510457466e-01
-1.117990506407851026e-01
4.465385816665399243e-01
1.013190049846152352e+00
1.560094643329367869e+00
2.060155668146503416e+00
2.488582469870205038e+00
2.824117032693340690e+00
3.050084544835526934e+00
3.155216202898678546e+00
3.134203947496820852e+00
2.987960199911547043e+00
2.723570331921796317e+00
2.353940815709278045e+00
1.897161012192094542e+00
1.375610623247309316e+00
8.148572662203851236e-01
2.423988230154399681e-01
-3.136873197728403673e-01
-8.261216419463004446e-01
-1.269758875192613212e+00
-1.622818026118645784e+00
-1.867946072787696865e+00
-1.993063694662133623e+00
-1.991952208626013965e+00
-1.864553644274382416e+00
-1.616969967336977065e+00
-1.261162158461895721e+00
-8.143644573584523094e-01
-2.982428805526752269e-01
2.621605505577756512e-01
8.396461658410442341e-01
1.406178158399088218e+00
1.934245007366588442e+00
2.398192873867587060e+00
2.775467529619315421e+00
3.047704976654354248e+00
3.201618380929523333e+00
3.229638899643496153e+00
3.130279942132337290e+00
2.908207784527238715e+00
2.574015611735369191e+00
2.143712306333692474e+00
1.637950961633592550e+00
1.081034516207436402e+00
4.997465026126653997e-01
-7.793682335397145167e-02
-6.241911394083912157e-01
-1.112681059945151762e+00
-1.519825514136575739e+00
-1.825931037297773285e+00
-2.016138889396421163e+00
-2.081140845553757224e+00
-2.017629560358251695e+00
-1.828462063021432327e+00
-1.522528592858460650e+00
-1.114332988493096366e+00
-6.233045393060241413e-01
-7.287395004418939504e-02
5.106427385046057310e-01
1.099299312137360651e+00
1.664854051006901647e+00
2.180120515644944135e+00
2.620270241655888732e+00
2.964025334891625896e+00
3.194684081740724046e+00
3.300930495040936385e+00
3.277388842123364121e+00
3.124896176957376426e+00
2.850479166608987036e+00
2.467035446142965771e+00
1.992733706473405864e+00
1.450160064922533687e+00
8.652503643131245203e-01
2.660583253449282926e-01
-3.185825469333594118e-01
-8.604401096310965169e-01
-1.333242239117104599e+00
-1.713948173612629189e+00
-1.983871483440632355e+00
-2.129600270860232847e+00
-2.143669461895118644e+00
-2.024951500194172915e+00
-1.778744870444882276e+00
-1.416554067978481379e+00
-9.555692394307631066e-01
-4.178680690430853772e-01
1.706240956912439821e-01
7.813680327540173387e-01
1.384580786897184002e+00
1.950677501583279572e+00
2.451716158301608495e+00
2.862775527750454962e+00
3.163199019270968471e+00
3.337642724684607209e+00
3.376874573461278395e+00
3.278282791169718102e+00
3.046065558731251954e+00
2.691088982184941969e+00
2.230414942564475922e+00
1.686516574612272334e+00
1.086215041842304441e+00
4.593855716871046435e-01
-1.625070228859702981e-01
-7.479735216023712940e-01
-1.267089990996529192e+00
-1.693033057319768941e+00
-2.003482917526798524e+00
-2.181821238965262921e+00
-2.218059832119786634e+00
-2.109448104720167194e+00
-1.860722276631599614e+00
-1.483976447049007108e+00
-9.981802076161196968e-01
-4.283001624343811820e-01
1.960953607068733895e-01
8.423734899287740330e-01
1.476522252212460806e+00
2.064928458159833724e+00
2.576157921375592519e+00
2.982645317658711548e+00
3.262203268246232746e+00
3.399267429854850420e+00
3.385806273478433326e+00
3.221840347829579621e+00
2.915535416579940531e+00
2.482855977771434297e+00
1.946789191587837919e+00
1.336172912911361754e+00
6.841840466475545002e-01
2.656353044582548950e-02
-6.003292980682934932e-01
-1.161528415687318239e+00
-1.625428093516999573e+00
-1.965594078625220176e+00
-2.162313919698805265e+00
-2.203793510013757562e+00
-2.086924693371392081e+00
-1.817571365793342997e+00
-1.410347771452095555e+00
-8.878912421885987172e-01
-2.796608858996777469e-01
3.796779921166791860e-01
1.052198338417706047e+00
1.698877925504653330e+00
2.281865623308912738e+00
2.766716046986992694e+00
3.124459910756058889e+00
3.333383944111706576e+00
3.380408497159587355e+00
3.261972369068251609e+00
2.984361873240937157e+00
2.563453228831642949e+00
2.023872227649284650e+00
1.397610716750710580e+00
7.221735882407860352e-01
3.836051796288364457e-02
-6.121883698378298710e-01
-1.189536147334459004e+00
-1.657926364762664084e+00
-1.988038896269046729e+00
-2.158879638907601262e+00
-2.159179115992467146e+00
-1.988203223477356785e+00
-1.655914420147613919e+00
-1.182461552619325174e+00
-5.970187968675191303e-01
6.396377436873601496e-02
7.589964575076213471e-01
1.444138065848318053e+00
2.075775555693174290e+00
2.613419120437057153e+00
3.022332272145844989e+00
3.275823688295220748e+00
3.357046414388712208e+00
3.260179429453127220e+00
2.990904909665530909e+00
2.566139425706997823e+00
2.013025932174285604e+00
1.367242571964066844e+00
6.707307216131725980e-01
-3.101485737160014633e-02
-6.919192987081075330e-01
-1.268369468687873702e+00
-1.722121892461150550e+00
-2.022880312773023270e+00
-2.150365906799266646e+00
-2.095735066490718168e+00
-1.862241966186623854e+00
-1.465093168764439957e+00
-9.304959324948327559e-01
-2.939569744339373125e-01
4.020595987757114020e-01
1.110961338296452272e+00
1.785154551578544302e+00
2.379258127221802077e+00
2.853184788791236493e+00
3.174877685951704720e+00
3.322512300883812664e+00
3.286009202710889809e+00
3.067749862361671909e+00
2.682442358788124537e+00
2.156142571833545407e+00
1.524495234883642247e+00
8.303138362030157982e-01
1.206648967241209514e-01
-5.563427516080601265e-01
-1.154841974122179371e+00
-1.634337404302400154e+00
-1.962464871491240048e+00
-2.117189320992512336e+00
-2.088289707328944367e+00
-1.878029387194375621e+00
-1.500967700982802411e+00
-9.829286082449943951e-01
-3.592011142508524379e-01
3.279004242480495490e-01
1.031943998419689201e+00
1.705551940776219633e+00
2.303616525604201826e+00
2.786337242436840000e+00
3.121872246320385180e+00
3.288425425217512021e+00
3.275631731069104546e+00
3.085153799850697709e+00
2.730458712263066801e+00
2.235800951242715051e+00
1.634492088215131700e+00
9.665856367630539792e-01
2.761435564266807030e-01
-3.917234431707636855e-01
-9.938379207506340407e-01
-1.491758900167065915e+00
-1.854221754916167475e+00
-2.059059332465163372e+00
-2.094487918143674854e+00
-1.959687653627388171e+00
-1.664656560842435740e+00
-1.229366787930597615e+00
-6.822976243672613794e-01
-5.845913703414373774e-02
6.029495447865413915e-01
1.261083974726809886e+00
1.876029343652023451e+00
2.411240145931165202e+00
2.835693402153513176e+00
3.125629091562935891e+00
3.265783579045693941e+00
3.250058722059947058e+00
3.081608255226416127e+00
2.772361223673157404e+00
2.342037124083341304e+00
1.816736843418925940e+00
1.227215796478456689e+00
6.069597873418671741e-01
-9.810377765360533964e-03
-5.900824296799624946e-01
-1.103831841799732150e+00
-1.525541280388146737e+00
-1.835386818784247032e+00
-2.020042460636886084e+00
-2.073080766694529231e+00
-1.994972693904860650e+00
-1.792709417053286680e+00
-1.479093119496381226e+00
-1.071767789223681877e+00
-5.920662902810953643e-01
-6.375249709317443170e-02
4.882644808378315271e-01
1.039173223506997701e+00
1.565399124740337156e+00
2.045591044716924323e+00
2.461420469132931999e+00
2.798172143431719050e+00
3.045118574830869562e+00
3.195682918226188995e+00
3.247405043427987081e+00
3.201733679492593687e+00
3.063673296233471177e+00
2.841317830904928066e+00
2.545304655889798706e+00
2.188221572034646734e+00
1.783997432754016899e+00
1.347303623200808431e+00
8.929894105683576777e-01
4.355695023735299820e-01
-1.122268016551475345e-02
-4.348072148371344703e-01
-8.240509487809790645e-01
-1.169481271526443988e+00
-1.463423109103055841e+00
-1.700064478051762640e+00
-1.875457896702170446e+00
-1.987466274093596441e+00
-2.035662637693622656e+00
-2.021193291459693953e+00
-1.946613798592132794e+00
-1.815706645696236743e+00
-1.633288653089391973e+00
-1.405015230509577995e+00
-1.137187511151635189e+00
-8.365672923646134684e-01
-5.102036200910473607e-01
-1.652738167281649906e-01
1.910592015752625716e-01
5.517723219147706581e-01
9.100900837572201141e-01
1.259575331952203614e+00
1.594203520231264326e+00
1.908421893074108810e+00
2.197195050075697154e+00
2.456038578655395987e+00
2.681042539534488789e+00
2.868886057219296681e+00
3.016840137425783830e+00
3.122779556132525336e+00
3.185204427001950833e+00
3.203260253904022470e+00
3.176755028693943217e+00
3.106171981727290365e+00
2.992676457483708141e+00
2.838115323611894780e+00
2.645007334844140523e+00
2.416522968950506112e+00
2.156452434036507881e+00
1.869160816459676910e+00
1.559529694632306285e+00
1.232883118437596348e+00
8.948884339731912885e-01
5.514521127258932287e-01
2.086143397041490544e-01
-1.275601999556261745e-01
-4.510932850723250453e-01
-7.562037294147052613e-01
-1.037415385056027484e+00
-1.289660418502622585e+00
-1.508375761539851423e+00
-1.689590746565842183e+00
-1.830004088962539965e+00
-1.927048574320235241e+00
-1.978942042552858327e+00
-1.984723529567381961e+00
-1.944273724696258698e+00
-1.858319222262216686e+00
-1.728420381435135100e+00
-1.556942952453495232e+00
-1.347013971468747906e+00
-1.102462762732188351e+00
-8.277482076341966533e-01
-5.278737375408220078e-01
-2.082917742270178341e-01
1.252004285841061826e-01
4.665714022246734705e-01
8.096702590271704914e-01
1.148343299531987549e+00
1.476550028703024431e+00
1.788476198833529152e+00
2.078641570908892344e+00
2.342000212703554851e+00
2.574031327763152355e+00
2.770818830338653171e+00
2.929118141835232336e+00
3.046408988205460133e+00
3.120933420762045607e+00
3.151717477743636309e+00
3.138576230031344672e+00
3.082103315942448241e+00
2.983645652707386020e+00
2.845264276416582305e+00
2.669682530847629742e+00
2.460223054583972946e+00
2.220735201440409146e+00
1.955514668996336081e+00
1.669217202928140686e+00
1.366768291033117144e+00
1.053270761757819418e+00
7.339121601700984154e-01
4.138736930810621995e-01
9.824241864248012268e-02
-2.080717909543117194e-01
-5.004131567957730287e-01
-7.744496049511311320e-01
-1.026234122056556508e+00
-1.252257107674175085e+00
-1.449489192618430122e+00
-1.615414206570118916e+00
-1.748052185616795873e+00
-1.845972506738023045e+00
-1.908297418152179459e+00
-1.934696398913395621e+00
-1.925371925909255433e+00
-1.881037349800038561e+00
-1.802887682438131245e+00
-1.692564176479391280e+00
-1.552113633374243351e+00
-1.383943409327509588e+00
-1.190773101215282681e+00
-9.755838872763382685e-01
-7.415664724102901673e-01
-4.920685470837338205e-01
-2.305426143260247418e-01
3.950502667475974672e-02
3.145634269988953347e-01
5.911636330984272325e-01
8.659222859586077625e-01
1.135581719038156745e+00
1.397046189712610520e+00
1.647413967847190852e+00
1.884005091352933148e+00
2.104384680767042326e+00
2.306381781897488548e+00
2.488103776457429639e+00
2.647946464671011135e+00
2.784599980551917930e+00
2.897050749633343969e+00
2.984579740227320421e+00
3.046757292851179244e+00
3.083434838457070448e+00
3.094733834839480835e+00
3.081032262491012474e+00
3.042949026719959704e+00
2.981326612602440917e+00
2.897212333927936534e+00
2.791838507356714238e+00
2.666601869205808661e+00
2.523042535280927812e+00
2.362822784642398144e+00
2.187705926770440179e+00
1.999535488905132885e+00
1.800214936962769352e+00
1.591688119932854750e+00
1.375920604540220804e+00
1.154882044704637512e+00
9.305297093503153150e-01
7.047932728063653895e-01
4.795609547010974971e-01
2.566670811644851669e-01
3.788112647937924571e-02
-1.751017158384674532e-01
-3.806683912479625898e-01
-5.772942358447770150e-01
-7.635475893002652281e-01
-9.380927395563281035e-01
-1.099691172656013016e+00
-1.247201106127222348e+00
-1.379575385434209212e+00
-1.495916879333676119e+00
-1.595597704553168183e+00
-1.678150981745413661e+00
-1.743240597517373258e+00
-1.790655448552040729e+00
-1.820304332008645831e+00
-1.832211220285930642e+00
-1.826510743025910655e+00
-1.803443762167272757e+00
-1.763352971622577980e+00
-1.706678485569656401e+00
-1.633953401485981116e+00
-1.545799338357414898e+00
-1.442921958883343292e+00
-1.326106488477307499e+00
-1.196213244586930013e+00
-1.054173188212368606e+00
-9.009835061658071353e-01
-7.377032280880775339e-01
-5.654488768976908553e-01
-3.853901454772654667e-01
-1.987455861957724279e-01
-6.778293484559050341e-03
1.892084467673023074e-01
3.878755736621302130e-01
5.878527725961933958e-01
7.877431466081159517e-01
9.861280889402669336e-01
1.181572413656442944e+00
1.372629806470465841e+00
1.557848662771103454e+00
1.735778384071132496e+00
1.904976207593627624e+00
2.064014646270360576e+00
2.211489617834806243e+00
2.346029341683843583e+00
2.466304080455256287e+00
2.571036799455578503e+00
2.659014810766997527e+00
2.729102459589832996e+00
2.780254897612196352e+00
2.811532971356041521e+00
2.822119231892090241e+00
2.811335045360924489e+00
2.778658750666617827e+00
2.723744770788295355e+00
2.646443536658495077e+00
2.546822026801081496e+00
2.425184661308295020e+00
2.282094214814375910e+00
2.118392329651114014e+00
1.935219117419290535e+00
1.734031235252085246e+00
1.516617713101162224e+00
1.285112692144543267e+00
1.042004114455027608e+00
7.901372839801100723e-01
5.327121035173323360e-01
2.732726880267098979e-01
1.568796927605187186e-02
-2.358781496996209537e-01
-4.770085476897441001e-01
-7.030879645473773198e-01
-9.093725201233016087e-01
-1.091071538204345881e+00
-1.243450449858239715e+00
-1.361958653866705449e+00
-1.442375805840686143e+00
-1.480974112498451900e+00
-1.474693153650699307e+00
-1.421322325441900736e+00
-1.319684479165895041e+00
-1.169812792120879630e+00
-9.731114447492725805e-01
-7.324894082418758057e-01
-4.524557052116309208e-01
-1.391640441160039154e-01
1.996050961614400654e-01
5.545358880449364758e-01
9.149511461169410609e-01
1.269075030112689850e+00
1.604386612222057362e+00
1.908061428149938843e+00
2.167492178626515109e+00
2.370873104575008661e+00
2.507825570438232177e+00
2.570035517688305404e+00
2.551867259700692614e+00
2.450913223530328811e+00
2.268436384515878146e+00
2.009661948434589895e+00
1.683877888504412779e+00
1.304310652087203426e+00
8.877528822016116372e-01
4.539342031415942724e-01
2.464347584553228110e-02
-3.773694869474586433e-01
-7.296642889263336151e-01
-1.011486088897272984e+00
-1.205156493483211744e+00
-1.297374031626430169e+00
-1.280330624575393372e+00
-1.152548695547370716e+00
-9.193539318416859007e-01
-5.929177416337223505e-01
-1.918297810289796290e-01
2.598068169246554038e-01
7.337287648622637937e-01
1.199248416499576475e+00
1.625270448569183346e+00
1.982457371482487574e+00
2.245389475924248757e+00
2.394553316214810046e+00
2.417994143838065213e+00
2.312482867688979482e+00
2.084077012740241930e+00
1.747996406951582538e+00
1.327785338725738118e+00
8.537899775854780327e-01
3.610383661414325873e-01
-1.133348001789872272e-01
-5.329302218250591139e-01
-8.649717780147230251e-01
-1.083003514831501368e+00
-1.169163642309604567e+00
-1.115828276626467552e+00
-9.264621719367205355e-01
-6.155748638757070346e-01
-2.077538574708326369e-01
2.641742939566723569e-01
7.617258863471941810e-01
1.243885667571351661e+00
1.670521711981597379e+00
2.005800710055269498e+00
2.221305213058969663e+00
2.298571513975033564e+00
2.230810208899526526e+00
2.023638035557913994e+00
1.694733969308752419e+00
1.272427509661653744e+00
7.933240740578044736e-01
2.991623981614515149e-01
-1.668268425645257347e-01
-5.637407689499358554e-01
-8.566593263783119916e-01
-1.019801325318334229e+00
-1.038887356571936982e+00
-9.124838521686888804e-01
-6.521933514461313308e-01
-2.816610249644976305e-01
1.655230123703458345e-01
6.488424477216220287e-01
1.124523633610710949e+00
1.549520273206096643e+00
1.885447103623166365e+00
2.102097542141964759e+00
2.180216587266887274e+00
2.113268010809474795e+00
1.908027841620752785e+00
1.583945626638858073e+00
1.171330586757565850e+00
7.085305181220939996e-01
2.383664839956751158e-01
-1.958431909661846326e-01
-5.542972048673502350e-01
-8.043878698669300054e-01
-9.236962227635743261e-01
-9.020267078429695662e-01
-7.422937452893445531e-01
-4.601813912884535895e-01
-8.261334658843311196e-02
3.548173578088672508e-01
8.112122867381388325e-01
1.244204978639109616e+00
1.613908984920556788e+00
1.886605842920342946e+00
2.037829514775479467e+00
2.054563400634725312e+00
1.936351965375832762e+00
1.695232870616696585e+00
1.354507215656803432e+00
9.464743595521354358e-01
5.093535191268987461e-01
8.368799798405301971e-02
-2.914271928278292512e-01
-5.819412696420018793e-01
-7.619351341573463721e-01
-8.159201798242048387e-01
-7.401456064788753952e-01
-5.428065325695861087e-01
-2.431488888201823739e-01
1.304305340815459791e-01
5.430989906148939728e-01
9.568554476033774847e-01
1.334042130965211292e+00
1.640773835745070963e+00
1.849972122294674337e+00
1.943733381940074612e+00
1.914825760406526189e+00
1.767193457415486169e+00
1.515439886060108154e+00
1.183354806065780807e+00
8.016362246328286867e-01
4.050279197178516810e-01
2.914184837067523848e-02
-2.927424333927747258e-01
-5.326133410673929980e-01
-6.701398884751097462e-01
-6.943560458719044703e-01
-6.044813127220216575e-01
-4.098222435363920724e-01
-1.287828644053541360e-01
2.129094861716669951e-01
5.845892737591779076e-01
9.534253151388800696e-01
1.287328451456132283e+00
1.557736338533481479e+00
1.742034543087169984e+00
1.825411032443395865e+00
1.801995783230237125e+00
1.675203301006451095e+00
1.457267197518695045e+00
1.168026216967425146e+00
8.330841537843938216e-01
4.815167156190909292e-01
1.433325752695165933e-01
-1.530887921889708680e-01
-3.833640766545637346e-01
-5.290822089089179947e-01
-5.792325269206592964e-01
-5.309788140232274412e-01
-3.897311780718611951e-01
-1.685281291072332488e-01
1.132013763990522004e-01
4.313764538634464740e-01
7.593458039747978949e-01
1.070130934854249594e+00
1.338641924393727090e+00
1.543684586742803955e+00
1.669600604652898390e+00
1.707417135668000130e+00
1.655426262778579183e+00
1.519163507339318153e+00
1.310804273398413766e+00
1.048043474101897132e+00
7.525630642905922763e-01
4.482218441016009858e-01
1.591197010971019399e-01
-9.230654170211982645e-02
-2.870062016471999211e-01
-4.107265414100702561e-01
-4.550119674728698715e-01
-4.177250592665577855e-01
-3.030634511756087335e-01
-1.210867217621749425e-01
1.131950397954006871e-01
3.810872380957642802e-01
6.617232128207248820e-01
9.336998659283544111e-01
1.176708147105510083e+00
1.373034998714647292e+00
1.508827492772442325e+00
1.575031755233381237e+00
1.567946874315430339e+00
1.489364993931852510e+00
1.346300716740941095e+00
1.150343348231435581e+00
9.166921976965334284e-01
6.629562920341431909e-01
4.078141330460599012e-01
1.696357909188637714e-01
-3.483147215999604640e-02
-1.916212828088840192e-01
-2.904719868592595677e-01
-3.254580998614868825e-01
-2.952944234792619360e-01
-2.033025740517895308e-01
-5.705405159635468237e-02
1.322736871962872374e-01
3.507728943281149259e-01
5.828435898668836712e-01
8.123160641578055507e-01
1.023577090227374198e+00
1.202622074996228418e+00
1.337963600827435151e+00
1.421339469835933844e+00
1.448179372849661251e+00
1.417807398577460409e+00
1.333376434707107094e+00
1.201548769422312812e+00
1.031953666927781565e+00
8.364663382383550339e-01
6.283627787703400802e-01
4.214109019294701719e-01
2.289600694578063922e-01
6.308860866338283913e-02
-6.613740923461208787e-02
-1.512503676652905416e-01
-1.877804400700173737e-01
-1.744496514866029635e-01
-1.131562419673762809e-01
-8.758515754553997112e-03
1.313202674928778957e-01
2.976339969474642300e-01
4.793629706630478937e-01
6.650254926107735942e-01
8.432050701843563090e-01
1.003247579074413531e+00
1.135886657928830035e+00
1.233761891130197297e+00
1.291802514680947311e+00
1.307458830504456770e+00
1.280773587328110086e+00
1.214295629844860391e+00
1.112847519926178030e+00
9.831670572058739399e-01
8.334492376696838178e-01
6.728198776894942501e-01
5.107747214961535498e-01
3.566183033521995727e-01
2.189352429928455024e-01
1.051232221653217169e-01
2.101192590787248626e-02
-2.941388849495629731e-02
-4.417588690356544223e-02
-2.334405957328722359e-02
3.103811641578968494e-02
1.151359162354828602e-01
2.235980616050955438e-01
3.499044581347708904e-01
4.867644287640285894e-01
6.265411932059878897e-01
5.949831274882690924e-01
