1.287965226066990709e+00
1.536264492689743744e+00
1.754549735720312142e+00
1.930003577988133046e+00
2.052315882238731959e+00
2.114290744079376339e+00
2.112271192350928306e+00
2.046356452705287321e+00
1.920398781379104136e+00
1.741779809240644905e+00
1.520979292510454162e+00
1.270961384646320136e+00
1.006414304193234743e+00
7.428879407097859211e-01
4.958800018397067078e-01
2.799243981720948016e-01
1.077355015900870461e-01
-1.054130451274004621e-02
-6.792855454119850478e-02
-6.102968387260276906e-02
9.768457488626758334e-03
1.403157210394748722e-01
3.229404677560945292e-01
5.468990671927864700e-01
7.990068294598107190e-01
1.064413383493552301e+00
1.327476950985224224e+00
1.572686074303447423e+00
1.785574490769725298e+00
1.953575178978887772e+00
2.066763121311001150e+00
2.118442828163233926e+00
2.105545775077665827e+00
2.028814080707245004e+00
1.892759344973755642e+00
1.705398831544596483e+00
1.477784334410125799e+00
1.223351337356830548e+00
9.571267309015260016e-01
6.948417611580066655e-01
4.520025481158826963e-01
2.429730873807721681e-01
8.012498193238704047e-02
-2.689572709605703160e-02
-7.174112521137931964e-02
-5.173932799353009315e-02
3.194485536204005882e-02
1.743762447703715024e-01
3.671389163512072118e-01
5.988322219476225339e-01
8.557440414224092295e-01
1.122661570089721117e+00
1.383771742747700761e+00
1.623598022015170450e+00
1.827918055355796323e+00
1.984607769379142184e+00
2.084361764075712831e+00
2.121247144182007993e+00
2.093057753170370461e+00
2.001447578347633094e+00
1.851835175864553706e+00
1.653084547596441967e+00
1.416981182078927759e+00
1.157534159709866284e+00
8.901455924369569006e-01
6.306966010202321726e-01
3.946040532829074854e-01
1.959040914064790195e-01
4.641695278775814781e-02
-4.495717752566097403e-02
-7.276927601227267672e-02
-3.534778543748728907e-02
6.509950574992917627e-02
2.226143006473786379e-01
4.278399162163978309e-01
6.685759595516107545e-01
9.305027431272786531e-01
1.198032477537905205e+00
1.455236678497192182e+00
1.686794624749103466e+00
1.878906383886273401e+00
2.020115967635759180e+00
2.101995470318662740e+00
2.119649273430624703e+00
2.072008079437358319e+00
1.961895035710111035e+00
1.795859782283085959e+00
1.583790096623674870e+00
1.338324089389468119e+00
1.074097833671131097e+00
8.068731723446729287e-01
5.525976519247804974e-01
3.264526425453232461e-01
1.419464722257876010e-01
1.010677854765207329e-02
-6.117958589387550994e-02
-6.763952052993227326e-02
-8.871081589773455178e-03
1.116302573089935635e-01
2.866782699803147594e-01
5.058234245738919554e-01
7.559757535187716648e-01
1.022186072203738139e+00
1.288538960390506638e+00
1.539104184525251107e+00
1.758889686197020907e+00
1.934739109089327336e+00
2.056120097716484629e+00
2.115756085410018805e+00
2.110063612425569168e+00
2.039368822983842033e+00
1.907889990108440514e+00
1.723486920386926524e+00
1.497192059045678203e+00
1.242551211642541453e+00
9.748132359772075928e-01
7.100171485645377922e-01
4.640312860433246644e-01
2.516020879171786406e-01
8.546954343996038261e-02
-2.439760057202877697e-02
-7.140091007495574793e-02
-5.270955260726650771e-02
3.056817948309054067e-02
1.734495678752704384e-01
3.673746766780681128e-01
6.007183976669145942e-01
8.594867468436203639e-01
1.128155738324331026e+00
1.390602565570764559e+00
1.631073235703560442e+00
1.835128568897715695e+00
1.990511729458414036e+00
2.087885126330097929e+00
2.121392331179252189e+00
2.089011145362739352e+00
1.992676475295942051e+00
1.838165497487359801e+00
1.634751879674376518e+00
1.394649714166933840e+00
1.132280477668361041e+00
8.634069957458349043e-01
6.041864162986813058e-01
3.701990995239260451e-01
1.755118142860822017e-01
3.183160046028365997e-02
-5.219876679235357919e-02
-7.152126777232825638e-02
-2.496769404244281176e-02
8.466917126229689394e-02
2.508026219926550171e-01
4.634473814548480952e-01
7.098195278942700526e-01
9.751049570279887169e-01
1.243350184885132936e+00
1.498421911176723409e+00
1.724977604492313521e+00
1.909388688066838924e+00
2.040560741458297578e+00
2.110601319816805876e+00
2.115295156995358639e+00
2.054358110238695634e+00
1.931454524647637117e+00
1.753976942532862626e+00
1.532601397439219859e+00
1.280645051960831005e+00
1.013264847128318547e+00
7.465454107558029406e-01
4.965311446870578349e-01
2.782607736925636344e-01
1.048624888320313087e-01
-1.323583563769115123e-02
-6.893380985064667676e-02
-5.888534039878989823e-02
1.630057783098037838e-02
1.520971346951607295e-01
3.403327442825934135e-01
5.696833515888783950e-01
8.263543049511962169e-01
1.094910685264219419e+00
1.359206057388078648e+00
1.603353702753032017e+00
1.812681859748695334e+00
1.974615491016073587e+00
2.079431552353852020e+00
2.120842385742183200e+00
2.096372235628987113e+00
2.007504365413037117e+00
1.859590075985890101e+00
1.661525265603096546e+00
1.425214155433021102e+00
1.164852595187676032e+00
8.960741885838843235e-01
6.350106887359268093e-01
3.973232172135425788e-01
1.972625537248929861e-01
4.681492865086234190e-02
-4.501545786336014210e-02
-7.274425017659247317e-02
-3.473299980335498027e-02
6.671583977718720249e-02
2.255003920487738123e-01
4.320885035681729658e-01
6.740920922052160424e-01
9.370119488691953658e-01
1.205108071780715662e+00
1.462343158910002661e+00
1.693342592018567405e+00
1.884313365750082347e+00
2.023866992258230635e+00
2.103697282522562162e+00
2.119072708555628015e+00
2.069114249448411158e+00
1.956842539350642340e+00
1.788991986553034153e+00
1.575603485502078183e+00
1.329420560111358229e+00
1.065125466485991268e+00
7.984612500142522773e-01
5.452924356356323443e-01
3.206605401546392953e-01
1.378907330000552767e-01
7.802741339876906324e-03
-6.192729645779615488e-02
-6.721648302224947358e-02
-7.810138434325875068e-03
1.127111984651187893e-01
2.871524207776094961e-01
5.051382874898489028e-01
7.537351118735307054e-01
1.018222152684666204e+00
1.282966420314724854e+00
1.532348669745884795e+00
1.751685546938185345e+00
1.928093335001069608e+00
2.051242463967909657e+00
2.113958663022049045e+00
2.112635929137127277e+00
2.047437792725539829e+00
1.922275991614584179e+00
1.744568765426425916e+00
1.524794051054290556e+00
1.275865175519324213e+00
1.012366741292817451e+00
7.496963152048616852e-01
5.031627287276823068e-01
2.870939640694322170e-01
1.140066425746691925e-01
-6.114861125364301486e-03
-6.638841734607536793e-02
-2.140785213496171568e+00
-1.948933169755497019e+00
-1.585270487887920243e+00
-1.071096664414004085e+00
-4.363345295227398779e-01
2.822297734230202471e-01
1.043092586936640087e+00
1.802438300754928946e+00
2.516664770575168575e+00
3.144882964051217922e+00
3.651247875122870745e+00
4.006988564927246088e+00
4.192023438739621355e+00
4.196071428017628335e+00
4.019199145960397956e+00
3.671776600850278349e+00
3.173847807608920046e+00
2.553955713456934618e+00
1.847491391274729278e+00
1.094663764385147120e+00
3.382067783897403368e-01
-3.790451660938234379e-01
-1.016576265843104121e+00
-1.538466896740795065e+00
-1.915402651774187781e+00
-2.126303657755638454e+00
-2.159484948014322558e+00
-2.013285406117448773e+00
-1.696132791493957903e+00
-1.226043925017040959e+00
-6.295904971717474208e-01
5.960956147538765126e-02
8.027892405278271859e-01
1.558211170812799029e+00
2.283505891417064948e+00
2.938039397201187342e+00
3.485178645527575725e+00
3.894329847999272953e+00
4.142637341704920928e+00
4.216249878952332608e+00
4.111085227554355015e+00
3.833051706709146966e+00
3.397715179072284819e+00
2.829430453823245983e+00
2.159985384606638803e+00
1.426832593496687451e+00
6.710062906861760101e-01
-6.516111351009912234e-02
-7.403969094932505435e-01
-1.316790621814257101e+00
-1.761914144548080596e+00
-2.050642182084850607e+00
-2.166571803115610262e+00
-2.102961539059316820e+00
-1.863136457613725039e+00
-1.460334641368091990e+00
-9.170009624438182350e-01
-2.635643462671291015e-01
4.632367589245652839e-01
1.222390780547004896e+00
1.970900836876857465e+00
2.666198812641459526e+00
3.268552492252141395e+00
3.743331657487090069e+00
4.063005448413413490e+00
4.208756706094276545e+00
4.171618841844354719e+00
3.953066550023786707e+00
3.565021749352051295e+00
3.029265041635322842e+00
2.376275926858005150e+00
1.643558502666197185e+00
8.735396961431559637e-01
1.111532419911503977e-01
-5.987569299124699818e-01
-1.214066838506326018e+00
-1.697883716262530207e+00
-2.020789252796078017e+00
-2.162677674154227070e+00
-2.114071855660129007e+00
-1.876828464577695144e+00
-1.464177028073320397e+00
-9.000760497541759886e-01
-2.179097496797861577e-01
5.414106514647907265e-01
1.331839370430370373e+00
2.104947591654352301e+00
2.812873673204765446e+00
3.411294795052365991e+00
3.862236362737716977e+00
4.136540206003060050e+00
4.215828676602038527e+00
4.093828606348060895e+00
3.776955482193015801e+00
3.284102210594378235e+00
2.645625980655859522e+00
1.901578047545805727e+00
1.099271515678039712e+00
2.903280903314818806e-01
-4.726169002398721286e-01
-1.139343973595344117e+00
-1.665390961022337191e+00
-2.015082961382683724e+00
-2.164041143397515743e+00
-2.100989220872181207e+00
-1.828718155064626760e+00
-1.364122345776649592e+00
-7.372811026698065096e-01
1.037630599137195908e-02
8.287195541670422383e-01
1.662218274914007310e+00
2.453683170940675673e+00
3.148198089201172056e+00
3.696973063547502214e+00
4.060845845939768495e+00
4.213176262335716515e+00
4.141913405110179802e+00
3.850668378395006641e+00
3.358691887145161203e+00
2.699732086030118161e+00
1.919828565530591780e+00
1.074177385574667909e+00
2.232737650837675059e-01
-5.714022099752635864e-01
-1.251850557570447275e+00
-1.767841346988872075e+00
-2.080708300335797567e+00
-2.166353401923909683e+00
-2.017221512564117081e+00
-1.643075444779946714e+00
-1.070488421599549600e+00
-3.410661566089645547e-01
4.914921258044482322e-01
1.365293046538310628e+00
2.214829777846270442e+00
2.975906288316923387e+00
3.590533302357680867e+00
4.011418326833636527e+00
4.205695745052375756e+00
4.157595054135887480e+00
3.869822462042972866e+00
3.363527771995467042e+00
2.676837519547808686e+00
1.862048230940360094e+00
9.816814246961974577e-01
1.036957390220052400e-01
-7.037765936806905653e-01
-1.377758114626894237e+00
-1.865397349786552361e+00
-2.128183644949734887e+00
-2.145061936032830463e+00
-1.914188079148696264e+00
-1.453172009534507758e+00
-7.977765306912356635e-01
8.358070020724195359e-04
8.800967713325746899e-01
1.770954055362719437e+00
2.603329377127427513e+00
3.311675899648219179e+00
3.840187354760830729e+00
4.147237663778508221e+00
4.208691169472588811e+00
4.019814901286661524e+00
3.595638076048550680e+00
2.969730818929543936e+00
2.191503253699586651e+00
1.322246803804281612e+00
4.302416222116467459e-01
-4.146710222345244556e-01
-1.146611249353856277e+00
-1.708833996880110284e+00
-2.058132637689193079e+00
-2.168126392098477684e+00
-2.031185732364669594e+00
-1.658861413792955819e+00
-1.080805241146983953e+00
-3.422914820324747254e-01
4.994429660856192221e-01
1.379732557944165494e+00
2.231521981602359261e+00
2.990509565384201096e+00
3.599996244544956703e+00
4.015073860004124029e+00
4.205846950489082303e+00
4.159464490812356807e+00
3.880834970801715134e+00
3.392001702797148965e+00
2.730257034486920809e+00
1.945166477857612319e+00
1.094749983634437873e+00
2.411225854493725951e-01
-5.540728352662132039e-01
-1.234103087970059853e+00
-1.751135059470434463e+00
-2.069503979069366562e+00
-2.168045347788210897e+00
-2.041350113368498587e+00
-1.699883610373033260e+00
-1.168990760601959611e+00
-4.868871918279571442e-01
2.981969126818789784e-01
1.131500485702229941e+00
1.955587294337160831e+00
2.714301353428242081e+00
3.356551914167481332e+00
3.839678199949443371e+00
4.132180210510284724e+00
4.215650785659232014e+00
4.085801910744325305e+00
3.752540784063486790e+00
3.239114200448116154e+00
2.580399283877703898e+00
1.820470918072610411e+00
1.009618412487570671e+00
2.010138219499409962e-01
-5.527493997564545403e-01
-1.203026506199804668e+00
-1.708190783117782274e+00
-2.036216276694860827e+00
-2.166622304790092990e+00
-2.091670384395623916e+00
-1.816751764004843395e+00
-1.359953674540014479e+00
-7.508417719118773981e-01
-2.854225930546383516e-02
7.607526347118751531e-01
1.566699856559244042e+00
2.337962623424770126e+00
3.025418306659982903e+00
3.585224604530378389e+00
3.981560916564319985e+00
4.188881365139464741e+00
4.193544396558900544e+00
3.994719744130390104e+00
3.604514826146472561e+00
3.047307220131330929e+00
2.358315401404968092e+00
1.581484123045880263e+00
7.668013732990928144e-01
-3.280133943771224025e-02
-7.647864255558400881e-01
-1.380388396031459131e+00
-1.837828102629977867e+00
-2.105161700740647124e+00
-2.162577640749647312e+00
-2.003980659590448798e+00
-1.637737640794957539e+00
-1.086505022186937452e+00
-3.861093307986529499e-01
4.164908845337350618e-01
1.338747658053018652e+00
2.426786725256126598e+00
3.419199632234107611e+00
4.241912029356454283e+00
4.831104118278344295e+00
5.138314872259869048e+00
5.134724404617823978e+00
4.814246149037416878e+00
4.195110583596528997e+00
3.319710227257421042e+00
2.252572585290088636e+00
1.076412030986013013e+00
-1.136174821659168277e-01
-1.217173897064620647e+00
-2.137018243249992899e+00
-2.787726190527580528e+00
-3.104078767916640835e+00
-3.048321058034600739e+00
-2.615476918084330915e+00
-1.835989734215080382e+00
-7.751308560609486698e-01
4.711233356298862862e-01
1.783710754330697146e+00
3.031180478164548386e+00
4.082650953431243401e+00
4.821848194585495406e+00
5.160760833853881735e+00
5.051300977487241717e+00
4.493388755276709112e+00
3.538111582609813066e+00
2.285050931277151420e+00
8.734956883023676788e-01
-5.319832544411697839e-01
-1.760322166861277626e+00
-2.655103971748045577e+00
-3.095475044733432490e+00
-3.013996058296095626e+00
-2.408687799650812700e+00
-1.347052523905243326e+00
3.923168678723643055e-02
1.569017023282086809e+00
3.034474437471964325e+00
4.229292341577137293e+00
4.978520733727397563e+00
5.165677861905745516e+00
4.752755420643023143e+00
3.789489154747769817e+00
2.409665390703561449e+00
8.141474000886260720e-01
-7.575456763278010097e-01
-2.063240107476922880e+00
-2.896271199426425191e+00
-3.119646776488370854e+00
-2.690316981374953453e+00
-1.668979702625770667e+00
-2.130746641734933000e-01
1.446592589195891509e+00
3.042274725959067450e+00
4.312985853023342031e+00
5.048184686738195204e+00
5.123862714469296087e+00
4.524557992452509225e+00
3.347138976260176424e+00
1.785365100758300017e+00
9.766129999237860293e-02
-1.436401895212021884e+00
-2.563342800609411665e+00
-3.098430103707520367e+00
-2.956306977788989876e+00
-2.164316653734484230e+00
-8.564291210383707664e-01
7.508237151909186169e-01
2.395815639235492789e+00
3.815850080955532242e+00
4.789962053725412616e+00
5.173242795973384212e+00
4.917249760505935541e+00
4.073771956643716052e+00
2.782260862617738084e+00
1.244023187068755920e+00
-3.116938913172977443e-01
-1.663626856468408910e+00
-2.630515244519861184e+00
-3.094495909888754781e+00
-3.013036937537571625e+00
-2.418739029878018698e+00
-1.408356078077006135e+00
-1.239320764891587157e-01
1.270187625303304646e+00
2.610588683462899517e+00
3.754905441595511650e+00
4.596446017554331576e+00
5.072143200112499528e+00
5.163825054442566120e+00
4.893763949745641995e+00
4.316099749238771821e+00
3.505999555176483096e+00
2.548269072770431798e+00
1.526989211628942744e+00
5.174106693253428535e-01
-4.194044870532189773e-01
-1.239208752156351512e+00
-1.914840186889192442e+00
-2.434721603554543368e+00
-2.800233020092676828e+00
-3.022555661935055760e+00
-3.119471853761873525e+00
-3.112462800061650547e+00
-3.024305511886432818e+00
-2.877250266502826115e+00
-2.691770208817145793e+00
-2.485816423493038219e+00
-2.274481349863781698e+00
-2.069964555967406028e+00
-1.881740813155628800e+00
-1.716844959495845924e+00
-1.580206346882080393e+00
-1.474984336543607277e+00
-1.402873277350098480e+00
-1.364359660061312152e+00
-1.358925406755864262e+00
-1.385199678962299785e+00
-1.441067518314876672e+00
-1.523747451298439248e+00
-1.629852215953631944e+00
-1.755447229487065552e+00
-1.896120454366688968e+00
-2.047075039033571908e+00
-2.203252629144685670e+00
-2.359490766290154085e+00
-2.510712637006377701e+00
-2.652142068671991204e+00
-2.779531670463109450e+00
-2.889388020090291942e+00
-2.979175388497028898e+00
-3.047479100878070390e+00
-3.094111405040929519e+00
-3.120146454876603137e+00
-3.127876136063088452e+00
-3.120684046720196392e+00
-3.102839859408051737e+00
-3.079219340936171001e+00
-3.054955449094114428e+00
-3.035022479717622623e+00
-3.023748111806862759e+00
-3.024238156761102303e+00
-3.037687855991488384e+00
-3.062545509229535057e+00
-3.093495621307359222e+00
-3.120250238755928329e+00
-3.126194823987359150e+00
-3.087051337304393073e+00
-2.969923224706946474e+00
-2.733398231498008535e+00
-2.329804148094428928e+00
-1.711170869123082916e+00
-8.407772100967263462e-01
2.866991058221806110e-01
1.617650037816254383e+00
3.015262790110107893e+00
4.252550427344919726e+00
5.040249885926185058e+00
5.094942522632566195e+00
4.242405041189476478e+00
2.531977186602331731e+00
3.131155827291395299e-01
-1.785848864976015360e+00
-3.018931158787998115e+00
-2.810010226996523031e+00
-1.070753184542045933e+00
1.615839975762088487e+00
4.109609180655356298e+00
5.175766744299671984e+00
4.141955188812461053e+00
1.402606514784988878e+00
-1.607111091861880947e+00
-3.111779230873790603e+00
-2.080443623898506900e+00
9.693036800971162048e-01
4.101077944039996481e+00
5.142702127423999237e+00
3.247026632432852278e+00
-3.130499971215996435e-01
-2.895121791775996378e+00
-2.442006331830074650e+00
7.916466072548318245e-01
4.243900914174481898e+00
5.024648091222021939e+00
2.387988635464579623e+00
-1.456176359386037955e+00
-3.121904728223912073e+00
-1.053823288731713159e+00
2.930696372492138657e+00
5.161384731515738622e+00
3.502541302084127395e+00
-5.278071327132114465e-01
-3.075615355734052869e+00
-1.635007839424368115e+00
2.427107193600573698e+00
5.108010061205732200e+00
3.710719358146111535e+00
-3.954716986218940189e-01
-3.070955138909170046e+00
-1.578564392539547168e+00
2.580276171617536640e+00
5.145059818706089416e+00
3.463464587230276059e+00
-7.411908668430642333e-01
-3.119520199500297686e+00
-1.200306513000636510e+00
3.028690222937969079e+00
5.176316739805701950e+00
3.013688143246691542e+00
-1.211338214557270643e+00
-3.119104551639781953e+00
-7.434771330623111130e-01
3.452384634278358178e+00
5.148240071968951170e+00
2.618287260167305952e+00
-1.534309574544187260e+00
-3.082273498417841928e+00
-4.779164700684264133e-01
3.631381902369564152e+00
5.127418081919768333e+00
2.546213745085650793e+00
-1.529982055848670974e+00
-3.095222991585759864e+00
-6.536007024467769266e-01
3.398411027463904333e+00
5.169402439032571905e+00
3.008340310664927131e+00
-1.007709916038388442e+00
-3.121542523184983153e+00
-1.413592163183824191e+00
2.507304079316334366e+00
5.077384947275710658e+00
4.028327040550641058e+00
3.402400687102494770e-01
-2.736983599528000521e+00
-2.570978399571475670e+00
6.413196324357882672e-01
4.158090723771314501e+00
5.071563565809799279e+00
2.687800765090822441e+00
-1.016914096447863347e+00
-3.088324343300524077e+00
-1.947768236297353184e+00
1.462759150148417397e+00
4.521718187400114886e+00
4.967160820696467027e+00
1.307830698647697965e+00
6.502696034235508904e-01
2.607333900206881827e-01
4.024212275401578554e-01
9.657090047971121916e-01
1.563844256058466220e+00
1.804171373014367807e+00
1.541838347358439609e+00
9.557563228734778926e-01
4.167309821213802667e-01
2.494608159797619962e-01
5.423010218006274474e-01
1.111875768841723122e+00
1.626606784138991735e+00
1.802359046323869674e+00
1.554240579262505806e+00
1.027377750854419736e+00
5.040464374392644720e-01
2.493083278748355891e-01
3.802542908976919156e-01
8.205718245402404687e-01
1.352097016975789767e+00
1.727304941837136898e+00
1.783576638324401387e+00
1.507837890634025735e+00
1.029625448914650798e+00
5.547362755332695405e-01
2.747512909411267135e-01
2.922267837277633395e-01
5.889481339449431641e-01
1.043607861297460415e+00
1.485535053782911952e+00
1.759938021727628588e+00
1.779954291634244345e+00
1.549455044550945182e+00
1.153155334119129849e+00
7.219797867347065301e-01
3.882592545720854327e-01
2.460352585734261188e-01
3.275687275834016088e-01
6.004321416884106366e-01
9.828825003722750919e-01
1.370514966925986844e+00
1.665383151443101895e+00
1.799702218952814903e+00
1.749059235222533815e+00
1.533581589261041822e+00
1.208697678297181000e+00
8.492549972439861206e-01
5.315692259246898033e-01
3.175813388297775708e-01
2.440689463761986921e-01
3.182597958794071147e-01
5.196583555087164186e-01
8.067257661382020162e-01
1.126398474816675765e+00
1.424296954290707573e+00
1.653763866308286090e+00
1.782426472419890828e+00
1.795637263149574059e+00
1.696770262555580722e+00
1.504842025042624432e+00
1.250237813757978600e+00
9.694496353053194682e-01
6.997018518541224807e-01
4.741779085675312810e-01
3.183494011566166959e-01
2.476891580497005974e-01
2.668317576382032152e-01
3.700642522894748154e-01
5.428990507353335104e-01
7.644038798565475634e-01
1.009937243160157871e+00
1.253953636148093187e+00
1.472590135116097265e+00
1.645813271268865119e+00
1.758981461566309301e+00
1.803754465923431027e+00
1.778350304709233054e+00
1.687207020919911038e+00
1.540148992222815760e+00
1.351184435928624028e+00
1.137073020446335292e+00
9.158018648103165571e-01
7.050970888125714930e-01
5.210791881156627836e-01
3.771465909362166080e-01
2.831453568661338460e-01
2.448563262104596072e-01
2.638059317087977362e-01
3.373847139684243990e-01
4.592392728995918771e-01
6.198894745347409696e-01
8.075134006712941792e-01
1.008837673076271590e+00
1.210070073194716267e+00
1.397814315472499569e+00
1.559912810914525716e+00
1.686171610006101051e+00
1.768931753725055289e+00
1.803462314864693994e+00
1.788161845551992091e+00
1.724566185507307114e+00
1.617171125887797434e+00
1.473087842351445298e+00
1.301556969916965789e+00
1.113353439144591839e+00
9.201185613570920241e-01
7.336582559379252189e-01
5.652467496875611674e-01
4.249736147501999017e-01
3.211687831050403785e-01
2.599353779403846820e-01
2.448140840851691369e-01
2.765956340268204139e-01
3.532901407012385420e-01
4.702538155374726969e-01
6.204654358388088653e-01
7.949371364616546476e-01
9.832370525218647739e-01
1.174095363630240918e+00
1.356060679309569306e+00
1.518170702451643983e+00
1.650599892750021613e+00
1.745247531128066631e+00
1.796232182898419794e+00
1.800263006640335783e+00
1.756864500767455928e+00
1.668438872849087096e+00
1.540158924610447011e+00
1.379693758909540824e+00
1.196779263168557872e+00
1.002654693691696686e+00
8.093952449944806782e-01
6.291777134666507454e-01
4.735217682688157570e-01
3.525525047155626535e-01
2.743305543826600745e-01
2.442938647224196513e-01
2.648502903986791335e-01
3.351524755715098447e-01
4.510764418690151878e-01
6.054132947780668239e-01
7.882701465703559895e-01
9.876624884392762871e-01
1.190266691129913568e+00
1.382288989218763531e+00
1.550397124977392016e+00
1.682653645095077088e+00
1.769386379717579949e+00
1.803932417250192488e+00
1.783197198049684129e+00
1.707980165934588568e+00
1.583032391395721827e+00
1.416829030984103177e+00
1.221059408874261676e+00
1.009858614922580111e+00
7.988253136962037981e-01
6.038893385933252755e-01
4.401079886509990935e-01
3.204802621338066482e-01
2.548723179529679417e-01
2.491444072689468214e-01
3.045590149733007346e-01
4.175322262964535902e-01
5.797662432030872282e-01
7.787719918847023637e-01
9.987589171569764002e-01
1.221836822805337786e+00
1.429444729737034514e+00
1.603896982020412754e+00
1.729919839745604815e+00
1.796044714703909140e+00
1.795728494356572780e+00
1.728087622948435875e+00
1.598160276712671912e+00
1.416648478654825904e+00
1.199136664478143377e+00
9.648314195121742154e-01
7.349145647348724886e-01
5.306438611422250595e-01
3.713678093268655278e-01
2.726393924173521333e-01
2.446152139831493377e-01
2.909098107927207133e-01
4.080401890982855440e-01
5.855449311050335837e-01
8.067994742112232220e-01
1.050479914036757112e+00
1.292558629911586543e+00
1.508653448903906957e+00
1.676505050525253004e+00
1.778331002119070581e+00
1.802803602783123127e+00
1.746424611515127179e+00
1.614122116499962623e+00
1.418969435270807766e+00
1.181016345021994152e+00
9.253201206489405362e-01
6.793572986368923150e-01
4.700758765432252462e-01
3.209017327425717214e-01
2.490344513127216164e-01
2.633517449444563452e-01
3.631876491126899698e-01
5.381614780089869488e-01
7.691204511863471982e-01
1.030130926484490672e+00
1.291325874914040384e+00
1.522305119831973919e+00
1.695704527020573504e+00
1.790512532953334457e+00
1.794724356472294780e+00
1.706987379061301713e+00
1.537000524308536287e+00
1.304574825418066908e+00
1.037425350781128186e+00
7.679264593809381756e-01
5.292021390280400306e-01
3.510217477609801628e-01
2.560139442930886577e-01
2.566896359113178816e-01
3.536781598239678859e-01
5.354380220739001217e-01
7.795206983301733450e-01
1.055265807647670195e+00
1.327614417375454492e+00
1.561570406686980883e+00
1.726740258905645753e+00
1.801355083161714443e+00
1.775231438826959440e+00
1.651255317697086333e+00
1.445161529564422009e+00
1.183604909751871048e+00
9.007504627292608479e-01
6.338150648750607852e-01
4.181444493433376097e-01
2.824834102179994977e-01
2.450822071280936987e-01
3.111780228331665343e-01
4.722096751232769396e-01
7.068904448168153998e-01
9.840097185800926738e-01
1.266594632442462842e+00
1.516872183353195958e+00
1.701358928381377700e+00
1.795373237375809117e+00
1.786349844503115181e+00
1.675515249441750898e+00
3.003794972305494859e+00
