5.027731814307249358e+00
5.234669785746447701e+00
5.416683610086739264e+00
5.563026118160212974e+00
5.665016947064326125e+00
5.716563340900907342e+00
5.714531085558689938e+00
5.658942581864974564e+00
5.552989115827900335e+00
5.402855307589701006e+00
5.217364871339213117e+00
5.007467533993184894e+00
4.785596595538482489e+00
4.564934579523504787e+00
4.358630221964423512e+00
4.179013308507322222e+00
4.036854368914209346e+00
3.940713914603390933e+00
3.896420868777146218e+00
3.906712364978272234e+00
3.971057605332091178e+00
4.085677528190116981e+00
4.243760285610207461e+00
4.435860680177703408e+00
4.650460478585923596e+00
4.874656597046284290e+00
5.094936159454122482e+00
5.297991870354803012e+00
5.471528384137700485e+00
5.605010584294941367e+00
5.690307924461655453e+00
5.722195053498060346e+00
5.698677500586244449e+00
5.621121726711102440e+00
5.494180722258007243e+00
5.325518823932760881e+00
5.125351769942599667e+00
4.905829445025033486e+00
4.680298571524864393e+00
4.462490160005510020e+00
4.265681358926400435e+00
4.101883120790086323e+00
3.981103703271846150e+00
3.910733517596983955e+00
3.895089487419298280e+00
3.935147334232045324e+00
4.028478657629266380e+00
4.169397044650145823e+00
4.349304508032144412e+00
4.557217127062871853e+00
4.780437626821924191e+00
5.005333483610488798e+00
5.218172564694127047e+00
5.405964716991861430e+00
5.557257342146431078e+00
5.662835861621458911e+00
5.716285906944303719e+00
5.714382694477855296e+00
5.657283817849831919e+00
5.548513934798497083e+00
5.394742766231249931e+00
5.205370647830441122e+00
4.991947771524373856e+00
4.767463479071985866e+00
4.545549884686781006e+00
4.339649218807633879e+00
4.162196291448021945e+00
4.023866260703202968e+00
3.932933554879501692e+00
3.894780628304236991e+00
3.911585702216887839e+00
3.982207370874153884e+00
4.102271662587329004e+00
4.264454617759279031e+00
4.458941470663566164e+00
4.674032845084226118e+00
4.896859651664933644e+00
5.114162130708557186e+00
5.313085078123590321e+00
5.481940899237234710e+00
5.610894736732237043e+00
5.692531306976497341e+00
5.722270872773725259e+00
5.698611274718759390e+00
5.623183419732161070e+00
5.500620438001532442e+00
5.338252115538850262e+00
5.145646069465079187e+00
4.934025756186137812e+00
4.715601972601675129e+00
4.502858689379838353e+00
4.307835675030470490e+00
4.141449425614545099e+00
4.012890559154254966e+00
3.929130356967207138e+00
3.894561941375535685e+00
3.910793159542348185e+00
3.976599135590418221e+00
4.088033211812390988e+00
4.238686160255540791e+00
4.420075594721727619e+00
4.622140861937818812e+00
4.833813656568556105e+00
5.043631397839622110e+00
5.240359122758325938e+00
5.413586277304287542e+00
5.554267203099477079e+00
5.655178111949959785e+00
5.711268628804204717e+00
5.719892225237657613e+00
5.680906687994943027e+00
5.596642787101871797e+00
5.471746152539063601e+00
5.312903693570820707e+00
5.128471401897464865e+00
4.928024827944573971e+00
4.721856734285993618e+00
4.520448307848973002e+00
4.333940821222167727e+00
4.171633809782022695e+00
4.041533774664504364e+00
3.949974284770747524e+00
3.901324329977206240e+00
3.897797099575827318e+00
3.939366270304518025e+00
4.023791638856290653e+00
4.146750770500485572e+00
4.302068488094929144e+00
4.482031698535982045e+00
4.677773418027703300e+00
4.879707046767716605e+00
5.077990049610236589e+00
5.262995271046060353e+00
5.425768157232155886e+00
5.558449141518543968e+00
5.654642303189392649e+00
5.709714030472365032e+00
5.721008680679413594e+00
5.687971985088031701e+00
5.612177032814646083e+00
5.497251918378752045e+00
5.348712382987207192e+00
5.173706855848379860e+00
4.980685055352112478e+00
4.779004601817554487e+00
4.578492803427915092e+00
4.388982806304150053e+00
4.219844573698578571e+00
4.079531628720984848e+00
3.975164136790636960e+00
3.912167721514113961e+00
3.893985430357208344e+00
3.921877548967262594e+00
3.994820583944644898e+00
4.109512794286366955e+00
4.260489273174153269e+00
4.440344904163843864e+00
4.640058695016445078e+00
4.849408197500491013e+00
5.057458131793618250e+00
5.253103135641057797e+00
5.425640939949230912e+00
5.565349420870314923e+00
5.664039073269918845e+00
5.715551657846529743e+00
5.716176239434270556e+00
5.664955673531936853e+00
5.563859889984146712e+00
5.417807108653106773e+00
5.234521947675092157e+00
5.024226305181538343e+00
4.799159967763788615e+00
4.572942870175517704e+00
4.359802973232453915e+00
4.173705418758439478e+00
4.027429865845215673e+00
3.931652596180288839e+00
3.894097037719189913e+00
3.918819731559826991e+00
4.005697488302024212e+00
4.150174790765314370e+00
4.343317978046628447e+00
4.572204424412247725e+00
4.820651393667790607e+00
5.070261714496319350e+00
5.301733727780985284e+00
5.496353525441946886e+00
5.637561200132451766e+00
5.712462754611117077e+00
5.713148514202409878e+00
5.637679965506132262e+00
5.490621731695986441e+00
5.283024543372937032e+00
5.031807751732073619e+00
4.758543668426571394e+00
4.487706626193687320e+00
4.244511458818294614e+00
4.052522341966236397e+00
3.931256426623429334e+00
3.894030635274090102e+00
4.091552481165932953e+00
4.206623232241168076e+00
4.383107709786110640e+00
4.604119630978753541e+00
4.847567479950053659e+00
5.088293766115614680e+00
5.300675538485377203e+00
5.461419589807753994e+00
5.552241293814957679e+00
5.562106163074925114e+00
5.488742763544689041e+00
5.339204508943559802e+00
5.129360614380320094e+00
4.882322274988704969e+00
4.625941965643439069e+00
4.389656256257417510e+00
4.201041982782573569e+00
4.082499541540632215e+00
4.048477092088135443e+00
4.103595056106912331e+00
4.241927369583875063e+00
4.447556558178106023e+00
4.696361211051795159e+00
4.958837274768690406e+00
5.203619571965159452e+00
5.401275348394472431e+00
5.527900662709872570e+00
5.568069275279056818e+00
5.516760665694739885e+00
5.380019446402032557e+00
5.174256737024954589e+00
4.924274613020102720e+00
4.660255473169959473e+00
4.414088309703097401e+00
4.215486701156176963e+00
4.088378424294077718e+00
4.048011019833536395e+00
4.099126441253447162e+00
4.235423170739315069e+00
4.440363426651298795e+00
4.689216891584107039e+00
4.952081678201552428e+00
5.197506591920865837e+00
5.396270054697590801e+00
5.524857925921105917e+00
5.568225403381068972e+00
5.521520761610910988e+00
5.390578493771203128e+00
5.191139848918845168e+00
4.946911138696807875e+00
4.686706173618412130e+00
4.441022953178316968e+00
4.238464795974421051e+00
4.102426538448154858e+00
4.048427394533172574e+00
4.082389503612620985e+00
4.200045934983434925e+00
4.387528225139801563e+00
4.623047299887312001e+00
4.879458521063082088e+00
5.127405210598406704e+00
5.338675464647611335e+00
5.489390011835410199e+00
5.562664992801504837e+00
5.550458732198831235e+00
5.454407635722469117e+00
5.285572671360439401e+00
5.063138036761678507e+00
4.812215709914663186e+00
4.561007138492936264e+00
4.337641634580259975e+00
4.167043419826372386e+00
4.068172933145554282e+00
4.051944083253347983e+00
4.120042730348778548e+00
4.264771369890477004e+00
4.469931805366297084e+00
4.712643864511975700e+00
4.965896232457816417e+00
5.201546205681624180e+00
5.393437075595000962e+00
5.520290006789276838e+00
5.568052844022690628e+00
5.531448397469135969e+00
5.414552836980186967e+00
5.230341286232086162e+00
4.999250980822103507e+00
4.746920135089403914e+00
4.501351225871135675e+00
4.289810865782669680e+00
4.135807834908164615e+00
4.056482874155725504e+00
4.060699269196022421e+00
4.148046810076658986e+00
4.308871632540530072e+00
4.525331590279135341e+00
4.773363491098138844e+00
5.025347202525370705e+00
5.253173514812965017e+00
5.431376498433637678e+00
5.539982220506980859e+00
5.566755340623521953e+00
5.508590302755920654e+00
5.371887633599522260e+00
5.171868074670132209e+00
4.930895598446398687e+00
4.675991666185552731e+00
4.435814897157651870e+00
4.237442193602584339e+00
4.103312086649326673e+00
4.048675493235762701e+00
4.079844539292150074e+00
4.193442336674207738e+00
4.376745134788184721e+00
4.609085425302247963e+00
4.864164121761541892e+00
5.113015532903436799e+00
5.327292523975373228e+00
5.482500008766518107e+00
5.560807632803642875e+00
5.553117374397120720e+00
5.460144174691198948e+00
5.292378626574399725e+00
5.068927829519692452e+00
4.815359353586704749e+00
4.560789051964785124e+00
4.334542718096855651e+00
4.162773679272706140e+00
4.065426883817869985e+00
4.053903369786662658e+00
4.129700913351411984e+00
4.284195725502241814e+00
4.499598818711518788e+00
4.750984163632995916e+00
5.009159879515006075e+00
5.244053299033169857e+00
5.428217876400259101e+00
5.540052374092129028e+00
5.566353142088463102e+00
5.503895553913343619e+00
5.359852409783921523e+00
5.150992562408198694e+00
4.901746404475264107e+00
4.641359284879222891e+00
4.400463361834510145e+00
4.207469608946141193e+00
4.085205821869271503e+00
4.048200202609613108e+00
4.100936084958035188e+00
4.237290006724443003e+00
4.441225830489703874e+00
4.688668430572997536e+00
4.950339387590842577e+00
5.195221142341210907e+00
5.394239269484607746e+00
5.523724448216507099e+00
5.568240043874752132e+00
5.522435359178508918e+00
5.391699759448876250e+00
5.191536149335590267e+00
4.945726217475471032e+00
4.683504672667576862e+00
4.436078869953015591e+00
4.232909250688850378e+00
4.098195248623780707e+00
4.047987151893463142e+00
4.088269713878445621e+00
4.214247035344223846e+00
4.410914380168018845e+00
4.654848450200552712e+00
4.917001776610506525e+00
5.166166818872431676e+00
5.372695502214725138e+00
5.512029809510369915e+00
5.567622208308022458e+00
5.532898254741522415e+00
5.412028738483443568e+00
5.219421325474324469e+00
4.977994659759953144e+00
4.716442953784347303e+00
4.465818899059941671e+00
4.255843033764760364e+00
4.111379067494431716e+00
4.049493540613106290e+00
4.077447331614476589e+00
4.191854592603559304e+00
4.379105217210788048e+00
4.616996662462245382e+00
4.877377782363057968e+00
5.129488257052416955e+00
5.343596217781529489e+00
5.494503159586717089e+00
5.564502888040189887e+00
5.545447659662003481e+00
5.439681684446551202e+00
5.259736855713074810e+00
5.026831872271243284e+00
4.768356488346398692e+00
4.514640946829008072e+00
4.295392954407239117e+00
3.385377118625982895e+00
3.214765118262660870e+00
3.230306304053319089e+00
3.429929555919675188e+00
3.790104979381697881e+00
4.268656549575065462e+00
4.809734149500134670e+00
5.350354776475196417e+00
5.827743855133714845e+00
6.186619546827067495e+00
6.385575148767626885e+00
6.401824848328331541e+00
6.233772600060055069e+00
5.901119439721046689e+00
5.442511015928262808e+00
4.911011107282212684e+00
4.367935629278845155e+00
3.875766755372036076e+00
3.490967542999601214e+00
3.257523060757968825e+00
3.201944707229540832e+00
3.330301343777742673e+00
3.627604670920300478e+00
4.059604608719348917e+00
4.576774704194865429e+00
5.120019314491341511e+00
5.627441555619062008e+00
6.041395179164631202e+00
6.315017065508619964e+00
6.417502027637319806e+00
6.337529820016326809e+00
6.084468016310201399e+00
5.687228904098476256e+00
5.190924564713983003e+00
4.651711708281876412e+00
4.130418905074180635e+00
3.685681414656282850e+00
3.367358643800156592e+00
3.210971599940957155e+00
3.233777658623572915e+00
3.432911815242824183e+00
3.785789087349804571e+00
4.252708552105470829e+00
4.781354215737673385e+00
5.312678773557790279e+00
5.787506251382349198e+00
6.153114614941476823e+00
6.369067256652448883e+00
6.411651122015001647e+00
6.276438467645800046e+00
5.978700530922388623e+00
5.551640872592027875e+00
5.042657119589658343e+00
4.508055710552433482e+00
4.006811512100560080e+00
3.594064913664373417e+00
3.315072806369572689e+00
3.200274841149810534e+00
3.262009326954862676e+00
3.493228659712582562e+00
3.868342971960564647e+00
4.346087253649301374e+00
4.874087082665734094e+00
5.394615166136748741e+00
5.850904687979422647e+00
6.193329180191070371e+00
6.384777762245045452e+00
6.404646378583732869e+00
6.251019528816643245e+00
5.940815745248483992e+00
5.507891866448086482e+00
4.999321850575411119e+00
4.470261684145791392e+00
3.977961988292574524e+00
3.575578435368648833e+00
3.306448044302605638e+00
3.199445451390001693e+00
3.265913699484980448e+00
3.498492261237776457e+00
3.871959694170249655e+00
4.345991719563436106e+00
4.869530848208405871e+00
5.386292710248912208e+00
5.840814990209453050e+00
6.184399689250287935e+00
6.380313798863027408e+00
6.407695412644649480e+00
6.263752707158063870e+00
5.964026834543693312e+00
5.540696856833349671e+00
5.039113323257668142e+00
4.512934843899958359e+00
4.018389261570339599e+00
3.608272372906668135e+00
3.326323185374767899e+00
3.202572941387278327e+00
3.250160274009983752e+00
3.463948187944160928e+00
3.821086798801482942e+00
4.283459255005271693e+00
4.801748830711319194e+00
5.320693821879541652e+00
5.784971596846293806e+00
6.145087058108096301e+00
6.362640731352061430e+00
6.414417633442502265e+00
6.294862982798147044e+00
6.016681523755963212e+00
5.609495767019193835e+00
5.116703913924095737e+00
4.590869015001899811e+00
4.088126921291034499e+00
3.662205352690411253e+00
3.358688811176736344e+00
3.210139504121467979e+00
3.232595320955264473e+00
3.423821409553246653e+00
3.763507052101818573e+00
4.215393662858009094e+00
4.731114436179017169e+00
5.255343125245837577e+00
5.731708078291831931e+00
6.108843187079042281e+00
6.345929120719606686e+00
6.417128539270045451e+00
6.314433113096331596e+00
6.048606555894767034e+00
5.648109331202030958e+00
5.156106157955959723e+00
4.625864155849639836e+00
4.115025335775882809e+00
3.679363052372914389e+00
3.366693942695036856e+00
3.211607330162634000e+00
3.231593120565923627e+00
3.425004508969103689e+00
3.771097931696049343e+00
4.232169720139450142e+00
4.757580402669562503e+00
5.289248154964418802e+00
5.768025552115200405e+00
6.140267504157295164e+00
6.363865853331538425e+00
6.413072664522676547e+00
6.281556391372644654e+00
5.983321183335063687e+00
5.551350671462818909e+00
5.034089258742261208e+00
4.490118923860732636e+00
3.981600444887643420e+00
3.567200313156681624e+00
3.295299703407539749e+00
3.198268938028764996e+00
3.288488634604401550e+00
3.556615824502386225e+00
3.972347837196303466e+00
4.487654482296961511e+00
5.042161043426510503e+00
5.570103220163845847e+00
6.008072884340063702e+00
6.302663900515705464e+00
6.417099621642761598e+00
6.336010105835696571e+00
6.067720572476413388e+00
5.643691849172219221e+00
5.115089973579832971e+00
4.546817246711257532e+00
4.009667567742232208e+00
3.571531753197332737e+00
3.288736485063418424e+00
3.198627325502584995e+00
3.314390982162049859e+00
3.622861726557494499e+00
4.085696908739145705e+00
4.643878517105807013e+00
5.225055193998611180e+00
5.752840919693563038e+00
6.156889253458339262e+00
6.382411708968873221e+00
6.397834069757105446e+00
6.199490869684088246e+00
5.812626278975773886e+00
5.288455532477840393e+00
4.697581725466231539e+00
4.120583783165088221e+00
3.637016998164985360e+00
3.314331973358420669e+00
3.198275658689193612e+00
3.306172250582418926e+00
3.624107278356007100e+00
4.108502319601927688e+00
4.691943856802848423e+00
5.292507559105028569e+00
5.825291811816189380e+00
6.214523767239464647e+00
6.404485567739262919e+00
6.367651581759520063e+00
6.108814259976034222e+00
5.664553263684599216e+00
5.098085691907702000e+00
4.667355549796243785e+00
4.418363001956919334e+00
4.224972310864791858e+00
4.114684830515829894e+00
4.103049754022883633e+00
4.191476071265610948e+00
4.367108284751419767e+00
4.604768969982728777e+00
4.870663622406753213e+00
5.127284825215019382e+00
5.338782901030800332e+00
5.476013755899432844e+00
5.520538218053271606e+00
5.467018433859846205e+00
5.323706796658880691e+00
5.111010888110678607e+00
4.858398748269409317e+00
4.600139929538994643e+00
4.370526144337781638e+00
4.199262141655985658e+00
4.107660665487082419e+00
4.106129023592007599e+00
4.193225997386607062e+00
4.356331544626948826e+00
4.573744849877263263e+00
4.817841560053434335e+00
5.058802399767047930e+00
5.268386452919886942e+00
5.423253556303279765e+00
5.507434714968301392e+00
5.513717008378787199e+00
5.443874626606934441e+00
5.307832765944312747e+00
5.121975792483647538e+00
4.906891720319227268e+00
4.684877065937764762e+00
4.477512575761689817e+00
4.303570088063602306e+00
4.177436318686054584e+00
4.108154186004902897e+00
4.099098930056240597e+00
4.148234689903083527e+00
4.248843926414576089e+00
4.390590061695069934e+00
4.560762661418409358e+00
4.745561613487550012e+00
4.931297653427161976e+00
5.105416159346847671e+00
5.257284389301886129e+00
5.378714947338451680e+00
5.464226968098711446e+00
5.511069208723343493e+00
5.519044971916173381e+00
5.490187562269825960e+00
5.428337530375159758e+00
5.338670477658190805e+00
5.227218084989164737e+00
5.100416704631355103e+00
4.964708591747642785e+00
4.826211687867760780e+00
4.690465567580540451e+00
4.562254207371905679e+00
4.445500869511798570e+00
4.343226649020115460e+00
4.257561993258862643e+00
4.189799559792811934e+00
4.140476866586006999e+00
4.109478034327756824e+00
4.096145263571632000e+00
4.099392302169310831e+00
4.117813856382409377e+00
4.149786542569747105e+00
4.193558469300490366e+00
4.247325824145214312e+00
4.309295888643168482e+00
4.377736716509174286e+00
4.451014298559307747e+00
4.527618428504544212e+00
4.606178707830144603e+00
4.685472218403008426e+00
4.764424380134873793e+00
4.842104426998419697e+00
4.917716803017011529e+00
4.990589621230600237e+00
5.060161158527872516e+00
5.125962933311337899e+00
5.187598391657549435e+00
5.244729633925540035e+00
5.297067307392576474e+00
5.344362121003804589e+00
5.386397947755982685e+00
5.422986450414290616e+00
5.453963147670880751e+00
5.479184826802359964e+00
5.498528202475432280e+00
5.511889717363736452e+00
5.519186377010563582e+00
5.520357507714128253e+00
5.515367321324547767e+00
5.504208164266361614e+00
5.486904319668764352e+00
5.463516221290266373e+00
5.434144926293654976e+00
5.398936681405881011e+00
5.358087404327129377e+00
5.311846890354070538e+00
5.260522544123202415e+00
5.204482429345417493e+00
5.144157426652165910e+00
5.080042292476264265e+00
5.012695421465243051e+00
4.942737132361702201e+00
4.870846323443680070e+00
4.797755379056988900e+00
4.724242435304535803e+00
4.651118979617636207e+00
4.579218995675008230e+00
4.509388412994092654e+00
4.442473917735320299e+00
4.379311277504337241e+00
4.320713348349098482e+00
4.267457945026977839e+00
4.220275765721377859e+00
4.179838569403097281e+00
4.146747807701935962e+00
4.121523913279576234e+00
4.104596443137634054e+00
4.096295267987758670e+00
4.096842987761620591e+00
4.106348738626280692e+00
4.124803538653054602e+00
4.152077297796088473e+00
4.187917593374052672e+00
4.231950285185698490e+00
4.283682015160080070e+00
4.342504605533068052e+00
4.407701337485820936e+00
4.478455059549290240e+00
4.553858042464841382e+00
4.632923465205252000e+00
4.714598386113934225e+00
4.797778024211876158e+00
4.881321149233435186e+00
4.964066355424868071e+00
5.044848974071168612e+00
5.122518363553474785e+00
5.195955303848015738e+00
5.264089215067134120e+00
5.325914917126317150e+00
5.380508650032400197e+00
5.427043081666389490e+00
5.464801042227747985e+00
5.493187741570882743e+00
5.511741247258139964e+00
5.520141026957686492e+00
5.518214388416470051e+00
5.505940683159179727e+00
5.483453175751908049e+00
5.451038518318721771e+00
5.409133809357228984e+00
5.358321256080262884e+00
5.299320499806077223e+00
5.232978703615853711e+00
5.160258539883386675e+00
5.082224251667127213e+00
5.000025995682261915e+00
4.914882705022689535e+00
4.828063736423503727e+00
4.740869589151317953e+00
4.654612000164270569e+00
4.570593732666169196e+00
4.490088382343175866e+00
4.414320527271927475e+00
4.344446543669918448e+00
4.281536400371271256e+00
4.226556730296579190e+00
4.180355457483189596e+00
4.143648233778733037e+00
4.117006910492031047e+00
4.100850237626300299e+00
4.095436947349690548e+00
4.100861339699935826e+00
4.117051447832968947e+00
4.143769818104916958e+00
4.180616897638425478e+00
4.227036979492265090e+00
4.282326613850317543e+00
4.345645353474719919e+00
4.416028663706113910e+00
4.492402792175346882e+00
4.573601361698654166e+00
4.658383422087999826e+00
4.745452673267585908e+00
4.833477553525299619e+00
4.921111873234365497e+00
5.007015666160249623e+00
5.089875927632721897e+00
5.168426911438661620e+00
5.241469665202812322e+00
5.307890497117044859e+00
5.558931758466487238e+00
5.626489911002630961e+00
5.681562651334061798e+00
5.723317991266180904e+00
5.751128687457424782e+00
5.764581533416780701e+00
5.763483308302808972e+00
5.747863301281968873e+00
5.717972384767379346e+00
5.674278664509891712e+00
5.617459788364691065e+00
5.548392047745809741e+00
5.468136455478594726e+00
5.377922030188931224e+00
5.279126559808679175e+00
5.173255154585964632e+00
5.061916932602847474e+00
4.946800207748493605e+00
4.829646570999407196e+00
4.712224270443011065e+00
4.596301303579986453e+00
4.483618636989392670e+00
4.375863963482346186e+00
4.274646395549758005e+00
4.181472476475109445e+00
4.097723867271048981e+00
4.024637039038277742e+00
3.963285266944483354e+00
3.914563184351551595e+00
3.879174114323759248e+00
3.857620351507462519e+00
3.850196520909192621e+00
3.856986092160555657e+00
3.877861079203324124e+00
3.912484906719484901e+00
3.960318376815946451e+00
4.020628623179645089e+00
4.092500895837624775e+00
4.174852978436591755e+00
4.266452002191918780e+00
4.365933386880288758e+00
4.471821609924537810e+00
4.582552480134174822e+00
4.696496573327912039e+00
4.811983473098393027e+00
4.927326451526056417e+00
5.040847221761495689e+00
5.150900397038881806e+00
5.255897298747240320e+00
5.354328769469963945e+00
5.444786665138320991e+00
5.525983723290556426e+00
5.596771531475254413e+00
5.656156350629654384e+00
5.703312582283372123e+00
5.737593705142484346e+00
5.758540545408814104e+00
5.765886785488125277e+00
5.759561656918971373e+00
5.739689804794807948e+00
5.706588352043502788e+00
5.660761232074063010e+00
5.602890896927490871e+00
5.533827544637950346e+00
5.454576043519020701e+00
5.366280762083722067e+00
5.270208540883994708e+00
5.167730066366044817e+00
5.060299926599691744e+00
4.949435644227777154e+00
4.836695993043543140e+00
4.723658911143560957e+00
4.611899325604650102e+00
4.502967201135922970e+00
4.398366118265337299e+00
4.299532675505805202e+00
4.207816994832382029e+00
4.124464590965406074e+00
4.050599842723543453e+00
3.987211279452135493e+00
3.935138867650648464e+00
3.895063452852836505e+00
3.867498480011731132e+00
3.852784082581745650e+00
3.851083596654117258e+00
3.862382522374004701e+00
3.886489920927223896e+00
3.923042202099247255e+00
3.971509225229090667e+00
4.031202605732005395e+00
4.101286090645337445e+00
4.180787840222141227e+00
4.268614428786163373e+00
4.363566357144613939e+00
4.464354851077767528e+00
4.569619705967713053e+00
4.677947926639826726e+00
4.787892904054982246e+00
4.897993866651917827e+00
5.006795343886383698e+00
5.112866382787805364e+00
5.214819265052744512e+00
5.311327482166887215e+00
5.401142739102004597e+00
5.483110773047614295e+00
5.556185792140878377e+00
5.619443359965623053e+00
5.672091574383780532e+00
5.713480413701393701e+00
5.743109148906399675e+00
5.760631747382785939e+00
5.765860220737098807e+00
5.758765896801001816e+00
5.739478623133450697e+00
5.708283936084851184e+00
5.665618255361504652e+00
5.612062188721083089e+00
5.548332054637270971e+00
5.475269752219652730e+00
5.393831127117252322e+00
5.305072999353951602e+00
5.210139033861133306e+00
5.110244646738062002e+00
5.006661149872488004e+00
4.900699343417388221e+00
4.793692769709877233e+00
4.686980843525200946e+00
4.581892072125940629e+00
4.479727574455529826e+00
4.381745102137813319e+00
4.289143755816550829e+00
4.203049578953259591e+00
4.124502197692201833e+00
4.054442659998332310e+00
3.993702610213045290e+00
3.942994916690622187e+00
3.902905850538433530e+00
3.873888892948152307e+00
3.856260227447430466e+00
3.850195951895742486e+00
3.855731023465772012e+00
3.872759928462584433e+00
3.901039047895184630e+00
3.940190669479752383e+00
3.989708577454019967e+00
4.048965133438882980e+00
4.117219744795019842e+00
4.193628601667088063e+00
4.277255550347303981e+00
4.367083958849883984e+00
4.462029420781001399e+00
4.560953135796760982e+00
4.662675799215872274e+00
4.765991829731437868e+00
4.869683762642217140e+00
4.972536636585365599e+00
5.073352204345139782e+00
5.170962802872636210e+00
5.264244724084633731e+00
5.352130936202818212e+00
5.433623015221185071e+00
5.507802157395969012e+00
5.573839156283546536e+00
5.631003241628697253e+00
5.678669692146558923e+00
5.716326149756453923e+00
5.743577578916047699e+00
5.760149831173007051e+00
5.765891791699609747e+00
5.760776101205941302e+00
5.744898463048228265e+00
5.718475561374787297e+00
5.681841631605625942e+00
5.635443739256579931e+00
5.579835836941287042e+00
5.515671682171899626e+00
5.443696710209051659e+00
5.364738966569882805e+00
5.279699212801271635e+00
5.189540326684292992e+00
5.095276124101817850e+00
4.997959734331464787e+00
4.898671663503528784e+00
4.798507682383145401e+00
4.698566674511416963e+00
4.599938579108147962e+00
4.503692560040737369e+00
4.410865527670640773e+00
4.322451134570346909e+00
4.239389359056820794e+00
4.162556782314021930e+00
4.092757655682536466e+00
4.030715844613036225e+00
3.977067724926887315e+00
3.932356095546020835e+00
3.897025159879115463e+00
3.871416615722157228e+00
3.855766880991546408e+00
3.850205469996514474e+00
3.226671951351228529e+00
