1.496475834424824569e+00
2.176386339363403533e+00
2.741325201262497124e+00
3.145693346713454019e+00
3.356878999626246252e+00
3.357888783888933748e+00
3.148716246141143760e+00
2.746337492257929114e+00
2.183334585401748740e+00
1.505258240109276446e+00
7.669432048540628655e-01
2.807432404328424891e-02
-6.516382259753449313e-01
-1.217284511203307051e+00
-1.623191214995975074e+00
-1.836610333735954281e+00
-1.840362214105391914e+00
-1.634219531502069778e+00
-1.234920625462157417e+00
-6.748114289524816956e-01
7.739063409000213056e-04
7.371816403723528976e-01
1.474859496618671439e+00
2.154172529207288633e+00
2.720224351263977880e+00
3.127293918467255018e+00
3.342529229698631976e+00
3.348599469546913454e+00
3.145091405667713058e+00
2.748537447374113984e+00
2.191073451247899317e+00
1.517835172010179257e+00
7.833042397456904116e-01
4.689945060931877130e-02
-6.318298773574372307e-01
-1.198019635694337115e+00
-1.605926260073775591e+00
-1.822623051920205572e+00
-1.830658740627653991e+00
-1.629463561468820654e+00
-1.235389495320541542e+00
-6.803818318080555594e-01
-9.389934070748728878e-03
7.232729567115848690e-01
1.458326082960546888e+00
2.136317822099246921e+00
2.702434478711031929e+00
3.110932209237397217e+00
3.328833686011326787e+00
3.338590710427636221e+00
3.139497744518113365e+00
2.747742460955753696e+00
2.195089724451547042e+00
1.526305982816327900e+00
7.955329161547803896e-01
6.190412685633095435e-02
-6.152402161612587905e-01
-1.181153476575987682e+00
-1.590109054091938923e+00
-1.809095340451624345e+00
-1.820480515938228905e+00
-1.623432052018735305e+00
-1.233976635630553709e+00
-6.836962832795937528e-01
-1.716675795403310723e-02
7.116538914268921712e-01
1.443794006674912866e+00
2.120040433111658462e+00
2.685727827152224023e+00
3.095157725604067878e+00
3.315290101186001870e+00
3.328409178061096263e+00
3.133548427345540066e+00
2.746560163151286371e+00
2.198824871645904011e+00
1.534705445209230579e+00
8.079529564493290739e-01
7.735528797957724745e-02
-5.980190075068995137e-01
-1.163596730642036281e+00
-1.573709701959915108e+00
-1.795281722094903998e+00
-1.810495170305443047e+00
-1.618222313450949468e+00
-1.234106446803837631e+00
-6.892872516447786646e-01
-2.787438615476567350e-02
6.966255427980081461e-01
1.425639021660984440e+00
2.100262112829640149e+00
2.666020236570961544e+00
3.077266550016703128e+00
3.300863765301123465e+00
3.318852458505753944e+00
3.129891060110314704e+00
2.749352307872837020e+00
2.208069611104195751e+00
1.549835834152986980e+00
8.278576770027921139e-01
1.004529694595420741e-01
-5.736609734517802428e-01
-1.140107146217440359e+00
-1.553234156132219823e+00
-1.779793436223915393e+00
-1.801612319228096393e+00
-1.617048296331462520e+00
-1.241108377107760674e+00
-7.042252992224541375e-01
-4.979069425969573359e-02
6.693545427822192861e-01
1.395188573403380872e+00
2.069190679340865646e+00
2.637059178110120694e+00
3.053084858802966650e+00
3.283827825227359387e+00
3.310802190362537978e+00
3.131953361700922311e+00
2.761810186932086353e+00
2.230301111749370513e+00
1.580331114370220114e+00
8.643158582008364510e-01
1.399532317542635518e-01
-5.344264926885401445e-01
-1.104557134107357452e+00
-1.524601650597952940e+00
-1.760834811001027234e+00
-1.794347852835179058e+00
-1.622558510782027064e+00
-1.259406142872059320e+00
-7.342175742617430556e-01
-8.933619433804118604e-02
6.232938138312976717e-01
1.346312435876622526e+00
2.021560766892132044e+00
2.594758353252437200e+00
3.019864892690652614e+00
3.262776002573884337e+00
3.304056630182431231e+00
3.140493292960745197e+00
2.785341439930947960e+00
2.267249161378563471e+00
1.627944807309595454e+00
9.188752696494717487e-01
1.970657858621831515e-01
-4.794655998120679330e-01
-1.056370300903259007e+00
-1.487333699199258508e+00
-1.737791616207189804e+00
-1.787700744102301620e+00
-1.633141187484155488e+00
-1.286623160957171219e+00
-7.760739776161876824e-01
-1.425873951435948639e-01
5.628833357065849974e-01
1.283622705927362162e+00
1.961711169390582210e+00
2.542678217410033970e+00
2.979876722532662559e+00
3.238227482612284991e+00
3.297033559264455960e+00
3.151638743084204997e+00
2.813797292400397776e+00
2.310725538181123362e+00
1.682911731177807679e+00
9.808601495381870095e-01
2.610310003724752304e-01
-4.186978161179678581e-01
-1.003682629020981931e+00
-1.446906003433641175e+00
-1.712756046672929688e+00
-1.779889352387084678e+00
-1.642947420008340931e+00
-1.312988377871239010e+00
-8.165989534802523542e-01
-1.937576114620926937e-01
5.053798778209513953e-01
1.224514519010405422e+00
1.905733890752292492e+00
2.494173678757179324e+00
2.942436100530120946e+00
3.214409616552122539e+00
3.288182144346166069e+00
3.157812593677696622e+00
2.833817126812125942e+00
2.342329790163627745e+00
1.723003789295464827e+00
1.025821129254158581e+00
3.070664577442515641e-01
-3.752113746920765491e-01
-9.658847262772854991e-01
-1.417201866586493608e+00
-1.692651623290934104e+00
-1.769924934721351928e+00
-1.642732493052123210e+00
-1.321329532904913062e+00
-8.317029144856776801e-01
-2.134836654394598465e-01
4.832486235346901693e-01
1.202013062727367521e+00
1.884500278093214298e+00
2.475301221966961229e+00
2.926408773077974868e+00
3.201126282460692973e+00
3.277064316820569090e+00
3.147979978189649142e+00
2.824306510151883387e+00
2.332326940467598586e+00
1.712055692682751484e+00
1.013997481247229437e+00
2.950447876177879070e-01
-3.861537519330048296e-01
-9.739775148061425858e-01
-1.420380440183932613e+00
-1.688827942373217539e+00
-1.757300803662872557e+00
-1.620117918418606529e+00
-1.288425610642436769e+00
-7.893099376417819224e-01
-1.636010768877912414e-01
5.374536485301318889e-01
1.256378158398445244e+00
1.934175876657029836e+00
2.515172510755931956e+00
2.951595690067114308e+00
3.207514164941670742e+00
3.261810765220187314e+00
3.109941848324051961e+00
2.764335178899894441e+00
2.253389980922043456e+00
1.619158114411406224e+00
9.138944487909440584e-01
1.957584853580264239e-01
-4.759797178500505543e-01
-1.045834220118832647e+00
-1.466693887288895493e+00
-1.703728509227174115e+00
-1.737285384169375835e+00
-1.564534173808420192e+00
-1.199720972248481399e+00
-6.730075540468659634e-01
-2.798915328224782506e-02
6.819058802007591513e-01
1.397837782771169213e+00
2.060432669909466163e+00
2.614710901109323249e+00
3.014656830896411677e+00
3.227049219162603233e+00
3.234232350649509868e+00
3.035595530081990567e+00
2.647635835400856674e+00
2.102596920582814555e+00
1.445795430528837411e+00
7.318562889560761286e-01
2.016954212888644182e-02
-6.300531110977746208e-01
-1.164710038438517170e+00
-1.539318066023168008e+00
-1.722720901138476979e+00
-1.699687456624942250e+00
-1.472182509371106285e+00
-1.059203007053308720e+00
-4.951932559222554930e-01
1.728288795002476119e-01
8.891947416359597955e-01
1.594228770446962429e+00
2.229225328000683959e+00
2.741342459217217531e+00
3.088003672509637365e+00
3.240440197222769214e+00
3.186078353989057810e+00
2.929573578052076410e+00
2.492406101422569353e+00
1.911073773707064216e+00
1.234034847485750319e+00
5.176579113006878341e-01
-1.784812305073462113e-01
-7.965619614713538299e-01
-1.285325922466117987e+00
-1.604328078080910824e+00
-1.727278594136501866e+00
-1.644199272736765582e+00
-1.362218118202245254e+00
-9.049398681394896782e-01
-3.104493734725856102e-01
3.718814601627224437e-01
1.085513376142318576e+00
1.771440229011091105e+00
2.373077477996416107e+00
2.840932167881245807e+00
3.136668032411501272e+00
3.236231640419768851e+00
3.131785320850088539e+00
2.832293095045696596e+00
2.362718472957632709e+00
1.761908241856528168e+00
1.079344654085976352e+00
3.710407341820423088e-01
-3.050777789938891038e-01
-8.939205794856112108e-01
-1.347720067090202978e+00
-1.629891493220845256e+00
-1.717954458379469695e+00
-1.605284136035956877e+00
-1.301558764580933669e+00
-8.318780556489878686e-01
-2.346360119102939290e-01
4.416676827360460633e-01
1.142407467335519566e+00
1.811271938492789335e+00
2.394800177135321118e+00
2.846647249965236437e+00
3.131238517881782979e+00
3.226526320627409294e+00
3.125638857086929345e+00
2.837303046293853104e+00
2.385023094528902377e+00
1.805096185396003694e+00
1.143638128769391527e+00
4.528677753115236126e-01
-2.130462408203640523e-01
-8.022432545019290151e-01
-1.269196987464135340e+00
-1.578198728755721536e+00
-1.706033394726511609e+00
-1.643652357650984719e+00
-1.396728664413763976e+00
-9.850692153157872832e-01
-4.409475052324801636e-01
1.934973019335605171e-01
8.695801091449825160e-01
1.535842600713235306e+00
2.141983715645593200e+00
2.642646565174207485e+00
3.000777535591077072e+00
3.190311604622725117e+00
3.197993927654754653e+00
3.024216778447102794e+00
2.682827371815762696e+00
2.199939977644002731e+00
1.611859159554476895e+00
9.622845636033513506e-01
2.990169790665365701e-01
-3.295828543384226039e-01
-8.781188453902585289e-01
-1.307411049951094917e+00
-1.587243482415235274e+00
-1.698419685515509592e+00
-1.633992083572866960e+00
-1.399593910947147801e+00
-1.012868656144005453e+00
-5.020566110104244251e-01
9.614333651095918754e-02
7.392700748254991128e-01
1.382152986409766138e+00
1.980099255419853321e+00
2.491990272338106216e+00
2.883073826643104187e+00
3.127265493304615340e+00
3.208811505137949993e+00
3.123213338383266535e+00
2.877367589248462476e+00
2.488929614279522973e+00
1.984962020095700552e+00
1.399975897445988604e+00
7.735107159967835599e-01
1.474257629012327708e-01
-4.369095052946615487e-01
-9.413373451866852148e-01
-1.333368138979935669e+00
-1.588216204994077341e+00
-1.690291952681050702e+00
-1.634066440571801504e+00
-1.424267705629064462e+00
-1.075412746613443105e+00
-6.107218145603666715e-01
-6.049998055464000934e-02
5.398974909023082080e-01
1.152376405641386548e+00
1.738538628596992375e+00
2.262084680561490480e+00
2.691034578301338520e+00
2.999633446720402219e+00
3.169832107444174873e+00
3.192262517877468841e+00
3.066661513799499250e+00
2.801731561179273022e+00
2.414461909343089463e+00
1.928965553454556670e+00
1.374914913817459450e+00
7.856806366529623942e-01
1.962923622325439821e-01
-3.586528867865349524e-01
-8.470099633175006693e-01
-1.240916036982651072e+00
-1.518330580524072992e+00
-1.664203495347354345e+00
-1.671214194535194153e+00
-1.540051096629407201e+00
-1.279228380232074080e+00
-9.044633928550934732e-01
-4.376623082245035823e-01
9.441779909300118678e-02
6.617463588620567938e-01
1.232741495383191666e+00
1.776037423107433622e+00
2.262198315653957792e+00
2.665286198935985063e+00
2.964201550661471174e+00
3.143730442078050302e+00
3.195250225017156165e+00
3.117065823626891330e+00
2.914369463426998763e+00
2.598837007254271025e+00
2.187892895895581447e+00
1.703692072859513296e+00
1.171880447652493773e+00
6.202048686434603608e-01
7.704891024522908527e-02
-4.300280638814991674e-01
-8.756739897896025360e-01
-1.237981375436730591e+00
-1.499520593806493718e+00
-1.648123396839391575e+00
-1.677385021766424344e+00
-1.586868442758819775e+00
-1.382009701751670150e+00
-1.073738054552908050e+00
-6.778381827770257884e-01
-2.140933404692795250e-01
2.947424562714294760e-01
8.240885682949110613e-01
1.348739961490334149e+00
1.844068620121658952e+00
2.287167417345525866e+00
2.657884492781076080e+00
2.939703217066997887e+00
3.120431666724458264e+00
3.192675687883308022e+00
3.154080557828737419e+00
3.007337414382138974e+00
2.759961488522500339e+00
2.423859260749038125e+00
2.014710543571916368e+00
1.551198825881455967e+00
1.054128743344290742e+00
5.454731012722003891e-01
4.739340845124939694e-02
-4.187225878087280639e-01
-8.331652264673822250e-01
-1.178712018874842560e+00
-1.441309869589300519e+00
-1.610605402450851376e+00
-1.680305746576120196e+00
-1.648359953981886949e+00
-1.516959117193787066e+00
-1.292360893901882246e+00
-9.845512182007735147e-01
-6.067622165002012347e-01
-1.748705325598298721e-01
2.932957623374604084e-01
7.787108448767152691e-01
1.261933280650944678e+00
1.723884567280242308e+00
2.146593353250922931e+00
2.513877106714308862e+00
2.811936516804798281e+00
3.029842238129948573e+00
3.159898526941226304e+00
3.197873642604011302e+00
3.143092374885160467e+00
2.998391486844463216e+00
2.769944029563654819e+00
2.466963204681148270e+00
2.101300566911920242e+00
1.686956746034974586e+00
1.239525435119843255e+00
7.755930835659238243e-01
3.121175299338990183e-01
-1.341912752284152299e-01
-5.474662265514463888e-01
-9.132331528641698393e-01
-1.218897836223112652e+00
-1.454154653898200422e+00
-1.611304850357931251e+00
-1.685476042593752499e+00
-1.674738301001382546e+00
-1.580115892417933932e+00
-1.405497391935018658e+00
-1.157450247194746762e+00
-8.449489091848439992e-01
-4.790282406364819723e-01
-7.237600987120218488e-02
3.611201723519611440e-01
8.068551386778165524e-01
1.250000941056145232e+00
1.675997550318278684e+00
2.071023612207159026e+00
2.422432577396857134e+00
2.719141132857604948e+00
2.951958825806169084e+00
3.113849997467278197e+00
3.200121419631169140e+00
3.208532162634900597e+00
3.139324308928906682e+00
2.995175359608085675e+00
2.781075979458274450e+00
2.504138791455980062e+00
2.173345850817283154e+00
1.799244050118172122e+00
1.393598991474171100e+00
9.690187854933023370e-01
5.385597877256339538e-01
1.153264611172073462e-01
-2.879226320870594824e-01
-6.591512331467298536e-01
-9.873935494715736505e-01
-1.263064659943370582e+00
-1.478224997418333242e+00
-1.626792281266733031e+00
-1.704695947553708013e+00
-1.709970883854732282e+00
-1.642789068029670840e+00
-1.505429485255426858e+00
-1.302188407660547664e+00
-1.039233722247304481e+00
-7.244084464477807961e-01
-3.669898432016279743e-01
2.258838842662502788e-02
4.330425361305209053e-01
8.525650080585742696e-01
1.269160933415653503e+00
1.670985896006525362e+00
2.046675622233105507e+00
2.385658834543924467e+00
2.678445087990792839e+00
2.916880209855368999e+00
3.094362934797211029e+00
3.206017441990765438e+00
3.248817725225749964e+00
3.221661029354085048e+00
3.125388933417538873e+00
2.962756018956670179e+00
2.738347398809601430e+00
2.458447666034900170e+00
2.130865025371544874e+00
1.764715464431065861e+00
1.370172785217775857e+00
9.581911286723913124e-01
5.402072695478630227e-01
1.278304238354833755e-01
-2.674724119836037195e-01
-6.346874854139176181e-01
-9.635536567065657865e-01
-1.244842005894864378e+00
-1.470609508173736479e+00
-1.634420711231537648e+00
-1.731530662454772607e+00
-1.759023924774886449e+00
-1.715905594251324384e+00
-1.603141390799020183e+00
-1.423645148122240744e+00
-1.182213352808639151e+00
-8.854077458435111181e-01
-5.413883705195888796e-01
-1.597007952951901011e-01
2.489774757993833409e-01
6.731252035062520456e-01
1.100692962214777859e+00
1.519437875124569182e+00
1.917268663259448225e+00
2.282591641323564513e+00
2.604648035844579379e+00
2.873832996703731268e+00
3.081986932177680938e+00
3.222650323601549793e+00
3.291273965131050971e+00
3.285377615831714948e+00
3.204651326834652370e+00
3.050995189403159724e+00
2.828494907033073158e+00
2.543332385997989498e+00
2.203632417906367547e+00
1.819248443735680176e+00
1.401492286552954880e+00
9.628145624832098459e-01
5.164441684619168749e-01
7.599674389643151784e-02
-3.449367426165043105e-01
-7.332091704194237947e-01
-1.076531473769411829e+00
-1.363868893459583287e+00
-1.585806433134332227e+00
-1.734871235424869873e+00
-1.805800558874962825e+00
-1.795745400874072750e+00
-1.704401548466309979e+00
-1.534061908302834620e+00
-1.289586316395082033e+00
-9.782875928119335596e-01
-6.097353105242039328e-01
-1.954815070297717394e-01
2.512847082665898846e-01
7.161441026544759225e-01
1.183903904530930751e+00
1.639090046327403849e+00
2.066459431366329369e+00
2.451515407849468531e+00
2.781008988253351966e+00
3.043408290876274958e+00
3.229319229599838081e+00
3.331841644804724112e+00
3.346846837389762630e+00
3.273164800759041704e+00
3.112672281634293103e+00
2.870276057235623846e+00
2.553789391794246910e+00
2.173703410823332405e+00
1.742858975324937720e+00
1.276028409743025005e+00
7.894199929364149604e-01
3.001213184623379160e-01
-1.744996657582076338e-01
-6.174150394352361237e-01
-1.012556443627086189e+00
-1.345410922538200271e+00
-1.603570504748685455e+00
-1.777214098981598323e+00
-1.859502278468056602e+00
-1.846868333971729115e+00
-1.739192506203016908e+00
-1.539850448995362608e+00
-1.255631581509276007e+00
-8.965278928558958471e-01
-4.753987795487638612e-01
-7.522427452465119124e-03
4.899511056863003478e-01
9.986257896749755059e-01
1.499541690335144173e+00
1.973887725591278564e+00
2.403717918210041216e+00
2.772643299303256370e+00
3.066472070862249044e+00
3.273772208025245600e+00
3.386333334658925054e+00
3.399508354391472587e+00
3.312419834022969134e+00
3.128021347452525358e+00
2.853009692027641542e+00
2.497589855629505973e+00
2.075100595377503687e+00
1.601514235025357946e+00
1.094829550404895269e+00
5.743811593104556357e-01
6.009245957063269472e-02
-4.282983010785182953e-01
-8.720079101888619233e-01
-1.253943070120603576e+00
-1.559370561527589238e+00
-1.776495487817844943e+00
-1.896924064865113113e+00
-1.915992097858915333e+00
-1.832945779324435254e+00
-1.650967515378766848e+00
-1.377045880089068142e+00
-1.021695233523764124e+00
-5.985367378291258644e-01
-1.237581973303691907e-01
3.845249144816587084e-01
9.069809099957237830e-01
1.423816663877372601e+00
1.915544977371577140e+00
2.363733542160342704e+00
2.751705579569017512e+00
3.065164555628703713e+00
3.292718842798334489e+00
3.426286649287649144e+00
3.461366758689751855e+00
3.397166375534670379e+00
3.236583395365240534e+00
2.986046441937520779e+00
2.655221774861848960e+00
2.256601421250116868e+00
1.804991405980851393e+00
1.316922566450685395e+00
8.100090043586135602e-01
3.022806654262732984e-01
-1.884831821144871133e-01
-6.453936544614099491e-01
-1.053041144477191882e+00
-1.398012255369926571e+00
-1.669317270314137236e+00
-1.858714884724228078e+00
-1.960925546158352351e+00
-1.973729534267355756e+00
-1.897950654535720982e+00
-1.737330911185623439e+00
-1.498305583721807555e+00
-1.189691603797109920e+00
-8.223048943160936597e-01
-4.085243091234763702e-01
3.817904254548887266e-02
5.037279894608113207e-01
9.739223960538583302e-01
1.434901762328173458e+00
1.873571765783407450e+00
2.277981539115689902e+00
2.637642420644160879e+00
2.943780107894167219e+00
3.189508996034581045e+00
3.369931391025521084e+00
3.482164846708191153e+00
3.525302632811331716e+00
3.500314436476513524e+00
3.409895983736376035e+00
3.258277326104088711e+00
3.051000084657101485e+00
2.794674016056248878e+00
2.496722916012793725e+00
2.165129172693440296e+00
1.808185299890230358e+00
1.434259594777393954e+00
1.051581753602283786e+00
6.680529117239044634e-01
2.910832153951439794e-01
-7.254126450984044183e-02
-4.167616586877086471e-01
-7.363199020190601685e-01
-1.026804144736355173e+00
-1.284668029400883871e+00
-1.507226442954264112e+00
-1.692630737016928677e+00
-1.839826636518087533e+00
-1.948498142349933460e+00
-2.019000696864294842e+00
-2.052286742263991659e+00
-2.049826582446755641e+00
-2.013527179391540578e+00
-1.945651195259750388e+00
-1.848738248738910350e+00
-1.725530004286206065e+00
-1.578900368895836515e+00
-1.411791743360730322e+00
-1.227157971794766933e+00
-1.027914360167976326e+00
-8.168948954118165906e-01
-5.968165930442598244e-01
-3.702507334601684574e-01
-1.396006139516756672e-01
9.291465686790001399e-02
3.252708660523136452e-01
5.556444923619141552e-01
7.824141996610750605e-01
1.004158637090608375e+00
1.219651140526637478e+00
1.427851902268067574e+00
1.627898138796008531e+00
1.819092742607423929e+00
2.000891856012682268e+00
2.172891754524121311e+00
2.334815376786320229e+00
2.486498788361782619e+00
2.627877819175053808e+00
2.758975069877824815e+00
2.879887441403017778e+00
2.990774304880955192e+00
3.091846396096858296e+00
3.183355489785667292e+00
3.265584884224734807e+00
3.338840705610902404e+00
3.403444024363378784e+00
3.459723761494838623e+00
3.508010352234668616e+00
3.548630125855128714e+00
3.581900354830793276e+00
3.608124922753450203e+00
3.627590558549132815e+00
3.640563584247612283e+00
3.647287124610788744e+00
3.647978729145049837e+00
3.642828360241920915e+00
3.631996705288321081e+00
3.615613775470567948e+00
3.593777759608026923e+00
3.566554107669069218e+00
3.533974825650186613e+00
3.496037971277794920e+00
3.452707348585355440e+00
3.403912408919963717e+00
3.349548376457788912e+00
3.289476627987687696e+00
3.223525369713685862e+00
3.151490668275857665e+00
3.073137909258304212e+00
2.988203774272386593e+00
2.896398847385706965e+00
2.797410983252360595e+00
2.690909592762345426e+00
2.576551027189104559e+00
2.453985268350713955e+00
2.322864159617211044e+00
2.182851439807896643e+00
2.033634867802113000e+00
1.874940748192365447e+00
1.706551185012164851e+00
1.528324398121723826e+00
1.340218430858525434e+00
1.142318552496434769e+00
9.348686079146517613e-01
7.183064811200666755e-01
4.933037085891673890e-01
2.608090907479387877e-01
2.209589149556834276e-02
-2.211881286877727115e-01
-4.669690468333510536e-01
-7.126952436047490069e-01
-9.552884618579117193e-01
-1.191100754610438628e+00
-1.415881598434657995e+00
-1.624760558681102474e+00
-1.812252104689729748e+00
-1.972290429619390384e+00
-2.098303338161598308e+00
-2.183335287099090749e+00
-2.220230301694535502e+00
-2.201885480533873896e+00
-2.121584802686786286e+00
-1.973420547533113023e+00
-1.752805346704571665e+00
-1.457071187770164311e+00
-1.086144969635765456e+00
-6.433533387941939852e-01
-1.362762944149679134e-01
4.225735198661050851e-01
1.015338538302303917e+00
1.618804064647878516e+00
2.204916372779599953e+00
2.741932905343974713e+00
3.196250914965974577e+00
3.534900341202348084e+00
3.728462860075914875e+00
3.754043067349686513e+00
3.598124741770550195e+00
3.259016363243888659e+00
2.748564031572138688e+00
2.092835388619592063e+00
1.331544283442288368e+00
5.160914265983558291e-01
-2.937658758438638218e-01
-1.034444360185070799e+00
-1.643935684952792631e+00
-2.067606156114438765e+00
-2.263821783100987695e+00
-2.208780430529435179e+00
-1.899958183949304935e+00
-1.357677068596780057e+00
-6.244708802096564648e-01
2.378499111408779454e-01
1.153278229151598389e+00
2.038423655453609928e+00
2.810422877968774547e+00
3.395149146974858478e+00
3.734846649008753516e+00
3.794340198089003913e+00
3.565097199053969934e+00
3.066635864131737943e+00
2.345057406770217234e+00
1.468797341718094174e+00
5.220039691323887787e-01
-4.037775560726489799e-01
-1.218742625407349234e+00
-1.843818097303895343e+00
-2.218554590591935050e+00
-2.307092064631907302e+00
-2.101587059534025137e+00
-1.622771974568174347e+00
-9.176301495902180472e-01
-5.447833676421087734e-02
8.839846157765509638e-01
1.808906258517471333e+00
2.633920715791699063e+00
3.283323242383436202e+00
3.698983728269809923e+00
3.845365357841878939e+00
3.712234009999279216e+00
3.314894083698064264e+00
2.692038734175260739e+00
1.901530373857302614e+00
1.014608824514753760e+00
1.091445564229701626e-01
-7.373943268013564145e-01
-1.454609792724321338e+00
-1.984902599993802141e+00
-2.287814049961164997e+00
-2.342689758733174088e+00
-2.149544765792929635e+00
-1.728175644716025694e+00
-1.115712601475736143e+00
-3.629212968639817793e-01
4.703570131219390049e-01
1.320200395255761716e+00
2.123611223629252809e+00
2.823142925126187919e+00
3.370824771758790916e+00
3.731144825018108513e+00
3.882944982599909611e+00
3.820177122695069816e+00
3.551557857208011537e+00
3.099235269307068830e+00
2.496639983364886906e+00
1.785732707377404527e+00
1.013880544051709132e+00
2.305960109919558132e-01
-5.156417986128981612e-01
-1.180291940451390964e+00
-1.725226996459473749e+00
-2.120666135605085767e+00
-2.346497105864493005e+00
-2.392961438197161339e+00
-2.260716434155478627e+00
-1.960321160635763782e+00
-1.511220468131338368e+00
-9.403204019250447354e-01
-2.802602707949851668e-01
4.325084825939733979e-01
1.159727812826762072e+00
1.863320763174408423e+00
2.507269699197739232e+00
3.059306989595966364e+00
3.492355346144234485e+00
3.785671117822676734e+00
3.925659836253565071e+00
3.906348544140200829e+00
3.729513397970828148e+00
3.404476738409991210e+00
2.947617915670737609e+00
2.381606803500582625e+00
1.734361311139656081e+00
1.037761816686026295e+00
3.261684066853231534e-01
-3.652015037324357616e-01
-1.001967051204386561e+00
-1.552272729357235814e+00
-1.988390134558542410e+00
-2.288149198768579584e+00
-2.436118654250501780e+00
-2.424463806477026750e+00
-2.253423272146533929e+00
-1.931364864274339066e+00
-1.474403512512194148e+00
-9.055897738845138933e-01
-2.537041307395268008e-01
4.482985692942687561e-01
1.165098074379918858e+00
1.860914799254746566e+00
2.501407919034081218e+00
3.055455617745102881e+00
3.496716908595347562e+00
3.804891387210587617e+00
3.966614976587096386e+00
3.975954432414855244e+00
3.834489238247241971e+00
3.550994702027014949e+00
3.140762909486463972e+00
2.624617321168271289e+00
2.027691209679359563e+00
1.378049225264038391e+00
7.052349739840538811e-01
3.882581180696087486e-02
-5.929303407322527031e-01
-1.164331648214639525e+00
-1.653241132765034482e+00
-2.041871188455414377e+00
-2.317313106149199609e+00
-2.471806190540813741e+00
-2.502755140805974499e+00
-2.412516525495052022e+00
-2.207984910643388865e+00
-1.900016210649938753e+00
-1.502730042106869224e+00
-1.032734371854237221e+00
-5.083148134757434766e-01
5.137209385671859252e-02
6.270669549858342018e-01
1.200108102557195355e+00
1.753042391319852289e+00
2.270130680013129787e+00
2.737739115164283366e+00
3.144613498791758666e+00
3.482039470273631476e+00
3.743895790393102274e+00
3.926611587348891153e+00
4.029040983431714018e+00
4.052270098581798763e+00
3.999372101133544799e+00
3.875125858674258073e+00
3.685712966755485098e+00
3.438406644325475270e+00
3.141264327053264971e+00
2.802833900835827396e+00
7.564987360122917837e-01
