3.814228652204162406e-01
9.409564049538057251e-01
1.386154272002453114e+00
1.680656366654879053e+00
1.803450976595567301e+00
1.749609018815292405e+00
1.529514928065054624e+00
1.166831672814314436e+00
6.955226953075464014e-01
1.562963096764177218e-01
-4.071589883445617120e-01
-9.518105715465410288e-01
-1.438507407994522813e+00
-1.834585901186525980e+00
-2.115725382791151965e+00
-2.267000783867520575e+00
-2.283150349151659153e+00
-2.168134284805108170e+00
-1.934103206943083242e+00
-1.599922246015002658e+00
-1.189408244452653474e+00
-7.294354159010332239e-01
-2.480516536259217975e-01
2.272736633900866998e-01
6.711759779502619594e-01
1.061630311270153282e+00
1.380857311147143607e+00
1.615889736413024469e+00
1.758811180754960901e+00
1.806696959040943185e+00
1.761300266147340920e+00
1.628535001616805200e+00
1.417810396281412366e+00
1.141272379230305001e+00
8.130032293768771900e-01
4.482252711533450951e-01
6.254699727757995209e-02
-3.287182278021369974e-01
-7.111391693225752597e-01
-1.071645837677929869e+00
-1.398894536214141615e+00
-1.683519079203470659e+00
-1.918273687504051139e+00
-2.098077127977178602e+00
-2.219970530396388142e+00
-2.283003074754188955e+00
-2.288060518660967713e+00
-2.237651481775235318e+00
-2.135665686839107291e+00
-1.987117139994590609e+00
-1.797883672680762990e+00
-1.574452504104455697e+00
-1.323679637999361169e+00
-1.052569079515381034e+00
-7.680761250742519364e-01
-4.769373963984809839e-01
-1.855288970932918446e-01
1.002478130777481047e-01
3.750521978414526059e-01
6.341657040757174846e-01
8.735292823128679718e-01
1.089760022381297766e+00
1.280149672814362871e+00
1.442647891858253262e+00
1.575833046342274502e+00
1.678873255903204020e+00
1.751480196012380475e+00
1.793857943676869127e+00
1.806648891785558320e+00
1.790878486398480351e+00
1.747900267737322322e+00
1.679342475074516061e+00
1.587058181079955110e+00
1.473079754573632494e+00
1.339576614213985328e+00
1.188816445205345573e+00
1.023129980802668593e+00
8.448793489541754909e-01
6.564299098332135873e-01
4.601254524614071251e-01
2.582665759053764942e-01
5.309205052066684472e-02
-1.532370645641401574e-01
-3.586507818984826512e-01
-5.611812613644817649e-01
-7.589718355703741759e-01
-9.502842122268321257e-01
-1.133504069992092855e+00
-1.307145250976353035e+00
-1.469852738041641071e+00
-1.620404588865699713e+00
-1.757712981983061473e+00
-1.880824513095478823e+00
-1.988919863190506954e+00
-2.081312943677692484e+00
-2.157449608040632683e+00
-2.216906004551301823e+00
-2.259386630499397697e+00
-2.284722135220041306e+00
-2.292866906996886556e+00
-2.283896467695312626e+00
-2.258004688747510258e+00
-2.215500832864995218e+00
-2.156806417585509728e+00
-2.082451889459057348e+00
-1.993073091330577640e+00
-1.889407499774485411e+00
-1.772290205272512909e+00
-1.642649604197293556e+00
-1.501502769071944687e+00
-1.349950461924639189e+00
-1.189171754857487606e+00
-1.020418222212391868e+00
-8.450076699585279405e-01
-6.643173701633751094e-01
-4.797767716571576524e-01
-2.928596622753995571e-01
-1.050757633753457432e-01
8.203825632244610144e-02
2.669283531197449433e-01
4.480332640781906628e-01
6.237952337986517604e-01
7.926712895271212922e-01
9.531450305508042398e-01
1.103738885683684501e+00
1.243026779728009235e+00
1.369647136253578035e+00
1.482316130002960142e+00
1.579841087876957317e+00
1.661133922976461896e+00
1.725224471799122528e+00
1.771273590664137476e+00
1.798585854045736898e+00
1.806621685041159164e+00
1.795008737011365874e+00
1.763552335861600984e+00
1.712244784839801248e+00
1.641273328499726292e+00
1.551026569982796532e+00
1.442099136394986436e+00
1.315294391157495024e+00
1.171625000136072625e+00
1.012311170413977557e+00
8.387763970362038801e-01
6.526405741280667527e-01
4.557103526236474522e-01
2.499666574915166417e-01
3.754931278458506494e-02
-1.792612370667994726e-01
-3.980650768075825185e-01
-6.163667593321409122e-01
-8.316019006309144368e-01
-1.041166242376106776e+00
-1.242446936857815043e+00
-1.432855750889378221e+00
-1.609863827133463321e+00
-1.771037584254142594e+00
-1.914075282676967804e+00
-2.036843731938652979e+00
-2.137414570099474442e+00
-2.214099506985792498e+00
-2.265483892647524478e+00
-2.290457951846992302e+00
-2.288245004084123124e+00
-2.258425797917797073e+00
-2.200958215964947673e+00
-2.116192054716541815e+00
-2.004878413810665450e+00
-1.868173243091060032e+00
-1.707634668403677169e+00
-1.525213801678874326e+00
-1.323238836705371346e+00
-1.104392338131131801e+00
-8.716817463456246751e-01
-6.284032434399200451e-01
-3.780992535601466753e-01
-1.245099825579343844e-01
1.284804654501324195e-01
3.769027257325109348e-01
6.167647688209861867e-01
8.441175385665928843e-01
1.055122606218890979e+00
1.246120717190566163e+00
1.413700025814369043e+00
1.554762750668681859e+00
1.666588941550012137e+00
1.746896031257241688e+00
1.793892853040499613e+00
1.806326839467525591e+00
1.783523181709997019e+00
1.725414820446256492e+00
1.632562260715579194e+00
1.506162352497627976e+00
1.348045355203603357e+00
1.160659805624785212e+00
9.470449324489069731e-01
7.107906027839241414e-01
4.559850431037304475e-01
1.871508439026790538e-01
-9.082997119734886882e-02
-4.028157501471169022e-01
-7.483730147195216675e-01
-1.085597920041060149e+00
-1.407848405183809604e+00
-1.708646930598155311e+00
-1.981815801075681005e+00
-2.221610973793697319e+00
-2.422851425663532066e+00
-2.581041110634803459e+00
-2.692480559536376106e+00
-2.754365265910760474e+00
-2.764868163109744259e+00
-2.723203731038534858e+00
-2.629671573996815948e+00
-2.485677680874297746e+00
-2.293732010448695569e+00
-2.057421530765474849e+00
-1.781358373789022620e+00
-1.471103334220989378e+00
-1.133065532538664044e+00
-7.743796635150703711e-01
-4.027628482567863211e-01
-2.635368486628039686e-02
3.464633654848823241e-01
7.072446297194979747e-01
1.047680859781829898e+00
1.359793460679320054e+00
1.636128665985908448e+00
1.869944873822281473e+00
2.055388328028666223e+00
2.187652422794037044e+00
2.263116128329055066e+00
2.279457381017378381e+00
2.235737751197657719e+00
2.132455289130428699e+00
1.971563145022280583e+00
1.756452348926375917e+00
1.491898004265739042e+00
1.183969074901955798e+00
8.399029076560169393e-01
4.679466053229225375e-01
7.716832320316413529e-02
-3.227575222684554435e-01
-7.217862985955472155e-01
-1.109754873065330383e+00
-1.476642790179883757e+00
-1.812836221071926879e+00
-2.109387681075245879e+00
-2.358264380126130266e+00
-2.552578133960055951e+00
-2.686790029074531905e+00
-2.756883502498014948e+00
-2.760500163942355201e+00
-2.697033542214521962e+00
-2.567676963002927248e+00
-2.375422938596591038e+00
-2.125012743476169419e+00
-1.822836229825779419e+00
-1.476783366479266002e+00
-1.096050423039100608e+00
-6.909051251840948593e-01
-2.724164339218431707e-01
1.478441924061121293e-01
5.581221505209634781e-01
9.468109122435921510e-01
1.302785755148085034e+00
1.615730297858067877e+00
1.876446067021560804e+00
2.077135550596068914e+00
2.211649718113710250e+00
2.275691807624223184e+00
2.266970276042732824e+00
2.185295160197187947e+00
2.032613666428844557e+00
1.812982555221472225e+00
1.532476764737889185e+00
1.199035668004662769e+00
8.222503230242068639e-01
4.130969908726614959e-01
-1.637599926222704783e-02
-4.533993288575615677e-01
-8.848616049148816387e-01
-1.297704889075813162e+00
-1.679324834436223934e+00
-2.017963003703823865e+00
-2.303078912068158068e+00
-2.525689709784626924e+00
-2.678666192327608275e+00
-2.756974985842381543e+00
-2.757858274832856171e+00
-2.680944276866132903e+00
-2.528283772830217657e+00
-2.304310307613901987e+00
-2.015724112904797138e+00
-1.671302292520631116e+00
-1.281640268720974696e+00
-8.588318315024385807e-01
-4.160972798709940967e-01
3.262898294617350148e-02
4.731385093900458694e-01
8.914025063395076831e-01
1.274024482189592966e+00
1.608676960793061106e+00
1.884507689848305745e+00
2.092501579517648924e+00
2.225785896155016097e+00
2.279867970412786438e+00
2.252796806632370252e+00
2.145242434297832457e+00
1.960489542576182576e+00
1.704344795454750372e+00
1.384960140387361038e+00
1.012577296537119809e+00
5.992013383079847211e-01
1.582137780330595822e-01
-2.960622923005619134e-01
-7.488306967264490854e-01
-1.185308739934466615e+00
-1.591215536504258177e+00
-1.953245625103339211e+00
-2.259511785243410564e+00
-2.499941935179062380e+00
-2.666616485042005991e+00
-2.754034500409047403e+00
-2.759299431194401908e+00
-2.682217896243657140e+00
-2.525307989632790573e+00
-2.293716685372676256e+00
-1.995049052346849816e+00
-1.639115038741649766e+00
-1.237602435533450063e+00
-8.036871791483278793e-01
-3.515943122559626044e-01
1.038753889873680336e-01
5.478369537337296480e-01
9.658141659503927112e-01
1.344217173100932028e+00
1.670788596299111806e+00
1.935003144862057045e+00
2.128407421557965140e+00
2.244888747830082298e+00
2.280864361119853800e+00
2.235385145803028273e+00
2.110151051930980515e+00
1.909438422687327552e+00
1.639942481164430532e+00
1.310541111071790832e+00
9.319887021366835000e-01
5.165511273623329958e-01
7.759479773787053558e-02
-3.708558613356238154e-01
-8.145772919517200172e-01
-1.239606494558246341e+00
-1.632686197997835098e+00
-1.981680930090427672e+00
-2.275950656013432383e+00
-2.506670338120011721e+00
-2.667085828333059183e+00
-2.752698851321671469e+00
-2.761376382957679176e+00
-2.693382378526024024e+00
-2.551332461842916288e+00
-2.340074755095899128e+00
-2.066502420918069127e+00
-1.739305622982145749e+00
-1.368672421029046848e+00
-9.659495464722103186e-01
-5.432750168577807903e-01
-1.131951193530184030e-01
3.117215802825316073e-01
7.192608550579476789e-01
1.097918428629136800e+00
1.437224034061171274e+00
1.728024771774789636e+00
1.962720273247295921e+00
2.135444017567048824e+00
2.242187102832203127e+00
2.280862770768651071e+00
2.251311949756551911e+00
2.155251952009564320e+00
1.996172174904616625e+00
1.779182162934104916e+00
1.510818644006738820e+00
1.198819131477731670e+00
8.518703625530281709e-01
4.793402174531006255e-01
9.100183605624428962e-02
-3.032415657447799506e-01
-6.936231551806621987e-01
-1.070762901106844023e+00
-1.425895537703129490e+00
-1.751070712144199737e+00
-2.039321114030889337e+00
-2.284795603823596366e+00
-2.482855592734018124e+00
-2.630134135371974491e+00
-2.724558340666769496e+00
-2.765336752945249277e+00
-2.752914276145405736e+00
-2.688897988962502872e+00
-7.517267921091254079e-01
-7.172229670349936637e-01
-6.738034183036127889e-01
-6.225754412929067616e-01
-5.647565165206036575e-01
-5.016403318755136009e-01
-4.345633096510410631e-01
-3.648724773077862138e-01
-2.938954138632430269e-01
-2.229128842188351778e-01
-1.531346465242618415e-01
-8.567878757560584702e-02
-2.155481261699795925e-02
3.834940733528052759e-02
9.327684207102676650e-02
1.426067772194983818e-01
1.858567619491413581e-01
2.226813083381076197e-01
2.528681446019240275e-01
2.763329342174137837e-01
2.931071156041709092e-01
3.033223760558394488e-01
3.071941493905976373e-01
3.050049078503817013e-01
2.970879037583048499e-01
2.838118929578110627e-01
2.655672479872713820e-01
2.427537518220696522e-01
2.157702584040918081e-01
1.850063177369700163e-01
1.508357930098116473e-01
1.136124455367982788e-01
7.366742963129463417e-02
3.130862236738357618e-02
-1.317828961252928699e-02
-5.952703509733889287e-02
-1.074863461389780894e-01
-1.568139363660447372e-01
-2.072688722308400622e-01
-2.586023169660659482e-01
-3.105466121287455139e-01
-3.628026610397242502e-01
-4.150256005220244182e-01
-4.668088027702818055e-01
-5.176663515176371799e-01
-5.670143028781542416e-01
-6.141512919523783864e-01
-6.582394055005794664e-01
-6.982867349082182429e-01
-7.331336779053752029e-01
-7.614458918531403775e-01
-7.817178209786312948e-01
-7.922919011388569466e-01
-7.913998390098184732e-01
-7.772409096433238185e-01
-7.481369891881722856e-01
-7.027567563993614153e-01
-6.403777619213610883e-01
-5.611630441027382066e-01
-4.664181247679809461e-01
-3.587837068511022798e-01
-2.423139016849064908e-01
-1.223928213718579044e-01
-5.430444307600729159e-03
1.016448741161795621e-01
1.919430340112391331e-01
2.592055631252245806e-01
2.983817937053001579e-01
3.061243408471948646e-01
2.811474705441542321e-01
2.244067727472565665e-01
1.390789671913895686e-01
3.034364875130524108e-02
-9.500900799781003547e-02
-2.291021793082317071e-01
-3.635732851435958257e-01
-4.901922302437823897e-01
-6.014397910087778687e-01
-6.909976821322709739e-01
-7.541151001445945967e-01
-7.878321415444676790e-01
-7.910562333875346130e-01
-7.645017110834321228e-01
-7.105135798618666954e-01
-6.328035761222341460e-01
-5.361297817569126156e-01
-4.259506183374331401e-01
-3.080807842710127087e-01
-1.883715156323707840e-01
-7.243638823893805423e-02
3.456888688343123794e-02
1.281335840639028500e-01
2.045370642991672372e-01
2.609495963388910322e-01
2.954901498854907160e-01
3.072437479308567365e-01
2.962419692604112420e-01
2.634109021812213181e-01
2.104913072696764642e-01
1.399359916344765642e-01
5.478946919062893661e-02
-4.144508347526251746e-02
-1.449467366357509446e-01
-2.517209932546576323e-01
-3.577429699956098941e-01
-4.590956417581802951e-01
-5.520995968333742843e-01
-6.334311492591315762e-01
-7.002260697539026690e-01
-7.501666236629054296e-01
-7.815500423305433708e-01
-7.933370029213222541e-01
-7.851791510855506973e-01
-7.574251709861358206e-01
-7.111053873877548615e-01
-6.478953729659358007e-01
-5.700595274488425845e-01
-4.803760886259257346e-01
-3.820455216652318131e-01
-2.785847035701513597e-01
-1.737097629832875245e-01
-7.121083909101719178e-02
2.517762725328048790e-02
1.119071773338323750e-01
1.857421063258130611e-01
2.438785433099439071e-01
2.840516833970364585e-01
3.046271685134755991e-01
3.046729053126283615e-01
2.840080459558598225e-01
2.432264414286633425e-01
1.836926031136251747e-01
1.075090654720936012e-01
1.745501272085919764e-02
-8.310291022467033994e-02
-1.903255703987095926e-01
-3.000389442274913887e-01
-4.078900851344408052e-01
-5.095161917721807709e-01
-6.007206260941020393e-01
-6.776490358936116953e-01
-7.369582791016220380e-01
-7.759706721932111417e-01
-7.928062290764843478e-01
-7.864860446721061438e-01
-7.570008192628931987e-01
-7.053397087235476759e-01
-6.334761961438084565e-01
-5.443094665106420482e-01
-4.415617627043114668e-01
-3.296343244661952276e-01
-2.134266629672286752e-01
-9.812599129925086983e-02
1.102450156482404076e-02
1.089682962552241952e-01
1.910777491391700278e-01
2.533839020404211051e-01
2.927819373235015510e-01
3.072009610248737088e-01
2.957280902762923214e-01
2.586787398014027684e-01
1.976073661454488817e-01
1.152553619450799038e-01
1.543733669846830692e-02
-9.712946903973337931e-02
-2.170452170067550257e-01
-3.384866948968549005e-01
-4.554931122030258517e-01
-5.622641171345571509e-01
-6.534546935305259874e-01
-7.244514248457637473e-01
-7.716152883278915020e-01
-7.924776478944222102e-01
-7.858783821255721502e-01
-7.520380020069089566e-01
-6.925590297547420393e-01
-6.103556420103273261e-01
-5.095144235505766339e-01
-3.950928176592376495e-01
-2.728652856427790652e-01
-1.490301052325386788e-01
-2.989197729985793028e-02
7.846295905054301301e-02
1.704825678816493939e-01
2.414378759746223513e-01
2.876705244652496551e-01
3.067852460641528056e-01
2.977769919125942133e-01
2.610857959359365044e-01
1.985763114845024435e-01
1.134429734640887699e-01
1.004570805204108019e-02
-1.063151863030807331e-01
-2.296731307899397556e-01
-3.537038879071252584e-01
-4.720524658495786063e-01
-5.786611325986339427e-01
-6.680813641550047421e-01
-7.357534665596885404e-01
-7.782393883957298142e-01
-1.224318754301418455e+00
-1.201297231208270144e+00
-1.129468424842714480e+00
-1.012561449208983166e+00
-8.565942641757398057e-01
-6.695575354803793289e-01
-4.609990252368934560e-01
-2.415305971191250012e-01
-2.228372557406776977e-02
1.856581864685346028e-01
3.718214587981027996e-01
5.268691364355556628e-01
6.430667995922789704e-01
7.146640494135115818e-01
7.381730908536150437e-01
7.125312746999301616e-01
6.391404949634827970e-01
5.217826467594827156e-01
3.664166069933926240e-01
1.808680886872468530e-01
-2.557105182862767778e-02
-2.426131590471258537e-01
-4.594906732364095192e-01
-6.654915226051092425e-01
-8.504873313801341039e-01
-1.005428466196881754e+00
-1.122781917953539432e+00
-1.196891140195336822e+00
-1.224241062448523820e+00
-1.203616348277309456e+00
-1.136146322004530695e+00
-1.025235575206649763e+00
-8.763848094523121190e-01
-6.969117088962880624e-01
-4.955863198450223828e-01
-2.821993309969831887e-01
-6.708462585017252455e-02
1.393806057217835681e-01
3.272741270901947663e-01
4.876015821426179508e-01
6.127218633123745484e-01
6.967051917400310934e-01
7.356075665423372767e-01
7.276493408261731632e-01
6.732902963967631882e-01
5.751984963893426173e-01
4.381151657975905778e-01
2.686226562606321977e-01
7.482697748965749796e-02
-1.340297715415174062e-01
-3.480086287433346026e-01
-5.569439705619729786e-01
-7.509227283779852380e-01
-9.207503854450220793e-01
-1.058382252880687435e+00
-1.157300218884391274e+00
-1.212817739488908586e+00
-1.222299170357676878e+00
-1.185283474845537643e+00
-1.103506724671097672e+00
-9.808226482074745567e-01
-8.230247838563401475e-01
-6.375778051133552671e-01
-4.332700287552029295e-01
-2.198028134912532738e-01
-7.335533895660606429e-03
1.939930232497418805e-01
3.745447510702932803e-01
5.256414588537410282e-01
6.399816642448659110e-01
7.119951011581885369e-01
7.381177795398947694e-01
7.169739320506209879e-01
6.494553597761183461e-01
5.386933663775594905e-01
3.899234434761106316e-01
2.102479173136204693e-01
8.306657009377882428e-03
-2.061295513053116035e-01
-4.226244600281360286e-01
-6.305790398640138683e-01
-8.197476402572078102e-01
-9.807428350299279840e-01
-1.105504268368766807e+00
-1.187708113126292098e+00
-1.223096204947768939e+00
-1.209707434708543028e+00
-1.147998427238889008e+00
-1.040845716511300534e+00
-8.934273149349802878e-01
-7.129875036403860999e-01
-5.084945575903057069e-01
-2.902066724403238873e-01
-6.916629414716823909e-02
1.433528970329127072e-01
3.364191590737433124e-01
5.000071862036028492e-01
6.255248786358890145e-01
7.062745831283249176e-01
7.378237156176820077e-01
7.182637568855072541e-01
6.483418941716868611e-01
5.314558321727193002e-01
3.735092230136675129e-01
1.826324270729636212e-01
-3.121945536718254144e-02
-2.567725308091047265e-01
-4.820192691219318259e-01
-6.948532258752663227e-01
-8.837202539033256476e-01
-1.038251374281013550e+00
-1.149842557065823279e+00
-1.212148636669300394e+00
-1.221462415308108174e+00
-1.176955546805531938e+00
-1.080764797821374357e+00
-9.379154186586985409e-01
-7.560822084546097166e-01
-5.451979597941183364e-01
-3.169278121249525793e-01
-8.403612191367171302e-02
1.403207172151067494e-01
3.433369351221939869e-01
5.132938677128870975e-01
6.402478128950703784e-01
7.166284523289225827e-01
7.377110969090063808e-01
7.019323556511387618e-01
6.110271566686993339e-01
4.699749464680508249e-01
2.867538302289343033e-01
7.191277715415184124e-02
-1.620168636756882108e-01
-4.012390884557163195e-01
-6.315001222592868668e-01
-8.389378954333854832e-01
-1.010923689304178419e+00
-1.136844627451025769e+00
-1.208777909204048484e+00
-1.222012999006166556e+00
-1.175386180558811278e+00
-1.071402550603970383e+00
-9.161330840006712828e-01
-7.188881265666687836e-01
-4.916827387569913665e-01
-2.485228404358323095e-01
-4.553212927759869855e-03
2.248817262171872167e-01
4.252065605624130162e-01
5.835517175192335149e-01
6.895977678971763059e-01
7.362708441112295610e-01
7.202410483230710092e-01
6.421873202413450610e-01
5.068065714247582676e-01
3.225611114270393598e-01
1.011754756972144675e-01
-1.430893955229851633e-01
-3.943412199575230259e-01
-6.360842777848961793e-01
-8.523041872917622719e-01
-1.028538190149816067e+00
-1.152858872352021447e+00
-1.216703408252222562e+00
-1.215489316574400958e+00
-1.148970892290811285e+00
-1.021307147719037633e+00
-8.408312108356386094e-01
-6.195314331087777848e-01
-3.722745723092721892e-01
-1.158199250241248313e-01
1.323111563352783460e-01
3.550344957077078423e-01
5.368888284266813971e-01
6.651250556688380611e-01
7.306211460310245709e-01
7.285555631911360130e-01
6.587878690051174324e-01
5.259149391073880686e-01
3.389937110735178338e-01
1.109450078722014621e-01
-1.423239405105445887e-01
-4.030198054548072562e-01
-6.527107791551023386e-01
-8.736340734330108049e-01
-1.049970076328617719e+00
-1.168990838810622268e+00
-1.221998221163780984e+00
-1.204981027990512210e+00
-1.118939898781217801e+00
-9.698522671732158207e-01
-7.682756884053737467e-01
-5.286143735349555506e-01
-2.680988913797042184e-01
-5.550801520648185328e-03
2.399792268218459146e-01
4.506008192456361083e-01
6.108986407071789193e-01
7.090747018700341853e-01
7.378322333194380356e-01
1.089865922144512611e+00
9.313562574934688421e-01
6.867467051378167708e-01
3.738453073545919825e-01
1.552864059108605144e-02
-3.619300325878484492e-01
-7.307918726380425722e-01
-1.063899957702340471e+00
-1.336690682798881591e+00
-1.529018479349026016e+00
-1.626656612695297710e+00
-1.622360658483068097e+00
-1.516413838844802964e+00
-1.316612262032105241e+00
-1.037690297837660758e+00
-7.002286055216739857e-01
-3.291264592689708279e-01
4.824702909168471221e-02
4.040839542416766461e-01
7.121984456197324453e-01
9.499627869128490776e-01
1.099974102008496102e+00
1.151327652724336126e+00
1.100402934465210203e+00
9.511059115662094943e-01
7.145520119918695734e-01
4.082167027500476220e-01
5.462034217904748745e-02
-3.203514929584367898e-01
-6.893644819264717061e-01
-1.025644521401143816e+00
-1.304929369452730192e+00
-1.507219070561385266e+00
-1.618197959324977342e+00
-1.630227111748096869e+00
-1.542839427610946279e+00
-1.362707431065941721e+00
-1.103093406573829593e+00
-7.828296104211667217e-01
-4.249101496440754744e-01
-5.480322438963788900e-02
3.013891157836570134e-01
6.187879406673068017e-01
8.754770167115184520e-01
1.054002392588856862e+00
1.142529655248728959e+00
1.135583769110320995e+00
1.034328413597171981e+00
8.463759640521526517e-01
5.851531086410198812e-01
2.688780686879153059e-01
-8.076869262934632809e-02
-4.401792513934369433e-01
-7.854462643768899133e-01
-1.093969273380892560e+00
-1.345929808089264546e+00
-1.525538908578095931e+00
-1.621980053722457349e+00
-1.629994450323322130e+00
-1.550082276860735409e+00
-1.388320753835075028e+00
-1.155825856827902065e+00
-8.679073284125680132e-01
-5.429849332278344765e-01
-2.013466002162259405e-01
1.361643668312942923e-01
4.494455527262309902e-01
7.203333401001839054e-01
9.336314203622981811e-01
1.077913735011863494e+00
1.146063355144722129e+00
1.135527903559119922e+00
1.048291249165213879e+00
8.905790690290427136e-01
6.723313754237817408e-01
4.064873881352724094e-01
1.081366290378876216e-01
-2.064054358787101029e-01
-5.205384480934260871e-01
-8.182794210883964636e-01
-1.085077202224551840e+00
-1.308499077024953605e+00
-1.478760123633246604e+00
-1.589077556975749594e+00
-1.635843745499032220e+00
-1.618607954515853820e+00
-1.539886176099666493e+00
-1.404838997930543343e+00
-1.220852066902554878e+00
-9.970541174051554822e-01
-7.438057730393240474e-01
-4.721885641002731004e-01
-1.935184992130812853e-01
8.109726887353402303e-02
3.411480688999779520e-01
5.770397762949915910e-01
7.803449459125444410e-01
9.440196314291455781e-01
1.062575216586029381e+00
1.132200997346238802e+00
1.150837989798400907e+00
1.118204739158562111e+00
1.035776160591960871e+00
9.067167081941178708e-01
7.357694903570769496e-01
5.291033638692698160e-01
2.941205707507309475e-01
3.922814504711730210e-02
-2.264228862330286973e-01
-4.932255633799555450e-01
-7.514263498805691111e-01
-9.914487331803121251e-01
-1.204222919025432770e+00
-1.381512413496231995e+00
-1.516227350170864741e+00
-1.602713681795981060e+00
-1.637006902561429555e+00
-1.617038886137232234e+00
-1.542786799793860686e+00
-1.416353960102590515e+00
-1.241973988122813566e+00
-1.025931734920871863e+00
-7.763971838353412869e-01
-5.031718583085910135e-01
-2.173510941419542764e-01
6.909025352017911237e-02
3.437766794604306675e-01
5.944590785918798526e-01
8.095694466507770137e-01
9.787791241791083952e-01
1.093533758651527021e+00
1.147536594906308105e+00
1.137151558398636464e+00
1.061699081527963440e+00
9.236208739814197877e-01
7.284948848405322641e-01
4.848884562689153022e-01
2.040459000565015280e-01
-1.005839257743766368e-01
-4.139644995847672204e-01
-7.202074655475408926e-01
-1.003392607222320709e+00
-1.248429279304787087e+00
-1.441910842444934060e+00
-1.572910619431357793e+00
-1.633668094302701768e+00
-1.620117797304166274e+00
-1.532220599392980054e+00
-1.374067743270173558e+00
-1.153741338685177586e+00
-8.829304506392537943e-01
-5.763182829502841997e-01
-2.507721180644534864e-01
7.561764208767834949e-02
3.845910041818420000e-01
6.587979416838061208e-01
8.828338362017567054e-01
1.044162128341489693e+00
1.133862131988234045e+00
1.147151384984011369e+00
1.083647333445260097e+00
9.473514214812077672e-01
7.463583523661607710e-01
4.923128195074404356e-01
1.996537859690505345e-01
-1.152990302167249959e-01
-4.353516045034824811e-01
-7.434650849729558253e-01
-1.023738841181417669e+00
-1.262283384550807241e+00
-1.447929915897066877e+00
-1.572737373769412139e+00
-1.632274324086831374e+00
-1.625670376773688419e+00
-1.555448559258050478e+00
-1.427164872077528734e+00
-1.248893003465134877e+00
-1.030600134460821105e+00
-7.834635613832428014e-01
-5.191775328142147483e-01
-2.492939458671581121e-01
1.537520018888449691e-02
2.652407105472789350e-01
4.922813798159690890e-01
6.902528784393755501e-01
8.547669088649201274e-01
9.832555698786309417e-01
1.074841598722042990e+00
1.130138202628224731e+00
1.151002802244427858e+00
1.140267625675121410e+00
1.101467244489058750e+00
1.038579381759764830e+00
9.557911560917551341e-01
8.572987822429878335e-01
7.471449527285900505e-01
6.290948913032309298e-01
5.065495126122510072e-01
3.824922708930673654e-01
3.992485014787279241e-01
