3.523840676051050558e+00
5.806957968165963990e+00
7.848309574088201401e+00
9.539481005977116013e+00
1.078964312957622695e+01
1.153056331677302104e+01
1.172048836944615502e+01
1.134667092282860956e+01
1.042637906882861643e+01
9.006307385191917092e+00
7.160392436436877617e+00
4.986122662466182298e+00
2.599516670044175193e+00
1.290205684041763057e-01
-2.291360316756984261e+00
-4.529331193472104999e+00
-6.461585079443771917e+00
-7.980685126997260959e+00
-9.001163293637581830e+00
-9.464482575857070756e+00
-9.342566662087630647e+00
-8.639675557237254111e+00
-7.392494710127256674e+00
-5.668403724138882716e+00
-3.561993444611202264e+00
-1.190001286990103546e+00
1.315071783685852091e+00
3.812318800399857821e+00
6.160352774475756910e+00
8.225354957230983644e+00
9.888784272046608592e+00
1.105429842038678245e+01
1.165347529408216865e+01
1.164998633074494450e+01
1.104195816387915485e+01
9.862360798012225871e+00
8.177373891233106207e+00
6.082801030900122363e+00
3.698718164190077040e+00
1.162649572095214578e+00
-1.378343681622354877e+00
-3.776207866917847156e+00
-5.890574443246832104e+00
-7.597058269651353335e+00
-8.794678947311480144e+00
-9.411954511664323064e+00
-9.411291084293505804e+00
-8.791390348248169673e+00
-7.587513175183155489e+00
-5.869564522032751697e+00
-3.738094969847605142e+00
-1.318448814332598529e+00
1.246599253665827245e+00
3.805284460224322984e+00
6.205866836024032551e+00
8.305680597370843188e+00
9.979673040663216810e+00
1.112791633025662108e+01
1.168163560445805160e+01
1.160738500776066395e+01
1.090911427265315048e+01
9.627995579569207152e+00
7.840015858559002737e+00
5.651475164273442431e+00
3.192658939876615420e+00
6.100630666183161077e-01
-1.942361259594978629e+00
-4.312415998004111906e+00
-6.358763501686232722e+00
-7.959383931443237081e+00
-9.018873591628338460e+00
-9.474145201916433834e+00
-9.298187986010523431e+00
-8.501662972636735205e+00
-7.132239860556199851e+00
-5.271718187979836046e+00
-3.031109050138882210e+00
-5.439761146725512475e-01
2.041561215997911294e+00
4.571680207190961909e+00
6.896030414745144554e+00
8.876682418255692042e+00
1.039631501005397141e+01
1.136515376524505427e+01
1.172625058398759990e+01
1.145879476497827731e+01
1.057926521411086895e+01
9.140363238640796695e+00
7.227798147994811018e+00
4.955125582310598631e+00
2.456953490289812692e+00
-1.190738248330698301e-01
-2.621032754315055335e+00
-4.901696375371612291e+00
-6.827197262966420155e+00
-8.284866723289445289e+00
-9.189791915796428512e+00
-9.489711002185847732e+00
-9.167967036132166569e+00
-8.244357629201042315e+00
-6.773842464305057653e+00
-4.843197001523591005e+00
-2.565820760443379811e+00
-7.501534566383494251e-02
2.483865254916051146e+00
4.961926574258195721e+00
7.215407077313236606e+00
9.114006817322936271e+00
1.054838913372479858e+01
1.143642515311662144e+01
1.172782739514085293e+01
1.140691517297175928e+01
1.049336488488036601e+01
9.040916146134605924e+00
7.134123085842033696e+00
4.883352165742876672e+00
2.418327158312634673e+00
-1.193971373066033959e-01
-2.584592714425443027e+00
-4.836675708461727119e+00
-6.747706413059264996e+00
-8.209617605391313688e+00
-9.140265074175960791e+00
-9.487965162885613424e+00
-9.234273397276547612e+00
-8.394860543171178691e+00
-7.018451752268753729e+00
-5.183904500002300075e+00
-2.995605547857053352e+00
-5.774603239970044211e-01
1.934175210022833991e+00
4.398214065908040205e+00
6.676770387057563205e+00
8.642857972311674075e+00
1.018742642468765425e+01
1.122534752563695015e+01
1.170002694088183404e+01
1.158639625961572150e+01
1.089213296627305105e+01
9.657055917815000612e+00
7.950745594849290221e+00
5.868536148014764642e+00
3.526114713432094483e+00
1.053037861263237840e+00
-1.414468541660211409e+00
-3.741024190330768384e+00
-5.799508974481364376e+00
-7.477972266172391080e+00
-8.685663622539459894e+00
-9.357863548615997118e+00
-9.459261743918501608e+00
-8.985711947352156059e+00
-7.964282475466249345e+00
-6.451614819002328360e+00
-4.530694122179125038e+00
-2.306220096684666210e+00
1.011595624349268530e-01
2.561432694021041900e+00
4.942262012739711885e+00
7.116098504162551741e+00
8.966987148409181430e+00
1.039670371302378626e+01
1.132990086140377883e+01
1.171799799766484185e+01
1.154161889104141459e+01
1.081146030775336797e+01
9.567559294615048060e+00
7.877011866394452611e+00
5.830277142384133526e+00
3.536274222576045290e+00
1.116540545486432112e+00
-1.301232939043116543e+00
-3.589944958290513632e+00
-5.629749563823160941e+00
-7.314295996791781995e+00
-8.556220280075791607e+00
-9.291608298170093150e+00
-9.483206462944234971e+00
-9.122223374320833855e+00
-8.228640537086393536e+00
-6.850028231368573195e+00
-5.058939982307114391e+00
-2.949031757603480131e+00
-6.301163618923442122e-01
1.777583701934254856e+00
4.149682930996983821e+00
6.364054302699072352e+00
8.307094818838169914e+00
9.879515410425216970e+00
1.100136269962377611e+01
1.161602191800755790e+01
1.169300438752965832e+01
1.122938649315348414e+01
1.024983668934416770e+01
8.805239200150722922e+00
6.969994030183007894e+00
4.838139144018060556e+00
2.518498920151592380e+00
1.291104104824930543e-01
-2.208786717749231521e+00
-4.376890988297295948e+00
-6.265800888112421418e+00
-7.780499135397081822e+00
-8.845087086922196917e+00
-9.406536393534516094e+00
-9.437275738161355676e+00
-8.936489851767309034e+00
-7.930072979492259755e+00
-6.469246298471923673e+00
-4.627915127228653169e+00
-2.498903854639337396e+00
-1.892613368738174096e-01
2.185125568214901115e+00
4.505339760234281066e+00
6.655373017692924442e+00
8.527901568139457211e+00
1.002961272667910464e+01
1.108582070137103948e+01
1.164414584690606880e+01
1.167707868849900876e+01
1.118330557905039591e+01
1.018773414517789355e+01
8.740221180675467494e+00
6.913069832680220017e+00
4.797419914624293291e+00
2.498710043623958654e+00
1.314362233342123432e-01
-2.186534217309361594e+00
-4.339812759791300323e+00
-6.221215383963285994e+00
-7.737081429049712078e+00
-8.811923195811122156e+00
-9.392176650837431140e+00
-9.448867651069525309e+00
-8.979061298411611602e+00
-8.006021783893556787e+00
-6.578073486950781756e+00
-4.766218071080459140e+00
-2.660623738234310309e+00
-3.661586603316500099e-01
2.002811853322497448e+00
4.328108025238281975e+00
6.493617336394805761e+00
8.391083938668552733e+00
9.925518123316081187e+00
1.101995616872977024e+01
1.161933223414802896e+01
1.169326721821263071e+01
1.123763258725638714e+01
1.027480752736518888e+01
8.852612442840044338e+00
7.041967636587451729e+00
4.933389713010221556e+00
2.632496671354471740e+00
2.547428765298022091e-01
-2.080355439795079420e+00
-4.255216812923680259e+00
-6.160113491433369504e+00
-7.698715297634092458e+00
-8.792978319029828072e+00
-9.387129792631501601e+00
-9.450544646205772281e+00
-8.979363803366435803e+00
-7.996766881431564222e+00
-6.551879233661586532e+00
-4.717362065021150741e+00
-2.585801134629146958e+00
-2.650709695758499684e-01
2.127095585588992144e+00
4.469061011081310930e+00
6.641460273661303759e+00
8.533288623926761574e+00
1.004758971652105792e+01
1.110645209948676460e+01
1.165505546882788046e+01
1.166455485979479789e+01
1.113364888392929508e+01
1.008874436590315327e+01
8.582700979565240473e+00
6.692212132083541931e+00
4.513948693324707051e+00
2.159656588399164967e+00
-2.495455960534913586e-01
-2.589379916524062963e+00
-4.738815819745952673e+00
-6.586340603203574062e+00
-8.035768519241619501e+00
-9.011284954968367344e+00
-9.461459516837926742e+00
-9.362013359418142500e+00
-8.717189190780292307e+00
-7.559643901458675153e+00
-5.948860066380654565e+00
-3.968149735867493533e+00
-1.720397949523490899e+00
6.772396191640033258e-01
3.099414120870803480e+00
5.419122638244369128e+00
7.514368853624220357e+00
9.274596161743732026e+00
1.060655335528191401e+01
1.143928022485362206e+01
1.172794435299804405e+01
1.145631890079503812e+01
1.063776134763352665e+01
9.314631360802330562e+00
7.556168184450067216e+00
5.454929829465503310e+00
3.121973564962313041e+00
6.810256028421729502e-01
-1.738056305863489248e+00
-4.006183490715296003e+00
-6.001934156657291020e+00
-7.618079505932851880e+00
-8.767386251593070057e+00
-9.387379523589604702e+00
-9.443803404391067247e+00
-8.932584191028871246e+00
-7.880180469639673113e+00
-6.342290069959820364e+00
-4.400972376373986528e+00
-2.160330558010911339e+00
2.590226399378386946e-01
2.726424188125184500e+00
5.108201241885102384e+00
7.274914511048769405e+00
9.108412132166966657e+00
1.050830875680731680e+01
1.139753275801694699e+01
1.172663240958081587e+01
1.147659720018986285e+01
1.066002971795081855e+01
9.320592583592008040e+00
7.109007195354408282e+00
5.107117669485738531e+00
2.884858223240191144e+00
5.640987929743144225e-01
-1.727489854403976954e+00
-3.863455057361816714e+00
-5.725552799416679939e+00
-7.210322810194980114e+00
-8.234881096438746440e+00
-8.741603253333922297e+00
-8.701430925662164029e+00
-8.115608253800559169e+00
-7.015741061743180573e+00
-5.462164245786134131e+00
-3.540697191282569989e+00
-1.357957815105647059e+00
9.645121228100530519e-01
3.296989170384594381e+00
5.508805320156176855e+00
7.475676926204419814e+00
9.086713888548853646e+00
1.025071240698244424e+01
1.090137194317639135e+01
1.100113500778665276e+01
1.054342393560398250e+01
9.553137821807151653e+00
8.085370349675180535e+00
6.222409886253868372e+00
4.069181261429613450e+00
1.747378466267088148e+00
-6.113860965692685667e-01
-2.873031699417266438e+00
-4.908637562719666114e+00
-6.601814892697437820e+00
-7.855399749943072329e+00
-8.597079643197034216e+00
-8.783625085518361075e+00
-8.403475067276536592e+00
-7.477518200450018249e+00
-6.058013963918539524e+00
-4.225705196331667857e+00
-2.085277613178352141e+00
2.405814037095240776e-01
2.618189844158690605e+00
4.910545120204934832e+00
6.985225014575473956e+00
8.722059329597042776e+00
1.002012633160598476e+01
1.080366438604360546e+01
1.102654959608087282e+01
1.067507147483479990e+01
9.768836130930925066e+00
8.359734567739655731e+00
6.529026248042339553e+00
4.382698499552177829e+00
2.045364138171652968e+00
-3.469531817172686328e-01
-2.654729155187727230e+00
-4.743084611173926213e+00
-6.489690493715088770e+00
-7.791967106375682128e+00
-8.573151610010368628e+00
-8.786872050901690656e+00
-8.419952231509045149e+00
-7.493274585697993651e+00
-6.060641912570152279e+00
-4.205696694409163605e+00
-2.037071810634742519e+00
3.179480909984083725e-01
2.720885822159816225e+00
5.030214682368221446e+00
7.109706322422147728e+00
8.836488713087298663e+00
1.010833528263671255e+01
1.084975113325495322e+01
1.101649170501705655e+01
1.059824109497713707e+01
9.619285695727160856e+00
8.137137477221603632e+00
6.239183054991143784e+00
4.037552404375510662e+00
1.662507646179169241e+00
-7.452586650547787794e-01
-3.042960256328933966e+00
-5.094194271503893923e+00
-6.777054555300481731e+00
-7.991397204924287401e+00
-8.664823852743703370e+00
-8.757023579316946638e+00
-8.262211447153449129e+00
-7.209514643658351041e+00
-5.661279407292472143e+00
-3.709395994000082020e+00
-1.469857496879115155e+00
9.241257524538145640e-01
3.330047571240424276e+00
5.604591834893414948e+00
7.612177074797814136e+00
9.233049566646602813e+00
1.037044087319770114e+01
1.095636098666849811e+01
1.095567916531745567e+01
1.036824647165052582e+01
9.228930824183326109e+00
7.605560093809580202e+00
5.594893945104611355e+00
3.316863238147611526e+00
9.074197747178966988e-01
-1.489577260757696697e+00
-3.730953689616995028e+00
-5.682777915464308549e+00
-7.228371627420185241e+00
-8.275293835707829615e+00
-8.760879498244616315e+00
-8.656000204889540584e+00
-7.966820603281841606e+00
-6.734444124531724363e+00
-5.032467919904824782e+00
-2.962592176954232492e+00
-6.485456303676215839e-01
1.771309885047091859e+00
4.152253646328861514e+00
6.351863941964356997e+00
8.238541347405885062e+00
9.699386891301955416e+00
1.064696306169123119e+01
1.102453235314382596e+01
1.080945913325817465e+01
1.001457055647821726e+01
8.687394486424935280e+00
6.907319576777982917e+00
4.780847177463452446e+00
2.435219108129305532e+00
1.080271218745099127e-02
-2.347310871178584613e+00
-4.497992075801180434e+00
-6.312521727533524363e+00
-7.682297253111877389e+00
-8.525334682697433664e+00
-8.791176982467526102e+00
-8.463914729204519816e+00
-7.563138231971053393e+00
-6.142764134970055245e+00
-4.287806869713047142e+00
-2.109288429710445278e+00
2.624085619041603978e-01
2.685346313447229960e+00
5.014528340423296981e+00
7.110578128812974796e+00
8.848080337238425130e+00
1.012308519960600783e+01
1.085932700575111021e+01
1.101278464101022614e+01
1.057431152797397900e+01
9.570177974381351760e+00
8.060493955575823932e+00
6.135607255657519410e+00
3.910693057430222552e+00
1.518859253538987319e+00
-8.968195225507999968e-01
-3.191862180354402057e+00
-5.229023415999133562e+00
-6.886500852376049586e+00
-8.065216250943148424e+00
-8.694735568123547864e+00
-8.737474242298782556e+00
-8.190936826486153066e+00
-7.087857767069549730e+00
-5.494235719736182411e+00
-3.505379771260415112e+00
-1.240204763453045311e+00
1.165882509688595414e+00
3.569080383996724670e+00
5.825788274403373102e+00
7.801187511951283682e+00
9.377294265579683596e+00
1.046000357400095915e+01
1.098470406801272681e+01
1.092012860451768930e+01
1.027021162305425328e+01
9.073843248540581996e+00
7.402535866305644419e+00
5.356143571937177938e+00
3.056891101684644951e+00
6.420696447325069389e-01
-1.744163681008851219e+00
-3.959392665760910646e+00
-5.871441186992156780e+00
-7.366257514534281903e+00
-8.354713550916400777e+00
-8.777913876814903205e+00
-8.610698659904173269e+00
-7.863132457755079407e+00
-6.579891242352333691e+00
-4.837585406893754048e+00
-2.740179597237659692e+00
-4.127836010225767183e-01
2.005814526983693113e+00
4.371427190582040545e+00
6.543063829079675209e+00
8.391332747799545189e+00
9.806147576887804362e+00
1.070327953329310233e+01
1.102936576913961808e+01
1.076507636190466499e+01
9.926252417623155466e+00
8.562948752348392034e+00
6.756439471003684361e+00
4.614366036298822138e+00
2.264317894703798295e+00
-1.537711661664709073e-01
-2.495957540385599138e+00
-4.622856654911512209e+00
-6.407936026652783390e+00
-7.745039203164778563e+00
-8.554693405594093747e+00
-8.788826398925923655e+00
-8.433613034146814513e+00
-7.510283370669069036e+00
-6.073845648741492020e+00
-4.209801413017824956e+00
-2.029049411936474812e+00
3.387175765284113904e-01
2.752729493889929380e+00
5.069509947550505657e+00
7.151403459453039346e+00
8.874752225527412719e+00
1.013723681736206039e+01
1.086394530758421162e+01
1.101181117447007374e+01
1.057215750607106308e+01
9.571197687071718363e+00
8.068464206803323435e+00
6.153260254205494384e+00
3.939346060164351293e+00
1.558176553491253724e+00
-8.489073809270069049e-01
-3.139069981509761575e+00
-5.176455785236822926e+00
-6.840246064960946448e+00
-8.031818933310946207e+00
-8.680589058401757541e+00
-8.748181574781359160e+00
-8.230693819736950800e+00
-7.158912086731640478e+00
-5.596471917414819863e+00
-3.636072351928140378e+00
-1.393969799505401452e+00
9.969210440828736308e-01
3.394909534030573717e+00
5.657927045331450522e+00
7.651942775836270805e+00
9.258898922840030465e+00
1.038369562747012154e+01
1.095981271542224178e+01
1.095323629455027969e+01
1.036445887754857687e+01
9.228435906614084416e+00
7.612502593772058290e+00
5.612375686533342289e+00
3.346477983243683951e+00
9.489224661641716407e-01
-1.438428050853340467e+00
-3.674355502757637559e+00
-5.626638621793005335e+00
-7.179868588159888709e+00
-8.242266506851201768e+00
-8.751100294245915734e+00
-8.676381651549656127e+00
-8.022625695305986682e+00
-6.828570468426658380e+00
-5.164874181870191094e+00
-3.129927505258567777e+00
-8.440294787524986742e-01
1.557727904388444884e+00
3.933445377895301576e+00
6.142800190067191579e+00
8.055332676129031810e+00
9.558146387103906960e+00
1.056256751577723207e+01
1.100937111252476619e+01
1.087226645008277615e+01
1.015943684768011046e+01
8.913044210680258317e+00
7.206728690177013341e+00
5.141252126243298193e+00
2.838543335793995759e+00
4.344973980001506364e-01
-1.929045657559725901e+00
-4.112669242691366023e+00
-5.987602007233886248e+00
-7.443308326057525015e+00
-8.394000287676385952e+00
-8.783687850996974689e+00
-8.589470236581231433e+00
-7.822875453916981137e+00
-6.529170004968234409e+00
-4.784680455071304017e+00
-2.692285673921377409e+00
-3.753462267093783389e-01
2.029570695168980254e+00
4.380741672702215261e+00
6.539638230933501717e+00
8.379086774266285786e+00
9.790756801360810613e+00
1.069153672019600165e+01
1.102842230485524944e+01
1.078163058720403633e+01
9.965756580108463325e+00
8.628905521992585648e+00
6.849852564910224650e+00
4.733397808937594320e+00
2.404190642056989180e+00
-6.126262453169939448e-04
-2.339425334997625505e+00
-4.474565703817057205e+00
-6.280360139289457244e+00
-7.650537846828943778e+00
-8.504481837747380979e+00
-8.791968845870741234e+00
-8.496119682926751793e+00
-7.634386923824595605e+00
-6.257522319673253008e+00
-4.446585191927551861e+00
-2.308168275257960644e+00
3.187772374976649559e-02
2.435851358682318057e+00
4.762303501749303614e+00
6.874359449592413185e+00
8.647770531066660382e+00
9.978221695472093700e+00
1.078746542336294212e+01
1.102792141873368692e+01
7.501115821260216698e+00
6.897240344596027306e+00
5.953486101286714849e+00
4.725380175699181784e+00
3.285170643004589941e+00
1.717575772144351420e+00
1.148003827484722628e-01
-1.428887484116590167e+00
-2.822700616604977952e+00
-3.984671391203655766e+00
-4.846471346541603609e+00
-5.357428248808980165e+00
-5.487504547533816002e+00
-5.229062214877805204e+00
-4.597310335125461833e+00
-3.629409266677203760e+00
-2.382284182848147580e+00
-9.292766672625181190e-01
6.441686645077204787e-01
2.245528836501855974e+00
3.780643006426882557e+00
5.159248894632244564e+00
6.300289650003309205e+00
7.136679178452165928e+00
7.619245820593866902e+00
7.719622588774650573e+00
7.431914117986781143e+00
6.773042408242856638e+00
5.781751109423459489e+00
4.516326957621191518e+00
3.051172379484131447e+00
1.472430806092744682e+00
-1.270780878670776382e-01
-1.653315452005277519e+00
-3.016551820669915784e+00
-4.136642163090413327e+00
-4.947737335878920284e+00
-5.402154992253928256e+00
-5.473182421534727560e+00
-5.156646583751379964e+00
-4.471159076503560925e+00
-3.457021664466537914e+00
-2.173856737714699783e+00
-6.971020154434608429e-01
8.864244285531652778e-01
2.483628096955833087e+00
4.000610915636316989e+00
5.348191272915428840e+00
6.447146757318761523e+00
7.232871402812800277e+00
7.659173669141811303e+00
7.700991896009844240e+00
7.355867604494269685e+00
6.644090036880451855e+00
5.607503435201008024e+00
4.307047167954334732e+00
2.819173303138847952e+00
1.231352215361762648e+00
-3.630695736846429877e-01
-1.870357040161610973e+00
-3.201897193735986136e+00
-4.279408558626253800e+00
-5.039543346823165848e+00
-5.437611765588400203e+00
-5.450209502119440330e+00
-5.076593901724852032e+00
-4.338727912429412470e+00
-3.279989184968448157e+00
-1.962620189061867526e+00
-4.640692217194233304e-01
1.127562610011536348e+00
2.718700784594835440e+00
4.215798660108956319e+00
5.530837253071089421e+00
6.586500166253657973e+00
7.320719416440379490e+00
7.690324887129490250e+00
7.673582819881695549e+00
7.271474064650871760e+00
6.507636895319450332e+00
5.426977706777275756e+00
4.093031228823181600e+00
2.584225415473986764e+00
9.892705731180131412e-01
-5.980562096940309491e-01
-2.084424702712417421e+00
-3.382439077316929499e+00
-4.415776704380919071e+00
-5.123676047676431367e+00
-5.464509749964879148e+00
-5.418232783785756013e+00
-4.987561671822440701e+00
-4.197815385071982597e+00
-3.095427214985228659e+00
-1.745215061916924659e+00
-2.265705917154872129e-01
1.371208708121437247e+00
2.954170130746966549e+00
4.429230292326387541e+00
5.709648770460073131e+00
6.720128969451537593e+00
7.401246244888016967e+00
7.712942862187392556e+00
7.636884222598570915e+00
7.177537740945124867e+00
6.361910866120227936e+00
5.237963581994881324e+00
3.871788676665055995e+00
2.343725537830255945e+00
7.436359593655313960e-01
-8.343802607564105855e-01
-2.297519188234456777e+00
-3.559730652240317816e+00
-4.546779190525557013e+00
-5.200610377725417344e+00
-5.482765706971775010e+00
-5.376645134811733229e+00
-4.888484158387108813e+00
-4.046987887779255999e+00
-2.901643560141358158e+00
-1.519810670678144460e+00
1.724020298877948498e-02
1.619106961412584811e+00
3.191572856847250783e+00
4.642147985310480784e+00
5.885509469843216657e+00
6.848520344105861746e+00
7.474531903908054886e+00
7.726716420144983388e+00
7.590234123664345134e+00
7.073106928381385217e+00
6.205747422040806427e+00
5.039170750893362083e+00
3.641994502813136414e+00
2.096402995349655463e+00
4.933133060484354848e-01
-1.072972643136292481e+00
-2.510315381943202695e+00
-3.734158251689333241e+00
-4.672501956095441500e+00
-5.270140633264331242e+00
-5.491910201534410341e+00
-5.324757821029533211e+00
-4.778510652474412979e+00
-3.885298607023895734e+00
-2.697664964883443872e+00
-1.285475938106344751e+00
2.681890777608612053e-01
1.871924835868765680e+00
3.431377660778411887e+00
4.854796613047435372e+00
6.058431801672113259e+00
6.971462219588076437e+00
7.540163135347449419e+00
7.731067795237859919e+00
7.532937344808222413e+00
6.957422987860709895e+00
6.038381340352224846e+00
4.829883179868988741e+00
3.403032675896470849e+00
1.841784187792891991e+00
2.380027164583061738e-01
-1.313941380558245831e+00
-2.722725373685406680e+00
-3.905448094057280883e+00
-4.792508574796854326e+00
-5.331702283599993208e+00
-5.491293849918466030e+00
-5.261885402338180917e+00
-4.656970493823106239e+00
-3.712140935260797470e+00
-2.482993130295584550e+00
-1.041857041772010772e+00
5.264597822652159476e-01
2.129662716129299582e+00
3.673401443713669501e+00
5.066822603039145889e+00
6.227916905916295320e+00
7.088346022397290724e+00
7.597465114743063630e+00
7.725304224924055774e+00
7.464332979816917124e+00
6.829904675027281158e+00
5.859353518649990988e+00
4.609798086399965911e+00
3.154780193811068223e+00
1.579936946920810215e+00
-2.203934590333056498e-02
-1.556856783100139419e+00
-2.934173902706096015e+00
-4.072917460436300985e+00
-4.906054922343708213e+00
-5.384540716139171401e+00
-5.480203900887166135e+00
-5.187407211076142666e+00
-4.523379742154118865e+00
-3.527203614797873144e+00
-2.257514189225937606e+00
-7.890491345667853818e-01
7.917505669752393782e-01
2.391828776204691032e+00
3.916992020163887922e+00
5.277454529080578993e+00
6.393124054494101927e+00
7.198317274028217305e+00
7.645627148120353489e+00
7.708714501532520913e+00
7.383859420938198248e+00
6.690181062661773481e+00
5.668512854592165695e+00
4.378999238633802804e+00
2.897555374115136750e+00
1.311398176083674816e+00
-2.860882473466224152e-01
-1.800850488613840783e+00
-3.143703383626327508e+00
-4.235581166971750910e+00
-5.012193043757992683e+00
-5.427809030416312019e+00
-5.457953109351894483e+00
-5.100845066448862930e+00
-4.377506049701457513e+00
-3.330521564537225920e+00
-2.021534674361719297e+00
-5.276169485339734511e-01
1.063269208962315471e+00
2.657449700964494177e+00
4.161054411016778865e+00
5.485544637453393158e+00
6.552926804153302420e+00
7.300345419832848570e+00
7.683784794446507860e+00
7.680661489047568402e+00
7.291154785736409849e+00
6.538196771908395100e+00
5.466122562590343570e+00
4.138060088300111516e+00
2.632213106848405371e+00
1.037256283872926010e+00
-5.528865109479776940e-01
-2.044573208225873628e+00
-3.349958129555090203e+00
-4.392165401225054389e+00
-5.109816505000898346e+00
-5.460645302683984070e+00
-5.423987600898123596e+00
-5.001998595852032103e+00
-4.219526452194673816e+00
-3.122649413812605523e+00
-1.775962556392768343e+00
-2.587739358085259234e-01
1.339565874928396960e+00
2.924925818351931994e+00
4.403938061093541911e+00
5.689496883257996629e+00
6.705888881713393701e+00
7.393252324200073389e+00
7.711102992685557211e+00
7.640718822439989566e+00
7.186242862044007751e+00
6.374439568279145263e+00
5.253118762649268803e+00
3.888320050016667473e+00
2.360423509540384046e+00
7.594157131812400152e-01
-8.204101179780169950e-01
-2.286007675424717611e+00
-3.551057749652242634e+00
-4.541052264674020122e+00
-5.197682712375889302e+00
-5.482274504938447812e+00
-5.378064955357024779e+00
-4.891190703650758920e+00
-4.050326418188386235e+00
-2.904996040534769897e+00
-1.522656029307654757e+00
1.527761163935159594e-02
1.618224523215489485e+00
3.191774971695187091e+00
4.643250397116097439e+00
5.887162019083809206e+00
6.850245992504651049e+00
7.475778545595826330e+00
7.726916940404387368e+00
7.588869474136037852e+00
7.069766708269527022e+00
6.200182609398297018e+00
5.031333805262738323e+00
3.632063017742776623e+00
2.084784345791444338e+00
4.806292174444346532e-01
-1.085921090329737604e+00
-2.522600225063405865e+00
-3.744791067075992075e+00
-4.680509499530526973e+00
-5.274644104603710915e+00
-5.492202076497251895e+00
-5.320370175833898152e+00
-4.769269343527849259e+00
-3.871358534583988487e+00
-2.679522891536919360e+00
-1.263958867395247099e+00
2.919602351040458954e-01
1.896594790706672029e+00
3.455436221032139876e+00
4.876673310050333221e+00
6.076599621543174123e+00
6.984543535980572315e+00
7.547030543632006427e+00
7.730932651640766373e+00
7.525419421496522432e+00
6.942595735945261914e+00
6.016788743517945903e+00
4.802525988788473477e+00
3.371323821274112120e+00
1.807475245493483484e+00
2.030853023237169097e-01
-1.347353613070699785e+00
-2.752526998604801989e+00
-3.929676284658667029e+00
-4.809472921814873736e+00
-5.340101457781325500e+00
-5.490311135058218106e+00
-5.251256293625326421e+00
-4.637017199257247313e+00
-3.683770636468920223e+00
-2.447659128148764296e+00
-1.001484288074624418e+00
5.695809361969829121e-01
2.173008592581536114e+00
3.714365182402792342e+00
5.102873298333424401e+00
6.256757890960543023e+00
2.547954182780515886e+00
