-7.453961970568180329e-01
1.456612696723402767e-01
8.397542780323448142e-01
1.264396087534164881e+00
1.375239758682069269e+00
1.160709470471415816e+00
6.432094268651633584e-01
-1.232158983959381615e-01
-1.058525829224848058e+00
-2.065042435695437106e+00
-3.037651407229178258e+00
-3.874779534951013460e+00
-4.489002383490797499e+00
-4.816174353212339554e+00
-4.822127646170917714e+00
-4.506240537617044239e+00
-3.901502305047804597e+00
-3.071068034020991266e+00
-2.101663095304056927e+00
-1.094526088587826962e+00
-1.548361151792483348e-01
6.192714706936497393e-01
1.146953705606779117e+00
1.373102751327918813e+00
1.274101013396979454e+00
8.602876152440015467e-01
1.748786446864889488e-01
-7.105460644791539160e-01
-1.703518283438018255e+00
-2.700338192884097044e+00
-3.596904144738501508e+00
-4.299584388355978781e+00
-4.734995386008332474e+00
-4.857665531422689753e+00
-4.654783920456086577e+00
-4.147538241944177528e+00
-3.388902067756455416e+00
-2.458102623670447962e+00
-1.452346792536350684e+00
-4.766694343061605998e-01
3.670357989947885535e-01
9.906576001513109908e-01
1.329068801594686100e+00
1.346927850187008779e+00
1.042369658389428633e+00
4.472003823607568762e-01
-3.764242144221818798e-01
-1.342489921056374547e+00
-2.350106866402500216e+00
-3.294045827359421530e+00
-4.075727711966489863e+00
-4.613518544327046556e+00
-4.851254807400627200e+00
-4.764108810087209989e+00
-4.361181536283523563e+00
-3.684552194943380599e+00
-2.804883730199978498e+00
-1.814043224637683194e+00
-8.155078747238899695e-01
8.644152156975981605e-02
7.976110002702441193e-01
1.243730460936590898e+00
1.378209972272942618e+00
1.187005333686698361e+00
6.900847639188127935e-01
-6.065645505758521239e-02
-9.868155972980987567e-01
-1.991670384107325331e+00
-2.970280054977252338e+00
-3.820444725457197599e+00
-4.453378505040033630e+00
-4.802981741265975657e+00
-4.832744054757609931e+00
-4.539557255303479977e+00
-3.954039941838991989e+00
-3.137339887129090954e+00
-2.174748146133413940e+00
-1.166791790708360477e+00
-2.187354898247553248e-01
5.704116752798493728e-01
1.118236101420270856e+00
1.367526425662571210e+00
1.292248322891625278e+00
9.002633681908038810e-01
2.325080230209992660e-01
-6.412815132432221343e-01
-1.629852116605019718e+00
-2.629963645011552664e+00
-3.537170694249665459e+00
-4.256730223896958876e+00
-4.713495928971655147e+00
-4.859766050877627919e+00
-4.680265051264555609e+00
-4.193738893886230557e+00
-3.450997333179357973e+00
-2.529607660721457485e+00
-1.525794061560200365e+00
-5.443885610659129348e-01
3.121169773194685249e-01
9.542744624315440127e-01
1.315020975589730856e+00
1.356682403142594140e+00
1.074907885693690002e+00
4.991241946940143670e-01
-3.105374158535652018e-01
-1.269520942155891285e+00
-2.277676131772620405e+00
-3.229717550731335152e+00
-4.026219936942226241e+00
-4.584001553847301125e+00
-4.844811171673070405e+00
-4.781411462198855489e+00
-4.400423495270320728e+00
-3.741635275600900812e+00
-2.873846531960721595e+00
-1.887683703028619764e+00
-8.861354779280173899e-01
2.620269949465847681e-02
7.540519258236821898e-01
1.221400171909336585e+00
1.379440504640387921e+00
1.211668178330745249e+00
7.356042873178698649e-01
9.659722564190342808e-04
-9.155257276618062878e-01
-1.918158141062498157e+00
-2.902222598241924523e+00
-3.764949550922152000e+00
-4.416241182270824517e+00
-4.788080660399952393e+00
-4.841635391651236020e+00
-4.571312454241254208e+00
-4.005342688095286263e+00
-3.202832442173979999e+00
-2.247590876395722415e+00
-1.239377456205195571e+00
-2.834836968124618828e-01
5.202628253084360388e-01
1.087923841271001724e+00
1.360216378542454141e+00
1.308703904484410874e+00
9.387660602890717243e-01
2.890368448388471734e-01
-5.726300789403941938e-01
-1.556247597016817918e+00
-2.559092836642116175e+00
-3.476434901870357308e+00
-4.212472314483173719e+00
-4.690337922275253035e+00
-4.860126424539849666e+00
-4.704106170109984220e+00
-4.238570940305550039e+00
-3.512138328136281462e+00
-2.600672420413095320e+00
-1.599361026149973108e+00
-6.127748560592556348e-01
2.560531896279802933e-01
9.163881340156248001e-01
1.299268718060341499e+00
1.364709283932926009e+00
1.105875627486773372e+00
5.497987198722227298e-01
-2.454482383327989403e-01
-1.196814619633494114e+00
-2.204945658658728824e+00
-3.164558443573048052e+00
-3.975437006095248194e+00
-4.552898251565494547e+00
-4.836635732665175880e+00
-4.797017678274649199e+00
-4.438181550654279661e+00
-3.797601954716728567e+00
-2.942177024248083583e+00
-1.961241998468325587e+00
-9.572396073773931091e-01
-3.502159259611703490e-02
7.091013539269876986e-01
1.197417677303974859e+00
1.378930669337415704e+00
1.234684246346249736e+00
7.797426042003250402e-01
6.161700775131229157e-02
-8.446959890499665669e-01
-1.844546715036063045e+00
-2.833517002570261845e+00
-3.708324969080138089e+00
-4.377611132072130928e+00
-4.771479423115392748e+00
-4.848796696859338340e+00
-4.601488419934947061e+00
-4.055381924809642769e+00
-3.267509164427343293e+00
-2.320150651100309602e+00
-1.312242593490087872e+00
-3.490446166451852683e-01
4.688528960906435117e-01
1.056033834717475361e+00
1.351176687844579227e+00
1.323458578502818117e+00
9.757742129844428902e-01
3.444335757899001926e-01
-5.046300584658438559e-01
-1.482745784625081553e+00
-2.487765302738949025e+00
-3.414730648790403222e+00
-4.166835349191245541e+00
-4.665534284509483598e+00
-4.858746451376490860e+00
-4.726293977330875862e+00
-4.282009371845651557e+00
-3.572290945396737083e+00
-2.671257259587063171e+00
-1.673006647303618921e+00
-6.817901702974626943e-01
1.988757108535190721e-01
8.770197496223608447e-01
1.281820816332904123e+00
1.371004014798422599e+00
1.135255608552357298e+00
5.991956893380749882e-01
-1.811929915666163904e-01
-1.124411512386195966e+00
-2.131956019430129246e+00
-3.098604854601320291e+00
-3.923407248456583396e+00
-4.520225988319792165e+00
-4.826733051009044928e+00
-4.810918752456657010e+00
-4.474434639272918623e+00
-3.852421011528913475e+00
-3.009837089202173743e+00
-2.034677076790219363e+00
-1.028780597950981646e+00
-9.719720100469286805e-02
6.627843600559972792e-01
1.171796355648029753e+00
1.376680750773344730e+00
1.256040698322385740e+00
8.224750922031165423e-01
1.212628175177201673e-01
-7.743658935162257562e-01
-1.770877169833436460e+00
-2.764201595072160345e+00
-3.650602567701396683e+00
-4.337509904045021791e+00
-4.753187290338390270e+00
-4.854223975479751374e+00
-4.630068318856798371e+00
-4.104129737817197032e+00
-3.331333974268407161e+00
-3.396580731993838143e+00
-8.385826463826600019e-01
1.625239270701791305e+00
3.737578840168712446e+00
5.277836504966566089e+00
6.085157370593284654e+00
6.075229886041680238e+00
5.249090815819873690e+00
3.693016966738619900e+00
1.569514976844487375e+00
-8.996498633101035480e-01
-3.456613393105319787e+00
-5.834342304912447652e+00
-7.784521435623110719e+00
-9.103486252022843672e+00
-9.653492303139058706e+00
-9.377100390745443548e+00
-8.303175160625288598e+00
-6.543870659171039605e+00
-4.282917664970312011e+00
-1.756435993342548185e+00
7.717243830489532996e-01
3.037538178095810615e+00
4.804377944784500976e+00
5.887725968470128635e+00
6.174444145027782049e+00
5.634589418112970094e+00
4.324540845028234770e+00
2.381111719959709383e+00
7.261647673463489383e-03
-2.549099290505563609e+00
-5.021000717855004680e+00
-7.150292681673311890e+00
-8.714605222678674323e+00
-9.550571305275346035e+00
-9.570887850831194754e+00
-8.773433126166999330e+00
-7.241488324123195319e+00
-5.135040195714231537e+00
-2.674073032668162320e+00
-1.155948813869920322e-01
2.273202772888858192e+00
4.242848816690848679e+00
5.587645713935647684e+00
6.167151272399829409e+00
5.920845549478537251e+00
4.874451177158126924e+00
3.137247050920992208e+00
8.906559241420213269e-01
-1.630702251629790211e+00
-4.163512569651842909e+00
-6.443264132941990852e+00
-8.231873920986503279e+00
-9.342550694022914826e+00
-9.659302303960611624e+00
-9.149049190175233548e+00
-7.865079002300394251e+00
-5.941481570781325772e+00
-3.579145402121270525e+00
-1.024778137433418390e+00
1.454858053372964033e+00
3.600805447189515007e+00
5.188954695607508327e+00
6.053449406124261856e+00
6.104007148315313991e+00
5.335347987224096755e+00
3.827745886805715259e+00
1.738645398291050359e+00
-7.137808657988877759e-01
-3.273416817227673636e+00
-5.672950057335205187e+00
-7.661788315092427304e+00
-9.032229739409768143e+00
-9.641153983758144363e+00
-9.424968801643210270e+00
-8.406251223815679907e+00
-6.691389754130497636e+00
-4.459473818400224943e+00
-1.943590782839251574e+00
5.935162352709744127e-01
2.886887618416022150e+00
4.697017977126847654e+00
5.834868597595900042e+00
6.181609464756318673e+00
5.701029127185752721e+00
4.443316395020602272e+00
2.539818933960151348e+00
1.893261350795314435e-01
-2.362691208108603558e+00
-4.849716336825161456e+00
-7.012019873416773130e+00
-8.623784336036489861e+00
-9.516687106642999439e+00
-9.597478994370762351e+00
-8.857722598858837060e+00
-7.374673459668517062e+00
-5.303211970047058799e+00
-2.859668635593182628e+00
-2.992318668299405182e-01
2.110702305220396813e+00
4.118455401130683313e+00
5.514350222202192953e+00
6.152608228057386164e+00
5.966573737284250889e+00
4.975675030664071130e+00
3.283395382819372266e+00
1.066465915070659243e+00
-1.443591099521281285e+00
-3.984640976932693590e+00
-6.291312332039359134e+00
-8.122710809333845816e+00
-9.287576585483156677e+00
-9.664258351219768173e+00
-9.213417814598741984e+00
-7.982137946614410673e+00
-6.099005929654376601e+00
-3.760684314955601071e+00
-1.211372813541436777e+00
1.282694397031420408e+00
3.461052508044963893e+00
5.096207398130209398e+00
6.017393699030529675e+00
6.128408464553895207e+00
5.417658005667363774e+00
3.959368662998540955e+00
1.905835071224290633e+00
-5.284845417818586633e-01
-3.089365033380082171e+00
-5.509364032905436304e+00
-7.535751953185180874e+00
-8.956905490802888892e+00
-9.624408242717919393e+00
-9.468550388818343322e+00
-8.505608750326562273e+00
-6.836146940209025580e+00
-4.634513127268245825e+00
-2.130632201869930409e+00
4.140061441598894554e-01
2.733655768437612821e+00
4.586066946048440229e+00
5.777785418423092345e+00
6.184355548344798059e+00
5.763317689709694491e+00
4.558642407884879511e+00
2.696138468374918773e+00
3.703141547917714327e-01
-2.175935961948082920e+00
-4.676697416190560119e+00
-6.870806294201746489e+00
-8.529123562841430584e+00
-9.478464919641867326e+00
-9.619687080148469960e+00
-8.938041683584447838e+00
-7.504715519574756577e+00
-5.469396224264958306e+00
-3.044639838120400732e+00
-4.836727800712516956e-01
1.946053538757653190e+00
3.990793670694309014e+00
5.437007721911896851e+00
6.133662125785007468e+00
6.008002645668468311e+00
5.073152373158771766e+00
3.426741234336725839e+00
1.240710129803277884e+00
-1.256645499532883514e+00
-3.804517423028095369e+00
-6.136821803655875485e+00
-8.009987332753491174e+00
-9.228392296853836996e+00
-9.664794088151605678e+00
-9.273617628071242791e+00
-8.095714943943006503e+00
-6.254098838312403430e+00
-3.941096199826393143e+00
-1.398262583701465056e+00
1.108844342402906857e+00
3.318397983287078468e+00
4.999646351199848127e+00
5.977010362826935541e+00
6.148420222592378082e+00
5.495974954874139229e+00
4.087811870140354742e+00
2.070990729633265470e+00
-3.438642579835808899e-01
-2.904560714026501067e+00
-5.343675487354991205e+00
-7.406482658721908585e+00
-8.877555525497115241e+00
-9.603264421555110175e+00
-9.507820840477386071e+00
-8.601192314006226525e+00
-6.978061465257839657e+00
-4.807937946679464503e+00
-2.317455910215568515e+00
2.332942486171192265e-01
2.577928107862629936e+00
4.471586745085780912e+00
5.716508274547708268e+00
6.182680863902772828e+00
5.821420358288900587e+00
4.670454549520551168e+00
2.849983121051104185e+00
5.501247434531189029e-01
-1.988937732602761521e+00
-4.502040473782205510e+00
-6.726730719391877500e+00
-8.430675709182143152e+00
-9.435926066348011787e+00
-9.637499719483002991e+00
-9.014345574701668085e+00
-7.631541960460373808e+00
-5.633500253225520282e+00
-3.228883454891817273e+00
-6.688147315724330966e-01
1.779348322078564415e+00
3.859934840907209619e+00
5.355661358232426394e+00
6.110323534581111993e+00
6.045109163699918575e+00
5.166828827342600405e+00
3.567204640631279844e+00
1.413291366984565922e+00
-1.069969738431163275e+00
-3.623242389056727575e+00
-5.979878729641524338e+00
-7.893766373532051794e+00
-9.165030843825579865e+00
-9.660909215897673263e+00
-9.329615048396123100e+00
-8.205746635866432825e+00
-6.406673778870842995e+00
-4.120280414771041677e+00
-1.585343192291581937e+00
9.334048709622844164e-01
3.172921452104180418e+00
4.899325420964034450e+00
5.932321925176870181e+00
6.164031258961073512e+00
5.570255146084694076e+00
4.213003856762703947e+00
2.234020242172830795e+00
-1.600230040040562240e-01
-2.719106951430119601e+00
-5.175976849297722282e+00
-7.274052544000180198e+00
-8.794224108515718896e+00
-9.577734315255771236e+00
-9.542758249774561108e+00
-8.692948593991149053e+00
-4.117981414794451567e+00
-3.172803550253767924e+00
-2.078030395854378209e+00
-9.479932250444048636e-01
9.929393501120520327e-02
9.544589516529606854e-01
1.528193729438330983e+00
1.760580990068945528e+00
1.627351658865449302e+00
1.142419375412412119e+00
3.564274399045315178e-01
-6.485400569536223792e-01
-1.767530583920178699e+00
-2.883683756347994454e+00
-3.880435505183726708e+00
-4.653691300617188276e+00
-5.122697134899961924e+00
-5.238472966758010330e+00
-4.988927891114139257e+00
-4.400122837729455227e+00
-3.533548930400414179e+00
-2.479705737885884886e+00
-1.348650063945387112e+00
-2.585023018519887472e-01
6.768893220416605239e-01
1.359838346295763944e+00
1.719021838548111525e+00
1.716928917292536383e+00
1.353778154158618463e+00
6.674947476552572923e-01
-2.702501477901635418e-01
-1.361524309748731065e+00
-2.492361877698221040e+00
-3.544665235993408992e+00
-4.408538391547375923e+00
-4.993763825255533639e+00
-5.239224246452447886e+00
-5.119285301186494941e+00
-4.646472664108365791e+00
-3.870163935209737449e+00
-2.871431951550303729e+00
-1.754578046302403438e+00
-6.362394686803507504e-01
3.667914821880549070e-01
1.149764515834027723e+00
1.630910816816097508e+00
1.759982469312500797e+00
1.523500035745961156e+00
9.461602650906169032e-01
8.825691859378426152e-02
-9.606159342276556767e-01
-2.090920560861414312e+00
-3.184615002726067345e+00
-4.127480640376090193e+00
-4.821050473036115669e+00
-5.192892397420971307e+00
-5.204173564400649710e+00
-4.853715839325440484e+00
-4.178118839053519551e+00
-3.247937696461945745e+00
-2.160314722852874070e+00
-1.028834471432390929e+00
2.833832430520333290e-02
9.007991376268744688e-01
1.497433608064530741e+00
1.755932956384664401e+00
1.649301124490480941e+00
1.188674075189972257e+00
4.221568217633691056e-01
-5.702003592986013558e-01
-1.684761879408240182e+00
-2.805129891743443515e+00
-3.814300155684969607e+00
-4.606881229235128217e+00
-5.100100893248974643e+00
-5.242450365245129973e+00
-5.019063555072749594e+00
-4.453269586556196202e+00
-3.604156449449210875e+00
-2.560400218678209328e+00
-1.431004278692485254e+00
-3.339156905126985375e-01
6.162924629644299657e-01
1.320386374450738032e+00
1.704834871571513588e+00
1.729488553444471055e+00
1.391772743450674810e+00
7.269563723864527205e-01
-1.955312884808557694e-01
-1.279351387049068478e+00
-2.411316518639571971e+00
-3.473211311900272324e+00
-4.354138104156806577e+00
-4.962098400955225586e+00
-5.233600624465374551e+00
-5.140290777484042728e+00
-4.691913557885676767e+00
-3.935294683213539368e+00
-2.949450705077888646e+00
-1.837337013815759423e+00
-7.150958202862329749e-01
3.000730115419094624e-01
1.102151586690662821e+00
1.607375826242171790e+00
1.762983264791794458e+00
1.552723232932962549e+00
9.985539757149637374e-01
1.583494706179531253e-01
-8.801445693410432369e-01
-2.008474310068844471e+00
-3.108804037738796211e+00
-4.066222185080713203e+00
-4.780741978059866781e+00
-5.177743430328506591e+00
-5.215766188738342635e+00
-4.890839393781592825e+00
-4.236896371367437020e+00
-3.322230848113704393e+00
-2.242364780904995580e+00
-1.110072640069961425e+00
-4.360394776472675815e-02
8.456659638755237296e-01
1.464867297095517440e+00
1.749334530400224352e+00
1.669359681905682180e+00
1.233294825496297875e+00
4.866798523714064295e-01
-4.925134308807979089e-01
-1.602024190975841256e+00
-2.725982050935326306e+00
-3.747007868865876556e+00
-4.558472082726862773e+00
-5.075630436088797381e+00
-5.244474139206920071e+00
-5.047370209838588195e+00
-4.504902951824170110e+00
-3.673724258903773965e+00
-2.640637244620178237e+00
-1.513531067061380853e+00
-4.101136587557001612e-01
5.543809549375908752e-01
1.279226978017718785e+00
1.688726017132723189e+00
1.740112549188115754e+00
1.428020085588077581e+00
7.850416148012739903e-01
-1.216742058735678089e-01
-1.197435636858120489e+00
-2.329896870405542941e+00
-3.400790725372208723e+00
-4.298279733261481717e+00
-4.928635745218583608e+00
-5.226028314741255620e+00
-5.159399618525233322e+00
-4.735707941632560924e+00
-3.999200997641069844e+00
-3.026794973681965928e+00
-1.920041884052640091e+00
-7.945241118445854900e-01
2.322162935523781613e-01
1.052952974259171448e+00
1.581973315298439875e+00
1.764029734987927256e+00
1.580109397454912301e+00
1.049419794515035864e+00
2.273828351420572602e-01
-8.001530727005662369e-01
-1.925878493824844551e+00
-3.032229693284236305e+00
-4.003666258887911944e+00
-4.738737420516360821e+00
-5.160676935184856262e+00
-5.225420074199156772e+00
-4.926205468319704295e+00
-4.294281222952559318e+00
-3.395641561106867101e+00
-2.324134798752650610e+00
-1.191662412607904287e+00
-1.164927485238038685e-01
7.890901861934223049e-01
1.430512963502121426e+00
1.740789393018040254e+00
1.687516141534547209e+00
1.276256734845520047e+00
5.499605378446981163e-01
-4.155226090052883681e-01
-1.519363673472308607e+00
-2.646284386192534477e+00
-3.678596183427508937e+00
-4.508490865918020951e+00
-5.049299414154361898e+00
-5.244543159690126188e+00
-5.073832064671073283e+00
-4.554994130091632343e+00
-3.742213550673095579e+00
-2.720372055845558190e+00
-1.596184391852403905e+00
-4.870536998855923283e-01
4.911893350189058260e-01
1.236383117581708380e+00
1.670704261484195818e+00
1.748794977974986065e+00
1.462499960153312628e+00
8.417180723071107096e-01
-4.872010081113375968e-02
-1.115822755511037379e+00
-2.248148352582534315e+00
-3.327443875909406934e+00
-4.240994439203625177e+00
-4.893394525038395670e+00
-5.216511541459226464e+00
-5.176601164528602972e+00
-4.777831384847980978e+00
-4.061847228640814045e+00
-3.103421611208050379e+00
-2.002646520470903635e+00
-8.744800346381301770e-01
1.632591817860038486e-01
1.002196123765505043e+00
1.554717454662071230e+00
1.763121296132183158e+00
1.605643252062391557e+00
1.098729346221388070e+00
2.953185022123840930e-01
-7.206860672047470384e-01
-1.843179187835678245e+00
-2.954934686017761436e+00
-3.939847758341240791e+00
-4.695060232460198435e+00
-5.141702432457982752e+00
-5.233129835406320041e+00
-4.959794334133368565e+00
-4.350241381926378104e+00
-3.468128883603363910e+00
-2.405579161357316753e+00
-1.273558274556931824e+00
-1.902874172807120789e-01
7.311033651248313170e-01
1.394389771695765834e+00
1.730302311104770840e+00
1.703760374877365535e+00
1.317535837128717802e+00
6.119635773361924436e-01
-3.392708426579720271e-01
-1.436826438697412556e+00
-2.566081356500492294e+00
-3.609103262522516342e+00
-4.456965460606779672e+00
-5.021122516088578180e+00
-5.242657388191979351e+00
-7.648826450137740984e+00
-6.778025605689479427e+00
-5.381122587736902219e+00
-3.604001226445663342e+00
-1.632252982012237119e+00
3.282050687710311720e-01
2.072634926449321568e+00
3.418859227367560649e+00
4.226286710173755345e+00
4.410594689428146253e+00
3.952535190433803969e+00
2.899945087546652367e+00
1.362750319668367904e+00
-4.985140885309717884e-01
-2.489469302350727276e+00
-4.402192389027214325e+00
-6.036930490741958977e+00
-7.222961766014183382e+00
-7.836424512986524427e+00
-7.813252512285147944e+00
-7.155865702997777689e+00
-5.932917459343366673e+00
-4.272124860880150088e+00
-2.346930718068028554e+00
-3.583902879700187061e-01
1.485825681586315117e+00
2.993118788396805563e+00
4.006076750593726032e+00
4.418912562620969986e+00
4.188512229652687324e+00
3.338937324047700272e+00
1.958912144951717060e+00
1.925579064103635218e-01
-1.775658382459856854e+00
-3.740188500254558512e+00
-5.495869186263282913e+00
-6.859348110559893463e+00
-7.688232046649514650e+00
-7.895957531066749802e+00
-7.460831011073700836e+00
-6.428294383872334983e+00
-4.906179328560289932e+00
-3.053446038771849835e+00
-1.063582412460601478e+00
8.556026161929417562e-01
2.503681344494144589e+00
3.708538719207719048e+00
4.344346958184456042e+00
4.344706218371269024e+00
3.709578980877150656e+00
2.505293969211915162e+00
8.576191915013331446e-01
-1.061372485097082041e+00
-3.051273550370212639e+00
-4.904271160246402417e+00
-6.426849812831409992e+00
-7.460000899286928444e+00
-7.895828570226655074e+00
-7.688817704621071947e+00
-6.860587224880778656e+00
-5.497632351570081788e+00
-3.742291582569915231e+00
-1.777881748996860578e+00
1.904464501724316694e-01
1.957133106320242621e+00
3.337676494710342112e+00
4.187901282754073584e+00
4.419015301640977889e+00
4.006882446110519247e+00
2.994543298600436998e+00
1.487720239524926491e+00
-3.562235380998122203e-01
-2.344718058095397684e+00
-4.270097367198740557e+00
-5.931286870735641870e+00
-7.154802307957484508e+00
-7.812867365151651811e+00
-7.836757836121928555e+00
-7.223978749231201313e+00
-6.038524926662551806e+00
-4.404197764718086106e+00
-2.491676188894517807e+00
-5.006920124749001388e-01
1.360828807103971805e+00
2.898480657137784355e+00
3.951680778149755824e+00
4.410439524753668294e+00
4.226846997538739714e+00
3.420076453857546994e+00
2.074381972528982487e+00
3.302994838548216627e-01
-1.630029925559989046e+00
-3.601881690762361643e+00
-5.379327923896168429e+00
-6.776743237178877166e+00
-7.648190299518540236e+00
-7.902660620270947511e+00
-7.513578907824701503e+00
-6.521578427144778978e+00
-5.030257515258327317e+00
-3.195360417710847223e+00
-1.208512331892936498e+00
7.227927322389517961e-01
2.396861331150620167e+00
3.638864191778212742e+00
4.319094289327773950e+00
4.366512639167313026e+00
3.776167164877925586e+00
2.609709862198529073e+00
9.889582494907767085e-01
-9.168264933560801300e-01
-2.908616105837496413e+00
-4.778400515801807025e+00
-6.330911112755524428e+00
-7.404013382459122106e+00
-7.885639223367780559e+00
-7.725490639503790113e+00
-6.940292549139372547e+00
-5.612046138748668866e+00
-3.879465171034266469e+00
-1.923489585558563197e+00
5.161073891707390615e-02
1.839568655287107557e+00
3.253661001196663349e+00
4.146208800383843318e+00
4.423999932981875993e+00
4.058023627384947929e+00
3.086500164116490197e+00
1.610889388345602136e+00
-2.147051229178951193e-01
-2.199629676318119120e+00
-4.136591143614467114e+00
-5.823305361840848349e+00
-7.083622428399909410e+00
-7.785922697167954709e+00
-7.856862312617551858e+00
-7.289032784195639714e+00
-6.141734682824046665e+00
-4.534784659493741543e+00
-2.636002542263274684e+00
-6.436852811369369043e-01
1.234101947403312138e+00
2.801254768455332389e+00
3.894109525306871156e+00
4.398535289973182216e+00
4.261852984781502762e+00
3.498336856362570302e+00
2.187723762447436382e+00
4.668859522537101014e-01
-1.484463016714895778e+00
-3.462536440639557345e+00
-5.260756680469729218e+00
-6.691328840858081328e+00
-7.604852896603028434e+00
-7.905926098560730253e+00
-7.563106241153835896e+00
-6.612195290025549177e+00
-5.152500448262758326e+00
-3.336463132093488770e+00
-1.353738941083822089e+00
5.886087886366193622e-01
2.287733386480302222e+00
3.566188887283212594e+00
4.290461380088837373e+00
4.384912367466736072e+00
3.839677977963786404e+00
2.711699087257591678e+00
1.118774768588575164e+00
-7.727399070147087379e-01
-2.765306955779923470e+00
-4.650835114964557704e+00
-6.232411595196269971e+00
-7.344866422847713849e+00
-7.872021760904654109e+00
-7.758824796953117442e+00
-7.017097115206237135e+00
-5.724300124052959404e+00
-4.015445470165607489e+00
-2.068995265016287277e+00
-8.822461611416065885e-02
1.720007156153648520e+00
3.166859614494007324e+00
4.101232521027980304e+00
4.425545802796535533e+00
4.105930205377741338e+00
3.175764386368236991e+00
1.732189056771336055e+00
-7.403778840049124454e-02
-2.054285093923021499e+00
-4.001748194124402858e+00
-5.713046201059588824e+00
-7.009461834719076023e+00
-7.755605539997946885e+00
-7.873554726579818919e+00
-7.350991517788653340e+00
-6.242489152727003443e+00
-4.663812697891639658e+00
-2.779829266363607942e+00
-7.872903258014692929e-01
1.105715796496200110e+00
2.701495359376580474e+00
3.833395107931111490e+00
4.383206499003630796e+00
4.293510663447730913e+00
3.573674874347271491e+00
2.298874287496380120e+00
6.022411174562236624e-01
-1.339038859773767243e+00
-3.322230483010997659e+00
-5.140221600421908121e+00
-6.603152569636550062e+00
-7.558244013479466616e+00
-7.905752144303624718e+00
-7.609385382459897151e+00
-6.700094422302875330e+00
-5.272839934900906300e+00
-3.476675468401164260e+00
-1.499181226019757895e+00
4.531256392982223602e-01
2.176358387019145635e+00
3.490553347315834998e+00
4.258464203207884324e+00
4.399895139063515259e+00
3.900075990911940238e+00
2.811204750156688803e+00
1.246996331230968647e+00
-6.291931041291343174e-01
-2.621426044565005498e+00
-4.521646119522172214e+00
-6.131406207668362640e+00
-7.282593015319217322e+00
-7.854983779277657341e+00
-7.788801581658617579e+00
-7.090958077998183562e+00
-5.834331687100010377e+00
-4.150156623963092706e+00
-2.214317617679133932e+00
-2.289816083947582293e-01
1.598515305766669670e+00
3.077320756367400989e+00
4.052997534502484456e+00
4.423652048728413000e+00
4.150575455618929155e+00
3.262286169709088135e+00
1.851551578325086211e+00
6.569999480985577733e-02
-1.908765390735828182e+00
-3.865643740263988715e+00
-5.600570895971135776e+00
-8.237799081471440132e+00
