3.908838633218350012e-01
2.737049071497302144e+00
4.778129893877298251e+00
6.386104071743455179e+00
7.459916899680564484e+00
7.931899237127657543e+00
7.772110573634920527e+00
6.990323606332713879e+00
5.635513756216652403e+00
3.792873684399887146e+00
1.578529349861720998e+00
-8.677194265392582651e-01
-3.391183919357252385e+00
-5.832047626915866090e+00
-8.035489008742978001e+00
-9.861524649233231798e+00
-1.119394564425825145e+01
-1.194777402838735370e+01
-1.207475700389409923e+01
-1.156653909287364357e+01
-1.045529854488631827e+01
-8.811795232230757335e+00
-6.740942665100614128e+00
-4.375176088859282331e+00
-1.866031607606786213e+00
6.255314088387322613e-01
2.939448487409679345e+00
4.926847840455995886e+00
6.459664335785340938e+00
7.438946494514814489e+00
7.801314183452481288e+00
7.523141110600382930e+00
6.622181036148809596e+00
5.156520612406085391e+00
3.220914471159961323e+00
9.407284330844309927e-01
-1.536126571946323960e+00
-4.048754421708977702e+00
-6.433711936993338654e+00
-8.535648935106728175e+00
-1.021745697231641259e+01
-1.136926181286089665e+01
-1.191566662002271570e+01
-1.182076413137574811e+01
-1.109057965548675817e+01
-9.772773427640458976e+00
-7.953609904156720312e+00
-5.752381270154762305e+00
-3.313640952934437500e+00
-7.977490781441760603e-01
1.629654232924202972e+00
3.808557815643025535e+00
5.595151881609661260e+00
6.871363628477517693e+00
7.552720764144986276e+00
7.594015189586913905e+00
6.992382289245320237e+00
5.787580902737321509e+00
4.059443997926559966e+00
1.922658123409932251e+00
-4.807916273628263237e-01
-2.991017145425126866e+00
-5.440844115893820110e+00
-7.666946313670965019e+00
-9.520755585925975595e+00
-1.087841715489418171e+01
-1.164912031206457677e+01
-1.178124028859419781e+01
-1.126587127560998169e+01
-1.013750378979484701e+01
-8.471790365299412429e+00
-6.380539163610949416e+00
-4.004262369532294308e+00
-1.502772491107854602e+00
9.555464594005913526e-01
3.205073711189289298e+00
5.094129142894655793e+00
6.495237440808251606e+00
7.313781686472902166e+00
7.494455216184737978e+00
7.025067404459681697e+00
5.937436740405733104e+00
4.305301280877644743e+00
2.239378993562090692e+00
-1.200951145190338742e-01
-2.612855153947441167e+00
-5.069474110028723501e+00
-7.322880765387903779e+00
-9.219740457444302706e+00
-1.063092277235939598e+01
-1.146033887728480849e+01
-1.165154015225488138e+01
-1.119162088127975885e+01
-1.011215084056176039e+01
-8.487066263823784595e+00
-6.427656037094728880e+00
-4.074979772580935133e+00
-1.590231840597891466e+00
8.562918244520507649e-01
3.096869278322420982e+00
4.977869213178029995e+00
6.370316097752398932e+00
7.178774588806234647e+00
7.347937916525706825e+00
6.866461744566867864e+00
5.767773992099905378e+00
4.127799315189473184e+00
2.059750021493396588e+00
-2.936616207743716345e-01
-2.770055552107046459e+00
-5.198583813290639455e+00
-7.411725337962112192e+00
-9.256860143642267502e+00
-1.060682124977322438e+01
-1.136869219485153693e+01
-1.149023859355621902e+01
-1.096352550629557498e+01
-9.825467214540744010e+00
-8.155268799702616533e+00
-6.068934910528868798e+00
-3.711225211466380181e+00
-1.245613962634289695e+00
1.157049482410257735e+00
3.330391559090989162e+00
5.124052982244345245e+00
6.414112443353706894e+00
7.111670499340309703e+00
7.168996682912686325e+00
6.582812652897100492e+00
5.394483879272364391e+00
3.687107957224837307e+00
1.579704073864593994e+00
-7.810897505658116469e-01
-3.231231418401300459e+00
-5.600688324546286623e+00
-7.725253561020175574e+00
-9.457941326785235248e+00
-1.067916848028167287e+01
-1.130501497088158125e+01
-1.129299103548885341e+01
-1.064491400200054017e+01
-9.406699968779431487e+00
-7.665091281324474259e+00
-5.541554451475911414e+00
-3.183779974554581838e+00
-7.553816337698335825e-01
1.575483229731051704e+00
3.647777922735252254e+00
5.318723215281133676e+00
6.473634385582698769e+00
7.033779419569439639e+00
6.961719662427643840e+00
6.263771626457648622e+00
4.989430508344182336e+00
3.227808008114200433e+00
1.101344375717864033e+00
-1.242757246247608194e+00
-3.642770218902189772e+00
-5.933640640207196171e+00
-7.958361162281879508e+00
-9.578735404873636838e+00
-1.068479302397920705e+01
-1.120221364886716486e+01
-1.109725993283026746e+01
-1.037889562755121098e+01
-9.097961373811701336e+00
-7.343484920347917111e+00
-5.236399477256911794e+00
-2.921120247446062468e+00
-5.555728053231279162e-01
1.699631738725964514e+00
3.692127522412583573e+00
5.288083113749528330e+00
6.381152737451758483e+00
6.899491732008339540e+00
6.810376930589972844e+00
6.122141073606771400e+00
4.883316684724960055e+00
3.179076002553440361e+00
1.125236338047854279e+00
-1.139737818215361242e+00
-3.464174293661534954e+00
-5.693422455230413348e+00
-7.680175671433310924e+00
-9.294193872800411427e+00
-1.043078332432567734e+01
-1.101748366020501280e+01
-1.101854076588383435e+01
-1.043689884002157342e+01
-9.313614937704855379e+00
-7.724772680137203196e+00
-5.776136825892279170e+00
-3.595936072629841718e+00
-1.326278394671754235e+00
8.862158122876029331e-01
2.899937136495115197e+00
4.587343449782620652e+00
5.842968651310108896e+00
6.589883939812246183e+00
6.784223265473096731e+00
6.417519002771847170e+00
5.516741591876055395e+00
4.142087793713842281e+00
2.382705138387021471e+00
3.506672728984980836e-01
-1.826372855365108183e+00
-4.013355630208470970e+00
-6.076279711748081347e+00
-7.890422688374810534e+00
-9.347812214499803929e+00
-1.036350476210175842e+01
-1.088031721353568848e+01
-1.087176372342522868e+01
-1.034306899939380209e+01
-9.330251426482956134e+00
-7.897387467493731883e+00
-6.132275334634642583e+00
-4.140804940780467014e+00
-2.040407897738600873e+00
4.699724541854433113e-02
2.002134590430653560e+00
3.715156952241946975e+00
5.091705989713031677e+00
6.057920972279115190e+00
6.564144321491907519e+00
6.587157049592105906e+00
6.130868032347125407e+00
5.225472088083128241e+00
3.925177784320626806e+00
2.304682058164895686e+00
4.546312630884061790e-01
-1.523645691508752842e+00
-3.523818576100449906e+00
-5.440328813467887770e+00
-7.173940669107079948e+00
-8.636782959129376991e+00
-9.756633720616992633e+00
-1.048025174178940055e+01
-1.077561815432251713e+01
-1.063301478330375183e+01
-1.006492997593712779e+01
-9.104843742785622140e+00
-7.804999183908608806e+00
-6.233313798894175584e+00
-4.469620479149844172e+00
-2.601452517073349568e+00
-7.195992990746986617e-01
1.086340391367229596e+00
2.732191603562777793e+00
4.143028249630115845e+00
5.256424686327370033e+00
6.025004447797901008e+00
6.418196765219539301e+00
6.423153509714644827e+00
6.044820996520860135e+00
5.305200695969644720e+00
4.241868567354867281e+00
2.905853040375056651e+00
1.358995552488189595e+00
-3.290656697603397962e-01
-2.084138515250312018e+00
-3.830794449964710857e+00
-5.495613264536395093e+00
-7.010218914986821481e+00
-8.313986638643019234e+00
-9.356322104301625586e+00
-1.009843693751305160e+01
-1.051457030992784070e+01
-1.059263217608921792e+01
-1.033426903356391513e+01
-9.754376740932940493e+00
-8.880106072722597332e+00
-7.749424617618217326e+00
-6.409312825059862995e+00
-4.913682161476847554e+00
-3.321109330074181187e+00
-1.692482397571453134e+00
-8.865268061211750705e-02
1.431819264327361729e+00
2.814743757128115753e+00
4.012139467847075203e+00
4.983772421508710693e+00
5.698354876901094102e+00
6.134377211648530448e+00
6.280560754447495952e+00
6.135933782078190291e+00
5.709546158103480096e+00
5.019849924822959331e+00
4.093783249351453435e+00
2.965603238560974297e+00
1.675519136767597672e+00
2.681812527209066488e-01
-1.208917341809668811e+00
-2.707069638524707944e+00
-4.177959550074625383e+00
-5.575192168887336486e+00
-6.855704064026006073e+00
-7.981014641686798861e+00
-8.918286813363886623e+00
-9.641172967939741767e+00
-1.013043024194492325e+01
-1.037429705448005102e+01
-1.036863057222475781e+01
-1.011681197777588892e+01
-9.629432947418084865e+00
-8.923782455136816338e+00
-8.023157798815702790e+00
-6.956027520312621171e+00
-5.755076627916714926e+00
-4.456166251318718352e+00
-3.097242112503708178e+00
-1.717223693286414221e+00
-3.549011198997040761e-01
9.521294071976602602e-01
2.168464318722580053e+00
3.261801333064940245e+00
4.203737304308197587e+00
4.970438287054491866e+00
5.543168873551780784e+00
5.908672020504400990e+00
6.059394766584064840e+00
5.993559343254252880e+00
5.715083105393572005e+00
5.233354368455658268e+00
4.562874560775018296e+00
3.722780020487512331e+00
2.736259236559648755e+00
1.629883315937864730e+00
4.328689303615216311e-01
-8.237060536081408646e-01
-2.107713627393157818e+00
-3.386792817720798432e+00
-4.629152987429566046e+00
-5.804344263711495699e+00
-6.883977508028492842e+00
-7.842378008160486580e+00
-8.657159139987822272e+00
-9.309704555566149509e+00
-9.785549943028978959e+00
-1.007465800985345084e+01
-1.017158300122734005e+01
-1.007552371835727101e+01
-9.790266588973253192e+00
-9.324022809280785751e+00
-8.689165873265643825e+00
-7.901877887301798964e+00
-6.981714897516690499e+00
-5.951103003245481915e+00
-4.834778268297605486e+00
-3.659184356204120192e+00
-2.451842397131988704e+00
-1.240707841079853546e+00
-5.352896976874843560e-02
1.082778659513615072e+00
2.142728262610750889e+00
3.102815766548645549e+00
3.942020251752220261e+00
4.642240943823357391e+00
5.188662407032137658e+00
5.570041335694945417e+00
5.778910180364799309e+00
5.811694741959195554e+00
5.668744777428393888e+00
5.354278545068662964e+00
4.876244037576254797e+00
4.246101370300737976e+00
3.478532377851558444e+00
2.591084894837770491e+00
1.603760430793643277e+00
5.385549744869329025e-01
-5.810365371857899586e-01
-1.730540986655359381e+00
-2.885041658715368662e+00
-4.019715139745516197e+00
-5.110359194245431169e+00
-6.133900670805034316e+00
-7.068873098034240243e+00
-7.895854439697444604e+00
-8.597856466600351411e+00
-9.160658346896921600e+00
-9.573078330016763005e+00
-9.827178774048075383e+00
-9.918401212403818334e+00
-9.845629642478145982e+00
-9.611181716122580099e+00
-9.220728988956828687e+00
-8.683148813618892348e+00
-8.010311813471762576e+00
-7.216810122513272141e+00
-6.319632701296799659e+00
-5.337795017513503382e+00
-4.291931196672665649e+00
-3.203857389761368690e+00
-2.096115561229395574e+00
-9.915071663029577653e-01
8.737374047396961885e-02
1.118598541649698408e+00
2.081344117927117487e+00
2.956306293534264995e+00
3.726078669632935103e+00
4.375489642430323123e+00
4.891891326543460039e+00
5.265395138863697255e+00
5.489049921733860415e+00
5.558959673381751010e+00
5.474339184061363994e+00
5.237507123638195594e+00
4.853817365899308456e+00
4.331530542676471640e+00
3.681628973944036431e+00
2.917579196800384800e+00
2.055047296865184059e+00
1.111573112475406244e+00
1.062101199447096356e-01
-9.408615954522243641e-01
-2.008741432793025972e+00
-3.076225295502001078e+00
-4.122225273905051779e+00
-5.126183761205060918e+00
-6.068473967455755513e+00
-6.930779142832626860e+00
-7.696443312651182644e+00
-8.350786950951594179e+00
-8.881381763470088231e+00
-9.278279598759853641e+00
-9.534191440649482985e+00
-9.644613437262169242e+00
-9.607897971558049477e+00
-9.425268855228392084e+00
-9.100780810953491340e+00
-8.641224476847840563e+00
-8.055979201201912687e+00
-7.356816876129363969e+00
-6.557660967427919374e+00
-5.674305718420175282e+00
-4.724101223161852658e+00
-3.725610666715743591e+00
-2.698246507015935158e+00
-1.661892716496443878e+00
-6.365204070303429607e-01
3.581957736362895162e-01
1.303253161652382364e+00
2.180681414268220486e+00
2.973880911548793193e+00
3.667932939940201642e+00
4.249875959737905440e+00
4.708942945511257250e+00
5.036755564006169195e+00
5.227471802573893989e+00
5.277884566186852311e+00
5.187469705130058450e+00
4.958382900479941569e+00
4.595405802267525708e+00
4.105842767671059157e+00
3.499370466047594164e+00
2.787843487239205054e+00
1.985059893599354197e+00
1.106491380173946215e+00
1.689833386504138169e-01
-8.095693519045599196e-01
-1.810564569777899369e+00
-2.815046697831645961e+00
-3.804065168938327357e+00
-4.759031060216937448e+00
-5.662065067452846989e+00
-6.496330395360761401e+00
-7.246344422319596745e+00
-7.898263432988836819e+00
-8.440135249911300264e+00
-8.862115225086604653e+00
-9.156641762252728967e+00
-9.318568316540336127e+00
-9.345249645471604083e+00
-9.236580948339579322e+00
-8.994989413672673351e+00
-8.625378580368565196e+00
-8.135026790852874612e+00
-7.533441858318734141e+00
-6.832174869423223385e+00
-6.044596784375442233e+00
-5.185642164929332942e+00
-4.271524945609860069e+00
-3.319431654346502114e+00
-2.347197877178241576e+00
-1.372974041333410611e+00
-4.148867573377259532e-01
5.092979885159802933e-01
1.382503565211412599e+00
2.188657304696675077e+00
2.912985228693028006e+00
3.542281530664422640e+00
4.065147938975838926e+00
4.472198664247745370e+00
4.756227286873508042e+00
4.912332657323707608e+00
4.938001648818197253e+00
4.833147404987769846e+00
4.600102549466986268e+00
4.243567654853675819e+00
3.770516089994041309e+00
3.190057418614313356e+00
2.513264479960700903e+00
1.752958437457857954e+00
9.234611207434548774e-01
4.032412188761425043e-02
-8.799635371570917464e-01
-1.820283759655841660e+00
-2.763207997840636754e+00
-3.691320234644029696e+00
-4.587538364780128219e+00
-5.435428077446613493e+00
-6.219503510907409272e+00
-6.925509220539445288e+00
-7.540678370989193802e+00
-8.053962522642727606e+00
-8.456228923753922544e+00
-8.740421832081494813e+00
-8.901685062248553493e+00
-8.937443674812502792e+00
-8.847443476959560016e+00
-8.633747779068057682e+00
-8.300691632058573077e+00
-7.854794543400851481e+00
-7.304633421018086992e+00
-6.660678210729985338e+00
-5.935093361617751029e+00
-5.141508862995546991e+00
-4.294765135889178964e+00
-3.410636521695237455e+00
-2.505538483128287197e+00
-1.596223911364306636e+00
-6.994741138282769555e-01
1.682098634775313073e-01
9.909099479062644100e-01
1.753582279238349528e+00
2.442331691637426694e+00
3.044664471634023428e+00
3.549714831199794141e+00
3.948441021958595698e+00
4.233787575689015981e+00
4.400810777362292647e+00
4.446765148809589618e+00
4.371149431636851546e+00
4.175711294471879498e+00
3.864410738874571649e+00
3.443342926911432400e+00
2.920621888167109326e+00
2.306227271786466027e+00
1.611816977458612410e+00
8.505091162058047161e-01
3.663730652103724950e-02
-8.145162060479431698e-01
-1.687004715878842820e+00
-2.564513306741152743e+00
-3.430661758988243992e+00
-4.269308566383466896e+00
-5.064850490751017453e+00
-5.802512159046369078e+00
-6.468620382723898388e+00
-7.050858150463833240e+00
-7.538493607757601467e+00
-7.922579784277484549e+00
-8.196121354613435273e+00
-8.354205310733185286e+00
-8.394093075065656606e+00
-8.315272280056220211e+00
-8.119467171174136411e+00
-7.810607342811474396e+00
-7.394755277021520357e+00
-6.879993910134084345e+00
-6.276276188517316612e+00
-5.595239278959985185e+00
-4.849986758651022356e+00
-4.054842712555196016e+00
-3.225082201085643696e+00
-2.376643018409596131e+00
-1.525824032846509137e+00
-6.889756784180056659e-01
1.178116549418817272e-01
8.790155096480849473e-01
1.579979734261999003e+00
2.207197685444587165e+00
2.748574840429016675e+00
3.193665742966218524e+00
3.533880642068643496e+00
3.762657708182557847e+00
3.875597317231315841e+00
3.870555569316565858e+00
3.747694944459296629e+00
3.509490780106035324e+00
3.160693070767417012e+00
2.708243924855276319e+00
2.161151852782310812e+00
1.530324888607993650e+00
8.283653498593208653e-01
6.932980171877956010e-02
-7.315415018779005685e-01
-1.558120790269956091e+00
-2.393709095516542540e+00
-3.221366791040868094e+00
-4.024252062115072803e+00
-4.785960773568506355e+00
-5.490861071456658138e+00
-6.124416050138081324e+00
-6.673487936990871283e+00
-7.126617494340608872e+00
-7.474272710364206596e+00
-7.709061343781494990e+00
-7.825902494787910335e+00
-7.822153088466101245e+00
-7.697685966223034804e+00
-7.454917173020153776e+00
-7.098780988805322600e+00
-6.636652265457733790e+00
-6.078216678099344072e+00
-5.435290562999965935e+00
-4.721593073761892079e+00
-3.952474422687591638e+00
-3.144604964565060889e+00
-2.315630805023990657e+00
-1.483802454979833207e+00
-6.675837871811614033e-01
1.147508376138111075e-01
8.455229353948485738e-01
1.508051097479086611e+00
2.087038214768329070e+00
2.568935944917488889e+00
2.942277848305840493e+00
3.197973014290663940e+00
3.329552581978037828e+00
3.333362326243291207e+00
3.208695422792125385e+00
2.957860614600504867e+00
2.586182261143916250e+00
2.101930142593973372e+00
1.516178391037078299e+00
8.425945035999600208e-01
9.716102868592946251e-02
-7.021658260876417756e-01
-1.535854772173951499e+00
-2.383247719916614660e+00
-3.223048771900336895e+00
-4.033843566968640992e+00
-4.794637404811159520e+00
-5.485399579758425403e+00
-6.087600593784904035e+00
-6.584728436683805697e+00
-6.962769946343093430e+00
-7.210643419744635629e+00
-7.320569155840060738e+00
-7.288365488282519067e+00
-7.113659114952469942e+00
-6.800000149637158486e+00
-6.354874297092794500e+00
-5.789606863994867680e+00
-5.119156090572037243e+00
-4.361797854346240122e+00
-3.538703001983112273e+00
-2.673411548207960120e+00
-1.791213912103047257e+00
-9.184522665647418815e-01
-8.175846303596268072e-02
6.927518198672011351e-01
1.380306213375849911e+00
1.958299226976161656e+00
2.407085640858926290e+00
2.710716099548428737e+00
2.857587121136401898e+00
2.840978524119214477e+00
2.659453085086648905e+00
2.317096118423528139e+00
1.823576620417713290e+00
1.194016609754670721e+00
4.486612435030918888e-01
-3.876509371904734991e-01
-1.286210853708958712e+00
-2.215340206651452704e+00
-3.141448649270734528e+00
-4.030216379422006057e+00
-4.847864396833047707e+00
-5.562468230512280343e+00
-6.145265740182461300e+00
-6.571905992559257115e+00
-6.823584535246935090e+00
-6.888010915995104178e+00
-6.760157231991038351e+00
-6.442741963229645208e+00
-5.946411360262321644e+00
-5.289591113423815827e+00
-4.497993690319185056e+00
-3.603781216816654087e+00
-2.644399584892916266e+00
-1.661115963126780448e+00
-6.973083180201966602e-01
2.034289014392220984e-01
9.992849855215895083e-01
1.652250036205117567e+00
2.130052210285417580e+00
2.407915086155396622e+00
2.470036609642819236e+00
2.310697859672474763e+00
1.934922109706932680e+00
1.358622225060953426e+00
6.081968917375148997e-01
-2.804372485928898762e-01
-1.263360874174303206e+00
-2.290666741510752225e+00
-3.308894764501291164e+00
-4.263778856623196667e+00
-5.103171339640379500e+00
-5.779990740097582957e+00
-6.255026226828200642e+00
-6.499428274678892059e+00
-6.496721456713229870e+00
-6.244192134529374272e+00
-5.753531180057375849e+00
-5.050648979116521886e+00
-4.174625373267485173e+00
-3.175808722290015318e+00
-2.113133105518833599e+00
-1.050777497435677832e+00
-5.434187592979489168e-02
8.132411517232784881e-01
1.495808162089387938e+00
1.947811098382079109e+00
2.137637727847145008e+00
2.050153864040186846e+00
1.688251462509232859e+00
1.073241419937677410e+00
2.440003703772077870e-01
-7.451367937415931397e-01
-1.827657590415141753e+00
-2.929154509818747254e+00
-3.972353835856715865e+00
-4.882563560823175663e+00
-5.593161090907884159e+00
-6.050714399703061019e+00
-6.219332582562562273e+00
-6.083875681557038284e+00
-5.651719123867531280e+00
-4.952862491883130325e+00
-4.038290333702439838e+00
-2.976626585408650438e+00
-1.849264124833673861e+00
-7.442858173112776310e-01
2.503886206318259866e-01
1.054105890966260617e+00
1.600256910195214655e+00
1.842147579249882927e+00
1.757424705920278107e+00
1.350612648169791985e+00
6.534548037080858407e-01
-2.770711819911984009e-01
-1.362997735262149845e+00
-2.511599723009895424e+00
-3.623150118160069155e+00
-4.599571122640433884e+00
-5.353237433340380491e+00
-5.815134777984957815e+00
-5.941594717494629307e+00
-5.718919362594583333e+00
-5.165373402266352443e+00
-4.330244719401457942e+00
-3.289941083756418472e+00
-2.141375565540102333e+00
-9.931703063637689066e-01
4.455120831230585665e-02
8.708359334084576631e-01
1.403997775669832304e+00
1.590107997103063830e+00
1.408963120988673712e+00
8.768291636798668520e-01
4.556075356519295738e-02
-1.001948453474831302e+00
-2.159646205227813365e+00
-3.308829474993630448e+00
-4.330266878316017198e+00
-5.116706764854919598e+00
-5.584448269369254092e+00
-5.682698547632451636e+00
-5.399627985961341636e+00
-4.764353336980834186e+00
-3.844497939726380764e+00
-2.739456537831251204e+00
-1.569978437554059081e+00
-4.651215392715808417e-01
4.520319705268693866e-01
1.078314227024387062e+00
1.342462262871736645e+00
1.213725819780695492e+00
7.060005283593406844e-01
-1.231195287038733266e-01
-1.178398224931082483e+00
-2.337546911058066001e+00
-3.465212247048961025e+00
-4.428783902732415179e+00
-5.114174723653023946e+00
-5.439672359046008765e+00
-5.366138933866190008e+00
-4.902231722568345162e+00
-4.103892404337135424e+00
-3.068040359830785491e+00
-1.921124270388874677e+00
-8.038460704585714822e-01
1.461141528193201644e-01
8.112455488392846803e-01
1.109063620292434216e+00
1.002754757535668784e+00
5.061802845423981623e-01
-3.174954436398240709e-01
-1.363482172450468433e+00
-2.498458705362572640e+00
-3.577475168675150030e+00
-4.462520761542448255e+00
-5.040364187171892496e+00
-5.237330201902944182e+00
-5.029042000037001969e+00
-4.443793819844130688e+00
-3.559041795649694251e+00
-2.491406971356743050e+00
-1.381452253277817288e+00
-3.752071894642630134e-01
3.951281663878192241e-01
8.287326534843177939e-01
8.696072674487878018e-01
5.140827647428385383e-01
-1.886539154237345528e-01
-1.143125278456954108e+00
-2.220372296882944241e+00
-3.275304863441012238e+00
-4.166262876599331477e+00
-4.774141639796868120e+00
-5.018479670525058722e+00
-4.868308697341291236e+00
-4.346272340073292995e+00
-3.525436602571407896e+00
-2.519216645041081559e+00
-1.465792219753041525e+00
-5.091468188736685274e-01
2.206640095431549042e-01
6.252985282044711823e-01
6.515174176348779156e-01
2.983299222463196010e-01
-3.830836903378060931e-01
-1.296652673808518452e+00
-2.314878459923059850e+00
-3.296599909837106601e+00
-4.106585006983392461e+00
-4.634222065308273741e+00
-4.808713996645908928e+00
-4.608672664002192221e+00
-4.064797473843015041e+00
-3.255292357813279747e+00
-2.294691622514385188e+00
-1.317684812848174847e+00
-4.602245429807210186e-01
1.594279121289678969e-01
4.570679054881852110e-01
3.940482328828718295e-01
-1.766565756595950276e-02
-7.175539131288493078e-01
-1.605379267740918658e+00
-2.555518073510447685e+00
-3.434737036269268629e+00
-4.120896793297957217e+00
-4.519950753585577630e+00
-4.578866398415307515e+00
-4.292687530463483725e+00
-3.704793961096152000e+00
-2.900379695178196826e+00
-1.994124611893801191e+00
-1.113843288768885165e+00
-3.824449433971950363e-01
9.924506115832532060e-02
2.663967179909567662e-01
9.889718536708658192e-02
-3.762907011299032600e-01
-1.089399712957267008e+00
-1.938090338866344853e+00
-2.802143254774650316e+00
-3.560500419707133268e+00
-4.108235893963271046e+00
-4.371074362795480006e+00
-4.315447184363097932e+00
-3.952726245747697043e+00
-3.337110009284697476e+00
-2.557534100450275627e+00
-1.724813342880648026e+00
-9.558765658567942580e-01
-3.573399926197846632e-01
-1.072900203373317041e-02
3.860317929742906884e-02
-2.126433956830968697e-01
-7.257888811957073916e-01
-1.426111894916695544e+00
-2.213742867655581925e+00
-2.977922126683336668e+00
-3.612584250431184696e+00
-4.031074060638554890e+00
-4.177952837288335886e+00
-4.036289738940468830e+00
-3.629487491141810906e+00
-3.017468230492778236e+00
-2.287834389370425381e+00
-1.543310233909310547e+00
-8.872672822288720784e-01
-4.093750923106878048e-01
-1.733689473537340930e-01
-2.085996443254125587e-01
-5.064781131493958366e-01
-1.022229793293686573e+00
-1.681630189102176542e+00
-2.391707975785391849e+00
-3.053869540513294734e+00
-3.577590060212910039e+00
-3.892769866800680489e+00
-3.959072495030875771e+00
-3.771007365697019331e+00
-3.358129401976311712e+00
-2.780412638419793581e+00
-2.119518986026258212e+00
-1.467235468134542309e+00
-9.127194578297912475e-01
-5.303249226424966434e-01
-3.696696781180004443e-01
-4.492646864995004652e-01
-7.545127163242939528e-01
-1.240269373191649205e+00
-1.837531039280466238e+00
-2.463258125904758788e+00
-3.031932952332978992e+00
-3.467242421097658234e+00
-3.712290809284284343e+00
-3.736980535558257266e+00
-3.541612213269754506e+00
-3.156289281022359283e+00
-2.636291550522912086e+00
-2.054126246353333851e+00
-1.489401242623038968e+00
-1.017936362925223381e+00
-7.016017153919562599e-01
-5.802416989629293198e-01
-6.667319106931295369e-01
-9.457701078123388339e-01
-1.376485166804434890e+00
-1.898431257046469200e+00
-2.440088009314280271e+00
-2.928669886265244493e+00
-3.299898969983330765e+00
-3.506430947848700796e+00
-3.523834898483078959e+00
-3.353380884945066143e+00
-3.021334334633574592e+00
-2.574930711893169466e+00
-2.075643696571846775e+00
-1.590706948563228362e+00
-1.184059513137079467e+00
-9.079334507985206137e-01
-7.961870584046706334e-01
-8.602277332608496696e-01
-1.088003477989301748e+00
-1.446122673123602986e+00
-1.884745309699083382e+00
-2.344530658861999850e+00
-2.764672363049031745e+00
-3.090933029061452508e+00
-3.282618646795464556e+00
-3.317600745820327823e+00
-3.194775087215228737e+00
-2.933699568190233808e+00
-2.571532099078627454e+00
-2.157740925222211281e+00
-1.747339603327557667e+00
-1.393571837755709808e+00
-1.141017973757109782e+00
-1.020012702714406805e+00
-1.043067053370173358e+00
-1.203706191201235676e+00
-1.477807375744854212e+00
-1.827193855934329259e+00
-2.204953553216592255e+00
-2.561742331840757281e+00
-2.852225394912126788e+00
-3.040817554130978984e+00
-3.105999315365998825e+00
-3.042692332164635083e+00
-2.862445041613877361e+00
-2.591470511231371177e+00
-2.266855074440103479e+00
-1.931482780959949075e+00
-1.628369294607930229e+00
-1.395152934892039731e+00
-1.259446218727003242e+00
-1.235617551007621273e+00
-1.323369951168659409e+00
-1.508240447038796006e+00
-1.763892828120561918e+00
-2.055850485007448825e+00
-2.346143346904791205e+00
-2.113457157116627627e+00
