5.788591422494517857e+00
7.332836476556716221e+00
8.639233479639585767e+00
9.624214848095034469e+00
1.022879092817450086e+01
1.042140758686645441e+01
1.019879308343878677e+01
9.584873207852867338e+00
8.627958643429963104e+00
7.396508427421551346e+00
5.973843819539204070e+00
4.452225960850190845e+00
2.926718903978742237e+00
1.489239469174618691e+00
2.231511151963623263e-01
-8.013040515341049996e-01
-1.530516879710860145e+00
-1.929830657406468752e+00
-1.984616009837137263e+00
-1.700127462626767283e+00
-1.100237700339305569e+00
-2.252030467462651231e-01
8.713432868427983813e-01
2.125946151315221577e+00
3.469195609367237143e+00
4.829672905351456436e+00
6.137757379525087487e+00
7.329102582872812022e+00
8.347623997931179929e+00
9.147880171971108254e+00
9.696770982833049501e+00
9.974518628020655697e+00
9.974936502864423460e+00
9.705026555701795843e+00
9.183975566034686011e+00
8.441644141811256219e+00
7.516658589084731723e+00
6.454225111194992870e+00
5.303788358026117145e+00
4.116652789018055536e+00
2.943676491250260874e+00
1.833134020255594354e+00
8.288286068137553642e-01
-3.148418249124151913e-02
-7.173184494875028960e-01
-1.206301916677475106e+00
-1.484636366152870757e+00
-1.547185731859859636e+00
-1.397217459101360859e+00
-1.045834626075576423e+00
-5.111454151046466166e-01
1.827772440677279953e-01
1.007089595676930571e+00
1.929467456405356440e+00
2.915437528123282718e+00
3.929697603222779723e+00
4.937378823096433500e+00
5.905209578271074733e+00
6.802547916409917406e+00
7.602257072033744123e+00
8.281406599323586804e+00
8.821789266731871137e+00
9.210251096412839900e+00
9.438838490864295494e+00
9.504772124233287656e+00
9.410262078410719155e+00
9.162182514617953188e+00
8.771626973848182018e+00
8.253367216766164915e+00
7.625239400093965614e+00
6.907481422286462447e+00
6.122044555637129903e+00
5.291901126836497937e+00
4.440368132396963929e+00
3.590464400034187431e+00
2.764316350183358750e+00
1.982624685136239240e+00
1.264201539398333907e+00
6.255848550405183062e-01
8.073407856468417521e-02
-3.591912238490522213e-01
-6.859705165250451486e-01
-8.943819173782472376e-01
-9.821867426061530182e-01
-9.500448666583665158e-01
-8.013679363961951907e-01
-5.421183293611049336e-01
-1.805623158456697297e-01
2.730138079566186704e-01
8.066157794093919975e-01
1.406872927795434158e+00
2.059380863218213786e+00
2.749047405932388166e+00
3.460434467400073100e+00
4.178089290046610671e+00
4.886859215283523739e+00
5.572184953575247235e+00
6.220368153270428913e+00
6.818809886396811848e+00
7.356217472238515853e+00
7.822777828736466432e+00
8.210296265843005870e+00
8.512300304881847524e+00
8.724108717201882968e+00
8.842866519780148593e+00
8.867547142821226913e+00
8.798923394551362520e+00
8.639509237009267650e+00
8.393475718633936822e+00
8.066544019395585963e+00
7.665856210306552398e+00
7.199825790289470895e+00
6.677970557668736262e+00
6.110730511922421115e+00
5.509273598815178197e+00
4.885292208087571808e+00
4.250793407226271192e+00
3.617885946843820033e+00
2.998567101880808217e+00
2.404512416956404941e+00
1.846871402258301043e+00
1.336072176746659679e+00
8.816379764364605798e-01
4.920183353999241227e-01
1.744376042689834705e-01
-6.523670603450248962e-02
-2.226034800307878925e-01
-2.948134261508981169e-01
-2.806286362942040924e-01
-1.804548561560102016e-01
3.654597327402697715e-03
2.680239447323904400e-01
6.074093309175130351e-01
1.015082292380291573e+00
1.482941635159681137e+00
2.001652562646453859e+00
2.560811390486114281e+00
3.149133679418534726e+00
3.754663114789133171e+00
4.364997972899745449e+00
4.967531549470685981e+00
5.549702495066349606e+00
6.099250617722828949e+00
6.604473385831910903e+00
7.054478106274187255e+00
7.439424575322968636e+00
7.750752913893872886e+00
7.981391314351453659e+00
8.125938552113201041e+00
8.180816358898582052e+00
8.144387120821555470e+00
8.017032856379760375e+00
7.801192046735767605e+00
7.501351630379649471e+00
7.123992329754165631e+00
6.677486438502311827e+00
6.171948250631208666e+00
5.619038439153387188e+00
5.031724869887668206e+00
4.424003540603286488e+00
3.810584537694244656e+00
3.206549070231886844e+00
2.626984740341756108e+00
2.086607203530232546e+00
1.599377226240695116e+00
1.178122824236015553e+00
8.341766295041672663e-01
5.770388530931120918e-01
4.140761584547929530e-01
3.502664117698328639e-01
3.879986163460564796e-01
5.269363596071552358e-01
7.639518047311741888e-01
1.093135656245836085e+00
1.505886642468303283e+00
1.991081921751249872e+00
2.535327479894572633e+00
3.123285100017251015e+00
3.738069921539364238e+00
4.361710039031335917e+00
4.975657109613029760e+00
5.561334629912283667e+00
6.100708503722399811e+00
6.576862842506558948e+00
6.974562712033523404e+00
7.280784841331017887e+00
7.485197214906762042e+00
7.580569030417590781e+00
7.563093756993078287e+00
7.432609986834875393e+00
7.192707421445143190e+00
6.850708632938147247e+00
6.417521120226954423e+00
5.907358539912298312e+00
5.337334704480340974e+00
4.726938851912402484e+00
4.097405624644892441e+00
3.470997958396857541e+00
2.870225468367208599e+00
2.317024724286940174e+00
1.831930824996355511e+00
1.433271730809902778e+00
1.136417725882022278e+00
9.531180354797879062e-01
8.909549304619033272e-01
9.529425809999705344e-01
1.137293499523782891e+00
1.437369727601985669e+00
1.841829126217277235e+00
2.334969440594286016e+00
2.897264505856446348e+00
3.506078366802198865e+00
4.136534573616649446e+00
4.762509882065630862e+00
5.357714438590377881e+00
5.896814665817307954e+00
6.356550851002864988e+00
6.716799197030979940e+00
6.961528069865480894e+00
7.079600524935735884e+00
7.065379968892436580e+00
6.919102945624182155e+00
6.646992334678380132e+00
6.261095399006023854e+00
5.778843680328310306e+00
5.222345170853794905e+00
4.617432859444527082e+00
3.992506968663184441e+00
3.377220249062359514e+00
2.801065870796655588e+00
2.291935091666330138e+00
1.874716416404636821e+00
1.570008954664460887e+00
1.393019859026437768e+00
1.352708996561525101e+00
1.451233508211032142e+00
1.683730992389407266e+00
2.038463285950685489e+00
2.497323985006008051e+00
3.036692904142411997e+00
3.628600704031084589e+00
4.242148094405540526e+00
4.845107531135753653e+00
5.405622311635002397e+00
5.893909448322292022e+00
6.283869486435425422e+00
6.554509088158560814e+00
6.691090964968568144e+00
6.685940469077513271e+00
6.538858315297487067e+00
6.257109555208939966e+00
5.854754168480256205e+00
5.352069750486580624e+00
4.775375632682793636e+00
4.155894561087828620e+00
3.528176998449511714e+00
2.928227254198960683e+00
2.391437868724162641e+00
1.950457030494419097e+00
1.633124513710113579e+00
1.460613699966704981e+00
1.445910194585021014e+00
1.592741430283199033e+00
1.895047122484847080e+00
2.337048743177452259e+00
2.893939097123004345e+00
3.533172854922856487e+00
4.216298094015852982e+00
4.901230269962287167e+00
5.544836628250428667e+00
6.105672364550662756e+00
6.546691433153366546e+00
6.837752420963500555e+00
6.957746675311140550e+00
6.896194839227868023e+00
6.654188323913952985e+00
6.244592218660734773e+00
5.691473311853357586e+00
5.028768275919734521e+00
4.298259239233648721e+00
3.546973321981658156e+00
2.824165701578558618e+00
2.178079161299412814e+00
1.652694186944368759e+00
1.284690606674184110e+00
1.100833553598327796e+00
1.115973247527920709e+00
1.331810895529752070e+00
1.736534085445950559e+00
2.305367486433945512e+00
3.002022286488090330e+00
3.780964864407300841e+00
4.590366158997876589e+00
5.375542361747067233e+00
6.082658758993712667e+00
6.662444869577097251e+00
7.073662547458995142e+00
7.286080348803745110e+00
7.282736823179215335e+00
7.061320815804334572e+00
6.634555498840297716e+00
6.029540798339561469e+00
5.286081497400999751e+00
4.454100477085406240e+00
3.590303121195572267e+00
2.754314966114601582e+00
2.004555983391662632e+00
1.394138179006839895e+00
9.670764540453267166e-01
7.550852817577471399e-01
7.751965842569741305e-01
1.028379556594367639e+00
1.499274713097876077e+00
2.157076814968910128e+00
2.957520018044037524e+00
3.845839354638258545e+00
4.760511276003727588e+00
5.637517697678123163e+00
6.414837205329877889e+00
7.036846986659206493e+00
7.458321393940934740e+00
7.647737947807426551e+00
7.589647566843720661e+00
7.285929802732162841e+00
6.755831484529913666e+00
6.034772993246857453e+00
5.171994305398470715e+00
4.227196645361168237e+00
3.266408990130145185e+00
2.357366376196937008e+00
1.564724647517754086e+00
9.454510430454523551e-01
5.447205709470459567e-01
3.926149133726819507e-01
5.018658315075108511e-01
8.668124548518139072e-01
1.463656518425177300e+00
2.252007593700191990e+00
3.177618209115523396e+00
4.176123096035331272e+00
5.177523825069574315e+00
6.111105140284115222e+00
6.910436414525560345e+00
7.518103331684955037e+00
7.889831890887007759e+00
7.997708046724819830e+00
7.832258925221358581e+00
7.403241212795546922e+00
6.739073388923502606e+00
5.884944504180927183e+00
4.899726355497570296e+00
3.851901451544342603e+00
2.814789958856538377e+00
1.861409774831094932e+00
1.059331291963192978e+00
4.658902745270601109e-01
1.240983591411031206e-01
5.954264518125906847e-02
2.784970125246286621e-01
7.673830293682666337e-01
1.493623568771024424e+00
2.407834230804778208e+00
3.447203298136159333e+00
4.539826912724958419e+00
5.609698398084473681e+00
6.582003963205332653e+00
7.388354719575842111e+00
7.971588608418510802e+00
8.289805225649402587e+00
8.319349589045708981e+00
8.056533893225264364e+00
7.517974121905176332e+00
6.739514876589790759e+00
5.773814179208090813e+00
4.686753432103079930e+00
3.552919650158374409e+00
2.450471810044065002e+00
1.455746196374745782e+00
6.379739927657324117e-01
5.447682165551093192e-02
-2.533269588759266000e-01
-2.628283185168411862e-01
2.815586358895316721e-02
6.011686135235456696e-01
1.418317349559682139e+00
2.424815656313855872e+00
3.552689015600215328e+00
4.725391254249778683e+00
5.863016064720843801e+00
6.887747298415542119e+00
7.729175556788524304e+00
8.329117952654751633e+00
8.645612070395454651e+00
8.655811709876463311e+00
8.357587023894742728e+00
7.769719977565955560e+00
6.930681611176594537e+00
5.896073851309686198e+00
4.734909046156011492e+00
3.524978884732234086e+00
2.347625621276136165e+00
1.282268483268158121e+00
4.010541742324198466e-01
-2.360084994722626561e-01
-5.851029490346038031e-01
-6.215761361558653775e-01
-3.416280865833973834e-01
2.373930189473103525e-01
1.078109260125275526e+00
2.125569464739331949e+00
3.310879141963640748e+00
4.555761299493311434e+00
5.777744052185923351e+00
6.895629828009122164e+00
7.834882945309994184e+00
8.532578466476982371e+00
8.941585009807830886e+00
9.033705542813272871e+00
8.801569590702241541e+00
8.259153104864278561e+00
7.440892923245790769e+00
6.399455307698061368e+00
5.202306366686538119e+00
3.927310484562360315e+00
2.657646092689829764e+00
1.476372165609082021e+00
4.610009187620476290e-01
-3.215690134605679873e-01
-8.194289382249904108e-01
-9.990617246148003616e-01
-8.475484353249314040e-01
-3.734378305275356524e-01
3.937763422162050553e-01
1.405535044345523676e+00
2.597327685382396112e+00
3.892837497351135490e+00
5.208850012659715034e+00
6.460607524537941515e+00
7.567264397947837118e+00
8.457092367268561617e+00
9.072101767012330953e+00
9.371782809632115629e+00
9.335728007138268225e+00
8.964968900937389407e+00
8.281942747036985963e+00
7.329092395552862627e+00
6.166189704461006116e+00
4.866553901726297759e+00
3.512406235729366166e+00
2.189656645557689352e+00
9.824536624782282956e-01
-3.215684167502352864e-02
-7.891259354844377683e-01
-1.239539639227417389e+00
-1.353739620735229465e+00
-1.123230096718566884e+00
-5.612512166409686643e-01
2.980167149404189253e-01
1.401567721181679715e+00
2.680870163548369156e+00
4.056144924964803167e+00
5.441353381204050876e+00
6.749582660460003325e+00
7.898491182885356565e+00
8.815474034193123032e+00
9.442225507972953125e+00
9.738413980879538911e+00
9.684239757869256948e+00
9.281716251658501449e+00
8.554594394647722311e+00
7.546933878145269503e+00
6.320408753239302513e+00
4.950513556922235381e+00
3.521904289554661283e+00
2.123162208185747968e+00
8.413042282898586244e-01
-2.436204448303778136e-01
-1.063512959814224779e+00
-1.566477990047156155e+00
-1.720083451385067796e+00
-1.513423810577267048e+00
-9.578575493043128830e-01
-8.637084738471223488e-02
1.048395977766572340e+00
2.377340468040792132e+00
3.819114619664569332e+00
5.285109032998011713e+00
6.684900050793011417e+00
7.931826369916439745e+00
8.948352990078705105e+00
9.670892578332082934e+00
1.005378661843411692e+01
1.007219909808313396e+01
9.723740889398040821e+00
9.028719424138669680e+00
8.028991130160818557e+00
6.785478393636546812e+00
5.374493506525714892e+00
3.883084376533009863e+00
2.403676498775403569e+00
1.028312584884222503e+00
-1.574925418236032826e-01
-1.080514268801112898e+00
-1.684250364773086872e+00
-1.932271661049895783e+00
-1.810309614191391248e+00
-1.326968898627868931e+00
-5.130379210458748673e-01
5.805467243596797999e-01
1.885946434612938649e+00
3.322670982606906520e+00
4.802568280153315605e+00
6.235246349858061699e+00
7.533596542437054566e+00
8.619083162498286654e+00
9.426480880544307439e+00
9.907776566479512326e+00
1.003500428671814149e+01
9.801847957791538946e+00
9.223921525039024516e+00
8.337716949540517675e+00
7.198290867563052586e+00
5.875836672385021942e+00
4.451355401252483190e+00
3.011692212786565293e+00
1.644242252354999323e+00
4.316481697433687259e-01
-5.531895496692378345e-01
-1.251488789562391624e+00
-1.622086476536803268e+00
-1.643855894983277111e+00
-1.316899354640386655e+00
-6.624496842171136990e-01
2.785075486168433478e-01
1.447801854496471030e+00
2.773674862826061904e+00
4.175184249773135292e+00
5.567144422761647782e+00
6.865302585476772634e+00
7.991435924455963402e+00
8.878061831925768033e+00
9.472477850222297491e+00
9.739889810588699959e+00
9.665442842579444971e+00
9.255037089999429867e+00
8.534883979222684047e+00
7.549835244152824032e+00
6.360590995041149220e+00
5.039960459244211322e+00
3.668405580437325675e+00
2.329140066785383212e+00
1.103082225162028251e+00
6.396752129679939003e-02
-7.260841196079068638e-01
-1.220279974259335098e+00
-1.389923547584301922e+00
-1.226077284278552781e+00
-7.400228662724215312e-01
3.750388350908906432e-02
1.058252253765869622e+00
2.259447993293794088e+00
3.567651533764856886e+00
4.903246155362452896e+00
6.185281987260198733e+00
7.336381283802830389e+00
8.287407864246869593e+00
8.981619035289657660e+00
9.378050729938317787e+00
9.453933968879459471e+00
9.206000159648542791e+00
8.650600555513314305e+00
7.822637266326642802e+00
6.773375170936329681e+00
5.567271570870945929e+00
4.278019379581643911e+00
2.984046523094256553e+00
1.763746242185617596e+00
6.907282484894050612e-01
-1.706216667778788221e-01
-7.690057371099001671e-01
-1.069270119714841094e+00
-1.054470506122077822e+00
-7.268260476968970707e-01
-1.075080222586022316e-01
7.647195070841359410e-01
1.835920265203542900e+00
3.040316779562993954e+00
4.304326400944646025e+00
5.551054901558855725e+00
6.704973381758368767e+00
7.696494105562308619e+00
8.466168059113671873e+00
8.968250990932830291e+00
9.173423937417375384e+00
9.070506328496836801e+00
8.667061502175371857e+00
7.988862053626281323e+00
7.078251781663409403e+00
5.991507857584002394e+00
4.795367177130780867e+00
3.562931023526489938e+00
2.369199155223568276e+00
1.286506033501300106e+00
3.801368612201772024e-01
-2.956108307840734639e-01
-7.006823575144105476e-01
-8.116425173038965823e-01
-6.230325183027805025e-01
-1.476285376167361107e-01
5.844096582918529847e-01
1.527444047313405662e+00
2.623197739164589315e+00
3.804352117820165802e+00
4.998679966247594919e+00
6.133460983320201620e+00
7.139909833560940555e+00
7.957347088676277380e+00
8.536860057969359872e+00
8.844232495087796408e+00
8.861967511636677841e+00
8.590283917124562407e+00
8.047029198720249354e+00
7.266518590270367284e+00
6.297375109258226189e+00
5.199506076015205203e+00
4.040403789457950978e+00
2.890998564378103985e+00
1.821318802667064585e+00
8.962236064148116910e-01
1.714680351713897544e-01
-3.096601532614045027e-01
-5.189292084093688473e-01
-4.448225119981259468e-01
-9.317043658011936458e-02
5.132796415344755836e-01
1.336324758910353960e+00
2.324705888299154921e+00
3.417295265878271593e+00
4.546873630235657160e+00
5.644264160234368610e+00
6.642568965741372899e+00
7.481248671425165142e+00
8.109796211630554197e+00
8.490781722478793370e+00
8.602084746973897467e+00
8.438180406101913889e+00
8.010404607461099502e+00
7.346186157846551268e+00
6.487296955973040902e+00
5.487231385644655290e+00
4.407878946532939324e+00
3.315696830355311597e+00
2.277618994410691045e+00
1.356953516916048486e+00
6.095197562335408215e-01
8.026114925621730123e-02
-1.994606105270433360e-01
-2.137268799622642490e-01
3.703182061915999412e-02
5.361365139972464888e-01
1.251756918570929411e+00
2.138933544164584699e+00
3.142396722411440635e+00
4.200006134441813366e+00
5.246596994321760299e+00
6.217994925653941962e+00
7.054952165484964510e+00
7.706763568668714370e+00
8.134341552217255966e+00
8.312563287304232773e+00
8.231748964583143646e+00
7.898183983431767530e+00
7.333657091006900330e+00
6.574047160650362542e+00
5.667049710588620393e+00
4.669186834381972240e+00
3.642287728245213962e+00
2.649658810826634348e+00
1.752180622807958610e+00
1.004572197756932628e+00
4.520522525110783896e-01
1.276011117371789183e-01
4.998938029013899609e-02
2.226913949025788320e-01
6.337464231163956185e-01
1.256571857689518179e+00
2.051673917301305661e+00
2.969146234991284494e+00
3.951798583608313820e+00
4.938719796744625690e+00
5.869053012846755735e+00
6.685749251630556778e+00
7.339067718072113777e+00
7.789607913290065966e+00
8.010688523514815529e+00
7.989929255491003524e+00
7.729941694745011915e+00
7.248090759231939018e+00
6.575345948705828114e+00
5.754297775432245743e+00
4.836466034005243664e+00
3.879069774746935373e+00
2.941461346472945326e+00
2.081446704240866197e+00
1.351720163052231527e+00
7.966336090667716086e-01
4.494984238515176145e-01
3.305844424618080701e-01
4.459363096745736499e-01
7.870763896644277224e-01
1.331608129930754725e+00
2.044677924587663398e+00
2.881200531837535550e+00
3.788706249295935802e+00
4.710630217198925607e+00
5.589837709388831399e+00
6.372165678089835694e+00
7.009760924501306611e+00
7.464009002430133322e+00
7.707874409565286022e+00
7.727510077902337571e+00
7.523040262184506055e+00
7.108472738372277888e+00
6.510750515702499186e+00
5.768006649182907175e+00
4.927134899620739361e+00
4.040830888495267281e+00
3.164290463554463528e+00
2.351772279704640312e+00
1.653238902147942113e+00
1.111284662095086695e+00
7.585394816918893390e-01
6.157071797510500488e-01
6.903563421797378474e-01
9.765342571288333495e-01
1.455222677388453345e+00
2.095601531878638291e+00
2.857036459996581179e+00
3.691661323509003445e+00
4.547390443657520542e+00
5.371169474271633604e+00
6.112260149229846284e+00
6.725353467194902457e+00
7.173318217886906822e+00
7.429416316986507951e+00
7.478851637885032488e+00
7.319562669396070476e+00
6.962218607918728708e+00
6.429430250619436293e+00
5.754237941167247961e+00
4.977962359129056047e+00
4.147718722721958962e+00
3.314071191125388616e+00
2.528113806307064060e+00
1.838351082463113517e+00
1.287691065537474255e+00
9.107461932896079304e-01
7.316191463036743059e-01
7.623210589675659676e-01
1.001929899670419566e+00
1.436550119908477807e+00
2.040083826336808404e+00
2.775772002313940057e+00
3.598415004718934274e+00
4.457137819706233017e+00
5.298529998397871310e+00
6.069965468367001016e+00
6.722894846676076064e+00
7.215903320656640751e+00
7.517340674309179072e+00
7.607355812086442626e+00
7.479204596624517976e+00
7.139744725310260165e+00
6.609081936927156065e+00
5.919384912433230284e+00
5.112938491215303749e+00
4.239552980716856823e+00
3.353488350532073170e+00
2.510083363473623486e+00
1.762299196882095131e+00
1.157393566809555630e+00
7.339343166443876854e-01
5.193412460789939011e-01
5.281128371192194138e-01
7.608524359244759339e-01
1.204158962300176494e+00
1.831393407720526056e+00
2.604277598520904569e+00
3.475229370991810285e+00
4.390291719667327008e+00
5.292475585008212136e+00
6.125309157363960644e+00
6.836372621783217696e+00
7.380597088310286935e+00
7.723120122177659752e+00
7.841517018175101050e+00
7.727265142466068326e+00
7.386345957889878022e+00
6.838942847666189984e+00
6.118249237619355796e+00
5.268457174455107861e+00
4.342048137602362523e+00
3.396552127995241754e+00
2.490975150921340919e+00
1.682116928824430424e+00
1.021008624878009030e+00
5.496939655886894371e-01
2.985567514874438722e-01
2.843645480395631253e-01
5.091543698135692075e-01
9.600341096082973813e-01
1.609916539210691333e+00
2.419144458039200529e+00
3.337909628200060652e+00
4.309318020182240083e+00
5.272912765551267533e+00
6.168436687354560632e+00
6.939600257742749356e+00
7.537619381807718177e+00
7.924300686496616564e+00
8.074479242440228077e+00
7.977653225816193405e+00
7.638709518960596689e+00
7.077690602847201973e+00
6.328612818594976375e+00
5.437405448520020279e+00
4.459095374138468237e+00
3.454409830281067073e+00
2.486006968243957616e+00
1.614568190968540762e+00
8.949959526276520805e-01
3.729552478623978651e-01
8.197662400611438471e-02
4.130443962961294346e-02
2.546283351110103510e-01
7.097812843097264235e-01
1.379427535310416619e+00
2.222701954410058356e+00
3.187702618327939330e+00
4.214684697001325198e+00
5.239759125325432088e+00
6.198867105067897398e+00
7.031783192945875172e+00
7.685896825367130702e+00
8.119534855894698921e+00
8.304615312637812607e+00
8.228463458393012075e+00
7.894672859312966473e+00
7.322953357539490504e+00
6.547970931351769330e+00
5.617247484444322758e+00
4.588247689778747862e+00
3.524831409910460067e+00
2.493290675987834160e+00
1.558217152662375149e+00
7.784577008470128234e-01
2.034112763979782912e-01
-1.300998268296007510e-01
-2.001862709699233633e-01
-1.324818890155121665e-03
4.552252935792671096e-01
1.142053214302282349e+00
2.017239670092294990e+00
3.026914161384524071e+00
4.108570242619189905e+00
5.194934900857960614e+00
6.218152519960254310e+00
7.114023217064227467e+00
7.826030820721179282e+00
8.308907777923479898e+00
8.531512149758915697e+00
8.478833907185883589e+00
8.153001399972325203e+00
7.573220836568560266e+00
6.774648040463498333e+00
5.806258503809296201e+00
4.727844668161178987e+00
3.606324474343648223e+00
2.511589059029626370e+00
1.512147245591472622e+00
6.708382602494231683e-01
4.088097248008093487e-02
-3.374919637510949144e-01
-4.396022281654170527e-01
-2.579323656441578905e-01
1.973336728299028842e-01
8.988741669592799077e-01
1.803866751086180997e+00
2.856601092523443519e+00
3.991907796836398958e+00
5.139192529206960458e+00
6.226825641255550714e+00
7.186614351464267969e+00
7.958078242749140330e+00
8.492260014712337934e+00
8.754831407260228460e+00
8.728297306557848856e+00
8.413156632019457959e+00
7.827943255081308394e+00
7.008139910064587141e+00
6.004028485476191612e+00
4.877606829389026899e+00
3.698761076701209127e+00
2.540929796416976139e+00
1.476528960690240755e+00
5.724227517102642437e-01
-1.142765194744672641e-01
-5.398155672705975405e-01
-6.765865731071496469e-01
-5.149155393595838959e-01
-6.373687777781089636e-02
6.498922759790932702e-01
1.582412183971823261e+00
2.676418214271968132e+00
3.864194054024795211e+00
5.071902993188576403e+00
6.224177871628985059e+00
7.248824363673696425e+00
8.081344092419071146e+00
8.668994200087453805e+00
8.974127890298358778e+00
8.976604423916814568e+00
8.675114395879283791e+00
8.087333331764773092e+00
7.248889544561803788e+00
6.211206249128855106e+00
5.038348519502962475e+00
3.803068366563980618e+00
2.582292061649720694e+00
1.452329612120315083e+00
4.841047141441761070e-01
-2.612966505861358257e-01
-7.364796036850238536e-01
-9.107527025486028549e-01
-7.721078301946500133e-01
-3.280400669965830573e-01
3.948480087661736526e-01
1.352437382209385142e+00
2.485784035249093193e+00
3.724746642018691656e+00
4.992327297497109129e+00
6.209456665787840279e+00
7.299926171184152324e+00
8.195159572344437038e+00
8.838525168196984083e+00
9.188917497071560803e+00
9.223382050478271310e+00
8.938615500674387704e+00
8.351243602430365343e+00
7.496854958952590131e+00
6.427846510666519464e+00
5.210211064859612051e+00
3.919463768416198146e+00
2.635958944891505951e+00
1.439887719822956047e+00
4.062678508903365682e-01
-3.997612145426678865e-01
-9.270429827379746968e-01
-1.141649641528129422e+00
-1.029063004663887781e+00
-5.951506061140960924e-01
1.341283326743107907e-01
1.114273204768646330e+00
2.284956181559208765e+00
3.573734777778083238e+00
4.900534385601322818e+00
6.182623427035391472e+00
7.339772014847377513e+00
8.299272458308331935e+00
9.000507453036920680e+00
9.398778955723997797e+00
9.468155935757613051e+00
9.203159655542377138e+00
8.619177134385470396e+00
7.751572537557382958e+00
6.653547484636533227e+00
5.392879619172067152e+00
4.047739318694439703e+00
2.701842715005393636e+00
1.439241554380154664e+00
3.390741537075885326e-01
-5.293947451914888802e-01
-1.111134345744059004e+00
-1.368833922554185456e+00
-1.285293918051244155e+00
-8.645688879579189745e-01
-1.317866355671020173e-01
8.683496718093826061e-01
2.074287301591602350e+00
3.411411546115732829e+00
4.796662078435912413e+00
6.143692479922105321e+00
7.368252445210494272e+00
8.393457177318563112e+00
9.154614404813711914e+00
9.603305984190020794e+00
9.710466605396135265e+00
9.468263913865467174e+00
8.890658591311186854e+00
4.109839615841416105e+00
