6.835557749127522342e+00
8.394483604677576594e+00
9.838092170627557920e+00
1.111564171271242785e+01
1.218233541190699754e+01
1.300089489358135708e+01
1.354286627795728748e+01
1.378961287311979689e+01
1.373295974310385859e+01
1.337546771749937236e+01
1.273032752898165398e+01
1.182087820682762036e+01
1.067976714215881984e+01
9.347781904227865368e+00
7.872395478568422256e+00
6.306076707327316733e+00
4.704425982205909129e+00
3.124202378986015827e+00
1.621312212997962021e+00
2.488303037458425848e-01
-9.448759811472546843e-01
-1.917853533270692523e+00
-2.636040843874853046e+00
-3.074463745448463570e+00
-3.218107452291196324e+00
-3.062434314888751175e+00
-2.613529297628695680e+00
-1.887868414452348098e+00
-9.117187426770598790e-01
2.798082938973047717e-01
1.644016389417359392e+00
3.132151507784171063e+00
4.691142192796443844e+00
6.265490982536602971e+00
7.799249559266579368e+00
9.238007349773749155e+00
1.053082287566581954e+01
1.163202925213892414e+01
1.250284977135655495e+01
1.311276632014103960e+01
1.344059222759360317e+01
1.347521170064112006e+01
1.321595990744513394e+01
1.267263058559405309e+01
1.186511132705525640e+01
1.082265995183291807e+01
9.582848154688971221e+00
8.190210439197654679e+00
6.694646819629605616e+00
5.149636501278243017e+00
3.610326433477277774e+00
2.131563029456798208e+00
7.659373076602697950e-01
-4.380868383720901704e-01
-1.437894568973609566e+00
-2.198230965358180633e+00
-2.692447168224019194e+00
-2.903437625997856486e+00
-2.824235364714812846e+00
-2.458244438363123230e+00
-1.819101699900676827e+00
-9.301732846550434530e-01
1.762957544248520136e-01
1.460347842573251675e+00
2.875753227694063163e+00
4.371672440428396200e+00
5.894481148367466616e+00
7.389691938048816411e+00
8.803904161013189622e+00
1.008671205040675289e+01
1.119250288396954929e+01
1.208208097980060458e+01
1.272405961765281823e+01
1.309597135311764760e+01
1.318505733333451602e+01
1.298870776606371180e+01
1.251453822428673490e+01
1.178009953597322124e+01
1.081223214429351387e+01
9.646088556200975717e+00
8.323859370535487301e+00
6.893248965297928521e+00
5.405755848581367928e+00
3.914819619838152409e+00
2.473901200133788336e+00
1.134565304458760693e+00
-5.536603505806336756e-02
-1.053522721055299094e+00
-1.824497452700319933e+00
-2.341104232571660226e+00
-2.585339685566413692e+00
-2.549013089535757892e+00
-2.234022964016672219e+00
-1.652270793291375384e+00
-8.252155145419228788e-01
2.169146887842936522e-01
1.436224448397990017e+00
2.788527038936493341e+00
4.224944090409611164e+00
5.693671316703285967e+00
7.141846496568390101e+00
8.517452350698302865e+00
9.771185794832209837e+00
1.085822635370317357e+01
1.173984024448178864e+01
1.238476264440734909e+01
1.277030872666134087e+01
1.288317388814229858e+01
1.271989484600587339e+01
1.228695553934625551e+01
1.160053459501956041e+01
1.068590403926081223e+01
9.576501493191461378e+00
8.312709828004649637e+00
6.940388752018964880e+00
5.509211679623637004e+00
4.070868172959733577e+00
2.677197002836242401e+00
1.378317276912535583e+00
2.208250468554391333e-01
-7.538796635623450371e-01
-1.511075278250406662e+00
-2.023957380289224339e+00
-2.274589443234315667e+00
-2.254531780365963023e+00
-1.965126585209306498e+00
-1.417429393372128033e+00
-6.317900826130742331e-01
3.629008176940775598e-01
1.530272672254744837e+00
2.827803266376483826e+00
4.208366823232638332e+00
5.621945174850065285e+00
7.017439952901570521e+00
8.344520125108104480e+00
9.555438044018673693e+00
1.060674843533663925e+01
1.146086838334406011e+01
1.208742223610192923e+01
1.246432323700549460e+01
1.257855330316303721e+01
1.242661336393050675e+01
1.201462864433572619e+01
1.135810579280397548e+01
1.048135135630139914e+01
9.416573342009090908e+00
8.202699030283763904e+00
6.883952406430287496e+00
5.508243191232434555e+00
4.125426163098125265e+00
2.785494038340235345e+00
1.536769448825660689e+00
4.241614500259602849e-01
-5.124504841098929120e-01
-1.239646775600230733e+00
-1.731661013954864714e+00
-1.971293530526080140e+00
-1.950512846564136815e+00
-1.670723944119684390e+00
-1.142694425224498822e+00
-3.861420380397504459e-01
5.710006920344810055e-01
1.693617327329080435e+00
2.940695839086287400e+00
4.266827107889689330e+00
5.623858825062530542e+00
6.962644519375703389e+00
8.234824134770050819e+00
9.394571599394916817e+00
1.040024618430309999e+01
1.121588809664554809e+01
1.181250454919527471e+01
1.216910027974548214e+01
1.227341587485572560e+01
1.212234793785589915e+01
1.172203673972463456e+01
1.108761908003700825e+01
1.024265622352580962e+01
9.218258525182964291e+00
8.051939287890988339e+00
6.786240116791921295e+00
5.467178194529426882e+00
4.142572209377525461e+00
2.860307900458047392e+00
1.666606193187533336e+00
6.043566174340924135e-01
-2.884238523370568075e-01
-9.799511218191385709e-01
-1.445804774310642138e+00
-1.669789114105326711e+00
-1.644494126341392359e+00
-1.371536989086918013e+00
-8.614764052795305105e-01
-1.334038962322638966e-01
7.857721169450693210e-01
1.862322545847931554e+00
3.056937223701762019e+00
4.326162207823472272e+00
5.623982151581793154e+00
6.903490032902094065e+00
8.118583566578896793e+00
9.225626876660406595e+00
1.018501748200154466e+01
1.096260229081407545e+01
1.153089196832642926e+01
1.187003052214892307e+01
1.196848596431592249e+01
1.182343812436432628e+01
1.144085072908778145e+01
1.083522632822385212e+01
1.002905411410057468e+01
9.051971741589220244e+00
7.939672503666979964e+00
6.732598289692029780e+00
5.474466324669274186e+00
4.210683490777695326e+00
2.986705865023895345e+00
1.846402839266807483e+00
8.304847679762197288e-01
-2.494945979435669869e-02
-6.896931023310113318e-01
-1.140495104292774897e+00
-1.361869130293826835e+00
-1.346620075353905932e+00
-1.096070345650701050e+00
-6.199791027373571239e-01
6.384124421745607236e-02
9.301961323100957912e-01
1.947442079820105310e+00
3.078647307960048707e+00
4.282936987105132154e+00
5.516973919922236291e+00
6.736520854578645690e+00
7.898027964426336922e+00
8.960188420845586421e+00
9.885406433394381409e+00
1.064112557179491958e+01
1.120097048172252840e+01
1.154566205878671248e+01
1.166367449197572093e+01
1.155161201999386122e+01
1.121429341504696886e+01
1.066454274804947921e+01
9.922695515483843209e+00
9.015839342859745642e+00
7.976817861248703068e+00
6.843034649730729946e+00
5.655101057253980379e+00
4.455377023463173991e+00
3.286457530441722064e+00
2.189658922836593913e+00
1.203558988713411715e+00
3.626424243901453792e-01
-3.039007909787354578e-01
-7.731823506471870999e-01
-1.029393359049178613e+00
-1.064326701362595884e+00
-8.776271547383514005e-01
-4.767621228431044855e-01
1.232843106253636023e-01
9.005812248214395410e-01
1.827062394901347364e+00
2.869549081524616074e+00
3.990946427149560716e+00
5.151569980859051157e+00
6.310554638558843799e+00
7.427295777907014340e+00
8.462871657892476307e+00
9.381397247554080110e+00
1.015126248886384275e+01
1.074621246613058290e+01
1.114623287319550826e+01
1.133821131587542652e+01
1.131635309575938564e+01
1.108233889718153975e+01
1.064522092682858911e+01
1.002106321144999868e+01
9.232340623070449226e+00
8.307119466795018781e+00
7.278049852383681184e+00
6.181206330185400333e+00
5.054818200109121307e+00
3.937934343361622958e+00
2.869069278647864429e+00
1.884877361780351812e+00
1.018900641734195922e+00
3.004329246392813957e-01
-2.464617996604880901e-01
-6.037440778060920721e-01
-7.599810906458932536e-01
-7.106978949753779418e-01
-4.584876578636087885e-01
-1.287907742060756533e-02
6.100324960795910911e-01
1.388175713760122942e+00
2.294293698947464932e+00
3.296905770200574182e+00
4.361406283945893136e+00
5.451262113491599948e+00
6.529267281039894399e+00
7.558811695672035924e+00
8.505120859570110881e+00
9.336424773235727059e+00
1.002501703547100931e+01
1.054816918654862690e+01
1.088887053258750726e+01
1.103636982873039685e+01
1.098650207186810768e+01
1.074179102212271886e+01
1.031132568422690809e+01
9.710416578420687728e+00
8.960044962184674944e+00
8.086124987597038682e+00
7.118604872621295598e+00
6.090438333286140704e+00
5.036461605436789668e+00
3.992214255241028908e+00
2.992743553992533556e+00
2.071432435625299995e+00
1.258889969667210895e+00
5.819409166748288342e-01
6.274737750030734418e-02
-2.819090699028148350e-01
-4.411618705672326612e-01
-4.103939833316800900e-01
-1.913624463614231885e-01
2.078898925969685507e-01
7.733313407939110817e-01
1.485436015581781621e+00
2.319858731061969603e+00
3.248266819214184586e+00
4.239300552574742476e+00
5.259629759945857685e+00
6.275071237039638206e+00
7.251729740070584462e+00
8.157124763154644853e+00
8.961265951139695929e+00
9.637641859421989921e+00
1.016408977401089686e+01
1.052351834496428395e+01
1.070445972808637336e+01
1.070143360912762276e+01
1.051511171465629246e+01
1.015227799069936765e+01
9.625586340531231855e+00
8.953124439750503427e+00
8.157798476775708352e+00
7.266559497194545081e+00
6.309497174777112249e+00
5.318831126638611018e+00
4.327833198763404887e+00
3.369716366339254421e+00
2.476526951455468861e+00
1.678076726028754795e+00
1.000950145595254526e+00
4.676194928096490955e-01
9.569717737853000727e-02
-1.026500452201188907e-01
-1.211054672103220042e-01
4.058810163266635129e-02
3.766209401056599404e-01
8.753116205166389108e-01
1.519498672258237537e+00
2.287116081473127949e+00
3.151933911758605156e+00
4.084439825838247273e+00
5.052832550491307195e+00
6.024094513222910230e+00
6.965108117183245184e+00
7.843778506090603564e+00
8.630125262978863176e+00
9.297306307144236115e+00
9.822539285486207916e+00
1.018788894158767988e+01
1.038089319512320685e+01
1.039500584748340373e+01
1.022983978767799584e+01
9.891201119898585858e+00
9.390911563808955975e+00
8.746423569055131964e+00
7.980239606920847883e+00
7.119153823754534649e+00
6.193340438262145753e+00
5.235318726887177476e+00
4.278828994423735210e+00
3.357657837030175507e+00
2.504452042994539163e+00
1.749561115189603111e+00
1.119949601732391109e+00
6.382181690117612050e-01
3.217691874717596434e-01
1.821481764902710410e-01
2.245868494838179075e-01
4.477668755879147255e-01
8.438160315175080584e-01
1.398540392782722019e+00
2.091887871541320276e+00
2.898630033165237929e+00
3.789241010095522277e+00
4.730944775804725388e+00
5.688895330350744572e+00
6.627448748920103938e+00
7.511481792531302659e+00
8.307709072372803760e+00
8.985949743990856220e+00
9.520295476406646529e+00
9.890134023882117376e+00
1.008098708825469458e+01
1.008512719387470824e+01
9.901945834921397349e+00
9.538053962718297640e+00
9.007105667741956978e+00
8.329346337511239540e+00
7.530897259410488154e+00
6.642799183196669510e+00
5.699847346839733930e+00
4.739259491318968287e+00
3.799226055721329764e+00
2.917397701231996709e+00
2.129369262024335629e+00
1.467220930656734978e+00
9.581768033358688541e-01
6.234377743016379370e-01
4.772402135709796767e-01
5.261840236371000401e-01
7.688637834952976036e-01
1.195825082614808466e+00
1.789855239289281030e+00
2.526603876215044675e+00
3.375514836231275240e+00
4.301037243739042282e+00
5.264070746048331806e+00
6.223588685447769109e+00
7.138373701105831692e+00
7.968793520702926791e+00
8.678540868160006028e+00
9.236260769871154963e+00
9.616991243860724126e+00
9.803349419578644586e+00
9.786404426821425417e+00
9.566190625844068762e+00
9.151829496549543919e+00
8.561245198206320239e+00
7.820476772826216560e+00
6.962608425608523000e+00
6.026357446203449264e+00
5.054376282934873288e+00
4.091340211653617054e+00
3.181904170079314476e+00
2.368620971166617295e+00
1.689917712179130227e+00
1.178227373401736777e+00
8.583681595958330135e-01
7.462541000210487496e-01
8.480070348747741349e-01
1.159522847109451860e+00
1.666524331347392529e+00
2.345110298860828557e+00
3.162786429054630144e+00
4.079939136929727539e+00
5.051690537962843841e+00
6.030051666248339437e+00
6.966273590839063168e+00
7.813283011786222865e+00
8.528081155095057042e+00
9.073982945440645764e+00
9.422577860049310416e+00
9.555304589109059776e+00
9.464548351084252076e+00
9.154191808359643190e+00
8.639577057867565912e+00
7.946865909738617617e+00
7.111817161318813696e+00
6.178031207133967584e+00
5.194742396221847969e+00
4.214266359689167629e+00
3.289231484437034947e+00
2.469739396540596044e+00
1.800607612917944689e+00
1.318847654091949817e+00
1.051523536064577158e+00
1.014118790250516433e+00
1.209515592491837488e+00
1.627658283184313159e+00
2.245937034459128068e+00
3.030287543782246740e+00
3.936961566478148988e+00
4.914883175536365556e+00
5.908469233808636645e+00
6.860761966940654766e+00
7.716698787546910410e+00
8.426331326460390514e+00
8.947803170095028236e+00
9.249904689962107796e+00
9.314043528235025349e+00
9.135500025417218950e+00
8.723876707489147009e+00
8.102697813580142849e+00
7.308166111702496082e+00
6.387136865628632698e+00
5.394418795362262209e+00
4.389621786044878959e+00
3.433867574513723930e+00
2.586169796532299170e+00
1.899740302499078659e+00
1.418550745578170957e+00
1.174380762347936091e+00
1.184559367344590441e+00
1.450568311155183476e+00
1.957625716474032274e+00
2.675308121410174156e+00
3.559202700993599144e+00
4.553513052184698928e+00
5.594475986642634346e+00
6.614387797184994255e+00
7.545990712719662596e+00
8.326937442283659507e+00
8.904036705495515847e+00
9.236987250978511810e+00
9.301332614582289438e+00
9.090412940866832159e+00
8.616151380620573619e+00
7.908587381364645452e+00
7.014152981259439201e+00
5.992775517624870929e+00
4.913974974292864673e+00
3.852200409148435423e+00
2.881711735198590585e+00
2.071355538869919855e+00
1.479602728811573176e+00
1.150209238867494044e+00
1.108828135559559946e+00
1.360843571072134495e+00
1.890617243184858687e+00
2.662241302806144017e+00
3.621784404938455104e+00
4.700907333212573036e+00
5.821619423309832619e+00
6.901854946989283590e+00
7.861477162269288499e+00
8.628273138433074863e+00
9.143489223831032575e+00
9.366477446648190153e+00
9.278077050722158603e+00
8.882440004709030390e+00
8.207119409919780395e+00
7.301367774564783808e+00
6.232728879895422125e+00
5.082142093957062734e+00
3.937900810456988587e+00
2.888907017992870419e+00
2.017732987068656225e+00
1.394031957852921444e+00
1.068828537005447998e+00
1.070165498512832158e+00
1.400489496697212122e+00
2.036029887562574636e+00
2.928271515761192045e+00
4.007455504645998090e+00
5.187874942089654162e+00
6.374578635317769582e+00
7.470969040272620987e+00
8.386691625256517568e+00
9.045171168324738886e+00
9.390161094947835352e+00
9.390736022316790610e+00
9.044271791274159256e+00
8.377113637895808651e+00
7.442820052196990943e+00
6.318072456022639116e+00
5.096542308774330898e+00
3.881190228426484090e+00
2.775619702578465464e+00
1.875206845588119453e+00
1.258767043698551635e+00
9.814936374852729628e-01
1.069812949700705396e+00
1.518649667710949558e+00
2.291398029689748927e+00
3.322663381483919931e+00
4.523594920776652373e+00
5.789395192825687708e+00
7.008386573043518197e+00
8.071859106706824605e+00
8.883833469678215522e+00
9.369857911728303179e+00
9.484022759775637468e+00
9.213517142626699297e+00
8.580259644120197038e+00
7.639390705460577635e+00
6.474697712373528091e+00
5.191328429770091901e+00
3.906408324503848117e+00
2.738387259931384765e+00
1.796079768849085490e+00
1.168415295746480176e+00
9.158727844811291874e-01
1.064438798453271495e+00
1.602709944469317804e+00
2.482476984069938553e+00
3.622804776517312142e+00
4.917288919037234862e+00
6.243858422716018097e+00
7.476234733981401703e+00
8.495977545964278121e+00
9.203966961766385069e+00
9.530200454741176941e+00
9.440922075714704320e+00
8.942340008027462872e+00
8.080506217024549187e+00
6.937299451782667603e+00
5.622835237449690382e+00
4.264986183319379620e+00
2.996996475425147466e+00
1.944384192880691309e+00
1.212420625992125522e+00
8.754444387286008933e-01
9.691101185229680226e-01
1.486397378123295532e+00
2.377845696554218513e+00
3.556060537362730756e+00
4.904106105956431705e+00
6.286997536255601204e+00
7.565175019907703913e+00
8.608619269010310049e+00
9.310177382559459147e+00
9.596723147083107364e+00
9.436973772928045179e+00
8.845108841090491225e+00
7.879756040995710364e+00
6.638380633059261626e+00
5.247593340041747823e+00
3.850324673187060842e+00
2.591156118777492523e+00
1.601312213004511431e+00
9.848771106979921086e-01
8.076953365337518065e-01
1.090156671737302574e+00
1.804674004269679610e+00
2.878179434164662265e+00
4.199437674403909249e+00
5.630462147988895438e+00
7.020873282696167728e+00
8.223709324713208701e+00
9.111024926034907878e+00
9.587613315858334317e+00
9.601366988685580139e+00
9.149133204061666191e+00
8.277389975892454288e+00
7.077616894684195969e+00
5.676804854793036981e+00
4.224078039220005465e+00
2.874832221177695324e+00
1.774077275674284859e+00
1.040775765393688879e+00
7.548797856188977917e-01
9.484921780819979276e-01
1.602143591527693811e+00
2.646629345009772649e+00
3.970248353549171938e+00
5.430695954851290530e+00
6.870348352948317583e+00
8.133295941614267832e+00
9.082279233502408289e+00
9.613678635310911602e+00
9.668909984954193959e+00
9.240961204633151738e+00
8.375330749294461086e+00
7.165238747503416938e+00
5.741609936389317603e+00
4.258904259130935621e+00
2.878332120660638260e+00
1.750285030728176316e+00
9.979052792906326630e-01
7.035991560760193053e-01
8.999793932698620935e-01
1.566238645080847647e+00
2.630360120230319065e+00
3.976929790304867041e+00
5.459698038246883378e+00
6.917515643326971997e+00
8.191897719702698311e+00
9.144290845508693977e+00
9.671152831615508205e+00
9.715197358093512037e+00
9.271579784089460929e+00
8.388358402043952111e+00
7.161195070552738073e+00
5.722890570490773321e+00
4.228913338272616507e+00
2.840513510729693269e+00
1.707270343145337765e+00
9.509728853265713155e-01
6.525770319603436675e-01
8.436355696003046134e-01
1.503101333627834268e+00
2.559812989228130942e+00
3.900354002479506477e+00
5.381396206740196142e+00
6.845162928625924792e+00
8.136323736201854118e+00
9.118496758090202547e+00
9.688597462700982987e+00
9.787525049893012863e+00
9.406088912020717174e+00
8.585600842725945370e+00
7.413135342774276992e+00
6.012027326507761060e+00
4.528672922935385259e+00
3.117072965108516058e+00
1.922772622899761696e+00
1.067885030505711264e+00
6.387420372694476711e-01
6.774109301329973576e-01
1.177888271779289120e+00
2.087279204295166668e+00
3.311747654372076521e+00
4.726535344103877101e+00
6.188945435198486500e+00
7.552909494619456154e+00
8.683629315665525539e+00
9.470816433868007422e+00
9.839233554449830166e+00
9.755549837155825799e+00
9.230920110692260039e+00
8.319142691113105670e+00
7.110694590052673902e+00
5.723341530061436089e+00
4.290334900442164034e+00
2.947410377457003516e+00
1.819877830640741934e+00
1.011037396888820439e+00
5.929834152575539363e-01
6.005887828077716151e-01
1.029128152171416843e+00
1.835635029841183652e+00
2.943732014945768416e+00
4.251359150735578574e+00
5.640580691284267090e+00
6.988497156933386023e+00
8.178228773870715784e+00
9.108970806472353132e+00
9.704268269323009122e+00
9.917861351329378294e+00
9.736703827336008032e+00
9.181028142334742626e+00
8.301596042425121169e+00
7.174509070462455007e+00
5.894140079159055468e+00
4.564872279964983015e+00
3.292390022249109371e+00
2.175255849299051913e+00
1.297437690189544579e+00
7.223293788913229818e-01
4.886514167604429915e-01
6.084430937088987079e-01
1.067177967219823387e+00
1.825867190497292736e+00
2.824871777776506221e+00
3.989034868751295537e+00
5.233674029615527523e+00
6.470943519806079181e+00
7.616085725412125917e+00
8.593135143493029204e+00
9.339710690371420654e+00
9.810624550868443094e+00
9.980139498580729907e+00
9.842812934624697974e+00
9.412966918605309985e+00
8.722912578870463562e+00
7.820129478905792020e+00
6.763652553611414930e+00
5.619949676872209032e+00
4.458582013208696182e+00
3.347928713511116872e+00
2.351230045924402212e+00
1.523162309121002700e+00
9.071079001329795943e-01
5.332288566766285598e-01
4.173960369596958486e-01
5.609723918906608375e-01
9.514004857307352125e-01
1.563503789565599433e+00
2.361379816689753497e+00
3.300741659566345021e+00
4.331553009618598793e+00
5.400799785052171842e+00
6.455248069597804950e+00
7.444051834143577295e+00
8.321093305919529115e+00
9.046962195073604107e+00
9.590505620839348211e+00
9.929906931372965317e+00
1.005327728440614976e+01
9.958767672021167527e+00
9.654230733830287292e+00
9.156481694407029082e+00
8.490215840538459346e+00
7.686647716326556967e+00
6.781946047594382243e+00
5.815541444851638708e+00
4.828383416305446652e+00
3.861219714504923850e+00
2.952964970959252256e+00
2.139217421802084740e+00
1.450972799722262341e+00
9.135736725145351400e-01
5.459211413349800424e-01
3.599643357309290082e-01
3.604719777459637342e-01
5.450798006763415415e-01
9.045981065167039148e-01
1.423555473635506274e+00
2.080947762254668376e+00
2.851156226130869165e+00
3.704994780479998973e+00
4.610844298990852685e+00
5.535831167063799185e+00
6.447008111058753599e+00
7.312497424816420732e+00
8.102559966486003518e+00
8.790557520481176113e+00
9.353781116495770931e+00
9.774123467520180242e+00
1.003857962798805659e+01
1.013956608221185363e+01
1.007505456227743323e+01
9.848522787464460748e+00
9.468729855339912405e+00
8.949329059408654530e+00
8.308335343350762514e+00
7.567468334808896913e+00
6.751394864117292727e+00
5.886897021354323023e+00
5.001993118618939249e+00
4.125039406249241480e+00
3.283840066010769831e+00
2.504791914793918384e+00
1.812088460169360093e+00
1.227005530367500263e+00
7.672877443566630262e-01
4.466516909371778254e-01
2.744179543155986778e-01
2.552801668702162630e-01
3.892151986504286398e-01
6.715345173308815419e-01
1.093072778047469384e+00
1.640505930052873929e+00
2.296787648762104617e+00
3.041689799996285970e+00
3.852429989190164328e+00
4.704367100376749100e+00
5.571744132668245975e+00
6.428456626024972032e+00
7.248824548982621963e+00
8.008345699501147053e+00
8.684409432486711822e+00
9.256950846092275142e+00
9.709027392770783749e+00
1.002730217731427231e+01
1.020242089913466366e+01
1.022927241708643109e+01
1.010712618204125945e+01
9.839643209562392911e+00
9.434760763281500928e+00
8.904454398441231433e+00
8.264384384763284075e+00
7.533436701380619382e+00
6.733171692008783182e+00
5.887196010600042939e+00
5.020475609942185002e+00
4.158609171774313218e+00
3.327082502562618949e+00
2.550524992502650079e+00
1.851989238838256835e+00
1.252274364785110006e+00
7.693124334551662002e-01
4.176356879417228996e-01
2.079401840090593367e-01
1.467587738085880389e-01
2.362534130932090193e-01
4.741334766569194059e-01
8.537032623420621746e-01
1.364038235109362063e+00
1.990285906317067699e+00
2.714083658872887828e+00
3.514082415517087110e+00
4.366561901653197353e+00
5.246120467026047507e+00
6.126420085428100570e+00
6.980965321493947329e+00
7.783893799021956994e+00
8.510755072170100632e+00
9.139254819241362071e+00
9.649941961169933080e+00
1.002681764757785210e+01
1.025784702815558802e+01
1.033535729337691578e+01
1.025630856560854909e+01
1.002242777217417213e+01
9.640199543479488042e+00
9.120712346526842040e+00
8.479362371290314115e+00
7.735422011313223045e+00
6.911483993231337664e+00
6.032796184853669530e+00
5.126505723188545360e+00
4.220834234568859422e+00
3.344208461551120060e+00
2.524372472540272749e+00
1.787508734545937283e+00
1.157395621990940704e+00
6.546283827835273073e-01
2.959291793074250165e-01
9.356958492458389287e-02
5.492589062621888729e-02
1.821838322786444309e-01
4.722049819880984600e-01
9.165621758357387350e-01
1.501746113091517287e+00
2.209539814047054573e+00
3.017552132178965341e+00
3.899896156358258814e+00
4.827993287360973440e+00
5.771479203773835387e+00
6.699184010085557972e+00
7.580155734059703221e+00
8.384694140659396666e+00
9.085360659579345466e+00
9.657930156484180628e+00
1.008225135411966100e+01
1.034298493170190625e+01
1.043019166407656328e+01
1.033974733194388662e+01
1.007356642861940266e+01
9.639622759080175740e+00
9.051761692585841956e+00
8.329305882383190252e+00
7.496463474515605796e+00
6.581554947402240785e+00
5.616081502634121314e+00
4.633664115001993267e+00
3.668887706456272824e+00
2.756089214383998787e+00
1.928131387617591841e+00
1.215205808822788391e+00
6.437087981691087535e-01
2.352324391648190627e-01
5.709976516887316222e-03
-3.524968156895980087e-02
1.151904406151817994e-01
4.528873019782402309e-01
9.667626615850526406e-01
1.639105199512225663e+00
2.446124897492482742e+00
3.358745065559738840e+00
4.343608064187101547e+00
5.364262029822697286e+00
6.382488120162797429e+00
7.359721287594096495e+00
8.258512663475919169e+00
9.043978542307215207e+00
9.685179882901348236e+00
1.015637731217821482e+01
1.043810986588780310e+01
1.051805108517186582e+01
1.039160347744784474e+01
1.006220152844967153e+01
9.541304122352805450e+00
8.848069019058469209e+00
8.008714521076782944e+00
7.055586159641336508e+00
6.025958634096866717e+00
4.960614833786475053e+00
3.902254052235884618e+00
2.893789996519493979e+00
1.976605481225035099e+00
1.188834431217252074e+00
5.637427472065956735e-01
1.282775667161120126e-01
-9.815054747599916141e-02
-1.045958417311547706e-01
1.108300808094977441e-01
5.407346586338350747e-01
1.168608276731890605e+00
1.969378252066154467e+00
2.910338841023297096e+00
3.952426627424045158e+00
5.051794840679751708e+00
6.161625839164073248e+00
7.234108859090061294e+00
8.222500791873468273e+00
9.083181732436210964e+00
9.777614730124273734e+00
1.027412081583491954e+01
1.054938604846496730e+01
1.058962691656164345e+01
1.039135365983780801e+01
9.961687474674022269e+00
5.216215619546410664e+00
