1.672836840995969965e+00
2.485350996347775343e+00
3.215369394651749424e+00
3.824374725325317748e+00
4.279513940037149133e+00
4.555498511803772743e+00
4.636156678414566912e+00
4.515530990918470877e+00
4.198435537999948508e+00
3.700415649133522056e+00
3.047087340312460757e+00
2.272872271613521900e+00
1.419184016975207241e+00
5.321601103315609649e-01
-3.399314215000057704e-01
-1.149455449114408445e+00
-1.852170521308372120e+00
-2.409809420150907489e+00
-2.792309691270303595e+00
-2.979545063743915811e+00
-2.962441159311511196e+00
-2.743400937182038923e+00
-2.336013778777571659e+00
-1.764073150908103571e+00
-1.059977213526563489e+00
-2.626304212572068142e-01
5.850015838552077296e-01
1.438515983522361541e+00
2.254766331628275999e+00
2.994288144339472879e+00
3.623218729979869046e+00
4.114689383504781972e+00
4.449667432623396479e+00
4.617272246402722047e+00
4.614632138900544689e+00
4.446433354804693927e+00
4.124242664723835716e+00
3.665600314501789470e+00
3.092938229298809016e+00
2.432383999439473143e+00
1.712508789399200371e+00
9.630729496830827685e-01
2.138172517138507978e-01
-5.066592375530356573e-01
-1.171901155507249159e+00
-1.758453022267384647e+00
-2.246551634467846892e+00
-2.620644126487066128e+00
-2.869728041970268428e+00
-2.987515969973752128e+00
-2.972432724616865141e+00
-2.827457619597302241e+00
-2.559828080973227671e+00
-2.180623656031458690e+00
-1.704251441128332267e+00
-1.147855115544944571e+00
-5.306701953091053081e-01
1.266521149133310598e-01
8.027309109342006810e-01
1.476131171680226561e+00
2.126010411618242557e+00
2.732719928729556713e+00
3.278346467607244907e+00
3.747182578461032421e+00
4.126116509986891501e+00
4.404935061912568450e+00
4.576535382843369248e+00
4.637044178833255259e+00
4.585845152690408710e+00
4.425517684849835653e+00
4.161691761612198448e+00
3.802825929738085975e+00
3.359916587734264937e+00
2.846148199118113453e+00
2.276495022099853216e+00
1.667285688881980477e+00
1.035742436002006661e+00
3.995069888197456121e-01
-2.238349538403296979e-01
-8.172189934564184632e-01
-1.364545960123777490e+00
-1.851094144722315260e+00
-2.263890432963428179e+00
-2.592032061213632055e+00
-2.826951984535487572e+00
-2.962622240336531654e+00
-2.995691178628217877e+00
-2.925551983257431043e+00
-2.754341497847998976e+00
-2.486869965374130409e+00
-2.130483860990722178e+00
-1.694865513986681727e+00
-1.191774647259646880e+00
-6.347382834533283891e-01
-3.869664938809469490e-02
5.803862697420418826e-01
1.205938039606221146e+00
1.821208830693907821e+00
2.409707685276925471e+00
2.955633283266411837e+00
3.444288548598071209e+00
3.862468734714581409e+00
4.198813164156082856e+00
4.444111566621952392e+00
4.591556950513965951e+00
4.636938138272509669e+00
4.578766474205366421e+00
4.418332748683967637e+00
4.159692043837182496e+00
3.809575958519529681e+00
3.377233476256852995e+00
2.874203558203592301e+00
2.314024331023885495e+00
1.711885453068820118e+00
1.084231837151574895e+00
4.483283414041207005e-01
-1.782037301122036954e-01
-7.778664863215964953e-01
-1.333769122888339709e+00
-1.830102455881835510e+00
-2.252591276209503057e+00
-2.588911742520564996e+00
-2.829061635122141372e+00
-2.965672244450189066e+00
-2.994251953730374893e+00
-2.913353176071912465e+00
-2.724656191257461835e+00
-2.432965557532270839e+00
-2.046117100590829629e+00
-1.574795949571549780e+00
-1.032268635172603366e+00
-4.340348194415772909e-01
2.025932820917341060e-01
8.589733719915776389e-01
1.515664881335900382e+00
2.152995707889184818e+00
2.751647967267694561e+00
3.293245752277154104e+00
3.760927271148970963e+00
4.139883617301148178e+00
4.417846839057407493e+00
4.585510940120025580e+00
4.636870946919286141e+00
4.569467206494230993e+00
4.384524589939695183e+00
4.086979215830238488e+00
3.685388602746466180e+00
3.191724721913003382e+00
2.621053148231463403e+00
1.991105287765638332e+00
1.321754371055656962e+00
6.344094190410548562e-01
-4.865541417089502829e-02
-7.050159622705187701e-01
-1.312835273311443451e+00
-1.851599043113475229e+00
-2.302824558870848026e+00
-2.650718464950141406e+00
-2.882759517139641847e+00
-2.990184203256053053e+00
-2.968355659104169764e+00
-2.816999650556709422e+00
-2.540295445211091074e+00
-2.146814050891455494e+00
-1.649301415536128967e+00
-1.064309601573786956e+00
-4.116844855873531550e-01
2.860760056680319297e-01
1.004573933421867515e+00
1.718349778254710358e+00
2.401779376982209335e+00
3.029998338053384810e+00
3.579820796010098505e+00
4.030618408624421001e+00
4.365125789904199749e+00
4.570140155718727115e+00
4.637085835860686345e+00
4.562418425660874632e+00
4.347848608815159999e+00
4.000371927277232231e+00
3.532097802994208280e+00
2.959878687109956275e+00
2.304748047876224781e+00
1.591183706839180756e+00
8.462204780404737336e-01
9.844283968852851618e-02
-6.231058335249368696e-01
-1.290056406824266144e+00
-1.875845375352619637e+00
-2.356799036985885554e+00
-2.713125439236426129e+00
-2.929771429560831031e+00
-2.997106333565772829e+00
-2.911399738792033620e+00
-2.675068393588581728e+00
-2.296676085161589942e+00
-1.790680213059643311e+00
-1.176929240613349359e+00
-4.799258593717457000e-01
2.721189148378144740e-01
1.048405844478008442e+00
1.816798434433439802e+00
2.545154555233873683e+00
3.202683623646240818e+00
3.761271596972998843e+00
4.196715854034737347e+00
4.489814408945312252e+00
4.627258818695367815e+00
4.602287470488773735e+00
4.415065421864525774e+00
4.072768258430239818e+00
3.589360075575446896e+00
2.985069146714016242e+00
2.285578518207626253e+00
1.520962044692402149e+00
7.244086190178880003e-01
-6.921204417116111340e-02
-8.248802890062691962e-01
-1.508986500168868705e+00
-2.090849834525502882e+00
-2.544125773151465708e+00
-2.848036266772016933e+00
-2.988363144914834013e+00
-2.958155307731696215e+00
-2.758112625314623756e+00
-2.396623901874164630e+00
-1.889452076478855602e+00
-1.259076276180294496e+00
-5.337159855711168799e-01
2.539209333924923317e-01
1.068109547176081531e+00
1.871732209207187303e+00
2.627981472397703300e+00
3.302062459104409875e+00
3.862814759079120641e+00
4.284176917002970875e+00
4.546423286546982467e+00
4.637113183660831695e+00
4.551705411789164657e+00
4.293806748300481146e+00
3.875040144100016626e+00
3.314536378965097008e+00
2.638070867472830816e+00
1.876884353041575304e+00
1.066241526985848731e+00
2.437944114308909782e-01
-5.521729874097327517e-01
-1.284536203026787948e+00
-1.919073345287464871e+00
-2.426076930645426621e+00
-2.781757712215428224e+00
-2.969373352121398746e+00
-2.980027672513231973e+00
-2.813101760650848160e+00
-2.476295643959230741e+00
-1.985277755085371076e+00
-1.362958083484225646e+00
-6.384188579499099347e-01
1.544470427679380808e-01
9.785257862755110114e-01
1.795225316081254352e+00
2.566288717057291446e+00
3.255592433042113765e+00
3.830844264845474800e+00
4.265100850452444803e+00
4.538032931176735119e+00
4.636878720504794771e+00
4.557040535492333788e+00
4.302296808041845999e+00
3.884619849669683322e+00
3.323608422972963439e+00
2.645562383010455321e+00
1.882243525000612872e+00
1.069381511258045148e+00
2.449956557808233848e-01
-5.523881366883156563e-01
-1.285541240780825767e+00
-1.920272202598250821e+00
-2.427021123127810487e+00
-2.782234094331021090e+00
-2.969453823499582867e+00
-2.980076121504359854e+00
-2.813737782419282851e+00
-2.478318786262358131e+00
-1.989559885193049826e+00
-1.370314629480650748e+00
-6.494719078452018124e-01
1.393996759768380000e-01
9.596214969655666449e-01
1.773114866761218211e+00
2.542171231848171509e+00
3.231200133712455624e+00
3.808373852802234616e+00
4.247092822664439105e+00
4.527204564757987271e+00
4.635920632272560127e+00
4.568390297259860233e+00
4.327905791881628161e+00
3.925731064427339767e+00
3.380563433131295703e+00
2.717654408764941465e+00
1.967631534796148385e+00
1.165076652683436853e+00
3.469269295591021485e-01
-4.492271979163924289e-01
-1.186868643394950240e+00
-1.832225594013710879e+00
-2.355812370783323395e+00
-2.733769230800811911e+00
-2.948940647605196919e+00
-2.991643841581829832e+00
-2.860093695294924743e+00
-2.560466010449975016e+00
-2.106597614531018792e+00
-1.519338349543711164e+00
-8.255857235915669001e-01
-5.704727021707922674e-02
7.512121947609631256e-01
1.562371738479985783e+00
2.339530792234289613e+00
3.047384751794590230e+00
3.653823862160537228e+00
4.131383329325412745e+00
4.458479603451960926e+00
4.620377670780808188e+00
4.609846515361159192e+00
4.427474100777541999e+00
4.081628631660684015e+00
3.588068790106210049e+00
2.969221389537071154e+00
2.253159747257510226e+00
1.472329389906322339e+00
6.620788885532238321e-01
-1.409376695187396500e-01
-9.004144018748994061e-01
-1.582030526882595378e+00
-2.154996856143662765e+00
-2.593442364604286343e+00
-2.877578668470802015e+00
-2.994590202671316703e+00
-2.939210183594645809e+00
-2.713956523895220574e+00
-2.329017108774376510e+00
-1.801789569094346621e+00
-1.156096194853349912e+00
-4.211092300093772778e-01
3.699651775876258708e-01
1.181385215110674736e+00
1.976486435954351695e+00
2.719336962401290414e+00
3.376360271509063260e+00
3.917852360637074760e+00
4.319324770998061780e+00
4.562612723765531619e+00
4.636698150707164956e+00
4.538210212160320722e+00
4.271580417078230774e+00
3.848845041386730781e+00
3.289103480480084940e+00
2.617656749252961212e+00
1.864864852466326939e+00
1.064774529340552833e+00
2.535793451115945230e-01
-5.320182220184206390e-01
-1.256468523041292862e+00
-1.886984991110938203e+00
-2.395030004439893112e+00
-2.757608072547593991e+00
-2.958307492837977115e+00
-2.988043615292609978e+00
-2.845470083336626654e+00
-2.537039489933675895e+00
-2.076710797765463301e+00
-1.485316888658411827e+00
-7.896210030315626849e-01
-2.110490748315507759e-02
7.854562486290164181e-01
1.593567801908253756e+00
2.366666769203820131e+00
3.069775818315919391e+00
3.671085552738368563e+00
4.143393389809858718e+00
4.465333943362262303e+00
4.622345273279560907e+00
4.607327315735332718e+00
4.420962733784063126e+00
4.071685698535051579e+00
3.575300035685311517e+00
2.954264030580940226e+00
2.236674260111290113e+00
1.454994429995315919e+00
6.445867260494554385e-01
-1.578878834078456528e-01
-9.161280333406667253e-01
-1.595834024506059823e+00
-2.166259292864983088e+00
-2.601601116421672355e+00
-2.882167663528669710e+00
-2.995268604311825733e+00
-2.935789010974659163e+00
-2.706420597811019402e+00
-2.317539849947258812e+00
-1.786738560277263854e+00
-1.138028014535239718e+00
-4.007528240732958213e-01
3.917364627676397371e-01
1.203591930582047942e+00
1.998089814217091753e+00
2.739291621738259686e+00
3.393669730397095297e+00
3.931623929988965926e+00
4.328820320290855506e+00
4.567292003808706369e+00
4.636251788517069983e+00
4.532580140444558481e+00
4.260966313828109975e+00
3.833696272886895962e+00
3.270096994654958955e+00
2.595662284261006647e+00
1.840899639643363228e+00
1.039950320381858972e+00
2.290450344107620717e-01
-5.551349072224087688e-01
-1.277116840094983274e+00
-1.904241348563067593e+00
-2.408139638240779590e+00
-2.766016849731329774e+00
-2.961683260503504833e+00
-2.986286723911572683e+00
-2.838713206986219539e+00
-2.525637300682731734e+00
-2.061220408809358862e+00
-1.466470258773862501e+00
-7.682906977199612797e-01
1.735251444714869251e-03
8.087740320308266506e-01
1.616317273160517320e+00
2.387833310976737788e+00
3.088419803797743057e+00
3.686382681206413103e+00
4.154669996614405392e+00
4.472095813855881730e+00
4.624298754229730690e+00
4.604391831724472084e+00
4.413274168156887001e+00
4.059590475042087476e+00
3.559340123332356942e+00
2.935153474897238546e+00
2.215268203579380923e+00
1.432251907762478238e+00
6.215287964251069441e-01
-1.802229028668718147e-01
-9.367303139567699777e-01
-1.613766988170526773e+00
-2.180701439057529445e+00
-2.611883072132855865e+00
-2.887802799857837943e+00
-2.995975823623148404e+00
-2.931506632708156257e+00
-2.697310646570052484e+00
-2.303982461000289916e+00
-1.769316647878042215e+00
-1.117502779015366210e+00
-3.780310855888449062e-01
4.156417411663234085e-01
1.227606247544838380e+00
2.021124928699168155e+00
2.760294443524277774e+00
3.411670123305251323e+00
3.945779267829004677e+00
4.338454752361613487e+00
4.571928593089086945e+00
4.635636018962033589e+00
4.526693758725019556e+00
4.250030771768082083e+00
3.818165422288935407e+00
3.250639129485723977e+00
2.573132084717443036e+00
1.816300976026396174e+00
1.014391278443316446e+00
2.036871918545760662e-01
-5.791305878934733808e-01
-1.298644908681786170e+00
-1.922304848328652227e+00
-2.421898493535460606e+00
-2.774829154726726088e+00
-2.965137275074567924e+00
-2.984221820305857253e+00
-2.831228554060096325e+00
-2.513087693797875222e+00
-2.044199320310411849e+00
-1.445780860149004088e+00
-7.449062524446914413e-01
2.671964268312099211e-02
8.341958685555083131e-01
1.641004453612820768e+00
2.410662269714766381e+00
3.108370919360596840e+00
3.702590021207917026e+00
4.166462757369506775e+00
3.784691937788446037e+00
3.903914614787674431e+00
3.883727018904035155e+00
3.725054533456578554e+00
3.435081825101317765e+00
3.026926700135466053e+00
2.519045880695647277e+00
1.934399660880199878e+00
1.299413289719237863e+00
6.427820978919751571e-01
-5.825575262982440883e-03
-6.171090053682160015e-01
-1.163458668685606767e+00
-1.620203000651581959e+00
-1.966722038320926291e+00
-2.187377698871849852e+00
-2.272218753610539377e+00
-2.217428753537386665e+00
-2.025496786646580283e+00
-1.705103472767869999e+00
-1.270727462699853039e+00
-7.419903237283331787e-01
-1.427694940447584715e-01
4.998805579881775429e-01
1.156950198165686450e+00
1.798784313414679703e+00
2.396420685821025742e+00
2.922896653954070612e+00
3.354465123176278318e+00
3.671665105798298079e+00
3.860198561181522159e+00
3.911574066302253350e+00
3.823488382320337831e+00
3.599928816124449593e+00
3.250991873285711709e+00
2.792426491975700031e+00
2.244922559463885747e+00
1.633176884705568321e+00
9.847788159639770944e-01
3.289658010974214064e-01
-3.046949739626603204e-01
-8.876394274159513653e-01
-1.393593837304448080e+00
-1.799758523566279855e+00
-2.087834659981032015e+00
-2.244848008173562448e+00
-2.263732531767350675e+00
-2.143647678161819226e+00
-1.890015119816620182e+00
-1.514273385391292859e+00
-1.033361514469813836e+00
-4.689550662029484673e-01
1.535110465056529483e-01
8.059888404037157672e-01
1.459081007271790131e+00
2.083365194309219959e+00
2.650719184600602851e+00
3.135587318866455586e+00
3.516131159839185116e+00
3.775212624043137399e+00
3.901165356629261449e+00
3.888319662869563764e+00
3.737257405449757819e+00
3.454785430504484278e+00
3.053628750754874055e+00
2.551857321686576974e+00
1.972072229802041887e+00
1.340387932168467078e+00
6.852563577372015047e-01
3.618579138935695827e-02
-5.775878078365987989e-01
-1.128417264603411851e+00
-1.591489181261690256e+00
-1.945941440934726874e+00
-2.175802924291676987e+00
-2.270713137390694580e+00
-2.226389342906503366e+00
-2.044820139725352703e+00
-1.734176736437246458e+00
-1.308445860250778914e+00
-7.868007640680567683e-01
-1.927385784148341052e-01
4.469772278397746157e-01
1.103521736262189412e+00
1.747306631887564521e+00
2.349313025104953212e+00
2.882399060231463750e+00
3.322523437620067632e+00
3.649829732345338140e+00
3.849542628514155407e+00
3.912635625295096453e+00
3.836240031158736574e+00
3.623776686823878546e+00
3.284804323764699330e+00
2.834591214418851646e+00
2.293429229893261478e+00
1.685721030951117250e+00
1.038881355985875832e+00
3.821017742295239050e-01
-2.549655358836684371e-01
-8.435457250314086775e-01
-1.357040633982811606e+00
-1.772230959411769113e+00
-2.070326922898104716e+00
-2.237819906984078067e+00
-2.267096436118483549e+00
-2.156786544923496862e+00
-1.911830514457087293e+00
-1.543260634037005197e+00
-1.067707500504899043e+00
-5.066528636146903075e-01
1.145376544777687577e-01
7.677586570483978523e-01
1.423434443156605056e+00
2.051856656135488066e+00
2.624529723502690537e+00
3.115463227921539513e+00
3.502352622999880261e+00
3.767594634878270732e+00
3.899091055992673915e+00
3.890804115635537297e+00
3.743037781007512166e+00
3.462431702537823508e+00
3.061667512918394340e+00
2.558900234351610514e+00
1.976940052344606569e+00
1.342221108655873518e+00
6.836037304465345521e-01
3.106419885763855859e-02
-5.856685878538017143e-01
-1.138467630842742162e+00
-1.602091838012388525e+00
-1.955340877124174703e+00
-2.182027952174852903e+00
-2.271725731247157931e+00
-2.220250870932473752e+00
-2.029864407888400279e+00
-1.709178189316828966e+00
-1.272770906975624783e+00
-7.405305746435790759e-01
-1.367528402846076574e-01
5.109642246170780222e-01
1.172978784283601694e+00
1.818960098349369225e+00
2.419277755421793685e+00
2.946361690732949956e+00
3.375970542620057024e+00
3.688309914237728471e+00
3.868948813619690785e+00
3.909491650504890448e+00
3.807974264248269236e+00
3.568965042378809738e+00
3.203365691837950280e+00
2.727920027620812427e+00
2.164452612659288455e+00
1.538871596815256870e+00
8.799810812505785007e-01
2.181572645753345752e-01
-4.160509116465223034e-01
-9.933322170994938194e-01
-1.486969562328674499e+00
-1.874079562435024826e+00
-2.136677590471498522e+00
-2.262518559509632876e+00
-2.245673889096491127e+00
-2.086817199178829796e+00
-1.793204680769223902e+00
-1.378350202016884296e+00
-8.614093695737232714e-01
-2.663003211950729643e-01
3.793986558180579283e-01
1.045724082331967120e+00
1.701716031500899895e+00
2.316856380793559822e+00
2.862489775142864623e+00
3.313161087100961577e+00
3.647806830090613239e+00
3.850744581175671755e+00
3.912413705275460618e+00
3.829832123973502256e+00
3.606747013973772287e+00
3.253471546134117709e+00
2.786414425433480169e+00
2.227323381679432668e+00
1.602277215477627692e+00
9.404728896567665641e-01
2.728639090898068442e-01
-3.692866149619862259e-01
-9.558706131361884850e-01
-1.459348766043791379e+00
-1.856046788961674743e+00
-2.127273111209407208e+00
-2.260204965218262974e+00
-2.248500619662487932e+00
-2.092608238922474495e+00
-1.799756035747182903e+00
-1.383623342879035434e+00
-8.637072605144908710e-01
-2.644139309921302861e-01
3.860834320604407122e-01
1.057166498688868694e+00
1.717211841759141766e+00
2.335081337002522517e+00
2.881592676768033101e+00
3.330900460908264193e+00
3.661722351979345813e+00
3.858351921259783879e+00
3.911409740813530433e+00
3.818296534979822354e+00
3.583326219650297961e+00
3.217531770936707947e+00
2.738152362726612665e+00
2.167825360209149288e+00
1.533520832311928261e+00
8.652685766989925975e-01
1.947376434160681402e-01
-4.462644866954583733e-01
-1.027301916623414746e+00
-1.520757768116059339e+00
-1.903150060495067741e+00
-2.156253148398517006e+00
-2.267970940615756437e+00
-2.232919820218389084e+00
-2.052692924969204746e+00
-1.735792576670856846e+00
-1.297233449912445824e+00
-7.578347910442404523e-01
-1.432348848431913568e-01
5.173256957591466643e-01
1.192394375510822835e+00
1.849804302989491278e+00
2.458208150996387786e+00
2.988574758735888182e+00
3.415577020094423766e+00
3.718804493038792902e+00
3.883742475314471587e+00
3.902470372272266896e+00
3.774045548541672179e+00
3.504553869740001382e+00
3.106824085736136443e+00
2.599819318749392316e+00
2.007734423360756360e+00
1.358842134347222563e+00
6.841430286330212329e-01
1.588381282253981119e-02
-6.139851537164540130e-01
-1.175339191927631255e+00
-1.641322135938600102e+00
-1.989633390526658552e+00
-2.203597356896346948e+00
-2.272963774164285855e+00
-2.194400414609342764e+00
-1.971654329675667672e+00
-1.615373761035250766e+00
-1.142599139905142724e+00
-5.759475116142385165e-01
5.747052726324852756e-02
7.273494178948294309e-01
1.401640417941076633e+00
2.048086859774867374e+00
2.635769162182658221e+00
3.136585406850820323e+00
3.526596403951638425e+00
3.787170709431512350e+00
3.905874703818231097e+00
3.877065131535209819e+00
3.702155835981595366e+00
3.389546115150489314e+00
2.954214406220936784e+00
2.416997097975277065e+00
1.803587389643740879e+00
1.143302534242401247e+00
4.676788772324355636e-01
-1.910377044434852234e-01
-8.014334337535755637e-01
-1.334426384549466604e+00
-1.764652544343428442e+00
-2.071671978207788367e+00
-2.240937656384814680e+00
-2.264481026469961744e+00
-2.141282111198353544e+00
-1.877307127583379476e+00
-1.485212613616252675e+00
-9.837310408124586569e-01
-3.967681129100981696e-01
2.477443287057663479e-01
9.191843100473244821e-01
1.585700302269424711e+00
2.215726302590211638e+00
2.779479003295381556e+00
3.250365772290847666e+00
3.606236720313294342e+00
3.830421858875503904e+00
3.912504871221563540e+00
3.848797805226732649e+00
3.642495424938699600e+00
3.303503323488350407e+00
2.847949460673361077e+00
2.297403795392999548e+00
1.677844419856023173e+00
1.018420418966944352e+00
3.500710217565565219e-01
-2.959329472690506169e-01
-8.894560566859652795e-01
-1.402904503289848837e+00
-1.812505756192409390e+00
-2.099402228681371163e+00
-2.250508818442774395e+00
-2.259095678959734954e+00
-2.125070836799052287e+00
-1.854951603191444143e+00
-1.461528450895619891e+00
-9.632394348024140296e-01
-3.832866460383197449e-01
2.514620210676479228e-01
9.117328824766839368e-01
1.567208317435820231e+00
2.187926380346500110e+00
2.745653005537105784e+00
3.215163620109953602e+00
3.575375893767317681e+00
3.810282929549996922e+00
3.909646042223322127e+00
3.869417832747294561e+00
3.691878743445618394e+00
3.385484266328011582e+00
2.964433719587863170e+00
2.447983808975607189e+00
1.859541478811071791e+00
1.225580076181232769e+00
5.744301741210667833e-01
-6.499876543537719265e-02
-6.645075282758272639e-01
-1.197849239181337122e+00
-1.641869689105943220e+00
-1.977496712937202972e+00
-2.190537064767294151e+00
-2.272248572561020197e+00
-2.219665928789115394e+00
-2.035669781503321563e+00
-1.728800306033508427e+00
-1.312827641163258896e+00
-8.061019745421620364e-01
-2.307152198551951638e-01
3.884862289138899527e-01
1.024992541673055424e+00
1.651776630610739094e+00
2.242445454933977178e+00
2.772347293966136661e+00
3.219588775188781504e+00
3.565920296016865443e+00
3.797454973958944713e+00
3.905194072715894915e+00
3.885340609020422775e+00
3.739392145665648481e+00
3.474013209439174243e+00
3.100696935990739700e+00
2.635234059618842384e+00
2.097014897494405172e+00
1.508196241021585893e+00
8.927698410392194139e-01
2.755723075467720884e-01
-3.187223386832132022e-01
-8.665865292508907469e-01
-1.346560449649506275e+00
-1.740075279530194585e+00
-2.032147678155790338e+00
-2.211920719219343745e+00
-2.273033195462073941e+00
-2.213806452246533940e+00
-2.037245364405928072e+00
-1.750857439106639379e+00
-1.366301020820757106e+00
-8.988799303222216874e-01
-3.669073605773185420e-01
2.090337061021154685e-01
8.069030396605469946e-01
1.404056157905862801e+00
1.978104589805828706e+00
2.507750822601519047e+00
2.973567167523441857e+00
3.358690702117588689e+00
3.649410325690956469e+00
3.835626618568554136e+00
3.911170424024263959e+00
3.873971658676276242e+00
3.726075582810404185e+00
3.473509410149546284e+00
3.126007502229194213e+00
2.696608289627082211e+00
2.201140329377364591e+00
1.657618413038341343e+00
1.085573284140595840e+00
5.053402433013230999e-01
-6.266731383681878320e-02
-5.986735592898801972e-01
-1.084220312986093671e+00
-1.502788674994857132e+00
-1.840341998127464240e+00
-2.085773260581750943e+00
-2.231243650986487026e+00
-2.272403265282251894e+00
-2.208489083839852984e+00
-2.042299695575144902e+00
-1.780050416335682950e+00
-1.431116374336825814e+00
-1.007674682998213056e+00
-5.242598860253568915e-01
2.750643674436115127e-03
5.557028029457244944e-01
1.116263609123904210e+00
1.666030542851685725e+00
2.187132286009124016e+00
2.662801567396726021e+00
3.077902235979114831e+00
3.419394619684681391e+00
3.676725616092587856e+00
3.842132707856468432e+00
3.910854100816622658e+00
3.881240342683125899e+00
3.754765990487855642e+00
3.535943053874453401e+00
3.232140952540247358e+00
2.853320501967709699e+00
2.411691904881302584e+00
1.921308812110588127e+00
1.397612175178504890e+00
8.569388082720358346e-01
3.160102888951712430e-01
-2.085819507386859062e-01
-7.008797461520523964e-01
-1.146034654189151736e+00
-1.530743988128261179e+00
-1.843634191457924842e+00
-2.075581132140474239e+00
-2.219958978959159168e+00
-2.272811588583167453e+00
-2.232942715587328930e+00
-2.101923786398949723e+00
-1.884020381859179860e+00
-1.586040884804794882e+00
-1.217112906724829635e+00
-7.883950554491294671e-01
-3.127332959600979123e-01
1.957274505766276596e-01
7.219647586175564902e-01
1.250520771443355272e+00
1.765952105453600929e+00
2.253274792453432873e+00
2.698391813042966270e+00
3.088491451534223664e+00
3.412405685190734506e+00
3.660919074785529137e+00
3.827020041727206667e+00
3.906088489914007589e+00
3.896015790923560651e+00
3.797253691182183921e+00
3.612791108559251896e+00
3.348059857537875494e+00
3.010772264470291670e+00
2.610695469120344558e+00
2.159368908500345796e+00
1.669773000136346885e+00
1.155958345068699211e+00
6.326458223311162143e-01
1.148087189309523470e-01
-3.827514878726672176e-01
-8.458239186498961448e-01
-1.261190029306173077e+00
-1.616997146983345957e+00
-1.903093425118109749e+00
-2.111314892545019362e+00
-2.235716580939663078e+00
-2.272741245631455964e+00
-2.221320906856118604e+00
-2.082908286717845225e+00
-1.861437152369300296e+00
-1.563212546318138330e+00
-1.196733837047878168e+00
-7.724554040022875157e-01
-3.024915285224685224e-01
1.997263525274510787e-01
7.198305058798286638e-01
1.242925238109267028e+00
1.754011251981268060e+00
2.238414059410091639e+00
2.682204312884253206e+00
3.072598082283057419e+00
3.398325607345897836e+00
3.649957886757834391e+00
3.820181602678645039e+00
3.904014295487338693e+00
3.898953360229770126e+00
3.805054289164220727e+00
3.624935583149834883e+00
3.363709842867629973e+00
3.028842670153744976e+00
2.629943099528504469e+00
2.178491279853857154e+00
1.022960274474565168e+00
