-5.574291884840505418e+00
-5.034566540257248590e+00
-4.511730040266494157e+00
-4.018652769277164971e+00
-3.567695201600820543e+00
-3.170399094990673294e+00
-2.837193864621784467e+00
-2.577125568844490733e+00
-2.397615490380644587e+00
-2.304254670271299599e+00
-2.300639959904218657e+00
-2.388256216205944860e+00
-2.566408197830876592e+00
-2.832204550592599901e+00
-3.180595025983868229e+00
-3.604460787145137513e+00
-4.094756353283493411e+00
-4.640700448266083633e+00
-5.230011783820886606e+00
-5.849184653542771173e+00
-6.483798170179459142e+00
-7.118852072553393029e+00
-7.739121283994887968e+00
-8.329520841663462960e+00
-8.875472451726290402e+00
-9.363263770472489256e+00
-9.780391572476720086e+00
-1.011588024505904038e+01
-1.036056753936817287e+01
-1.050735020300820466e+01
-1.055138300268767182e+01
-1.049022569853685027e+01
-1.032393373076560650e+01
-1.005508969661546459e+01
-9.688774100270462597e+00
-9.232475317206672472e+00
-8.695940192345886999e+00
-8.090968152432800764e+00
-7.431153121378759607e+00
-6.731578847894067685e+00
-6.008474454303929235e+00
-5.278838063335150821e+00
-4.560037228564218559e+00
-3.869395560896818687e+00
-3.223775389353369381e+00
-2.639166506204206009e+00
-2.130291016341290700e+00
-1.710234036723688789e+00
-1.390109477754451817e+00
-1.178769394397060744e+00
-1.082564436298524058e+00
-1.105161774128357699e+00
-1.247425559683716045e+00
-1.507363520326278739e+00
-1.880141727946179842e+00
-2.358167955707909158e+00
-2.931242381144214537e+00
-3.586772751627443689e+00
-4.310049537884403925e+00
-5.084575102193069185e+00
-5.892439537553219253e+00
-6.714734627056914817e+00
-7.531996359879858716e+00
-8.324665648347357561e+00
-9.073556340877805937e+00
-9.760319334079531117e+00
-1.036789156357528618e+01
-1.088091890054458943e+01
-1.128614249625452004e+01
-1.157273889020942903e+01
-1.173260521284627345e+01
-1.176058204876648894e+01
-1.165460795361436297e+01
-1.141580120424683287e+01
-1.104846607097341682e+01
-1.056002269223433387e+01
-9.960861463604945953e+00
-9.264124680567782377e+00
-8.485419953859903330e+00
-7.642471603913150169e+00
-6.754717795295780647e+00
-5.842862554310493728e+00
-4.928392987981641937e+00
-4.033072960236056659e+00
-3.178425156273318120e+00
-2.385213860171697675e+00
-1.672940871553008968e+00
-1.059366789474544213e+00
-5.600693976397188578e-01
-1.880501037093678107e-01
4.660166683441424595e-02
1.369775222675944093e-01
7.954552110520385355e-02
-1.257334232278077835e-01
-4.753716774597087635e-01
-9.624051407026374960e-01
-1.576527185182849955e+00
-2.304303842929240620e+00
-3.129465822676940068e+00
-4.033271056598662696e+00
-4.994929726554238947e+00
-5.992082147665162672e+00
-7.001318532571048081e+00
-7.998728557202166023e+00
-8.960467827020934806e+00
-9.863327823643512460e+00
-1.068529571063709938e+01
-1.140609050165702598e+01
-1.200766254371855446e+01
-1.247464403523839849e+01
-1.279473936676724755e+01
-1.295904541891822603e+01
-1.296229354683768520e+01
-1.280300678739732945e+01
-1.248356780244947828e+01
-1.201019517287472382e+01
-1.139282783429706924e+01
-1.064491964457585027e+01
-9.783148242866680278e+00
-8.827044447818774842e+00
-7.798550397537272971e+00
-6.721516408267158127e+00
-5.621148078287152572e+00
-4.523416449235821979e+00
-3.454445026051745860e+00
-2.439888122791601166e+00
-1.504315326250798002e+00
-6.706168420510261186e-01
4.055589343364740529e-02
6.113006809038967759e-01
1.026913513173893122e+00
1.276264796775049781e+00
1.352093270911910672e+00
1.251209948090685309e+00
9.746064928438942232e-01
5.274646970173124672e-01
-8.093395052551066726e-02
-8.373972205157027560e-01
-1.725105880260748847e+00
-2.723986169912254507e+00
-3.811162808873291397e+00
-4.961482335099635321e+00
-6.148094820875952493e+00
-7.343080522242471098e+00
-8.518106843224803271e+00
-9.645100160837186465e+00
-1.069691658499588449e+01
-1.164799563295776252e+01
-1.247498108571886100e+01
-1.315729395987418826e+01
-1.367764355956883904e+01
-1.402246394734981294e+01
-1.418226485956992633e+01
-1.415188805342228484e+01
-1.393066226377713690e+01
-1.352245231802899994e+01
-1.293560045078507770e+01
-1.218276041874547388e+01
-1.128062757889768264e+01
-1.024957059901307588e+01
-9.113172858183384406e+00
-7.897693808948643479e+00
-6.631462557422807436e+00
-5.344217624798422328e+00
-4.066408240097790561e+00
-2.828473544793901784e+00
-1.660116737957109123e+00
-5.895914378467912442e-01
3.569826262491568869e-01
1.156258048556189522e+00
1.788236732317034949e+00
2.236771196010725049e+00
2.489977663053929646e+00
2.540550400798252895e+00
2.385969042345463365e+00
2.028593105173372990e+00
1.475640556580638751e+00
7.390500063171643319e-01
-1.647711322819009894e-01
-1.215307444593915598e+00
-2.388397584141459085e+00
-3.656787445450816687e+00
-4.990762028853968246e+00
-6.358841611551881989e+00
-7.728526186411169618e+00
-9.067070838950723299e+00
-1.034227383602352823e+01
-1.152325872003289575e+01
-1.258123165381178765e+01
-1.349019564735679566e+01
-1.422760411233210220e+01
-1.477493741776893366e+01
-1.511818773546103500e+01
-1.524823943223429268e+01
-1.516113454669674532e+01
-1.485821543150973412e+01
-1.434613939420028039e+01
-1.363676307116686814e+01
-1.274689725886448777e+01
-1.169793593960532974e+01
-1.051536692241326243e+01
-9.228238016099258090e+00
-7.868351327991308430e+00
-6.469157947252981877e+00
-5.064877434335711470e+00
-3.689640486715146661e+00
-2.376646611128616637e+00
-1.157356508768856429e+00
-6.073773837939011599e-02
8.874193093815421207e-01
1.665099979053057844e+00
2.254565509167054671e+00
2.642744291786637945e+00
2.821506406370108522e+00
2.787816411489361101e+00
2.543762269837055001e+00
2.096461190589641532e+00
1.457846033035147926e+00
6.443386621330269293e-01
-3.235807812223265856e-01
-1.421897392426031637e+00
-2.623664439016300864e+00
-3.899670634435389527e+00
-5.219155303732902595e+00
-6.550554030422952145e+00
-7.862256823792682425e+00
-9.123360720707845317e+00
-1.030439903518538003e+01
-1.137803018259672072e+01
-1.231967011359004260e+01
-1.310805386680591766e+01
-1.372571355191650078e+01
-1.415936216066228326e+01
-1.440017492221770112e+01
-1.444396241404827563e+01
-1.429123225030976130e+01
-1.394713883431343859e+01
-1.342132331633132836e+01
-1.272764848038422159e+01
-1.188383573314109221e+01
-1.091101362772192296e+01
-9.833189373005630785e+00
-8.676656509071747791e+00
-7.469353332887693320e+00
-6.240187704556483972e+00
-5.018344531347755932e+00
-3.832592501505738714e+00
-2.710606519030661410e+00
-1.678321780275893182e+00
-7.593345485187645849e-01
2.563655233857264903e-02
6.592164569249856498e-01
1.127756354189369148e+00
1.421624788214844060e+00
1.535401038876582192e+00
1.467967030460086697e+00
1.222496459000118385e+00
8.063422823629560199e-01
2.308261224728855865e-01
-4.890645703154756774e-01
-1.335063598807304963e+00
-2.286087421157408706e+00
-3.318759267571729676e+00
-4.407982975389476366e+00
-5.527552477733879144e+00
-6.650782156354955177e+00
-7.751142903194759626e+00
-8.802888733246081898e+00
-9.781659150382065349e+00
-1.066504317632388599e+01
-1.143309199086805705e+01
-1.206876847128621577e+01
-1.255832352582830680e+01
-1.289159094981774345e+01
-1.306219454715186856e+01
-1.306766340543633831e+01
-1.290945343708637516e+01
-1.259287554771179174e+01
-1.212693301302163107e+01
-1.152407278356897180e+01
-1.079985744256059021e+01
-9.972566368940807280e+00
-9.062736263988540486e+00
-8.092652548366954690e+00
-7.085804198050055902e+00
-6.066315339086542302e+00
-5.058367347635027933e+00
-4.085625295937402868e+00
-3.170682347724523176e+00
-2.334535146752185764e+00
-1.596102376165402958e+00
-9.717975178049407248e-01
-4.751654395667426201e-01
-1.165908214485398275e-01
9.691536223960728336e-02
1.618470112348955325e-01
7.824943289866581608e-02
-1.503190016319351230e-01
-5.169082931338842002e-01
-1.011377590960755413e+00
-1.620669703947047680e+00
-2.329152035793820019e+00
-3.119015124287634499e+00
-3.970718679283959052e+00
-4.863473984963563090e+00
-5.775750779586965145e+00
-6.685796266073034566e+00
-7.572153747289711134e+00
-8.414168521734886497e+00
-9.192469111814117966e+00
-9.889412614683381619e+00
-1.048948394447293886e+01
-1.097963994842569946e+01
-1.134959079645625835e+01
-1.159201262768991825e+01
-1.170268714883762939e+01
-1.168056567531810863e+01
-1.152775694275903717e+01
-1.124943984928565754e+01
-1.085370407378368718e+01
-1.035132320967348107e+01
-9.755466617847584843e+00
-9.081357600066553459e+00
-8.345886693433683945e+00
-7.567189860873250851e+00
-6.764202080817636187e+00
-5.956197306752084586e+00
-5.162325965496326496e+00
-4.401161090365794948e+00
-3.690263846442517259e+00
-3.045778611291336535e+00
-2.482066942805002174e+00
-2.011388719243839773e+00
-1.643637502695121100e+00
-1.386135788073248776e+00
-1.243494290782904521e+00
-1.217537835142202596e+00
-1.307298772045326629e+00
-1.509077218148001442e+00
-1.816565809708190926e+00
-2.221035140378855743e+00
-2.711574639731175296e+00
-3.275382380971635143e+00
-3.898096211205742456e+00
-4.564157700148999020e+00
-5.257199722766233485e+00
-5.960448041782706596e+00
-6.657127045455357717e+00
-7.330859826573974836e+00
-7.966053056669959886e+00
-8.548257605373974499e+00
-9.064496563877389335e+00
-9.503553233599102867e+00
-9.856212712038850299e+00
-1.011545191919543996e+01
-1.027657422853142677e+01
-1.033728626267165751e+01
-1.029771585078873386e+01
-1.016037158634132354e+01
-9.930045835184408531e+00
-9.613664390932910919e+00
-9.220087224687297578e+00
-8.759865900437530328e+00
-8.244964199709317043e+00
-7.688449297406791949e+00
-7.104161437973833593e+00
-6.506370464484112937e+00
-5.909427745783926156e+00
-5.327422026331118943e+00
-4.773847493158315025e+00
-4.261291922832771029e+00
-3.801152151650269762e+00
-3.403383322365503894e+00
-3.076287422298886298e+00
-2.826345565902596224e+00
-2.658097317831045636e+00
-2.574069130331029687e+00
-2.574752712757961692e+00
-2.658632893181092971e+00
-2.822263304061079836e+00
-3.060387056541711726e+00
-3.366098489899722157e+00
-3.731041120591691573e+00
-4.145636092475839973e+00
-4.599334765886213816e+00
-5.080888593894720806e+00
-5.578629130451408180e+00
-6.080750903546508823e+00
-6.575589968616077918e+00
-7.051891229732779820e+00
-7.499058070464524661e+00
-7.907378459772032464e+00
-8.268222473722458332e+00
-8.574207079903869655e+00
-8.819325043515711116e+00
-8.999035904508131622e+00
-9.110318113815715435e+00
-9.151682571980796155e+00
-9.123148952604870132e+00
-9.026187283188427557e+00
-8.863619740933609492e+00
-8.639316467689997836e+00
-8.358157354286259277e+00
-8.026207920932662887e+00
-7.650638928585649978e+00
-7.239605108632072294e+00
-6.802096222522038715e+00
-6.347763128262150722e+00
-5.886722373518265883e+00
-5.429343575617024520e+00
-4.986024467095535151e+00
-4.566958965498508327e+00
-4.181903955712440002e+00
-3.839950644257439372e+00
-3.549306353855411711e+00
-3.317092473702159428e+00
-3.149163970745639141e+00
-3.049955408411969326e+00
-3.022357823794922460e+00
-3.067630097846361092e+00
-3.185347634027390296e+00
-3.373390260126883700e+00
-3.627970308415056966e+00
-3.943700835265962379e+00
-4.313702937975633311e+00
-4.729750139059331282e+00
-5.182446861796821125e+00
-5.661437139194145374e+00
-6.155638904285889446e+00
-6.653498523169010248e+00
-7.143259671125933963e+00
-7.613240231435201899e+00
-8.052110627401605214e+00
-8.449166888523626184e+00
-8.794591805465223899e+00
-9.079697745565386668e+00
-9.297145076965737331e+00
-9.441130677141549299e+00
-9.507541669015679986e+00
-9.494070319783920908e+00
-9.400286935820744816e+00
-9.227668570591157859e+00
-8.979582408174902497e+00
-8.661223767942045626e+00
-8.279509770145276448e+00
-7.842930781286766795e+00
-7.361362795805004744e+00
-6.845844881449780317e+00
-6.308326695610682044e+00
-5.761391846805442363e+00
-5.217963510021455420e+00
-4.690999190198215985e+00
-4.193181851860999565e+00
-3.736614785585577359e+00
-3.332527558469790208e+00
-2.991000195195479439e+00
-2.720712361929315648e+00
-2.528723784802159980e+00
-2.420291439653134535e+00
-2.398728215574025491e+00
-2.465306800473216153e+00
-2.619211484363225040e+00
-2.857539449881158600e+00
-3.175351946160296368e+00
-3.565774549421027562e+00
-4.020144530061991794e+00
-4.528202200140927225e+00
-5.078322034790769379e+00
-5.657778372815476686e+00
-6.253039629948367484e+00
-6.850084224914059661e+00
-7.434730842241240367e+00
-7.992975251832377559e+00
-8.511325684671119163e+00
-8.977128733504859071e+00
-9.378877909112301126e+00
-9.706497334490578055e+00
-9.951593594029684908e+00
-1.010766946108122077e+01
-1.017029408967193760e+01
-1.013722525498208960e+01
-1.000848033970372519e+01
-9.786353963708828374e+00
-9.475381414479690179e+00
-9.082248325729530336e+00
-8.615648340864041188e+00
-8.086091755494214439e+00
-7.505669328715868893e+00
-6.887776557198417748e+00
-6.246804692116990410e+00
-5.597805622101885703e+00
-4.956138424388663033e+00
-4.337105883743913814e+00
-3.755589581241591812e+00
-3.225692253885946492e+00
-2.760396017546815628e+00
-2.371244730758425234e+00
-2.068058261672377718e+00
-1.858685715712057096e+00
-1.748803802751877967e+00
-1.741765489714671489e+00
-1.838502920955265019e+00
-2.037487321591794576e+00
-2.334747257644107066e+00
-2.723945243014147088e+00
-3.196511289810885170e+00
-3.741830628557983651e+00
-4.347481511380079766e+00
-4.999517786158042654e+00
-5.682789822819450443e+00
-6.381296411680757785e+00
-7.078559462106420952e+00
-7.758012727808171860e+00
-8.403395388587385995e+00
-8.999141138135144047e+00
-9.530753469445297554e+00
-9.985158113990559414e+00
-1.035102407326340490e+01
-1.061904537154155292e+01
-1.078217654171757012e+01
-1.083581591193822291e+01
-1.077793196555486155e+01
-1.060912937270763656e+01
-1.033265270787692813e+01
-9.954327340702054272e+00
-9.482438482471120977e+00
-8.927550852351721744e+00
-8.302272860168196544e+00
-7.620970551785401170e+00
-6.899437796148320423e+00
-6.154530279531745585e+00
-5.403771785668403105e+00
-4.664941957195335220e+00
-3.955655235903804634e+00
-3.292940953201047183e+00
-2.692834579984943577e+00
-2.169989944367348933e+00
-1.737321789615901224e+00
-1.405687382225312199e+00
-1.183615005542185905e+00
-1.077086107380885949e+00
-1.089376634829026358e+00
-1.220961714366500139e+00
-1.469486352453338363e+00
-1.829803275589330980e+00
-2.294077436193998398e+00
-2.851955119273142714e+00
-3.490794032713926853e+00
-4.195949288457458515e+00
-4.951108818418664903e+00
-5.738670551080648607e+00
-6.540152632126267740e+00
-7.336627131243771416e+00
-8.109167058637627434e+00
-8.839296134921228898e+00
-9.509430627459709129e+00
-1.010330268951119947e+01
-1.060635501427019811e+01
-1.100609723671175288e+01
-1.129241536864920548e+01
-1.145782661770462951e+01
-1.149767319483876093e+01
-1.141025012892009904e+01
-1.119686364778961618e+01
-1.086181831742109694e+01
-1.041233281573278546e+01
-9.858385915533686372e+00
-9.212495921607189331e+00
-8.489438410090537346e+00
-7.705908615510525195e+00
-6.880136165816344018e+00
-6.031461045400320131e+00
-5.179880641325787849e+00
-4.345578474375191291e+00
-3.548445715014476143e+00
-2.807606821652736340e+00
-2.140960607514952319e+00
-1.564747742255515384e+00
-1.093155130727755164e+00
-7.379667960086981893e-01
-5.082698448267022329e-01
-4.102228345698613055e-01
-4.468924208189255509e-01
-6.181625760500617517e-01
-9.207189707004603818e-01
-1.348109336917992174e+00
-1.890878834670388642e+00
-2.536777652028380903e+00
-3.271036338843161140e+00
-4.076702737083948591e+00
-4.935032871082043471e+00
-5.825926833109991598e+00
-6.728399576457494646e+00
-7.621075637136423886e+00
-8.482696168844624296e+00
-9.292626310251662858e+00
-1.003135081909756110e+01
-1.068094610750168272e+01
-1.122551729406675491e+01
-1.165158964097757277e+01
-1.194844749006564300e+01
-1.210843146988491448e+01
-1.212712831987984963e+01
-1.200347401433057470e+01
-1.173979022447792531e+01
-1.134174058085291747e+01
-1.081820741551372578e+01
-1.018109169100632450e+01
-9.445040639449306497e+00
-8.627109351805508197e+00
-7.746364133413677244e+00
-6.823436839583785662e+00
-5.880040590881160156e+00
-4.938458212820205695e+00
-4.021015425800918308e+00
-3.149551211086507152e+00
-2.344897886856127656e+00
-1.626383241119447653e+00
-1.011366588776407838e+00
-5.148198584972716318e-01
-1.489637882450738360e-01
7.703196060236994214e-02
1.572774424159524287e-01
8.931415224596683800e-02
-1.258140302323678128e-01
-4.835726456447524413e-01
-9.760312242001774052e-01
-1.592038674892329198e+00
-2.317475629112424329e+00
-3.135578036587455486e+00
-4.027324603291408067e+00
-4.971879121960242287e+00
-5.947077413178360139e+00
-6.929947501033250745e+00
-7.897250818864193889e+00
-8.826031698290446315e+00
-9.694162152388059894e+00
-1.048086902846554835e+01
-1.116723097694561595e+01
-1.173663335274682140e+01
-1.217517011947298222e+01
-1.247198304310610872e+01
-1.261952991287031978e+01
-1.261377517895909683e+01
-1.245429821146122151e+01
-1.214431631965403113e+01
-1.169062168042586869e+01
-1.110343336157059113e+01
-1.039616764187745446e+01
-9.585131777445212720e+00
-8.689148196065108465e+00
-7.729117774995330592e+00
-6.727532331738735216e+00
-5.707947696887282873e+00
-4.694429712484105011e+00
-3.710986184634612606e+00
-2.780998198013878930e+00
-1.926664262382922210e+00
-1.168470504666124121e+00
-5.246995494919808323e-01
-1.098985880456027076e-02
3.600438531834369016e-01
5.791199234145834041e-01
6.405211886198634019e-01
5.422428242988717173e-01
2.860527802153871590e-01
-1.225369236531115291e-01
-6.743876707133322768e-01
-1.356938016307111639e+00
-2.154489223390343433e+00
-3.048566084491461048e+00
-4.018344742935650693e+00
-5.041137610325107765e+00
-6.092924090410015481e+00
-7.148914695413288278e+00
-8.184135307152430983e+00
-9.174017812665947957e+00
-1.009498314596686974e+01
-1.092500289980196371e+01
-1.164412613188620149e+01
-1.223495876920648229e+01
-1.268308409424968275e+01
-1.297741415383393715e+01
-1.311046353337393278e+01
-1.307853874974404107e+01
-1.288183849221690025e+01
-1.252446203695561877e+01
-1.201432532695563360e+01
-1.136298639505108987e+01
-1.058538396088711409e+01
-9.699495102463046692e+00
-8.725919839646422815e+00
-7.687402224596564082e+00
-6.608299070071031345e+00
-5.514008723974272108e+00
-4.430373286127596621e+00
-3.383068336714828206e+00
-2.396994588197937315e+00
-1.495685874505882751e+00
-7.007475517888011041e-01
-3.133871094753803987e-02
4.962893916429660379e-01
8.691875697908377774e-01
1.078026052663124013e+00
1.117327172706434446e+00
9.856076094690786604e-01
6.854265259625771378e-01
2.233381513743131208e-01
-3.902503774253167634e-01
-1.141312856438390533e+00
-2.012524296522465228e+00
-2.983660341784611703e+00
-4.032066621399619244e+00
-5.133187145801596074e+00
-6.261139424693895172e+00
-7.389322838133571381e+00
-8.491045961168257605e+00
-9.540158047817925535e+00
-1.051166973440010466e+01
-1.138234822986393979e+01
-1.213127281811694402e+01
-1.274033739222005934e+01
-1.319468795264721805e+01
-1.348308450383413337e+01
-1.359817854031755857e+01
-1.353669928504848130e+01
-1.329954398193152798e+01
-1.289176980213148838e+01
-1.232248724608357549e+01
-1.160465725562630368e+01
-1.075479653801318669e+01
-9.792597791424743292e+00
-8.740473557841308860e+00
-7.623034265046243263e+00
-6.466512610983027542e+00
-5.298147752228064000e+00
-4.145543752082422095e+00
-3.036017398226626529e+00
-1.995950798445175423e+00
-1.050164097466351087e+00
-2.213232288902329259e-01
4.706031674589743474e-01
1.008824653134777094e+00
1.380136146301500943e+00
1.575241458163388231e+00
1.588985293965153645e+00
1.420487945215976211e+00
1.073179186344282776e+00
5.547302651058307887e-01
-1.231147142751591872e-01
-9.448043300239596931e-01
-1.891336312384308549e+00
-2.940696781114209291e+00
-4.068372103605662815e+00
-5.247921476036260025e+00
-6.451596856135355829e+00
-7.650995714515254065e+00
-8.817731250531798182e+00
-9.924104258768325693e+00
-1.094376074543948896e+01
-1.185231968347478393e+01
-1.262795595502242918e+01
-1.325192454608143855e+01
-1.370901340694221560e+01
-1.398791404311641706e+01
-1.408150081628157757e+01
-1.398701206889109727e+01
-1.370612848962131913e+01
-1.324494655571313473e+01
-1.261384736558111719e+01
-1.182726365234261934e+01
-1.090335018751305007e+01
-9.863565086608520716e+00
-8.732171659953754883e+00
-7.535672361665938901e+00
-6.302188031743269470e+00
-5.060796960789149423e+00
-3.840849301703688656e+00
-2.671272983129003187e+00
-1.579887529610854990e+00
-5.927420563003460430e-01
2.665068162759665071e-01
9.771622780815594211e-01
1.521986276799670357e+00
1.887618072445997441e+00
2.064902239640499459e+00
2.049118067803869181e+00
1.840104616134719429e+00
1.442278129501892714e+00
8.645410559421726759e-01
1.200844667218756712e-01
-7.739117944064979326e-01
-1.796674474690377110e+00
-2.924318750896476971e+00
-4.130405431399666760e+00
-5.386560591878572168e+00
-6.663143194875380537e+00
-7.929945058943526526e+00
-9.156906722513859620e+00
-1.031483231118888888e+01
-1.137609066296835891e+01
-1.231529885023942228e+01
-1.310992957613013843e+01
-1.374084686941808542e+01
-1.419276499537897074e+01
-1.445461660657797687e+01
-1.451982136801527901e+01
-1.438644862501433863e+01
-1.405727017000367240e+01
-1.353970174816013383e+01
-1.284563456133556691e+01
-1.199116062335542665e+01
-1.099619832667186792e+01
-9.884026941366402141e+00
-8.680740926812555713e+00
-7.414636842708423714e+00
-6.115547254320731874e+00
-4.814137298173882584e+00
-3.541180478502911733e+00
-2.326830779556735784e+00
-1.199908291427298046e+00
-1.872152541140676973e-01
6.871012678516494887e-01
1.402124944051944766e+00
1.940670269180392538e+00
2.289695246571094245e+00
2.440616770395070745e+00
2.389521095673982742e+00
2.137264251837262208e+00
1.689459847758350897e+00
1.056354373040438333e+00
2.525927591331811328e-01
-7.031204381606634968e-01
-1.788456397571729362e+00
-2.977983800802540326e+00
-4.243764819611426375e+00
-5.556011356203288010e+00
-6.883786124221454195e+00
-8.195732072072676289e+00
-9.460812952894611882e+00
-1.064904755326463004e+01
-1.173222021344081334e+01
-1.268455080329196960e+01
-1.348330824830635422e+01
-1.410935300785108737e+01
-1.454759556288194844e+01
-1.478735993409951988e+01
-1.482264347815364403e+01
-1.465226664676949575e+01
-1.427990898431295363e+01
-1.371403032236180053e+01
-1.296767884202293786e+01
-1.205819035196091704e+01
-1.100678570903586184e+01
-9.838075727942673154e+00
-8.579485128842009090e+00
-7.260609005219466283e+00
-5.912516911967450106e+00
-4.567020937164993910e+00
-3.255924999752995319e+00
-2.010273087901370381e+00
-8.596142074045447501e-01
1.686985559741671636e-01
1.050158233801965046e+00
1.763687977366522830e+00
2.292144949790918318e+00
2.622732063223500276e+00
2.747307675037570007e+00
2.662585752855092025e+00
2.370221595147757654e+00
1.876780891530015261e+00
1.193592661075494554e+00
3.364893530312560443e-01
-6.745599327571003556e-01
-1.815914611886912944e+00
-3.060815334187840353e+00
-4.380011333923837569e+00
-5.742447704472946057e+00
-7.115996449736264218e+00
-8.468214103056721953e+00
-9.767108048108038787e+00
-1.098189344114618571e+01
-1.208372282649886742e+01
-1.304637115335097519e+01
-1.384685992784762476e+01
-1.446600564676952594e+01
-1.488887942470218384e+01
-1.510516680461964079e+01
-1.510941908346969420e+01
-1.490119003477668969e+01
-1.448505460949800216e+01
-1.387050898081223593e+01
-1.307175410248812319e+01
-1.210736770772149740e+01
-1.099987232057453923e+01
-9.775209322673706680e+00
-8.462131354943538852e+00
-7.091527284597097136e+00
-5.695695584773836195e+00
-4.307583219393299245e+00
-2.960007968856122940e+00
-1.684882552681081336e+00
-5.124588923138642116e-01
5.293895891512878649e-01
1.415830603920261943e+00
2.125664820931456589e+00
2.641832768271253684e+00
2.951824697811753495e+00
3.047983567745081501e+00
2.927693809496213717e+00
2.593451233701976832e+00
2.052812232277910098e+00
1.318223283985498817e+00
4.067346020502551340e-01
-6.603954926941648651e-01
-1.858196295994601677e+00
-3.158568983684222786e+00
-4.530945745079073994e+00
-5.943008325173901873e+00
-7.361449085571726947e+00
-8.752756662085362294e+00
-1.008400768700616368e+01
-1.132364587122885879e+01
-1.244223001050832167e+01
-1.341313318547673816e+01
-1.421317655065488594e+01
-1.482318262763069505e+01
-1.522843489651461546e+01
-1.541903267388885190e+01
-1.539013272335326299e+01
-1.514207170875703667e+01
-1.468036640762706391e+01
-1.401559148702551383e+01
-1.316313753801129138e+01
-1.214285489963673825e+01
-1.097859151188116833e+01
-9.697635554875718711e+00
-8.330075899364070224e+00
-6.908095356618627392e+00
-5.465213328028099227e+00
-4.035495676712832491e+00
-2.652750446229504178e+00
-1.349728415126492997e+00
-1.573473914754099923e-01
8.960413801339273121e-01
1.785327293447037000e+00
2.489238911309730184e+00
2.990852687165787671e+00
3.277999712822676770e+00
3.343560719563074102e+00
3.185642185970653628e+00
2.807629205144408502e+00
2.218113670398848214e+00
1.430699283541154720e+00
4.636878038130936019e-01
-6.603462303330802641e-01
-1.915082427001046028e+00
-3.271070816504583423e+00
-4.696423048225777386e+00
-6.157562286728802015e+00
-7.620014172630662941e+00
-9.049220215872473716e+00
-1.041135443007294370e+01
-1.167412391050278764e+01
-1.280753440806949328e+01
-1.378460275000707824e+01
-1.458199918650768900e+01
-1.518060437296169241e+01
-1.556596769183716233e+01
-1.572865592996043560e+01
-1.566448390187087725e+01
-1.537462138757187624e+01
-1.486557366801034341e+01
-1.414903592530517429e+01
-1.324162475667029604e+01
-1.216449296065746211e+01
-1.094283652286182473e+01
-9.605305289967329685e+00
-8.183331115028551039e+00
-6.710389228619696667e+00
-5.221210192765514790e+00
-3.750960989019143543e+00
-2.334414549771719471e+00
-1.005127344325550176e+00
2.053555294337456871e-01
1.268248917636896955e+00
2.158212083945583615e+00
2.853952808898844395e+00
3.338736715241806152e+00
3.600789637846983027e+00
3.633583366575813045e+00
3.435997832582236455e+00
3.012355718630642443e+00
2.372328483469827276e+00
1.530715828168603743e+00
5.071036268082611542e-01
-6.745917758028472377e-01
-1.986682298944142389e+00
-3.398356841625098657e+00
-6.117842074649864514e+00
