-4.447935978150139746e+00
-3.803954668440808984e+00
-3.279330051840088522e+00
-2.920617398607301407e+00
-2.759731048146296661e+00
-2.811088235500033949e+00
-3.070298313342197272e+00
-3.514518153314849069e+00
-4.104446954922666535e+00
-4.787787932585074735e+00
-5.503873359213866223e+00
-6.189044936547130504e+00
-6.782312858407274270e+00
-7.230790502531846187e+00
-7.494419972449303913e+00
-7.549565281812659734e+00
-7.391149530126895684e+00
-7.033141244748323473e+00
-6.507341786196636946e+00
-5.860577303612164002e+00
-5.150541656347572328e+00
-4.440658165665867685e+00
-3.794417065832350389e+00
-3.269693975841618361e+00
-2.913558093954840889e+00
-2.758036627068066071e+00
-2.817217789892114244e+00
-3.085955913977031617e+00
-3.540299306357369336e+00
-4.139607220828775525e+00
-4.830170464453702905e+00
-5.550014418423899976e+00
-6.234455884278222726e+00
-6.821915957200393343e+00
-7.259466471873283311e+00
-7.507609873777887799e+00
-7.543859828577970106e+00
-7.364796602185648133e+00
-6.986407761638965930e+00
-6.442678864706666175e+00
-5.782556679820083367e+00
-5.065554858988784659e+00
-4.356395508562833641e+00
-3.719168496086836306e+00
-3.211535453320190747e+00
-2.879503023785006555e+00
-2.753239982663172825e+00
-2.844319758409520116e+00
-3.144641875082594851e+00
-3.627134382839634963e+00
-4.248178101289412645e+00
-4.951537066614708493e+00
-5.673442176737384379e+00
-6.348369229961915217e+00
-6.914988093872631580e+00
-7.321742646493236251e+00
-7.531553139439182587e+00
-7.525211017484459752e+00
-7.303154028052503577e+00
-6.885456082720524229e+00
-6.310028532132711199e+00
-5.629192550625370828e+00
-4.904931324395164438e+00
-4.203252044288307232e+00
-3.588170141715177675e+00
-3.115864100995266561e+00
-2.829535085203667588e+00
-2.755442635811104157e+00
-2.900481437109683203e+00
-3.251524148138344117e+00
-3.776594296913781790e+00
-4.427765878899903917e+00
-5.145527916618363840e+00
-5.864217369009859127e+00
-6.518024874124780155e+00
-7.047024059563601561e+00
-7.402671642692324916e+00
-7.552272752493706776e+00
-7.481999663771111031e+00
-7.198183975502286280e+00
-6.726760189931273004e+00
-6.110908217627947892e+00
-5.407107984957594482e+00
-4.679965800355859962e+00
-3.996285904632521646e+00
-3.418931116616430010e+00
-3.001037071041697590e+00
-2.781113191450677924e+00
-2.779482990911022355e+00
-2.996393838056761627e+00
-3.411973145277416464e+00
-3.988038079831978777e+00
-4.671594999039611729e+00
-5.399708641632031458e+00
-6.105294127546748051e+00
-6.723298829917368380e+00
-7.196704231075322866e+00
-7.481793491616489433e+00
-7.552197327343938227e+00
-7.401342837198646052e+00
-7.043076892915186349e+00
-6.510404066510414367e+00
-5.852453298828155681e+00
-5.129951485328664518e+00
-4.409620670920599395e+00
-3.758015725533447871e+00
-3.235371863155799055e+00
-2.890031217536486174e+00
-2.753964817314395574e+00
-2.839805521538589783e+00
-3.139668047025580222e+00
-3.625867008819708914e+00
-4.253468186914227900e+00
-4.964438309833256291e+00
-5.693010281796683891e+00
-6.371767771018156168e+00
-6.937885955389995196e+00
-7.338950274105639160e+00
-7.537813706812508840e+00
-7.516041862507654159e+00
-7.275625816727240291e+00
-6.838803092984155896e+00
-6.246002565816964669e+00
-5.552103089807179259e+00
-4.821352164988646827e+00
-4.121415384203161558e+00
-3.517108194180340597e+00
-3.064391113421308432e+00
-2.805185215504250262e+00
-2.763488651152356201e+00
-2.943154300357258002e+00
-3.327534525162338053e+00
-3.881025754133565542e+00
-4.552369369653041176e+00
-5.279402467523870435e+00
-5.994817648520678333e+00
-6.632397563134498242e+00
-7.133146128487489079e+00
-7.450748214629914656e+00
-7.555852206213305777e+00
-7.438779332118025778e+00
-7.110409813053656158e+00
-6.601165098219098581e+00
-5.958182009255266642e+00
-5.240942082162261428e+00
-4.515762258682703312e+00
-3.849658099376077391e+00
-3.304148178423983673e+00
-2.929573013879158250e+00
-2.760453438430932938e+00
-2.812316312664864704e+00
-3.080279012429867791e+00
-3.539520916143331419e+00
-4.147595361315572937e+00
-4.848365452580549295e+00
-5.577197432420742729e+00
-6.266929881703060090e+00
-6.854066399229187034e+00
-7.284620030840208926e+00
-7.519071224661115771e+00
-7.535984221211796452e+00
-7.333951702380863580e+00
-6.931692538626000655e+00
-6.366298163974646762e+00
-5.689793653679942942e+00
-4.964334236588250349e+00
-4.256482534088926961e+00
-3.631094912451723111e+00
-3.145379477762089593e+00
-2.843670497859004165e+00
-2.753396269801970941e+00
-2.882606133416401928e+00
-3.219277910479841687e+00
-3.732462967240288254e+00
-4.375157532756178469e+00
-5.088631360167773288e+00
-5.807812690691845248e+00
-6.467233745555443392e+00
-7.006992094632077617e+00
-7.378184434106566769e+00
-7.547320131775785867e+00
-7.499317403560100459e+00
-7.238816147928150535e+00
-6.789696068433942244e+00
-6.192852489081385414e+00
-5.502440215900913145e+00
-4.780933575383880196e+00
-4.093455978279958885e+00
-3.501895699663486461e+00
-3.059340611151614819e+00
-2.805332278370141985e+00
-2.762362482518126328e+00
-2.933920234022514340e+00
-3.304255457534552409e+00
-3.839869811989761850e+00
-4.492589758239424746e+00
-5.203936011046677912e+00
-5.910389475454316255e+00
-6.549076664812145232e+00
-7.063363982709991440e+00
-7.407862685981405626e+00
-7.552403220732616163e+00
-7.484633354456946108e+00
-7.211020085639832544e+00
-6.756178984781427310e+00
-6.160604155043248653e+00
-5.477013367424111934e+00
-4.765642972268013366e+00
-4.088916352295963286e+00
-3.505960351972909450e+00
-3.067452320202188609e+00
-2.811246025616496613e+00
-2.759151398784583265e+00
-2.915137848832883627e+00
-3.265103507747136646e+00
-3.778214670199797176e+00
-4.409683152622880797e+00
-5.104726173165073710e+00
-5.803354149770317605e+00
-6.445564748272347266e+00
-6.976491863008225991e+00
-7.351067913404670584e+00
-7.537805385378226752e+00
-7.521384193439159205e+00
-7.303837687586637983e+00
-6.904252426411598975e+00
-6.357024446914142146e+00
-5.708836706741198697e+00
-5.014628386167133023e+00
-4.332908111779731009e+00
-3.720813469393092987e+00
-3.229334743044196543e+00
-2.899100993978306562e+00
-2.757073717903895105e+00
-2.814412457575708792e+00
-3.065675204347851679e+00
-3.489403070271108742e+00
-4.050023215150412526e+00
-4.700895999041930118e+00
-5.388240593002024070e+00
-6.055605068518691070e+00
-6.648507442727088268e+00
-7.118865949154555395e+00
-7.428859965590220327e+00
-7.553915025459911448e+00
-7.484581334347968351e+00
-7.227168533856291432e+00
-6.803102173913515571e+00
-6.247070969322622958e+00
-5.604130051800478185e+00
-4.984023217590547894e+00
-4.492483847369597605e+00
-4.054187383521130172e+00
-3.703714938701420323e+00
-3.468478602531027022e+00
-3.366618767214479391e+00
-3.405656138340118044e+00
-3.581994041713461918e+00
-3.881298288101214133e+00
-4.279712672748562596e+00
-4.745803598619433572e+00
-5.243072262908305525e+00
-5.732831412903551360e+00
-6.177218779393282233e+00
-6.542112500337893266e+00
-6.799725284173176121e+00
-6.930682452557833884e+00
-6.925431797092634234e+00
-6.784886792965502345e+00
-6.520264806041013550e+00
-6.152143792222191543e+00
-5.708819883903732517e+00
-5.224099793727248198e+00
-4.734702409978273074e+00
-4.277470506852021792e+00
-3.886604454633272088e+00
-3.591124706419896562e+00
-3.412749388134937334e+00
-3.364339380770904775e+00
-3.449018668315563030e+00
-3.660025964567069856e+00
-3.981298702364208353e+00
-4.388736482716312004e+00
-4.852041984109596306e+00
-5.336996616862974996e+00
-5.807998671625227871e+00
-6.230675272396781317e+00
-6.574377023989178781e+00
-6.814375726016956847e+00
-6.933609793488578532e+00
-6.923857066121343884e+00
-6.786257765652250029e+00
-6.531158221062252522e+00
-6.177295106732002772e+00
-5.750386798786717435e+00
-5.281239761340801309e+00
-4.803510805146988361e+00
-4.351288448912999485e+00
-3.956667081695234067e+00
-3.647485664693144614e+00
-3.445388696250221372e+00
-3.364342303723638850e+00
-3.409704559829599191e+00
-3.577908967753237413e+00
-3.856776428368297704e+00
-4.226426984990109048e+00
-4.660721290846062459e+00
-5.129125871565831218e+00
-5.598868237157200944e+00
-6.037229527934421469e+00
-6.413814755168674608e+00
-6.702644164260841642e+00
-6.883923389017414962e+00
-6.945373745920166542e+00
-6.883035476946455233e+00
-6.701493733603876457e+00
-6.413517015022654810e+00
-6.039137887362113766e+00
-5.604243411375926520e+00
-5.138775293572509284e+00
-4.674665232933903347e+00
-4.243647647787321731e+00
-3.875098931414820314e+00
-3.594049258732482599e+00
-3.419500082864212587e+00
-3.363158794384517147e+00
-3.428673109634995164e+00
-3.611413607742990806e+00
-3.898815768661632486e+00
-4.271255360384919264e+00
-4.703395565689411306e+00
-5.165913148407107691e+00
-5.627486246521749891e+00
-6.056909619217850427e+00
-6.425195416665773429e+00
-6.707519110268553852e+00
-6.884881195374461527e+00
-6.945374737286806877e+00
-6.884975368341715196e+00
-6.707802276444270184e+00
-6.425833918485348129e+00
-6.058098332826149957e+00
-5.629392652778282269e+00
-5.168617479635634560e+00
-4.706837147508449171e+00
-4.275194964520993679e+00
-3.902822083602036862e+00
-3.614879127394267755e+00
-3.430861038125238238e+00
-3.363278403808390493e+00
-3.416803836773770975e+00
-3.587941401000996677e+00
-3.865242321961857463e+00
-4.230054689233184284e+00
-4.657759988265604889e+00
-5.119416322477830406e+00
-5.583700530737318424e+00
-6.019020699999857449e+00
-6.395658193772828959e+00
-6.687795172658224985e+00
-6.875289991276288148e+00
-6.945078512932258974e+00
-6.892103373706038205e+00
-6.719704071705512760e+00
-6.439436497867307096e+00
-6.070328846214654739e+00
-5.637619214912216847e+00
-5.171056055279988684e+00
-4.702873484197846565e+00
-4.265577172229537695e+00
-3.889691319602774477e+00
-3.601621964176841217e+00
-3.421786016669623010e+00
-3.363139184456319875e+00
-3.430210235655347883e+00
-3.618715449860932409e+00
-3.915787760980494525e+00
-4.300812629267777965e+00
-4.746819972516462371e+00
-5.222341517947782563e+00
-5.693608568635093903e+00
-6.126938955131874032e+00
-6.491145902409861890e+00
-6.759797058354387822e+00
-6.913159595868593854e+00
-6.939686861907656379e+00
-6.836932393803954788e+00
-6.611816343073102509e+00
-6.280214834711593141e+00
-5.865891414295770545e+00
-5.398838046780531919e+00
-4.913137602607713816e+00
-4.444497047627590902e+00
-4.027627719537619555e+00
-3.693663857183810517e+00
-3.467811527642008507e+00
-3.367406826437763456e+00
-3.400535311500580526e+00
-3.565325711597539637e+00
-3.849982615587837831e+00
-4.233568479311870192e+00
-4.687488823236058089e+00
-5.177580159785246217e+00
-5.666652179678723478e+00
-6.117297886582254485e+00
-6.494760886678821343e+00
-6.769640175745927024e+00
-6.920220648105733119e+00
-6.934242043944347955e+00
-6.809958721028775308e+00
-6.556394818557408577e+00
-6.192760341937198376e+00
-5.747058892832236587e+00
-5.253982172159203046e+00
-4.752244868044090964e+00
-4.281561284436815384e+00
-3.879497949545485547e+00
-3.578451405517244055e+00
-3.402995704712641789e+00
-3.367819637861298787e+00
-3.476430811758435269e+00
-3.720745339732674406e+00
-4.081612425328717819e+00
-4.530247878601869616e+00
-5.030475621697922506e+00
-5.541607704125624423e+00
-6.021737109954296230e+00
-6.431178714224887294e+00
-6.735775863347675418e+00
-6.909795298654708873e+00
-6.938161719631210644e+00
-6.817833437889285975e+00
-6.558188667491591239e+00
-6.180372757576446219e+00
-5.715643582295983904e+00
-5.202838117100919035e+00
-4.685160577547597072e+00
-4.206554509430160849e+00
-3.807962145933884379e+00
-3.523790091440071492e+00
-3.378888922091766389e+00
-3.386315892777573389e+00
-3.546087255798680005e+00
-3.845044583791149773e+00
-4.257864655379384189e+00
-4.749142929770882482e+00
-5.276385074217016857e+00
-5.793657976293631329e+00
-6.255588854577462499e+00
-6.621364566066594293e+00
-6.858376895399471707e+00
-6.945184789057063490e+00
-6.873519652247188638e+00
-6.649140691675489379e+00
-6.291447155659769308e+00
-5.831864584514370620e+00
-5.311133061737184136e+00
-4.775726870191800089e+00
-4.273717443550067330e+00
-3.850447104978822921e+00
-3.544404129722842356e+00
-3.383677354570566287e+00
-3.383321291435371414e+00
-3.543884143408919662e+00
-3.851247922159435344e+00
-4.277811123164642737e+00
-4.784920878603529992e+00
-5.326344604398919991e+00
-5.852471932515983966e+00
-6.314865780688208474e+00
-6.670743988682130698e+00
-6.886974154160746764e+00
-6.943204666240438527e+00
-6.833831291409317110e+00
-6.568604367736916139e+00
-6.171807151426603966e+00
-5.680069525480980985e+00
-5.139010539131869670e+00
-4.599015732177406335e+00
-4.110539957781042197e+00
-3.719374993799285711e+00
-3.462328524853982792e+00
-3.363725887146056692e+00
-3.433071177457921674e+00
-3.664096679548525692e+00
-4.035299057401795508e+00
-4.511919737203017533e+00
-5.049188836981765682e+00
-5.596530246967065025e+00
-6.102331905151716640e+00
-6.518829210167579546e+00
-6.806636560911488054e+00
-6.938493745777247312e+00
-6.901867515890002913e+00
-6.700157255224302943e+00
-6.352386841111327342e+00
-5.891409750112907240e+00
-5.360797176685056620e+00
-4.810705532760689351e+00
-4.293117856372712815e+00
-3.359214736833676440e+00
-2.925202019301952117e+00
-2.701574538225303801e+00
-2.709254885613749053e+00
-2.947296439751056152e+00
-3.393021118563896543e+00
-4.004218121050079127e+00
-4.723186507355200625e+00
-5.482229022977107569e+00
-6.210067854459781600e+00
-6.838568026572813707e+00
-7.309128786471466910e+00
-7.578139561750596442e+00
-7.620990893707748626e+00
-7.434272529018745246e+00
-7.035966426852215072e+00
-6.463634503672380127e+00
-5.770790806432498421e+00
-5.021817252378698804e+00
-4.285915118754349606e+00
-3.630668898180995807e+00
-3.115827646588753996e+00
-2.787879758168591682e+00
-2.675914018599780952e+00
-2.789131736605839240e+00
-3.116214790796910439e+00
-3.626578382598837358e+00
-4.273362158947912270e+00
-4.997855662354705686e+00
-5.734928203511137745e+00
-6.418950244436558705e+00
-6.989659869193490138e+00
-7.397445670095828874e+00
-7.607583265326032240e+00
-7.603069133153926629e+00
-7.385831382985578841e+00
-6.976248991828155610e+00
-6.411064413374621296e+00
-5.739915211148764129e+00
-5.020826083619088109e+00
-4.315083748978981504e+00
-3.681957633590796419e+00
-3.173727137847895285e+00
-2.831433402270112865e+00
-2.681695547928679701e+00
-2.734826825121635885e+00
-2.984365470568290934e+00
-3.408009768115456417e+00
-3.969828082352246046e+00
-4.623512553725293017e+00
-5.316367741070794573e+00
-5.993678168093365066e+00
-6.603083905607904924e+00
-7.098610436024936021e+00
-7.444044781634622687e+00
-7.615418637981935746e+00
-7.602443815377311509e+00
-7.408837555637646233e+00
-7.051567054102241272e+00
-6.559126195621224120e+00
-5.969026756952851898e+00
-5.324736472815915000e+00
-4.672324699180326668e+00
-4.057082253551913098e+00
-3.520366603637202996e+00
-3.096889523793290078e+00
-2.812616413528826520e+00
-2.683396175343930157e+00
-2.714368857884440711e+00
-2.900136181113190492e+00
-3.225627964201017939e+00
-3.667553575095046092e+00
-4.196295991622796429e+00
-4.778087980649004862e+00
-5.377305139793355337e+00
-5.958717958438972673e+00
-6.489562698872583191e+00
-6.941316298929358197e+00
-7.291090914544552604e+00
-7.522596400704141928e+00
-7.626651419993532244e+00
-7.601253783625983473e+00
-7.451246362591454897e+00
-7.187635282357552668e+00
-6.826631498843234169e+00
-6.388495114542296349e+00
-5.896264234245579772e+00
-5.374447426681271622e+00
-4.847751842619871354e+00
-4.339908775824937948e+00
-3.872646024276532373e+00
-3.464842867264013471e+00
-3.131889775010938681e+00
-2.885261924785720744e+00
-2.732303853685659867e+00
-2.676212594113819065e+00
-2.716198694784115464e+00
-2.847798744174210306e+00
-3.063309358103367241e+00
-3.352310926327805696e+00
-3.702249506253515676e+00
-4.099046819498251892e+00
-4.527711033438299282e+00
-4.972924572892805095e+00
-5.419589297409989292e+00
-5.853313715450877197e+00
-6.260831244111860983e+00
-6.630342661561802409e+00
-6.951779684730781561e+00
-7.216989927776250369e+00
-7.419846290306322700e+00
-7.556286058339475531e+00
-7.624286677042775295e+00
-7.623786299109511333e+00
-7.556557871784257863e+00
-7.426045757551667847e+00
-7.237173754518696711e+00
-6.996132961706468478e+00
-6.710157290269368247e+00
-6.387293618862768696e+00
-6.036172689035006478e+00
-5.665785886531923943e+00
-5.285272100821615915e+00
-4.903717933945500818e+00
-4.529973669072090203e+00
-4.172486629621507959e+00
-3.839152875663438991e+00
-3.537187603816352777e+00
-3.273014143597126946e+00
-3.052171076632325342e+00
-2.879236741793679055e+00
-2.757770223298273926e+00
-2.690267842576937962e+00
-2.678134179615138333e+00
-2.721666726140560044e+00
-2.820053411675364607e+00
-2.971382433998297490e+00
-3.172664057619439149e+00
-3.419864306732520731e+00
-3.707950761471779710e+00
-4.030950955971942307e+00
-4.382024160233537025e+00
-4.753547589921495842e+00
-5.137218311515755254e+00
-5.524172274503809099e+00
-5.905121984162954973e+00
-6.270514300983362155e+00
-6.610709685276414227e+00
-6.916183863737602522e+00
-7.177752341423563109e+00
-7.386817378602593465e+00
-7.535635958186405858e+00
-7.617605849938382079e+00
-7.627565103657154566e+00
-7.562098159379285534e+00
-7.419839253149732805e+00
-7.201760956736578123e+00
-6.911432594497557425e+00
-6.555230059955987620e+00
-6.142475405689553192e+00
-5.685481781527956358e+00
-5.199477219882421508e+00
-4.702379886478252224e+00
-4.214398303790845013e+00
-3.757433374943214499e+00
-3.354265506268490071e+00
-3.027520466421990797e+00
-2.798422461169924436e+00
-2.685362665904615920e+00
-2.702336183996128405e+00
-2.857329544587830839e+00
-3.150773052304303157e+00
-3.574205118280778137e+00
-4.109325413444169683e+00
-4.727634716085066913e+00
-5.390797762808040794e+00
-6.051943534238879430e+00
-6.658389817357367235e+00
-7.155796937129964341e+00
-7.493549313173292425e+00
-7.630896584662033355e+00
-7.543079915975676286e+00
-7.226323280061448528e+00
-6.700774711825672192e+00
-6.010812064349789097e+00
-5.222297427527551328e+00
-4.416742223847331061e+00
-3.682797614045166590e+00
-3.105937702524236066e+00
-2.757580231601117315e+00
-2.685117571284001858e+00
-2.904352904889524467e+00
-3.395624812442270990e+00
-4.104467993953698546e+00
-4.947048805917594549e+00
-5.819916753178038249e+00
-6.612934937267354485e+00
-7.223706629885510822e+00
-7.571499667259416810e+00
-7.608649949481206320e+00
-7.327717982240850247e+00
-6.763244040760524101e+00
-5.987715959340075500e+00
-5.102211246809615908e+00
-4.222968902497913568e+00
-3.465759525432395183e+00
-2.930257113138933445e+00
-2.686619456767252334e+00
-2.766157067345726084e+00
-3.157366801401402245e+00
-3.807822482140589937e+00
-4.631573610699033949e+00
-5.520932867045134529e+00
-6.360946238512894979e+00
-7.044516360260335119e+00
-7.486126446720668071e+00
-7.632378572243119663e+00
-7.468063103667340386e+00
-7.017131278878861345e+00
-6.338649118862590193e+00
-5.518466612024915285e+00
-4.657854633236166997e+00
-3.860682606072381340e+00
-3.220804168184253413e+00
-2.811191149555259727e+00
-2.676042543444813404e+00
-2.826651027841947439e+00
-3.241302894372550814e+00
-3.868987199835904001e+00
-4.636257824712108899e+00
-5.456274113371673451e+00
-6.238868919040743144e+00
-6.900463985246377163e+00
-7.372759935449149538e+00
-7.609345277458144707e+00
-7.589659733513552275e+00
-7.320071815482343425e+00
-6.832149981258030635e+00
-6.178487480704468737e+00
-5.426658092497366859e+00
-4.652018286779247447e+00
-3.930125964892809520e+00
-3.329521012364144994e+00
-2.905519976092464596e+00
-2.695532815261158177e+00
-2.716233085473295006e+00
-2.962723670904643392e+00
-3.409656314995296533e+00
-4.014099798700202726e+00
-4.719819930696864674e+00
-5.486052467395079901e+00
-6.253605711786342169e+00
-6.921489221990940521e+00
-7.431326470389945094e+00
-7.739032474745739520e+00
-7.818349255232529771e+00
-7.662912702731941472e+00
-7.286719530097890640e+00
-6.722915352156210389e+00
-6.020978294536782016e+00
-5.242503921563130831e+00
-4.455917359794386634e+00
-3.730539414577384694e+00
-3.130504610296505064e+00
-2.709061131059469663e+00
-2.503768567053669791e+00
-2.533057948121265390e+00
-2.794529926813624332e+00
-3.265136510080139054e+00
-3.903218069970180615e+00
-4.652210996902505613e+00
-5.445689891675201899e+00
-6.213288195407143277e+00
-6.886963496653176975e+00
-7.407045121557317202e+00
-7.727524074123079956e+00
-7.820116303519641043e+00
-7.676742623551778166e+00
-7.310211764194184170e+00
-6.753053794520013753e+00
-6.054615823639387884e+00
-5.276686351709213518e+00
-4.488031012674704279e+00
-3.758319529626393596e+00
-3.151979438549966872e+00
-2.722517430941755912e+00
-2.507807465304479511e+00
-2.526759381104671576e+00
-2.777660129470923778e+00
-3.238332582069461285e+00
-3.868097088524830696e+00
-4.611362520850463831e+00
-5.402530349775376273e+00
-6.171779892402682322e+00
-6.851225377169314790e+00
-7.380902701854564540e+00
-7.714058612991419039e+00
-7.821276239705801103e+00
-7.693073135652397809e+00
-7.340742278599856618e+00
-6.795361079976904861e+00
-6.105054796826983043e+00
-5.330754632463105658e+00
-4.540823705895132179e+00
-3.805024232289952124e+00
-3.188357813923941020e+00
-2.745322465875583706e+00
-2.515093781327844447e+00
-2.518056590555064034e+00
-2.753994659836414893e+00
-3.202099834486308083e+00
-3.822801414509386930e+00
-4.561255631238008590e+00
-5.352188097661660926e+00
-6.125662064266950146e+00
-6.813262900797629307e+00
-7.354151809278551610e+00
-7.700452751573733323e+00
-7.821495059530271021e+00
-7.706535085179408107e+00
-7.365714665608712686e+00
-6.829170248969726131e+00
-6.144370433157304134e+00
-5.371916861601756743e+00
-4.580179924914896006e+00
-3.839244371436330017e+00
-3.214701475471893666e+00
-2.761838325236746439e+00
-2.520739784185144661e+00
-2.512737818584095617e+00
-2.738523331721305354e+00
-3.178088020558776705e+00
-3.792501208201414453e+00
-4.527363583099803357e+00
-5.317630821462945967e+00
-6.093378461206222951e+00
-6.785995973408083692e+00
-7.334260254975506044e+00
-7.689749567015409681e+00
-7.821117767629545803e+00
-7.716851647146862447e+00
-7.386269273082889164e+00
-6.858673727266381803e+00
-6.180740395382379404e+00
-5.412372401225802321e+00
-4.621393972282834106e+00
-3.877553528791239046e+00
-3.246368153854796823e+00
-2.783353661365090215e+00
-2.529148793771368808e+00
-2.505961507189957693e+00
-2.715647162565275607e+00
-3.139583363255938231e+00
-3.740347122711609629e+00
-4.465041143991014039e+00
-5.249971289502894933e+00
-6.026259523889406999e+00
-6.725895982537606343e+00
-7.287697265416887227e+00
-7.662648559861260367e+00
-7.818163565871119935e+00
-7.740893208013800653e+00
-7.437842999291943258e+00
-6.935708160219554941e+00
-6.278491967443240007e+00
-5.523622555243239418e+00
-4.736913446505917946e+00
-3.986812198048802269e+00
-3.338441255475547376e+00
-2.847950485231145912e+00
-2.557670861448190003e+00
-2.492486377460858549e+00
-2.657733047647896196e+00
-3.038799549688211421e+00
-3.602455505905608923e+00
-4.299783625389762776e+00
-5.070453927594573251e+00
-5.847963905821069730e+00
-6.565387470487381805e+00
-7.161134565043104416e+00
-7.584225670010962261e+00
-7.798630431983009537e+00
-7.786303123927474701e+00
-7.548662037541692627e+00
-7.106395116195636241e+00
-6.497618358499291702e+00
-5.774554303837443392e+00
-4.999023222079613582e+00
-4.237138891128446438e+00
-3.553665820372645889e+00
-3.006520246898111370e+00
-2.641881405333585064e+00
-2.490324203296487848e+00
-2.564294622898490861e+00
-2.857132887942366750e+00
-3.343716818505062527e+00
-3.982660242801018047e+00
-4.719870541135627207e+00
-5.493156341948376209e+00
-6.237490431525642975e+00
-6.890481036020379868e+00
-7.397590793014114929e+00
-7.716667704502970793e+00
-7.821413636532106750e+00
-7.703507969230516395e+00
-7.373218760228530400e+00
-6.858461417597606413e+00
-6.202394585383183667e+00
-5.459763887964147244e+00
-4.692306388975152842e+00
-3.963603812909884283e+00
-3.333814821255562055e+00
-2.854722809880863910e+00
-2.565505710139575068e+00
-2.489571036058902731e+00
-2.632708537212683275e+00
-2.982702111014924551e+00
-3.510421447638530701e+00
-4.172292310158847606e+00
-4.913932372173658969e+00
-5.674646203101190167e+00
-6.392405714513623494e+00
-7.008906333620318563e+00
-7.474286905353773491e+00
-7.751132605772497186e+00
-7.817442012774906246e+00
-7.668326517604017845e+00
-7.316315098155097729e+00
-6.790251400973914109e+00
-6.132883770504739651e+00
-5.397353151608556665e+00
-4.642870395069900624e+00
-3.929936679717027648e+00
-3.315493853758197051e+00
-2.848393220018727412e+00
-2.565541919619614752e+00
-2.489028364062828569e+00
-2.624447106582978417e+00
-2.960545898095491513e+00
-3.470211428536014608e+00
-4.112703961999805813e+00
-4.836953160150687658e+00
-5.585645488183653917e+00
-6.299773964380091407e+00
-6.923288047919440302e+00
-7.407477391035153680e+00
-7.714747933560556881e+00
-7.821500050372053536e+00
-7.719891794555700848e+00
-7.418359668356787395e+00
-6.940867596118145855e+00
-6.324954086136184372e+00
-5.618740207746622417e+00
-4.877139872619942196e+00
-4.157573073189439583e+00
-3.515517894450566505e+00
-3.000245901082191580e+00
-2.651067607795297043e+00
-2.494371926542781726e+00
-2.541679398939410195e+00
-2.788848890786215229e+00
-3.216487619397630393e+00
-3.791521912799485694e+00
-4.469798062481284084e+00
-5.199505674499719454e+00
-5.925155741726095826e+00
-6.591806579235930386e+00
-7.149215439642995662e+00
-7.555602866942342288e+00
-7.780749596574782601e+00
-7.808199249413690701e+00
-7.636409869157099628e+00
-7.278778028120465038e+00
-6.762544562167336792e+00
-6.126674531949534597e+00
-5.418879527316705413e+00
-4.692012419604719042e+00
-4.000108708207487318e+00
-3.394371698249904590e+00
-2.919399486606447436e+00
-2.609930405592501224e+00
-2.488342087347731990e+00
-2.563081033863325420e+00
-2.828129055531713121e+00
-3.263535546820430788e+00
-3.836966086671496523e+00
-4.506144050350556540e+00
-5.221998124856168211e+00
-5.932279336008511983e+00
-6.585379791263813232e+00
-7.134073828489841951e+00
-7.538911168235840066e+00
-7.771020036340973824e+00
-7.814123703778433239e+00
-7.665632934369805085e+00
-7.336744974398146546e+00
-6.851551919162750082e+00
-6.245232303688347031e+00
-5.561464517621181436e+00
-4.918978746461468710e+00
