4.048404666302067412e+00
4.528175908818030670e+00
4.994678509628743157e+00
5.441249151106774207e+00
5.861478611901689284e+00
6.249304557660927628e+00
6.599100044952178834e+00
6.905756448752366161e+00
7.164759593075094024e+00
7.372257951070441351e+00
7.525121884123505467e+00
7.620993007750939796e+00
7.658322903890179667e+00
7.636400542751522025e+00
7.555367930853841507e+00
7.416223663150469214e+00
7.220814224123185632e+00
6.971813053150068384e+00
6.672687561056403815e+00
6.327654455234450026e+00
5.941623897772743135e+00
5.520133182410940975e+00
5.069270769638704266e+00
4.595591662786488563e+00
4.106025239529967230e+00
3.607776771008273098e+00
3.108223963064808526e+00
2.614809939468045741e+00
2.134934154072326784e+00
1.675842766666964856e+00
1.244520044899897204e+00
8.475823615548385703e-01
4.911763422635275766e-01
1.808826833557635183e-01
-7.837289684474546547e-02
-2.824001869605146098e-01
-4.278152023294747863e-01
-5.120999221085762443e-01
-5.336500039715268429e-01
-4.918095868694116746e-01
-3.868924573834986447e-01
-2.201890333076392814e-01
6.041192735739109310e-03
2.885919087723025633e-01
6.233468925009160166e-01
1.005331319480306629e+00
1.428777005607509309e+00
1.887200909508637725e+00
2.373496014594668857e+00
2.880033511010990477e+00
3.398775007236177981e+00
3.921393322350575250e+00
4.439400245640891640e+00
4.944279502800974058e+00
5.427623040001211763e+00
5.881268630870716052e+00
6.297436729156285828e+00
6.668864433496162647e+00
6.988934402172655602e+00
7.251796556447648534e+00
7.452480442437252606e+00
7.586996184455014003e+00
7.652422058038367503e+00
7.646976838819154132e+00
7.570075243984615732e+00
7.422364975885757943e+00
7.205744101551294634e+00
6.923357756182650036e+00
6.579573441400224709e+00
6.179934497862584308e+00
5.731091664167724531e+00
5.240712986434892251e+00
4.717372711898235593e+00
4.170420180932044474e+00
3.609830120353752836e+00
3.046036131273318404e+00
2.489749551326227994e+00
1.951766247502137785e+00
1.442764255172777066e+00
9.730955141283237353e-01
5.525752559001091413e-01
1.902728605496886161e-01
-1.056917825800112176e-01
-3.283422150261245953e-01
-4.720253582673130666e-01
-5.325731543916933930e-01
-5.074416349051213970e-01
-3.958232941003503313e-01
-1.987288755363549875e-01
8.096499027113246427e-02
4.385054279527733634e-01
8.672928355691746916e-01
1.358952236568560679e+00
1.903447681329583974e+00
2.489240073961047628e+00
3.103487867923766075e+00
3.732289059912428986e+00
4.360961828467293522e+00
4.974360028732417227e+00
5.557218588162824879e+00
6.094522674219494007e+00
6.571893352515933984e+00
6.975981354674522628e+00
7.294859565132489898e+00
7.518403954385931343e+00
7.638651974462186800e+00
7.650126934495005138e+00
7.550116634814489913e+00
7.338894664490483777e+00
7.019874528741050668e+00
6.599686444325318924e+00
6.088164850818024831e+00
5.498238072150401834e+00
4.845714113241958110e+00
4.148959389610611836e+00
3.428470524423587573e+00
2.706343152511005101e+00
2.005645863439165399e+00
1.349711882822483666e+00
7.613656867810694173e-01
2.621062908484725895e-01
-1.287267557847697752e-01
-3.947748392927130645e-01
-5.234363205793570728e-01
-5.065621875604655600e-01
-3.410355495506331991e-01
-2.919987654760358708e-02
4.208967518391162344e-01
9.954699235372390653e-01
1.675202117001729052e+00
2.435695266762698985e+00
3.248177251822189859e+00
4.080455508610478788e+00
4.898098386808968030e+00
5.665811564044554771e+00
6.348963423651571958e+00
6.915200497213631614e+00
7.336082684794518194e+00
7.588658846244231704e+00
7.656897369078388138e+00
7.532884277527450934e+00
7.217704060611946915e+00
6.721926197735509589e+00
6.065633640975473639e+00
5.277948263454521616e+00
4.396032135845343802e+00
3.463571686627335833e+00
2.528783163434839665e+00
1.642010769119510938e+00
8.530214645848124277e-01
2.081304966941863732e-01
-2.526831599785928084e-01
-4.984944702403737438e-01
-5.097979433309420827e-01
-2.803393105048135325e-01
1.817524350191668248e-01
8.536687401624063476e-01
1.698554305615118887e+00
2.667107886471113520e+00
3.700126184183569755e+00
4.731896460081413736e+00
5.694272875217508911e+00
6.521205094206131037e+00
7.153431127239815446e+00
7.543005488993681951e+00
7.657313819426575741e+00
7.482230431930759984e+00
7.024108589532341185e+00
6.310355409350046685e+00
5.388432523393348994e+00
4.323235744859054819e+00
3.192935164217005628e+00
2.083492127154338736e+00
1.082200370384422516e+00
2.707130677111138084e-01
-2.818965675450377795e-01
-5.254473318897101564e-01
-4.337434032651552585e-01
-7.914137251099795378e-03
7.224233665419137473e-01
1.700440916094462018e+00
2.845874890781170397e+00
4.061133132355442932e+00
5.239331853438437214e+00
6.273644577116774812e+00
7.067168471351632952e+00
7.542399026953644281e+00
7.649370046801775125e+00
7.371574195306815014e+00
6.728933267720051958e+00
5.777330358106696373e+00
4.604531326818200654e+00
3.322683725260733301e+00
2.057953028382846661e+00
9.381991137346288312e-01
7.986988416530316215e-02
-4.245431800614443141e-01
-5.171095687298334909e-01
-1.818639599733624657e-01
5.519819391557225785e-01
1.611610323516564636e+00
2.887041489316727549e+00
4.241993773533641487e+00
5.528166192761970521e+00
6.601492529536779230e+00
7.338596007479715411e+00
7.651542495993863824e+00
7.499078278754067739e+00
6.892852029608013353e+00
5.897638177158526673e+00
4.625251087969283859e+00
3.222593454622345810e+00
1.855028532779791961e+00
6.869089162001897897e-01
-1.384551563950702224e-01
-5.169185255540833523e-01
-3.973645175833824261e-01
2.106124826467592470e-01
1.236425020160353938e+00
2.555932065777732021e+00
4.005932888297162542e+00
5.404097740241560643e+00
6.571935000932759507e+00
7.357894424886291418e+00
7.657572147256199280e+00
7.428252527113468062e+00
6.695678180294017068e+00
5.551911058694675383e+00
4.144314427035743265e+00
2.656894525265601548e+00
1.286324412258254668e+00
2.157735595263026163e-01
-4.099391124340527881e-01
-5.044353714127378652e-01
-5.224602426601254734e-02
8.882189089518699454e-01
2.191793133190529375e+00
3.682965149869708910e+00
5.159451764927870165e+00
6.419759273083167628e+00
7.290938628632922303e+00
7.652651917863368070e+00
7.454132290108509196e+00
6.721574281785025917e+00
5.554831777946111160e+00
4.113840686432506999e+00
2.596632974921242898e+00
1.211998242249492819e+00
1.506079037332046511e-01
-4.413657613326362750e-01
-1.238005703575734806e+00
-6.264202125959217327e-01
5.611297213622075120e-01
2.161043258874284057e+00
3.953159032652040494e+00
5.691148781602368700e+00
7.136429870851256574e+00
8.090913071370067655e+00
8.424091250879111925e+00
8.090780132862096963e+00
7.137125996928249450e+00
5.694112821565989080e+00
3.959509992222035368e+00
2.170774267030477489e+00
5.725958975802201145e-01
-6.165094905925103674e-01
-1.234016381101386450e+00
-1.195557228846318765e+00
-5.064267035717477938e-01
7.391452635034418961e-01
2.370856605633349545e+00
4.165585429207235180e+00
5.877867328530610003e+00
7.273444287175698797e+00
8.161306304808885415e+00
8.419845028464017389e+00
8.013535500215219542e+00
6.997850960820031219e+00
5.511721988742221967e+00
3.758554697012557178e+00
1.978395655612813497e+00
4.150591629016870954e-01
-7.172786404559508000e-01
-1.263438864289897268e+00
-1.148524322667638486e+00
-3.882068976214418932e-01
9.133975106672376221e-01
2.577979629494139502e+00
4.377462704439223806e+00
6.065256784171712212e+00
7.410056906824083356e+00
8.227550768808921333e+00
8.405687407575882730e+00
7.920041099792306305e+00
6.837162962398951827e+00
5.305460235415742076e+00
3.534853815243415909e+00
1.768003551647009619e+00
2.470469769117094039e-01
-8.195880580245997749e-01
-1.285747134735561126e+00
-1.087574405629266217e+00
-2.522555202664533702e-01
1.105717993027761192e+00
2.800248404253239620e+00
4.599141302350674643e+00
6.255926877998032154e+00
7.543630970761882715e+00
8.285868102386018563e+00
8.380997203705174314e+00
7.816032675672405894e+00
6.668408067785367876e+00
5.095354329853274855e+00
3.312351120135488269e+00
1.563605648160460326e+00
8.860422843825688233e-02
-9.106820048352730623e-01
-1.297447036912381613e+00
-1.018771339631648232e+00
-1.128541185562412785e-01
1.296230479720193784e+00
3.015532089160225748e+00
4.809648029508590383e+00
6.432953373793125706e+00
7.663224981244384004e+00
8.332058106812464615e+00
8.347913210307275733e+00
7.708639788797244208e+00
6.501764491704586035e+00
4.892505329864704322e+00
3.101153367253373538e+00
1.372918110439959261e+00
-5.563612626769787184e-02
-9.889693342360983408e-01
-1.299329148298205894e+00
-9.442357823240623560e-01
2.770427189742541429e-02
1.483451395825444052e+00
3.223742345602089721e+00
5.010364044410293261e+00
6.598759019423377836e+00
7.771500004783677973e+00
8.368052065415888308e+00
8.306748455555283073e+00
7.595971869342215577e+00
6.333010014366296403e+00
4.690741407667999852e+00
2.893973093559218945e+00
1.188668610469910014e+00
-1.917219470686264415e-01
-1.058220834854979309e+00
-1.292195376655634220e+00
-8.616020776682065119e-01
1.746224839240260174e-01
1.674626083523751419e+00
3.433057530320574813e+00
5.209178178425365680e+00
6.759820130460056475e+00
7.872679025796831098e+00
8.395382952728295933e+00
8.256356954090733780e+00
7.474625878771948173e+00
6.157212719249653965e+00
4.484487984950887629e+00
2.685475515607060437e+00
1.006495505585998096e+00
-3.225619677095790117e-01
-1.119714931383162693e+00
-1.275808690576629267e+00
-7.694637572509366308e-01
3.299946683987462492e-01
1.872027234558246267e+00
3.645491863047020775e+00
5.407554055541268667e+00
6.916937567705969236e+00
7.966962456221800437e+00
8.413846476588396683e+00
8.196394294199382813e+00
7.344378185978161611e+00
5.974462389738499191e+00
4.274228964094365146e+00
2.476492376084432401e+00
8.274199087522635665e-01
-4.471767450929045040e-01
-1.172762837521628576e+00
-1.249980593225662240e+00
-6.682550689336004268e-01
4.927573714034823027e-01
2.074076395077155688e+00
3.859167309871989637e+00
5.603591942976909657e+00
7.068480538611552788e+00
8.053241176080632613e+00
8.423027619190534665e+00
8.127204275406036516e+00
7.206279776402358728e+00
5.786359765286048784e+00
4.061878551076219424e+00
2.268974328901379955e+00
6.531538749679635103e-01
-5.643254337122618480e-01
-1.216752824164886171e+00
-1.214791883518745230e+00
-5.587130630849106439e-01
6.616439868089387666e-01
2.279172951912313394e+00
4.072383497056534019e+00
5.795730522155992048e+00
7.213236908599725439e+00
8.130805722042833139e+00
8.422797373514747221e+00
8.049232624228702448e+00
7.061265991335307746e+00
5.594180284753965893e+00
3.848861736833058433e+00
2.064292498263428310e+00
4.848271897051033008e-01
-6.732656809336461379e-01
-1.251416067840330548e+00
-1.170463890520430539e+00
-4.414969995409423476e-01
8.356681592608334874e-01
2.486154897412044207e+00
4.283971887525598987e+00
5.982957107705602517e+00
7.350483069586987384e+00
8.199308300506366720e+00
8.413213984664810852e+00
7.962915718579090196e+00
6.910071956014983918e+00
5.398840565601218167e+00
3.636139833361549556e+00
1.863316777100508137e+00
3.231020581003338776e-01
-7.736239803863753650e-01
-1.276703874502554292e+00
-1.117261187146124435e+00
-3.171296951826243493e-01
1.014137144399029467e+00
2.694266747170651399e+00
4.493223950441167069e+00
6.164706484738146308e+00
7.479867117866165316e+00
8.258645466451318029e+00
8.394419839816755768e+00
7.868604136191720499e+00
6.753191508917140595e+00
5.200896764962125829e+00
3.424247310176844472e+00
1.666485465615484829e+00
1.682660109806137783e-01
-8.652916006483790667e-01
-1.292685554849129836e+00
-1.055403909795324502e+00
-1.859346783168018824e-01
1.196682725778860590e+00
2.903155486741466618e+00
4.699853398221712553e+00
6.340794730984949723e+00
7.601322854872867296e+00
8.308863093001518152e+00
8.366549064298160587e+00
7.766484006482859748e+00
6.590821609265615777e+00
5.000518453383700823e+00
3.213297951123825769e+00
1.473842657009859725e+00
2.029576679833411390e-02
-9.483421035661665499e-01
-1.299457339165510206e+00
-9.849790627161008061e-01
-4.796056473705379020e-02
1.383314643054250226e+00
3.112895305679513669e+00
4.903989121897766701e+00
6.511381024246400528e+00
7.715004862109920758e+00
8.350072352263865127e+00
8.329634426355891463e+00
7.656486084701773720e+00
6.422784750765838879e+00
4.797434157522339149e+00
3.002960746624806720e+00
1.285048164965416628e+00
-1.210993014583330307e-01
-1.022959246038696257e+00
-1.297050692636776859e+00
-9.058415787526046259e-01
9.711095591438967389e-02
1.574491607635577717e+00
3.324025936979776219e+00
5.106173875801355067e+00
6.676926305117177662e+00
7.821214445267904658e+00
8.382357707054350016e+00
8.283517867000700363e+00
7.538221749223705359e+00
6.248511219961032204e+00
4.590973334235568970e+00
2.792562978971633303e+00
7.671792091390141621e-01
-7.716339506686216154e-01
-1.717030463130382323e+00
-1.939551728223813498e+00
-1.408720189624521169e+00
-1.972151524178884507e-01
1.529076741133818640e+00
3.533774531865383040e+00
5.542369788533806130e+00
7.279815504160790596e+00
8.508189965880539773e+00
9.059278004531357453e+00
8.857607790166287742e+00
7.930788143838844562e+00
6.405730267944306888e+00
4.491270750115721633e+00
2.449574974456709242e+00
5.602366432083543124e-01
-9.180104769871642034e-01
-1.782725254698426021e+00
-1.915483842758878730e+00
-1.298099179890117583e+00
-1.511371425762142451e-02
1.757776483372923026e+00
3.777781347284426605e+00
5.768265578662868265e+00
7.456633332843229489e+00
8.611660552924139012e+00
9.075162141064648580e+00
8.783656867091186982e+00
7.777062651515579184e+00
6.193231052682372173e+00
4.249069182761356700e+00
2.210834257606760112e+00
3.576689494768925393e-01
-1.056628464702634496e+00
-1.838363305693333061e+00
-1.880472438715454331e+00
-1.177187641307302357e+00
1.751739968368677403e-01
1.991400996433860815e+00
4.022753189182843414e+00
5.991028166576938929e+00
7.626662768669030257e+00
8.705651257330316639e+00
9.080223899900055073e+00
8.699084299145804167e+00
7.614433887709204818e+00
5.974821680361388054e+00
4.004798774348039103e+00
1.974164296800687834e+00
1.610149931834246040e-01
-1.186340804156529316e+00
-1.883388698570731989e+00
-1.834676139682130724e+00
-1.046882465302503284e+00
3.720984678150749403e-01
2.227936875619435320e+00
4.266482321341715789e+00
6.208570164935228064e+00
7.788252085003376735e+00
8.789214930000639470e+00
9.074400603597098325e+00
8.604771141116422939e+00
7.444649962085326145e+00
5.752908807925093626e+00
3.761208266590537086e+00
1.742272570743654381e+00
-2.745623126769158873e-02
-1.305670396685292722e+00
-1.917371776934450267e+00
-1.778828131359949438e+00
-9.090312025355116177e-01
5.729109655222583974e-01
2.464088853344286623e+00
4.505578077914882407e+00
6.417891962926974614e+00
7.939245275287289516e+00
8.861390261096843801e+00
9.058119356066404393e+00
8.502533738484313375e+00
7.270715514629082499e+00
5.531303004412072788e+00
3.522398385679389232e+00
1.518970662864950860e+00
-2.047827264400163827e-01
-1.412963246875823309e+00
-1.940251414031468613e+00
-1.714522889189369792e+00
-7.667072372075161013e-01
7.734573557172774727e-01
2.695189692730564524e+00
4.735517781080515576e+00
6.615267458347432239e+00
8.077261721821493268e+00
8.921503798567590238e+00
9.032530999310475650e+00
8.395198779938915834e+00
7.096738247224415375e+00
5.314808732233277766e+00
3.293182942310113326e+00
1.308393488646384384e+00
-3.680950006250158779e-01
-1.507013251341071225e+00
-1.952636542224066574e+00
-1.644069776463586763e+00
-6.235600583730160906e-01
9.692967376272312308e-01
2.916659663522548129e+00
4.952241137622886313e+00
6.797723089976667410e+00
8.200810215116295154e+00
8.969717443291333581e+00
8.999377835169829254e+00
8.285790428866540935e+00
6.926549928654846866e+00
5.107489549783371885e+00
3.077266449858659048e+00
1.113366544549017068e+00
-5.158229212466105551e-01
-1.587688807366313348e+00
-1.955804072749978140e+00
-1.569922423748559837e+00
-4.828265162061748939e-01
1.156902243652670137e+00
3.125200476705329411e+00
5.153146839266550039e+00
6.963706783603749173e+00
8.309576907609944385e+00
9.006959252994466425e+00
8.960653611727156687e+00
8.177043286270093247e+00
6.763204365606709345e+00
4.912264244808145719e+00
2.877012847166081855e+00
9.353734033780396473e-01
-6.475501074883158736e-01
-1.655666008121677635e+00
-1.951387671202152951e+00
-1.494401648683649775e+00
-3.471523365038153841e-01
1.333701506424501471e+00
3.318688002459198039e+00
5.336856252999578665e+00
7.112763776562855966e+00
8.404067775395608564e+00
9.034590129194977948e+00
8.918345505645971727e+00
8.071256688225425080e+00
6.608962392844230038e+00
4.731020893343790945e+00
2.693668652212809711e+00
7.748536984101708214e-01
-7.636840286692230251e-01
-1.712112063032939169e+00
-1.941115919078615804e+00
-1.419520714817850582e+00
-2.185239859612551072e-01
1.498033491350434954e+00
3.496027905427752103e+00
5.502990810154608781e+00
7.245267991902100135e+00
8.485330857272376903e+00
9.054153413501316194e+00
8.874242424637252213e+00
7.970184058571740060e+00
6.465273114822010392e+00
4.564688447087071665e+00
2.527511752715663640e+00
6.314066307534278444e-01
-8.652262529463179419e-01
-1.758459798362338233e+00
-1.926619565033297121e+00
-1.346848284827531828e+00
-9.820208511370287496e-02
1.649139509992225250e+00
3.657075750662301505e+00
5.652034534095857765e+00
7.362246828124055398e+00
8.554766810781064379e+00
9.067195242004601141e+00
8.829786711291603751e+00
7.874932521745196645e+00
6.332731264046639552e+00
4.413254159436046820e+00
2.377923886496328354e+00
5.039072101349475474e-01
-9.536282853459274733e-01
-1.796253806613977488e+00
-1.909286334331683044e+00
-1.277388232740467977e+00
1.336117182070628573e-02
1.787200501834745880e+00
3.802626747550198250e+00
5.785279355782406263e+00
7.465289834714505801e+00
8.614012303603544751e+00
9.075136182359551995e+00
8.785948221972420313e+00
7.785852822468644518e+00
6.210994276835759109e+00
4.275716037906825306e+00
2.243382923103640181e+00
3.905387420119130759e-01
-1.030722519723151542e+00
-1.827052108019023180e+00
-1.890143502584634483e+00
-1.211455326265964416e+00
1.166401549477829036e-01
1.913436270329667677e+00
3.934484951267972708e+00
5.904855898103251732e+00
7.556536421317458618e+00
8.664884395905312786e+00
9.079176736488138388e+00
8.743099925021351027e+00
7.702397851719996247e+00
6.098639279711402850e+00
4.149954954846374555e+00
2.121366046970668329e+00
2.887403796182486104e-01
-1.098721471378131476e+00
-1.852369192926754060e+00
-1.869748468951694775e+00
-1.148523806327832020e+00
2.132127764153648464e-01
2.030287247754245072e+00
4.055627038564984410e+00
6.013857265654237949e+00
7.638741357316318314e+00
8.709375800170475301e+00
9.080218795054648240e+00
8.700871436199072662e+00
7.622923483118520416e+00
5.992934395919860435e+00
4.032504981241413766e+00
2.008149586276913645e+00
1.950648420052645271e-01
-1.160279828360768484e+00
-1.873644977021710289e+00
-1.848063579906289000e+00
-1.087019757432363676e+00
3.060269929573258274e-01
2.141706894460843280e+00
4.170482197229215870e+00
6.116567553531041312e+00
7.715417901308901705e+00
8.749688489150006632e+00
9.078779349702555734e+00
8.657948453490121210e+00
7.928534355154426727e+00
6.113989175453394154e+00
3.952533805348941165e+00
1.737999145195924688e+00
-2.285586738506153459e-01
-1.679783905675885869e+00
-2.418368295946460300e+00
-2.343878570837107489e+00
-1.466416654139194087e+00
9.474565822251967973e-02
2.127373644456473034e+00
4.355116809447601156e+00
6.475076238371020310e+00
8.198986091973182511e+00
9.292410977989618459e+00
9.606629626912379649e+00
9.098868550558345092e+00
7.838132340317015334e+00
5.995834949001448422e+00
3.822502680608100611e+00
1.613713810433019091e+00
-3.300957939721271828e-01
-1.744496226765216207e+00
-2.437038804799573910e+00
-2.313448614368343925e+00
-1.390468807457634348e+00
2.063945846061887579e-01
2.259925334493300575e+00
4.490732196682945876e+00
6.595252555319808252e+00
8.287056735196568269e+00
9.335833852150479117e+00
9.598753009230067690e+00
9.039928693244718261e+00
7.735336011381988897e+00
5.862500317448470000e+00
3.676357780404820641e+00
1.474566649996683854e+00
-4.430130439409909471e-01
-1.815156898251192530e+00
-2.454869653757499215e+00
-2.274884402345771939e+00
-1.299588622571748786e+00
3.382554637342880532e-01
2.415558578178519600e+00
4.649270266864640178e+00
6.734932958670455605e+00
8.388175242025294409e+00
9.383490675615524523e+00
9.585013809997210643e+00
8.965091570796779763e+00
7.608108455657064617e+00
5.699032468203871105e+00
3.498231960641369209e+00
1.305987642764057099e+00
-5.784668655580649244e-01
-1.897791170447883147e+00
-2.471695841850212183e+00
-2.221607114996144716e+00
-1.181461054342678452e+00
5.068603273617302563e-01
2.612842948612412286e+00
4.848781148514570205e+00
6.909061567218078181e+00
8.511930120593040883e+00
9.438035512460658083e+00
9.560475808247590024e+00
8.862229165916403417e+00
7.438569344121864546e+00
5.484117028792984350e+00
3.266279588050120530e+00
1.088697330794217155e+00
-7.503125642900743131e-01
-1.998630423900457309e+00
-2.484926310662802784e+00
-2.142220808888139594e+00
-1.017168539953456907e+00
7.362300539438115798e-01
2.877650233899092136e+00
5.113336927713213242e+00
7.136375876753151104e+00
8.668825552996331396e+00
9.499927189972346753e+00
9.515137437776362006e+00
8.711978417630550808e+00
7.200503494907861679e+00
5.188287570404139792e+00
2.951978831637422473e+00
7.993021062557370549e-01
-9.732734938785139178e-01
-2.121381577673584040e+00
-2.486490693227283444e+00
-2.017859900502440240e+00
-7.796683659973666636e-01
1.057693184150177768e+00
3.240999096005535929e+00
5.469036727578334478e+00
7.434137839627996236e+00
8.864671140730294496e+00
9.562627011222826212e+00
9.431089296515292375e+00
8.487774336012705589e+00
6.862734896389225625e+00
4.780512926126826656e+00
2.529178404204724728e+00
4.205138077183785406e-01
-1.253158616273426063e+00
-2.259529987832630482e+00
-2.458609084824222357e+00
-1.822277857407664570e+00
-4.383554007882350945e-01
1.501429057475641038e+00
3.727920362224272033e+00
5.931831786838701603e+00
7.806689816260274029e+00
9.091469627140465803e+00
9.606988064491478241e+00
9.280973293303176774e+00
8.158292885686218909e+00
6.394879860043588771e+00
4.236164208020912980e+00
1.982980322873150403e+00
-5.032358131160297177e-02
-1.579746013287685713e+00
-2.391342735245639339e+00
-2.371229252002202692e+00
-1.521657791972572227e+00
3.911393400295315459e-02
2.093184278729569137e+00
4.353350151266111467e+00
6.503216796635102881e+00
8.241480364715098261e+00
9.324187175710285658e+00
9.599038645277813586e+00
9.026908784029600952e+00
7.687521260644758492e+00
5.768448012040801487e+00
3.538931905654058241e+00
1.312173590241842547e+00
-5.986439570838308910e-01
-1.924422369554905643e+00
-2.478103513957361947e+00
-2.181152359214378222e+00
-1.074805388767903658e+00
6.855414087352453834e-01
2.852058175762676839e+00
5.119297656776025107e+00
7.167222143059563066e+00
8.706385457116859072e+00
9.518890824180749277e+00
9.489322416727468124e+00
8.621248105047627064e+00
7.036918865185617378e+00
4.960161905785385628e+00
2.684845382546603432e+00
5.333452016771018656e-01
-1.189123559507810235e+00
-2.237842441390377246e+00
-2.463434625181602833e+00
-1.833247092911411968e+00
-4.361946173563810980e-01
1.529668626343643645e+00
3.785129695006690387e+00
6.009410805390849930e+00
7.885771207878722322e+00
9.146637424718365494e+00
9.611828199793457372e+00
9.214404010749127849e+00
8.010418576311469252e+00
6.171135396326835831e+00
3.958771910618711587e+00
1.689191137518870400e+00
-3.131619544023824808e-01
-1.761655190294034057e+00
-2.448559028106347846e+00
-2.274932955685065039e+00
-1.264995241800084713e+00
4.371274982214110594e-01
2.587854606198717100e+00
4.878923377030464081e+00
6.981527478397701714e+00
8.593508586912385283e+00
9.482828053819376990e+00
9.521057498856208667e+00
8.702042000243224606e+00
7.143007358434827481e+00
5.067901892626162308e+00
2.775322221406874679e+00
5.956027671098005349e-01
-1.156772825213237432e+00
-2.228584219386531728e+00
-2.464547696640065233e+00
-1.829927283867960774e+00
-4.157751798380657782e-01
1.574006254418844897e+00
3.851961201954205105e+00
6.088541694558759154e+00
7.959763202076112876e+00
9.194166192499306334e+00
9.612272497848469044e+00
9.152790871072657097e+00
7.881729826692053464e+00
5.983045007305919150e+00
3.732126670968879623e+00
1.455932015549496583e+00
-5.144773650987435332e-01
-1.892107595751185478e+00
-2.475902014885184244e+00
-2.180190039799803969e+00
-1.047386887288309865e+00
7.579565145953401917e-01
2.972939284100391433e+00
5.274511174853310891e+00
7.326549820137349123e+00
8.828960127571747307e+00
9.561622087500785128e+00
9.416742314121563595e+00
8.414839976867956040e+00
6.701978287386486599e+00
4.528592721031631463e+00
2.212966556497879544e+00
9.466693987907737196e-02
-1.515253540461608317e+00
-2.379986387794771119e+00
-2.371897157037496484e+00
-1.491489584449973371e+00
1.324318492531477709e-01
2.261479560001689038e+00
4.582579705140410020e+00
6.753954450932149634e+00
8.455444398032554432e+00
9.435762613264845555e+00
9.549698954887601232e+00
8.779752986377330259e+00
7.238954803215110090e+00
5.154402135429025478e+00
2.833891877672428006e+00
6.205334788074967634e-01
-1.157972584420953410e+00
-2.237894905950430058e+00
-2.458667955046784037e+00
-1.786887128266013924e+00
-3.214984943667729134e-01
1.720641700589230050e+00
4.036750538017221501e+00
6.282944093140823583e+00
8.125279221393707729e+00
9.289438104266608320e+00
9.601658129323435986e+00
9.372112330057181140e+00
