5.266306829963757430e+00
5.381486472969413626e+00
5.481619199514139673e+00
5.560238199585517904e+00
5.612245424104792768e+00
5.634242132169744899e+00
5.624750930735381793e+00
5.584314805455778519e+00
5.515466516662546503e+00
5.422570052303100852e+00
5.311544056401348968e+00
5.189484758257211006e+00
5.064212423931382823e+00
4.943770317663691571e+00
4.835908274317017863e+00
4.747584040698851204e+00
4.684514471433280924e+00
4.650805528372847775e+00
4.648685028623811277e+00
4.678355532816405926e+00
4.737977080255431517e+00
4.823781152616288814e+00
4.930308816652082982e+00
5.050758000637195266e+00
5.177417813822144943e+00
5.302162177836762247e+00
5.416971169209726433e+00
5.514446625384273659e+00
5.588288865710317133e+00
5.633703809117442951e+00
5.647714179746361474e+00
5.629354601425638371e+00
5.579737802364056698e+00
5.501987408563465465e+00
5.401041369262703284e+00
5.283338380352902597e+00
5.156407216742081800e+00
5.028385165552204938e+00
4.907496362514404353e+00
4.801523474226266686e+00
4.717306665303715008e+00
4.660302105595382827e+00
4.634228512283232959e+00
4.640824622298560520e+00
4.679733408154350016e+00
4.748520737191231689e+00
4.842827549687654276e+00
4.956646048559605333e+00
5.082702404175121202e+00
5.212921596814013014e+00
5.338944691013269406e+00
5.452665406060564379e+00
5.546751539532031039e+00
5.615117704345869321e+00
5.653318900727957619e+00
5.658839470401275662e+00
5.631258652177533186e+00
5.572281850474096743e+00
5.485635336328806844e+00
5.376830872449236409e+00
5.252815126274313684e+00
5.121526169051993094e+00
4.991385374883111403e+00
4.870757242062491166e+00
4.767411785769484212e+00
4.688024055367105092e+00
4.637743012966724976e+00
4.619857616944793577e+00
4.635581762936761052e+00
4.683972139784425615e+00
4.761984544293460075e+00
4.864665311788979096e+00
4.985465829734018861e+00
5.116660167958563044e+00
5.249839192717812963e+00
5.376449563801652509e+00
5.488343066901348877e+00
5.578301000805986121e+00
5.640499872218871502e+00
5.670888356000051367e+00
5.667451121638126921e+00
5.630342348902400040e+00
5.561880095897492993e+00
5.466401607340973356e+00
5.349988587409114871e+00
5.220079835653523403e+00
5.084995917001704058e+00
4.953406238179348442e+00
4.833772663547887483e+00
4.733805377852606355e+00
4.659965986256865200e+00
4.617049874899961992e+00
4.607874824346641418e+00
4.633096092976412450e+00
4.691160099605410139e+00
4.778399951645993404e+00
4.889266956207446668e+00
5.016683501669717771e+00
5.152494869429226299e+00
5.287991134567049833e+00
5.414465754249777163e+00
5.523775020354485754e+00
5.608862427921768479e+00
5.664214196056528650e+00
5.686216536863040183e+00
5.673391524992024593e+00
5.626496176955624762e+00
5.548478109952646342e+00
5.444290353484203315e+00
5.320576942924811092e+00
5.185249250194636339e+00
5.046980066292114486e+00
4.914647787582735461e+00
4.796766326110538436e+00
4.700937349800368814e+00
4.633360093541207370e+00
4.598430349997812527e+00
4.598454578669533888e+00
4.633497723702414639e+00
4.701374774270439261e+00
4.797786883550312353e+00
4.916593574527805544e+00
5.050203799822578610e+00
5.190060952417541174e+00
5.327190839619612817e+00
5.452777527784727241e+00
5.558730107854955804e+00
5.638203945207798995e+00
5.686042833202367142e+00
5.699113489030970037e+00
5.676510694588765560e+00
5.619619656437931710e+00
5.532031308682239690e+00
5.419315724351987384e+00
5.288667928523133277e+00
5.148448632700316274e+00
5.007649204639423424e+00
4.875315111437136473e+00
4.759964806448970798e+00
4.669041392687306669e+00
4.608432359080201657e+00
4.582088377700157977e+00
4.591765842404534226e+00
4.636909923871046502e+00
4.714685917799823933e+00
4.820157148294591742e+00
4.946598267607928534e+00
5.085924072057727230e+00
5.229206493974198899e+00
5.367246712751547300e+00
5.491165724440785212e+00
5.592975455087944248e+00
5.666093682908962315e+00
5.705769577108127599e+00
5.709392343423819405e+00
5.676662927136031378e+00
5.609617487148391035e+00
5.512500859144866538e+00
5.391497862305522304e+00
5.254339453614825572e+00
5.109808807523795515e+00
4.967178875795526416e+00
4.835617443581114117e+00
4.723597852722711821e+00
4.638353269225447661e+00
4.585409643165117899e+00
4.568227516881881556e+00
4.587975897824445148e+00
4.643452968242877787e+00
4.731158994983284849e+00
4.845517031811333197e+00
4.979227501245112819e+00
5.123734114166952125e+00
5.269771389639740455e+00
5.407958739438004869e+00
5.529403025755470935e+00
5.626270886855967213e+00
5.692293997980737430e+00
5.723174677796512455e+00
5.716865595693140456e+00
5.673705378364280350e+00
5.596401141506681221e+00
5.489858793286429339e+00
5.360871740367618266e+00
5.217687745918735409e+00
5.069481554876780649e+00
4.925767007083575955e+00
4.795786308166008816e+00
4.687915663523537724e+00
4.609125499487651823e+00
4.564530056174104899e+00
4.557055455398137056e+00
4.587247785363063102e+00
4.653233784266168627e+00
4.750836920806208674e+00
4.873841688158350394e+00
5.014389390440274319e+00
5.163480220778220442e+00
5.311549554666556539e+00
5.449081556122298053e+00
5.567220730977931353e+00
5.658342124025254272e+00
5.716543445084790065e+00
5.738027361546343741e+00
5.721349197393988284e+00
5.667513884768323962e+00
5.579915673454900471e+00
5.464124197376657222e+00
5.327530377261119554e+00
5.178874669788928742e+00
5.027687773796983173e+00
4.883679582538423603e+00
4.756115559284888938e+00
4.653220589934470297e+00
4.581648670058662276e+00
4.546052619523988980e+00
4.548781648807123545e+00
4.589726432896269692e+00
4.666321903089284184e+00
4.773707848916542318e+00
4.905037280960179658e+00
5.051912992261246238e+00
5.204924483789962864e+00
5.354250921889893711e+00
5.490291493339594098e+00
5.604282696973655220e+00
5.688862881307614749e+00
5.738547660232480752e+00
5.750085504392312252e+00
5.722670454193884204e+00
5.657998043331011750e+00
5.560160574154016544e+00
5.435388203644292204e+00
5.291652218508566818e+00
5.138155761770930141e+00
4.984744548499781658e+00
4.841275304673408719e+00
4.716982443202470954e+00
4.619883672069855507e+00
4.556262795444989244e+00
4.530263071559065935e+00
4.543617441724792094e+00
4.595533192641426901e+00
4.682738718728892025e+00
4.799689646781438945e+00
4.938921339842573310e+00
5.091525368646354188e+00
5.247719535012430825e+00
5.397474970680224970e+00
5.531160107840785933e+00
5.640160168093087734e+00
5.717432322762189045e+00
5.757960746952294429e+00
5.759082164964398842e+00
5.720660759769898185e+00
5.645100965324889586e+00
5.537197059896945106e+00
5.403828964115065858e+00
5.253523545400895500e+00
5.095909403743510424e+00
4.941100003085180603e+00
4.799044672306904680e+00
4.678889126945931842e+00
4.588386616638719495e+00
4.533397614748809090e+00
4.517510336470368593e+00
4.541806657895876675e+00
4.604788703576964792e+00
4.702471069501352297e+00
4.828633012587627782e+00
4.975214649768540554e+00
5.132831931208024834e+00
5.291377481041738662e+00
5.440668830728571770e+00
5.571102465754035116e+00
5.674271669334284951e+00
5.743508409119340463e+00
5.774314333428158363e+00
5.764653016372371042e+00
5.715084465221691445e+00
5.628733010955142113e+00
5.511090396400915914e+00
5.369666469320898194e+00
5.213509699285991950e+00
5.052628135449599434e+00
4.897347865468907102e+00
4.757650106801817103e+00
4.642529495217481816e+00
4.559414835517866749e+00
4.513689625649007553e+00
4.508343307767276542e+00
4.543775843493755850e+00
4.617768389698595932e+00
4.725622194810505050e+00
4.860457027592736345e+00
5.013650185085027466e+00
5.175388064639036223e+00
5.335295010943350569e+00
5.483099132848814783e+00
5.609292352403088877e+00
5.705742259892458534e+00
5.766216387804643517e+00
5.786785091998948083e+00
5.766076985173369529e+00
5.705370310340587281e+00
5.608514165728734291e+00
5.481684422170438609e+00
5.332989807409562744e+00
5.171953284649236871e+00
5.008901902962072050e+00
4.854304224932326051e+00
4.718097857919594240e+00
4.609050306127230101e+00
4.534194273033920197e+00
4.498373808173199428e+00
4.503930609730427470e+00
4.550550817399723336e+00
4.635282333371329777e+00
4.752721753890396528e+00
4.895359083559013058e+00
5.054058241547483732e+00
5.218642608133134964e+00
5.378548067152817858e+00
5.523501614809059213e+00
5.644181913197430234e+00
5.732819280323032451e+00
5.783696459163381043e+00
5.793517852066260687e+00
5.761623338113079029e+00
5.690032769688730063e+00
5.583318129632536930e+00
5.448311421986217873e+00
5.293666953237845085e+00
5.129306054576208140e+00
4.965779834376586876e+00
4.813590539221854314e+00
4.682515840318215439e+00
4.580979977027276995e+00
4.515511864756671656e+00
4.490325007221289688e+00
4.507046244721292005e+00
4.564610790370966953e+00
4.659330305289594243e+00
4.785129630815192492e+00
4.933936947471048384e+00
5.096202264671826576e+00
5.261510896386968561e+00
5.419252476213475056e+00
5.559302502185454742e+00
5.672672605309859506e+00
5.752087756346639935e+00
5.792453331659228155e+00
5.791182047330075022e+00
5.748359784458050292e+00
5.666739687387655877e+00
5.551564954161940513e+00
5.410231745067715536e+00
5.251813903442455356e+00
5.086480053443198202e+00
4.924840542908122565e+00
4.777266193132674310e+00
4.653222613743473346e+00
4.560662825732214820e+00
4.505517175612903991e+00
4.491313261382957833e+00
4.518950229875282609e+00
4.586641883146667098e+00
4.690032186675768600e+00
4.822475701195735986e+00
4.975464873971639612e+00
5.139176703753070008e+00
5.303103640873898073e+00
5.456728190540266255e+00
5.590197898448859171e+00
5.694957391325589313e+00
5.764296919878924896e+00
5.793782228576639604e+00
5.781538209193367805e+00
5.728368192238090906e+00
5.637701288127274779e+00
5.515371230097358968e+00
5.369240984494895841e+00
5.208697287271352394e+00
5.044047603678907699e+00
4.885858256857791737e+00
4.744276230121379889e+00
4.628378177146164063e+00
4.545588409120428608e+00
4.501203182734576203e+00
4.498051774183998930e+00
4.536316032056356029e+00
4.613519921217608122e+00
4.724689654578398290e+00
4.862674060746848603e+00
5.018604555745025841e+00
5.182465135641186826e+00
5.343735758051849416e+00
5.492067762201454428e+00
5.617947923981513547e+00
5.713308839837822006e+00
5.772046402159034528e+00
5.790411036186155158e+00
5.767247519805988709e+00
5.704067940847857621e+00
5.604953089777993114e+00
5.476288637262541670e+00
5.326352963142322317e+00
5.164783400931947988e+00
5.001955686865770190e+00
4.848316674650368974e+00
4.713713346506582802e+00
4.606761309250295255e+00
4.534293331943887395e+00
4.500923239757418592e+00
4.508752974114257128e+00
4.557241353954232466e+00
4.643242631419415289e+00
4.761212004564229439e+00
4.903564535494422394e+00
5.061164113183344249e+00
5.223910823174143125e+00
5.381388867017388833e+00
5.523533403420242571e+00
5.641273592415352311e+00
5.727110772071748457e+00
5.775594967281053371e+00
5.783669537656623838e+00
5.750862284271329727e+00
5.679311201040362356e+00
5.573623640715310579e+00
5.440578289878994056e+00
5.288689335130680291e+00
5.127660920928775568e+00
4.967766899345685161e+00
4.819195522591473768e+00
4.691400844743174758e+00
4.592502055934989613e+00
4.528768815546584392e+00
4.504225091013672966e+00
4.520396407010269790e+00
4.576216254406799244e+00
4.668097283869996339e+00
4.790162458020545522e+00
4.934621219277587123e+00
5.092266584697584975e+00
5.253061477461337780e+00
5.406777021173529540e+00
5.543642303384994641e+00
5.654964454839383592e+00
5.733679825906385474e+00
5.774801443892436659e+00
5.775734522763917411e+00
5.736440152666316905e+00
5.659436893356592613e+00
5.549640229776023226e+00
5.414050077307049236e+00
5.261306107927552489e+00
5.101139006746533866e+00
4.943752339747436331e+00
4.799174106895306657e+00
4.676618994785403771e+00
4.583901707164922179e+00
4.526938577652461326e+00
4.509369152461085051e+00
4.532321913464246954e+00
4.594339260030662508e+00
4.691466844474058817e+00
4.817501985189760028e+00
4.964385811329544040e+00
5.122714654298235359e+00
5.282338565700563038e+00
5.433009064966394241e+00
5.565035329137336007e+00
5.669907448570690178e+00
5.740846604804541897e+00
5.773246532135710929e+00
5.764977313174216356e+00
5.716531145913972267e+00
5.630999696968247648e+00
5.513883402708783521e+00
5.372743918087460102e+00
5.216721145962233130e+00
5.055945239302532812e+00
4.900881057354686376e+00
4.761647288623480634e+00
4.647354487457623584e+00
4.565505436610793666e+00
4.521497559967384561e+00
4.518260770186657282e+00
4.556055526227092756e+00
4.632445533230759693e+00
4.742448103872096254e+00
4.878853460210480719e+00
5.032692966658394162e+00
5.193826208614639839e+00
5.351608659006301671e+00
5.495595980292943494e+00
5.616238207483505995e+00
5.705517373429119132e+00
5.757485587214250522e+00
5.768666962308897084e+00
5.738295711935455401e+00
5.668373604065482851e+00
5.563542074713832442e+00
5.430776818770622683e+00
5.278924756976828725e+00
5.118114080951653655e+00
4.959076850035156525e+00
4.812429732322018872e+00
4.687961504894584408e+00
4.593975624601289276e+00
4.536732551525666679e+00
4.520029786687375761e+00
4.544948226593744423e+00
4.609782081661323971e+00
4.710157039131996903e+00
4.839328448833774665e+00
4.988638973808301458e+00
5.148104241620867327e+00
5.307086320371618093e+00
5.455008935153297323e+00
5.582065645708107482e+00
5.679872904999370142e+00
5.742023949942721472e+00
5.764506540960610437e+00
5.745957152610678520e+00
5.687735632553386544e+00
5.593816773786040919e+00
5.470507802614203108e+00
5.326012588107444046e+00
5.169873606511713682e+00
5.012330646903315312e+00
4.863640394288135660e+00
4.733403052958221835e+00
4.629940983713535019e+00
4.559770062092912468e+00
4.527197475381979253e+00
4.534070590681021251e+00
4.579691222989090704e+00
4.660897406902394735e+00
4.772303266482091466e+00
4.906677560087702616e+00
5.055432846190091034e+00
5.209190750583119645e+00
5.358384883173965996e+00
5.493861720054411535e+00
5.607441205606059853e+00
5.692402728990177962e+00
5.743868120198103000e+00
5.759060899607576722e+00
5.737429625609323125e+00
5.680632202932638819e+00
5.592386831484802201e+00
5.478203330669114024e+00
5.345015388344536156e+00
5.200739487167044928e+00
5.053789611211255028e+00
4.912578224296312079e+00
4.785033462744536337e+00
4.678160145677242809e+00
4.597668325499266295e+00
4.547688010288519322e+00
4.530582771963314492e+00
4.546868617836619109e+00
4.595238154224677629e+00
4.672684086974046025e+00
4.774710813706542822e+00
4.895618529285624909e+00
5.028841076135291743e+00
5.167316829778312304e+00
5.303871241437831507e+00
5.431590212201779622e+00
5.544165129310973050e+00
5.636192983230211340e+00
5.703418293974200637e+00
5.742907372982782199e+00
5.753149491039619257e+00
5.734083578160918293e+00
5.687052932011064321e+00
5.614693870574115842e+00
5.520767182811708196e+00
5.409943499807555511e+00
5.287555263923688464e+00
5.159328793090532272e+00
5.031110039672399559e+00
4.908597081525644334e+00
4.797091238795943013e+00
4.701277087244797315e+00
4.625039655219303825e+00
4.571324871338519280e+00
4.542046997978983924e+00
4.538044459808315167e+00
4.559083263585713475e+00
4.603905196411690603e+00
4.670316257533699833e+00
4.755309376886293293e+00
4.855214434766742748e+00
4.965867934858976263e+00
5.082794392574800035e+00
5.201391561828726751e+00
5.317112002091459289e+00
5.425634139779111464e+00
5.523016852417749867e+00
5.605832645088985267e+00
5.671275639610239061e+00
5.717241802184811483e+00
5.742380042779908322e+00
5.746113982401684694e+00
5.728635262449251364e+00
5.690870230627527171e+00
5.634422655587093764e+00
5.561495780652872867e+00
5.474797516558950861e+00
5.377432892082948612e+00
5.272788034365420096e+00
5.164409947517499155e+00
5.055886213371464599e+00
4.950728469850045776e+00
4.852263150736587427e+00
4.763532517296065194e+00
4.687208499343086032e+00
4.625521312701877719e+00
4.580204252195163583e+00
4.552455493312713486e+00
4.542917188434724807e+00
4.551671629413272413e+00
4.578253779365252463e+00
4.621679061981459391e+00
4.680484943179422430e+00
4.752784551701247473e+00
4.836330364150514427e+00
4.928585825769095763e+00
5.026802688959303822e+00
5.128101823630781375e+00
5.229555282140084138e+00
5.328267481219623569e+00
5.421453487537180038e+00
5.506512555683633181e+00
5.581095260603381014e+00
5.643162783961713558e+00
5.691037149128479911e+00
5.723441446155941748e+00
5.739529340634297760e+00
5.738903413473156689e+00
5.721622127935812152e+00
5.688195461729363522e+00
5.639569472331731781e+00
5.577100280319045922e+00
5.502518156104136970e+00
5.417882578568468332e+00
5.325529298361632691e+00
5.228010583310860326e+00
5.128029947866107108e+00
5.028372772443694849e+00
4.931834301689606903e+00
4.841146572866611208e+00
4.758905866569573817e+00
4.687502291482382510e+00
4.629053112473624942e+00
4.585341406362574368e+00
4.557761581351790880e+00
4.547273223379190377e+00
4.554364634255728461e+00
4.579027301020097696e+00
4.620742381946786992e+00
4.678480110554320781e+00
4.750712803501405901e+00
4.835441989213367542e+00
4.930239624195142056e+00
5.032302932865476919e+00
5.138523122078797911e+00
5.245566861929563451e+00
5.349969188565283140e+00
5.448236104005484748e+00
5.536954697092927979e+00
5.612908153320719684e+00
5.673192572401505984e+00
5.715332087185985621e+00
5.737388395273986141e+00
5.738060498035810753e+00
5.716770216525023152e+00
5.673728948359873847e+00
5.609981174516738278e+00
5.527420451479741814e+00
5.428774063144828688e+00
5.317553186612574478e+00
5.197966369926496633e+00
5.074795343461441455e+00
4.953233694303313506e+00
4.838690713778351693e+00
4.736564752370170162e+00
4.651992630538097195e+00
4.589583978493897654e+00
4.553151703051518062e+00
4.545451964021146374e+00
4.567948913908359110e+00
4.620620812416277090e+00
4.701824749353029631e+00
4.808236863145032736e+00
4.934883399314569097e+00
5.075275012101023719e+00
5.221652223502161405e+00
5.365343851790551177e+00
5.497232558933022872e+00
5.608312627848716758e+00
5.690313511293029869e+00
5.736361187645234949e+00
5.741639494630595308e+00
5.703984303376654630e+00
5.624341849402856752e+00
5.507022453631615910e+00
5.359688077108291537e+00
5.193028734330259688e+00
5.020108941271852920e+00
4.855399879030311894e+00
4.713552959472275816e+00
4.608010531679709310e+00
4.549590142222226241e+00
4.545214149606997545e+00
4.596935018968355102e+00
4.701392679890715520e+00
4.849807390497287152e+00
5.028559272099839106e+00
5.220341063537729198e+00
5.405800658390249147e+00
5.565523181315845669e+00
5.682147846523221801e+00
5.742381071040342455e+00
5.738660793126783233e+00
5.670251096186974316e+00
5.543600599983252053e+00
5.371877994431444314e+00
5.173694974887436793e+00
4.971129067322436867e+00
4.787253145902369056e+00
4.643451708227614105e+00
4.556845054233630954e+00
4.538144010322368693e+00
4.590217366994655102e+00
4.707575030316239584e+00
4.876860805566225920e+00
5.078323058742324037e+00
5.288105430912181326e+00
5.481090207022715433e+00
5.633949104779505390e+00
5.728021529734443895e+00
5.751654537117763866e+00
5.701701097872748925e+00
5.583976435215893375e+00
5.412603122568994785e+00
5.208317275809745794e+00
4.995941827175260030e+00
4.801340737253830149e+00
4.648235659545679077e+00
4.555284962474623889e+00
4.533791693040028825e+00
4.586326519688409320e+00
4.706434682252029766e+00
4.879458029504234240e+00
5.084362475579506047e+00
5.296335923438416415e+00
5.489827838618180245e+00
5.641650764348080216e+00
5.733761872468654985e+00
5.755388424153929705e+00
5.704247880047585539e+00
5.586729374761489453e+00
5.417033013841967559e+00
5.215390354112759752e+00
5.005597797475711985e+00
4.812171654978539159e+00
4.657470906228456720e+00
4.559128038582383802e+00
4.528082073416811681e+00
4.567428129780248369e+00
4.672195554248250282e+00
4.830054900708064203e+00
5.022846519712066637e+00
5.228732680671917876e+00
5.424710855889079753e+00
5.589194258737163246e+00
5.704369004679812782e+00
5.758073259900622354e+00
5.745006718998959094e+00
5.667160222683421011e+00
5.533445206423146523e+00
5.358590539684107590e+00
5.161450611786126075e+00
4.962925556576323061e+00
4.783727191690100966e+00
4.642230458463727061e+00
4.552630753387997053e+00
4.523586085091397813e+00
4.557465113836093984e+00
4.650254816677956704e+00
4.792112259707189459e+00
4.968480925071125043e+00
5.161639381856097941e+00
5.352513377082491530e+00
5.522564312162566935e+00
5.655568188311291600e+00
5.739118149054453610e+00
5.765717768945288313e+00
5.733377055491124530e+00
5.645673837632266157e+00
5.511294696173653307e+00
5.343117028862529594e+00
5.156933130940973165e+00
4.969945241400247404e+00
4.799175515828022043e+00
4.659936293925501793e+00
4.564494527882217767e+00
4.521041600066885380e+00
4.533048597314245143e+00
4.599050586024392651e+00
4.712864947812845706e+00
4.864211726712838413e+00
5.039671209936870788e+00
5.223888046480707814e+00
5.400913377205762700e+00
5.555570296702746269e+00
5.674730185828642526e+00
5.748395730758843136e+00
5.770505120163147872e+00
5.739396547689484152e+00
5.657900955444820745e+00
5.533061617988717984e+00
5.375509259229864334e+00
5.198548598741261628e+00
5.017034497023344919e+00
4.846131587135597663e+00
4.700059347007056409e+00
4.590924484770966707e+00
4.527734404820505709e+00
4.515670126196391188e+00
4.555675611689805393e+00
4.644394752714929631e+00
4.774459270017851864e+00
4.935102720486578498e+00
5.113049827108947731e+00
5.293608485344105219e+00
5.461875738388789259e+00
5.603960002759264647e+00
5.708120569146931444e+00
5.765732009332321439e+00
5.771995087390147106e+00
5.726336027738065937e+00
5.632460962877352983e+00
5.498060119270602897e+00
5.334184617121345617e+00
5.154345409203224371e+00
4.973406724171150373e+00
4.806363547509344691e+00
4.667102733377745061e+00
4.567249406639671605e+00
4.515194127945319380e+00
4.515382257347080319e+00
4.567926104747619398e+00
4.668574408033459910e+00
4.809044491056530646e+00
4.977692474380207344e+00
5.160468598802308904e+00
5.342080439386934998e+00
5.507268611349303455e+00
5.642089107062567166e+00
5.735094653281512578e+00
5.778314728996180705e+00
5.767949678030402261e+00
5.704717499741257747e+00
5.593820574266175960e+00
5.444531438981006666e+00
5.269429125093480160e+00
5.083347733283601677e+00
4.902124255210098980e+00
4.741250876918293500e+00
4.614546440850932463e+00
4.532961432075257591e+00
4.503620655740205869e+00
4.529188409350622280e+00
4.607613962535721974e+00
4.732282773677995102e+00
4.892563847995133663e+00
5.074709009744047705e+00
5.263028676199333233e+00
5.441243784843571518e+00
5.593897131827126223e+00
5.707701099534332911e+00
5.772703275522513167e+00
5.783166528143238949e+00
5.738084488535604599e+00
5.641284861041753196e+00
5.501108923801317552e+00
5.329694194928314310e+00
5.141922512196644313e+00
4.954125223490870589e+00
4.782658830005777517e+00
4.642476056012810659e+00
4.545817883549551297e+00
4.501141537784956626e+00
4.512378683594400641e+00
4.578589046889808500e+00
4.694039893276195308e+00
4.848704371667371227e+00
5.029134975593772872e+00
5.219635531738522793e+00
5.403629075489670086e+00
5.565101985644944627e+00
5.689998283853960004e+00
5.767442585246179476e+00
5.790685369058190091e+00
5.757688650311658662e+00
5.671301605675528101e+00
5.539011466102294001e+00
5.372291911051128466e+00
5.185606220826763924e+00
4.995151953358663910e+00
4.817455687442834922e+00
4.667939719493154449e+00
4.559584908565760486e+00
4.501805441870295965e+00
4.499632873294290292e+00
4.553279964091804466e+00
4.658121953487862399e+00
4.805096755290311883e+00
4.981489338397847355e+00
5.172032334386154950e+00
5.360227590658168673e+00
5.529774309068043792e+00
5.665980220489079677e+00
5.757033734324116914e+00
5.795027035660677228e+00
5.776641639207907630e+00
5.703437086540074752e+00
5.581717771190997546e+00
5.421989333402504663e+00
5.238051535709980833e+00
5.045805950499324233e+00
4.861881449075617034e+00
4.702196249706834585e+00
4.580580797303554164e+00
4.507580531800174484e+00
4.489542103387388572e+00
4.528062145129045035e+00
4.619846424178343902e+00
4.756991759772041917e+00
4.927666576052650349e+00
5.117131502440707358e+00
5.309012019201704291e+00
5.486713313359859789e+00
5.634855149900377391e+00
5.740602748917272180e+00
5.794778555367107842e+00
5.792658634556319797e+00
5.734384604157430232e+00
5.624955182617244809e+00
5.473797735138815845e+00
5.293956499659863368e+00
5.100967340926051641e+00
4.911516042812829497e+00
4.741995954728410290e+00
4.607089623466602113e+00
4.518497094454277274e+00
4.483921011880762642e+00
4.506396558162524713e+00
4.584024547177221187e+00
4.710131182678158446e+00
4.873841115451678085e+00
5.061014665750332320e+00
5.255468515449475575e+00
5.440374552306512790e+00
5.599716005711022682e+00
5.719674906587089325e+00
5.789830690344557773e+00
5.804065956197787202e+00
5.761100612856843384e+00
5.664607710809688612e+00
5.522900419835428565e+00
5.348216733327588734e+00
5.155663356050143697e+00
4.961909835833355764e+00
4.783745760369382261e+00
4.636625860319559145e+00
4.533329082310046054e+00
4.482847996392161249e+00
4.489605104439719163e+00
4.553064417546178966e+00
4.667772501625604420e+00
4.823826002915807543e+00
5.007725677862433500e+00
5.203543372489932928e+00
5.394301142900087775e+00
5.563443155898752934e+00
5.696272781631622983e+00
5.781230120486935853e+00
5.810898868316169974e+00
5.782654750727850512e+00
5.698898741168472171e+00
5.566854242451129586e+00
5.397945243389994374e+00
5.143498216385827604e+00
