-6.758253125457055477e-01
-6.501385586468232392e-01
-6.266962088189640401e-01
-6.064988606862932174e-01
-5.904084926895790675e-01
-5.791116767529264076e-01
-5.730902824520481831e-01
-5.726009227279569291e-01
-5.776640178936637282e-01
-5.880629439873924502e-01
-6.033533009702819472e-01
-6.228819042323283650e-01
-6.458146878017040349e-01
-6.711723272680477637e-01
-6.978720609660865604e-01
-7.247739234829471133e-01
-7.507294173360365974e-01
-7.746305447480582584e-01
-7.954571062500499501e-01
-8.123202470136556830e-01
-8.245003921761212551e-01
-8.314779521222672720e-01
-8.329554874869595782e-01
-8.288703883503846237e-01
-8.193975271420067541e-01
-8.049417728520918969e-01
-7.861206869946835152e-01
-7.637381408937139460e-01
-7.387499813825543216e-01
-7.122232113757057670e-01
-6.852904285055315681e-01
-6.591014673080946018e-01
-6.347743096605701352e-01
-6.133473592358614779e-01
-5.957351173293552460e-01
-5.826891520295205407e-01
-5.747660265623181219e-01
-5.723035554003679248e-01
-5.754064010871573487e-01
-5.839416258720337982e-01
-5.975443872146801727e-01
-6.156335331458518967e-01
-6.374364308534899992e-01
-6.620219677410524861e-01
-6.883403154016097814e-01
-7.152677583534541306e-01
-7.416546733060551677e-01
-7.663746103880413330e-01
-7.883723808992583182e-01
-8.067090987403748858e-01
-8.206022528999964427e-01
-8.294591006737915828e-01
-8.329019565825889204e-01
-8.307842980609991823e-01
-8.231970011240254959e-01
-8.104644406416043889e-01
-7.931306225665354370e-01
-7.719359409956381146e-01
-7.477855531312846971e-01
-7.217107229683205061e-01
-6.948247845903764430e-01
-6.682756055146875651e-01
-6.431965797818435249e-01
-6.206582430813109008e-01
-6.016225754702408945e-01
-5.869019423309614902e-01
-5.771244260348944444e-01
-5.727070278050193641e-01
-5.738378831554384885e-01
-5.804682493895628737e-01
-5.923146063937790862e-01
-6.088707801865621549e-01
-6.294295708081546481e-01
-6.531129604291743274e-01
-6.789096113360685303e-01
-7.057180523480479639e-01
-7.323937095106962669e-01
-7.577977729514330241e-01
-7.808458135643421283e-01
-8.005540740483685358e-01
-8.160814582824771346e-01
-8.267654268304180931e-01
-8.321502666721199981e-01
-8.320065289392315488e-01
-8.263408055798177054e-01
-8.153954283865715302e-01
-7.996381040807308827e-01
-7.797419287806911514e-01
-7.565566358585943396e-01
-7.310723053696515095e-01
-7.043770849566777237e-01
-6.776107276564119486e-01
-6.519159304619512874e-01
-6.283895512163417685e-01
-6.080357864323845396e-01
-5.917233087462944185e-01
-5.801481935067690499e-01
-5.738042167070448452e-01
-5.729617916494345042e-01
-5.776564428350133840e-01
-5.876873083485568694e-01
-6.026257338481550985e-01
-6.218335904501982592e-01
-6.444905337155580893e-01
-6.696290393104130656e-01
-6.961757190243097471e-01
-7.229971528428602578e-01
-7.489482801277310697e-01
-7.729212838698066301e-01
-7.938928811023717724e-01
-8.109680007736104201e-01
-8.234179847621123649e-01
-8.307116816774497980e-01
-8.325381066258968898e-01
-8.288197002752070164e-01
-8.197156219425310031e-01
-8.056149369174865349e-01
-7.871199896523364270e-01
-7.650206733858008201e-01
-7.402606953334173179e-01
-7.138972781907585441e-01
-6.870560187771246330e-01
-6.608828312456080933e-01
-6.364950265874913526e-01
-6.149336168656217572e-01
-5.971188801631475140e-01
-5.838110828774389915e-01
-5.755780356802409070e-01
-5.727708676156777479e-01
-5.755090518820177303e-01
-5.836753218263468490e-01
-5.969206934394800657e-01
-6.146793791982194666e-01
-6.361929558811483254e-01
-6.605427540050693436e-01
-6.866890856500039719e-01
-7.135156356354367402e-01
-7.398771207303267428e-01
-7.646481822211250723e-01
-7.867714246674621936e-01
-8.053025502776364197e-01
-8.194506624656837657e-01
-8.286120185026104590e-01
-8.323957909313768333e-01
-8.306407386307422813e-01
-8.234220765173667633e-01
-8.110482512986605386e-01
-7.940477615682495216e-01
-7.731465854790060543e-01
-7.492371800978704366e-01
-7.233403762338256326e-01
-6.965617956862070193e-01
-6.700446515511219170e-01
-6.449209464802523328e-01
-6.222631520298280705e-01
-6.030384315648981142e-01
-5.880673604839995461e-01
-5.779889054487497013e-01
-5.732331570467807946e-01
-5.740029792975470668e-01
-5.802653587617843112e-01
-5.917528219865674233e-01
-6.079748602818066949e-01
-6.282388737221158426e-01
-6.516797400275706753e-01
-6.772967459332289719e-01
-7.039963045138588615e-01
-7.306386350888713910e-01
-7.560864133214058036e-01
-7.792533151507521350e-01
-7.991503828353646588e-01
-8.149282344294102032e-01
-8.259133154913191888e-01
-8.316366461482022077e-01
-8.318538369566155222e-01
-8.265555196348935985e-01
-8.159677477907825160e-01
-8.005423507741827871e-01
-7.809376524850433210e-01
-7.579903780697154758e-01
-7.326799474070113671e-01
-7.060866790801112458e-01
-6.793456882997781499e-01
-6.535984459107738731e-01
-6.299440653477831331e-01
-6.093923959613488650e-01
-5.928209240226287591e-01
-5.809373202343852682e-01
-5.742492316621958803e-01
-5.730426069366003627e-01
-5.773694795516803868e-01
-5.870457306290355337e-01
-6.016589268388582434e-01
-6.205858994281396868e-01
-6.430193148275072934e-01
-6.680021038099236419e-01
-6.944682810078689483e-01
-7.212884140490486429e-01
-7.473178032608461807e-01
-7.714453172706263739e-01
-7.926408018161923419e-01
-8.099990398659938640e-01
-8.227783881343760930e-01
-8.304324419909824284e-01
-8.326333779271695157e-01
-8.292859774845466880e-01
-8.205317337477203710e-01
-8.067428642239604653e-01
-7.885064841602554830e-01
-7.665996137491755125e-01
-7.419560833790320720e-01
-7.156267464460823735e-01
-6.887346945562881073e-01
-6.624273830507297900e-01
-6.378277066193697165e-01
-6.159861097121632767e-01
-5.978357726060522515e-01
-5.841527832137065612e-01
-5.755229925989310269e-01
-5.723169677306758629e-01
-5.746741103759838154e-01
-5.824966208758527442e-01
-5.954535664759248448e-01
-6.129948837330052580e-01
-6.343747215937961537e-01
-6.586831340384532441e-01
-6.848847756169228473e-01
-7.118629549033671511e-01
-7.384671725380409502e-01
-7.635621218245606245e-01
-7.860760671230915264e-01
-8.050465411897845813e-01
-8.196614160553337136e-01
-8.292935981865321438e-01
-8.335278691970391396e-01
-8.321787267721101333e-01
-8.252984625841217614e-01
-8.131751285727867318e-01
-7.963204724423001979e-01
-7.754483493557446927e-01
-7.514445215001718248e-01
-7.253291232834687685e-01
-6.982133818721717455e-01
-6.712524273644334682e-01
-6.455961937442795673e-01
-6.223404938037275791e-01
-6.024803449737925476e-01
-5.868675287368300131e-01
-5.761741879914363818e-01
-5.708640119543672009e-01
-5.711722392344503740e-01
-5.770954444603824118e-01
-5.883913532229336774e-01
-6.045884716483824750e-01
-6.250056282703391197e-01
-6.487804906081919842e-01
-6.749058497918463129e-01
-7.022721530577589188e-01
-7.297144941760962400e-01
-7.560620771903731052e-01
-7.801880577970821129e-01
-8.010576442838244215e-01
-8.177724074537117138e-01
-8.296089038477684197e-01
-8.360499525678541932e-01
-8.368072133580091165e-01
-8.318340795068749349e-01
-8.213283082314817296e-01
-8.057242462395061144e-01
-7.856749507190492476e-01
-7.620249372576506364e-01
-7.357746877411905917e-01
-7.080384059195874435e-01
-6.799968007752761334e-01
-6.528468954103306965e-01
-6.277509923409612114e-01
-6.057869688790353813e-01
-5.879020265458819727e-01
-5.748718779989105965e-01
-5.672671294276174780e-01
-5.654283151133789875e-01
-5.694506764332943893e-01
-5.791793653493497729e-01
-5.942153097841607057e-01
-6.139315240279971109e-01
-6.374992007969048080e-01
-6.639225018561879521e-01
-6.920805892482345678e-01
-7.207751252796047448e-01
-7.487812301431280293e-01
-7.748997318520625122e-01
-7.980084809233666254e-01
-8.171105349401053264e-01
-8.313771446775526375e-01
-8.401836888081569699e-01
-8.431369994104402910e-01
-8.400928832546215030e-01
-8.311630588524533403e-01
-8.167111789827028456e-01
-7.973380737346599245e-01
-7.738568102146973215e-01
-7.472586022123666183e-01
-7.186709975558035479e-01
-6.893101055967978397e-01
-6.604288877439948857e-01
-6.332637088237161871e-01
-6.089814285287891149e-01
-5.886292965210325745e-01
-5.730898022292859606e-01
-5.630424255213697382e-01
-5.589339456784294669e-01
-5.609586055334758736e-01
-5.690490104344613220e-01
-5.828781855110627408e-01
-6.018727389450647669e-01
-6.252366038512786606e-01
-6.519843772920133063e-01
-6.809828613645407813e-01
-7.109990560413168570e-01
-7.407525718939328430e-01
-7.689702352786840223e-01
-7.944405576496595955e-01
-8.160657390197991745e-01
-8.329089736044226200e-01
-8.442350194856532708e-01
-8.495422757492837595e-01
-8.485849682038747455e-01
-8.413844634392629862e-01
-8.282291929034257816e-01
-8.096631542490502209e-01
-7.864634457249284338e-01
-7.596077599698712879e-01
-7.302331960163713775e-01
-6.995881240023585912e-01
-6.689791397660342920e-01
-6.397153629736131997e-01
-6.130524531811719635e-01
-5.901387377769855558e-01
-5.719657629064452964e-01
-5.593253965165448927e-01
-5.527753390191660898e-01
-5.526145431844602385e-01
-5.588696256291947329e-01
-5.712928853942145224e-01
-5.893720504391625203e-01
-6.123513715017382397e-01
-6.392631961073692581e-01
-6.689687044445743469e-01
-7.002060927551557734e-01
-7.316441659466315084e-01
-7.619390634040231758e-01
-7.897917008997409338e-01
-8.140034734111059045e-01
-8.335278305032653989e-01
-8.475155051848389798e-01
-8.553514418672563124e-01
-8.566818182222019074e-01
-8.514299746521749590e-01
-8.398005360538834951e-01
-8.222715135678504428e-01
-7.995746876422540339e-01
-7.726650760463430467e-01
-7.426807599183159470e-01
-7.108947573341298787e-01
-6.786609792565314603e-01
-6.473565620714513136e-01
-6.183230328824644850e-01
-5.928088210871079733e-01
-5.719155797307228228e-01
-5.565506245409828079e-01
-5.473875437296826796e-01
-5.448366882138805378e-01
-5.490268342869489837e-01
-5.597988366109676317e-01
-5.767115788272664245e-01
-5.990600038328057764e-01
-6.259044882805626653e-01
-6.561103383011559487e-01
-6.883957467647511264e-01
-7.213861854458512024e-01
-7.536729241295408999e-01
-7.838731852994127447e-01
-8.106893657130964659e-01
-8.329647885241056038e-01
-8.497335905879700446e-01
-8.602625934832207610e-01
-8.640833434495025500e-01
-8.610129207607101209e-01
-8.511625954680746009e-01
-8.349339237575210682e-01
-8.130024153488343286e-01
-7.862894345306133959e-01
-7.559235027888642211e-01
-7.231926278434492872e-01
-6.894896725631738388e-01
-6.562530808563959983e-01
-6.249054829894585827e-01
-5.967928007968773541e-01
-5.731264594104996668e-01
-5.549311867183842617e-01
-5.430006498137018855e-01
-5.378628488287282572e-01
-5.397567765642415916e-01
-5.486213746126038515e-01
-5.640972934888170975e-01
-5.855414178876948705e-01
-6.120535718938019398e-01
-6.425142961635077477e-01
-6.756321122159535397e-01
-7.099982785519711737e-01
-7.441467171196994856e-01
-7.766165608628916583e-01
-8.060146537495596064e-01
-8.310753291993553393e-01
-8.507149017645470046e-01
-8.640785259323577883e-01
-8.705773959432689946e-01
-8.699146681487319732e-01
-8.620989654633636201e-01
-8.474448516399544218e-01
-8.265602189462366578e-01
-8.003210926381298940e-01
-7.698348954566440749e-01
-7.363937120643893053e-01
-7.014195255043478294e-01
-6.664037467315278018e-01
-6.328436088699722628e-01
-6.021781390840051928e-01
-5.757264464751854494e-01
-5.546309728120096816e-01
-5.398081477648628557e-01
-5.319085801209857411e-01
-5.312885141805457900e-01
-5.379938031508562091e-01
-5.517571190888322930e-01
-5.720085544248805220e-01
-5.978991973999258080e-01
-6.283367073679344550e-01
-6.620313997956286389e-01
-6.975508969499287781e-01
-7.333810284295277926e-01
-7.679903919973224413e-01
-7.998958215786197146e-01
-8.277259631112648952e-01
-8.502802324646595578e-01
-8.665806200614905030e-01
-8.759141063034932007e-01
-8.778638478934787104e-01
-8.723277709658434631e-01
-8.595237424282965444e-01
-8.399810633094373369e-01
-8.145186127888586203e-01
-7.842105439456539262e-01
-7.503409675530750000e-01
-7.143495354478844872e-01
-6.777702296000910342e-01
-6.421659598869389196e-01
-6.090617597577117071e-01
-5.798794361939748621e-01
-5.558764754275430375e-01
-5.380918308052322629e-01
-5.273009311666521093e-01
-5.239818591693112815e-01
-5.282941755503259840e-01
-5.400713274179549384e-01
-5.588269991965703065e-01
-5.837751685262774215e-01
-6.138630417525533511e-01
-6.478154898387477045e-01
-6.841891094180346800e-01
-7.214336166854190546e-01
-7.579579619952220293e-01
-7.921983443377463852e-01
-8.226852165552578366e-01
-8.481064083204000736e-01
-8.673636533104834845e-01
-8.796200831522846819e-01
-8.843366320423933225e-01
-8.812957663851730405e-01
-8.706114933852618920e-01
-8.527251883163784463e-01
-8.283873871519424892e-01
-7.986262933998280467e-01
-7.647043194844709291e-01
-7.280644992631577495e-01
-6.902690469543580898e-01
-6.529326798692026701e-01
-6.176535529435679406e-01
-5.859447619865358892e-01
-5.591693548088161325e-01
-5.384816454171703626e-01
-5.247773621254077092e-01
-5.186547867937325584e-01
-5.203885752456485214e-01
-5.299174080660320474e-01
-5.468460295155128659e-01
-5.704616155021671187e-01
-5.997637958848253126e-01
-6.335070683176036166e-01
-6.702538057399142213e-01
-7.084356009781372920e-01
-7.464203780239656583e-01
-7.825824500386385774e-01
-8.153722776904485103e-01
-8.433829750813239823e-01
-8.654107567841125004e-01
-8.805067277323226360e-01
-8.880177873518128040e-01
-8.876148854061769455e-01
-8.793074089413712713e-01
-8.634430742048599949e-01
-8.406933189693996944e-01
-8.120248126400321231e-01
-7.786582971778152062e-01
-7.420165156773407267e-01
-7.036634540538475591e-01
-6.652374946222777696e-01
-6.283813423632993445e-01
-5.946717241226739947e-01
-5.655518718855545579e-01
-5.422696831236000214e-01
-5.258242090762255128e-01
-5.169227660581472428e-01
-5.159505107120787581e-01
-5.229537869925181548e-01
-5.376379634007237840e-01
-5.593798588235285862e-01
-5.872542308144816925e-01
-6.200731980362239604e-01
-6.564369146409058109e-01
-6.947933323215496060e-01
-7.335044962647088163e-01
-7.709165409556117954e-01
-8.054303927393982043e-01
-8.355701550450107540e-01
-8.600462505718756701e-01
-8.778106183264196005e-01
-8.881016026221116855e-01
-8.904766115209330479e-01
-8.848311448670719281e-01
-8.714033746945518688e-01
-8.507640784632248820e-01
-8.237923518764642683e-01
-7.916381361736875011e-01
-7.556731587619188728e-01
-7.174323817315579888e-01
-6.785484589909998032e-01
-6.406820020673006377e-01
-6.054506340871295134e-01
-5.743598643101583967e-01
-5.487387382070041397e-01
-5.296830137775678793e-01
-5.180082937219832040e-01
-5.142151179226995827e-01
-5.184675098294206919e-01
-5.305858956026797690e-01
-5.500547008278605654e-01
-5.760443024987832450e-01
-6.074464005857348470e-01
-6.429213000564153457e-01
-6.809550852116578179e-01
-7.199242453790221097e-01
-7.581649924413472741e-01
-7.940443099748626388e-01
-8.260296995082200278e-01
-8.527546447637013305e-01
-8.730769973434012732e-01
-8.861277893793437777e-01
-8.913483872789379481e-01
-8.885143984173206055e-01
-8.777453082023541908e-01
-8.594994342159307799e-01
-8.345544111002438648e-01
-8.039740377389401615e-01
-7.690629006974710746e-01
-7.313107099663299637e-01
-6.923287225026086844e-01
-6.537809671249825705e-01
-6.173132065478370567e-01
-5.844826692506096544e-01
-5.566915513249210967e-01
-5.351271278089102523e-01
-5.207110311550716686e-01
-5.140598634097035546e-01
-5.154588250944875938e-01
-5.248494883086574081e-01
-5.418322379170547043e-01
-5.656832786157783843e-01
-5.953854838914386383e-01
-6.296717719489716147e-01
-6.670791587986073523e-01
-7.060111826970665305e-01
-7.448060364984514514e-01
-7.818075004592035526e-01
-8.154356480839024535e-01
-8.442543068278924867e-01
-8.670323935111258207e-01
-8.827965052712369864e-01
-8.908725196740420182e-01
-8.909144263155159837e-01
-8.829191569057323052e-01
-8.672267781947344822e-01
-8.445060367031487214e-01
-8.157258694111058084e-01
-7.821140936629271678e-01
-7.451050370048333260e-01
-7.062783405368853185e-01
-6.672915458317213444e-01
-6.298093404933117201e-01
-5.954324822737930845e-01
-5.656294359518447834e-01
-5.416736422105743465e-01
-5.245890981958252208e-01
-5.151065754252983631e-01
-5.136323473208466162e-01
-5.202307651632555041e-01
-5.346214304590375388e-01
-5.561910887563965566e-01
-5.840197414300858370e-01
-6.169198646990815549e-01
-6.534870650783762835e-01
-6.921600115257819930e-01
-7.312870876315334945e-01
-7.691969192984262627e-01
-8.042697668142785306e-01
-8.350067321926861741e-01
-8.600938248343142911e-01
-8.784581470639161171e-01
-8.893137966549624629e-01
-8.921955217895632950e-01
-8.869786863431637913e-01
-8.738846876580442791e-01
-8.534715901493487022e-01
-8.266103696555698876e-01
-7.944477784268094700e-01
-7.583574127569970846e-01
-7.198810700453450728e-01
-6.806628979155849857e-01
-6.423791471136149900e-01
-6.066665289820930562e-01
-5.750522392300071450e-01
-5.488886398056345151e-01
-5.292953928605138580e-01
-5.171115234464923605e-01
-5.128594642180952512e-01
-5.167226240581853647e-01
-5.285374450186614004e-01
-5.478002929233732887e-01
-5.736888928619350292e-01
-6.050973987150788380e-01
-6.406836024018724984e-01
-6.789262686971732075e-01
-7.181901475012961722e-01
-7.567958859603136634e-01
-7.930918519859667670e-01
-8.255247975942963112e-01
-8.527063387004654160e-01
-8.734724055855063174e-01
-8.869331176662307303e-01
-8.925109447120497252e-01
-8.899655168460801624e-01
-8.794040161933223132e-01
-8.612766995233511746e-01
-8.363577373243369362e-01
-8.057121832292439834e-01
-7.706504816914914180e-01
-7.326724558346859872e-01
-6.934031685867677597e-01
-6.545233991924976902e-01
-6.176977089822488498e-01
-5.845031748693129137e-01
-5.563618419018501182e-01
-5.344797883957430606e-01
-5.197954154035137053e-01
-5.129391785252792602e-01
-5.142064911393633420e-01
-5.235449649048233844e-01
-5.405565399455519726e-01
-5.645144197096158001e-01
-5.943940913956209382e-01
-6.289171092125382945e-01
-6.666057704637584624e-01
-7.058463469952450664e-01
-7.449581669913440951e-01
-7.822655902414576978e-01
-8.161697946909324264e-01
-8.452172987680881544e-01
-8.681622824318191434e-01
-8.840200342500846853e-01
-8.921092308367766233e-01
-8.920812324637588109e-01
-8.839351342143693113e-01
-8.680179218875134772e-01
-8.450097198884617411e-01
-8.158947572227832623e-01
-7.819192900599446494e-01
-7.445382788925579698e-01
-7.053531010730170747e-01
-6.660429647300080136e-01
-6.282929611892345001e-01
-5.937218383689009116e-01
-5.638125908962774435e-01
-5.398488432663308689e-01
-5.228597552921651070e-01
-5.135758149136517847e-01
-5.123974176944987580e-01
-5.193775849715347448e-01
-5.342195670555878184e-01
-5.562894400601561262e-01
-5.846431621868335426e-01
-6.180669351836668435e-01
-6.551291458139806290e-01
-6.942416650293306013e-01
-7.337278804789327813e-01
-7.718945482894131738e-01
-8.071043851796178004e-01
-8.378462890548409314e-01
-8.628001767153041790e-01
-8.808936569558141194e-01
-8.913481063274233396e-01
-8.937121682558266667e-01
-8.878812346578128789e-01
-8.741020696080211705e-01
-8.529623712581320127e-01
-8.253657138133008164e-01
-7.924929382469448891e-01
-7.557516417009834120e-01
-7.167159262395071950e-01
-6.770589858822450013e-01
-6.384814186839250505e-01
-6.026383348198076639e-01
-5.710683842586221637e-01
-5.451277463650104904e-01
-5.259319121248040574e-01
-5.143077566718105009e-01
-5.107579596612525918e-01
-5.154393026248498266e-01
-5.281557783835162390e-01
-5.483668133307175729e-01
-5.752102561028425987e-01
-6.075391535533387621e-01
-6.439707441478237371e-01
-6.829455752103814614e-01
-7.227942163152002442e-01
-7.618087151333190477e-01
-7.983157381807514108e-01
-8.307482659083036403e-01
-8.577127725571553896e-01
-8.780490135731259249e-01
-8.908798588946746921e-01
-8.956490085260676581e-01
-8.921449099225238211e-01
-8.805101908765046170e-01
-8.612359321208209462e-01
-8.351409729196384024e-01
-8.033371639246005280e-01
-7.671820393983376229e-01
-7.282209211757688649e-01
-6.881209215643225852e-01
-6.485996621360975434e-01
-6.113517549099263260e-01
-5.779761917585956033e-01
-5.499077525772368968e-01
-5.283553741477964305e-01
-5.142501267870406290e-01
-5.082050372504012259e-01
-5.104884913562802717e-01
-5.210123699287342314e-01
-5.393354417022629965e-01
-5.646818837427981519e-01
-5.959741516909966563e-01
-6.318788065297802348e-01
-6.708633480520811432e-01
-7.112616316840250086e-01
-7.513450751964312335e-01
-7.893966110885746179e-01
-8.237842199226363959e-01
-8.530308949152032305e-01
-8.758780381323364450e-01
-8.913395673709378908e-01
-8.987444083967284225e-01
-8.977655427780083519e-01
-8.884343559311718153e-01
-8.711396586060925484e-01
-8.466114109704102608e-01
-8.158898335934179347e-01
-7.802812158912888485e-01
-7.413023031070458124e-01
-7.006156331688530026e-01
-6.599585837390131715e-01
-6.210691607078553389e-01
-5.856117006351364562e-01
-5.551056650878551935e-01
-5.308605741833130054e-01
-5.139198619427556292e-01
-5.050160696969063778e-01
-5.045393758769310955e-01
-5.125207526052419915e-01
-5.286304265505468170e-01
-5.521916909250580430e-01
-5.822094648210157652e-01
-6.174123741562722589e-01
-6.563065612450498243e-01
-6.972389407195398459e-01
-7.384672279757467095e-01
-7.782337880041170219e-01
-8.148401980579406123e-01
-8.467193925855036607e-01
-8.725023633546811208e-01
-8.910766166316972381e-01
-9.016339325757628531e-01
-9.037054172976007882e-01
-8.971824212394114983e-01
-8.823224357270482709e-01
-8.597395697273768622e-01
-8.303799054684457559e-01
-7.954826730320386785e-01
-7.565287826530248116e-01
-7.151787945495792220e-01
-6.732028667692010471e-01
-6.324055817683210678e-01
-5.945487960092292745e-01
-5.612757720060852495e-01
-5.340398322959489796e-01
-5.140406185078583157e-01
-5.021707504273693612e-01
-4.989752696439673785e-01
-5.046257352448334510e-01
-5.189102350773120431e-01
-5.412399093972550812e-01
-5.706718814535539641e-01
-6.059477810155298183e-01
-6.455463622126734746e-01
-6.877480861484254193e-01
-7.307089897543146417e-01
-7.725407205602715655e-01
-8.113933037118044034e-01
-8.455370388249952018e-01
-8.734399103824577182e-01
-8.938370400597559495e-01
-9.057890094943870096e-01
-9.087263275149380926e-01
-9.024778900253644931e-01
-8.872819607709746537e-01
-8.637789590222708647e-01
-8.329861435702770045e-01
-7.962550962776340224e-01
-7.552136963922867485e-01
-7.116950028034402242e-01
-6.676560912264551950e-01
-6.250903963031563260e-01
-5.859374591906256757e-01
-5.519941601301444623e-01
-5.248315108983497845e-01
-5.057208902768886016e-01
-4.955732316324397702e-01
-4.948941288533948990e-01
-5.037571369042095348e-01
-5.217967351898749051e-01
-5.482215310571799671e-01
-5.818473471146474729e-01
-6.211489026110939005e-01
-6.643279098558321216e-01
-7.093946044987196053e-01
-7.542590531704125301e-01
-7.968280681155806011e-01
-8.351032336920715116e-01
-8.672754331476549838e-01
-8.918113655042945176e-01
-9.075278609404076047e-01
-9.136503274893877924e-01
-9.098523706477844586e-01
-8.962744896546739337e-01
-8.735207306745412792e-01
-8.426332224033692420e-01
-8.050455838678219900e-01
-7.625172087234665108e-01
-7.170513866831518257e-01
-6.708011231679171793e-01
-6.259670840776310197e-01
-5.846925183900428813e-01
-5.489602063303441470e-01
-5.204964282653676833e-01
-5.006866523918800382e-01
-4.905071097697845106e-01
-4.904756869964581600e-01
-5.006246541125012328e-01
-5.204967014449868312e-01
-5.491646342316063301e-01
-5.852739227193957117e-01
-6.271061844948846442e-01
-6.726606405859406612e-01
-7.197496891144501419e-01
-7.661040253258049049e-01
-8.094822413238376146e-01
-8.477795888482232423e-01
-8.791305980080460492e-01
-9.020005153185165492e-01
-9.152610440301113259e-01
-9.182466144995446999e-01
-9.107883468136056537e-01
-8.932239469893508144e-01
-8.663829493426900008e-01
-8.315479236744003355e-01
-7.903934473617730827e-01
-7.449057407706910494e-01
-6.972868249545998154e-01
-6.498478352961266635e-01
-6.048966744899818559e-01
-5.646254849673575382e-01
-5.310034488633170735e-01
-5.056801805357358237e-01
-4.899044734973688753e-01
-4.844624243937857844e-01
-4.896380171037947870e-01
-5.051981559493847751e-01
-5.304029419648088606e-01
-5.640407489213723480e-01
-6.044864373091570764e-01
-6.497799049273668137e-01
-6.977211685428400534e-01
-7.459773520661484580e-01
-7.921963636221035499e-01
-8.341217063992675262e-01
-8.697028033039480022e-01
-8.971954268107495967e-01
-9.152473029410856942e-01
-9.229646787967556998e-01
-9.199565712909479887e-01
-9.063545051334827019e-01
-8.828067471877887318e-01
-8.504472930844788614e-01
-8.108410990408743135e-01
-7.659082163527377585e-01
-7.178305207212493100e-01
-6.689455825825527668e-01
-6.216328559537883658e-01
-5.781977410088507963e-01
-5.407591811520227054e-01
-5.111462836660600750e-01
-4.908090126058411995e-01
-4.807473152154228546e-01
-4.814621426057754672e-01
-4.929307560091144014e-01
-5.146075241283919466e-01
-5.454501730733837261e-01
-5.839702090407488111e-01
-6.283050559577185723e-01
-6.763083932716066338e-01
-7.256542944237664994e-01
-7.739500972664949963e-01
-8.188525161260686858e-01
-8.581813515788329072e-01
-8.900252753568409503e-01
-9.128345577652844378e-01
-9.254962441129754858e-01
-9.273881433634131310e-01
-9.184090244105068690e-01
-8.989835725276144052e-01
-8.700418841329957687e-01
-8.329745123758672820e-01
-7.895652592229202016e-01
-7.419049844134965044e-01
-6.922906159778668966e-01
-6.431142570332645247e-01
-5.967477553804831913e-01
-5.554283137607691767e-01
-5.211506599270039342e-01
-4.955709704648911806e-01
-4.799271669842172239e-01
-4.749794063429363389e-01
-4.809736070394722285e-01
-4.976297395717743655e-01
-5.241554135195479747e-01
-5.592840761708017805e-01
-6.013359554004432672e-01
-6.482987900001213610e-01
-6.979244458780050619e-01
-7.478367614683539832e-01
-7.956454360030409401e-01
-8.390604947315667417e-01
-8.760018483623723817e-01
-9.046987099134675692e-01
-9.237741281846937325e-01
-9.323106186431094899e-01
-9.298937843874137688e-01
-9.166318778002993106e-01
-8.931504064710515944e-01
-8.605620795977708681e-01
-8.204135663093459208e-01
-7.746116391896415987e-01
-7.253322524742608080e-01
-6.749169088553993445e-01
-6.257612638704889152e-01
-5.802012748817485521e-01
-5.404023064775109741e-01
-5.082564516413896616e-01
-4.852929263780985103e-01
-4.726057645797313578e-01
-7.026599625416034556e-01
