1.334222234301398746e+00
1.889702657574914069e+00
2.396010784094111834e+00
2.832630547972143198e+00
3.182249427984232604e+00
3.431399315977743392e+00
3.570921021950011820e+00
3.596239528786493000e+00
3.507445430933581410e+00
3.309186101245469747e+00
3.010377704243879737e+00
2.623755929583944990e+00
2.165289025351011087e+00
1.653481193034466390e+00
1.108597551448730734e+00
5.518436335318600561e-01
4.532755038227587185e-03
-5.127263503537458078e-01
-9.807913885510137764e-01
-1.382670825534718428e+00
-1.704107727093475688e+00
-1.934044928855819467e+00
-2.064958552805586489e+00
-2.093052319914616710e+00
-2.018310553620775938e+00
-1.844413022199759666e+00
-1.578519646273733645e+00
-1.230937442983599084e+00
-8.146857626120280749e-01
-3.449788009055965166e-01
1.613535211907628497e-01
6.864839579256074575e-01
1.212222850346132752e+00
1.720647174892071085e+00
2.194702500992199212e+00
2.618758445436325744e+00
2.979100596591115480e+00
3.264344722806523880e+00
3.465762194588977163e+00
3.577509245495022583e+00
3.596756246582064165e+00
3.523715781817031267e+00
3.361571905945393013e+00
3.116316089665543743e+00
2.796498117415904705e+00
2.412902580231440997e+00
1.978163544128116458e+00
1.506331434303062267e+00
1.012407135078687848e+00
5.118587596285941732e-01
2.013650260382637835e-02
-4.477995220817285738e-01
-8.779244987964465174e-01
-1.257554549087050333e+00
-1.575701808223095579e+00
-1.823369865996282702e+00
-1.993782599644886133e+00
-2.082541647848230149e+00
-2.087710044625692873e+00
-2.009821781905252625e+00
-1.851819234827987604e+00
-1.618922405606537662e+00
-1.318435768167617983e+00
-9.595000833132152351e-01
-5.527978681765812752e-01
-1.102222192712373205e-01
3.554806099355518056e-01
8.310840940262417265e-01
1.303258934559714755e+00
1.758944562632418052e+00
2.185704557343373988e+00
2.572056672389130938e+00
2.907769167814336697e+00
3.184116336459811514e+00
3.394087454444830509e+00
3.532544829606059533e+00
3.596328127913272166e+00
3.584303682617715481e+00
3.497358992921413723e+00
3.338344059489656068e+00
3.111962547812437752e+00
2.824616986095051629e+00
2.484213265659177772e+00
2.099930597635549567e+00
1.681963774415748070e+00
1.241245077932635832e+00
7.891534649936369217e-01
3.372187436774719549e-01
-1.031716595633992428e-01
-5.210560440341438504e-01
-9.061650657478494963e-01
-1.249165457713864225e+00
-1.541875400558668119e+00
-1.777446970453711028e+00
-1.950512039195726466e+00
-2.057289004559252010e+00
-2.095648761052817832e+00
-2.065139355771583585e+00
-1.966969786055021707e+00
-1.803954361677406304e+00
-1.580419953001237943e+00
-1.302079259125095145e+00
-9.758739406375229741e-01
-6.097920573303410308e-01
-2.126647225678076625e-01
2.060527732791794797e-01
6.365099107611931206e-01
1.068694427146105408e+00
1.492664862533792824e+00
1.898776868338475587e+00
2.277898274651767085e+00
2.621608311301099725e+00
2.922376866637116599e+00
3.173720233789329548e+00
3.370330420779680480e+00
3.508175772220634148e+00
3.584571349773750804e+00
3.598218229597581086e+00
3.549211581588778586e+00
3.439018081998865384e+00
3.270423863735455239e+00
3.047454814401259870e+00
2.775271579503131303e+00
2.460042107615519669e+00
2.108794977798202019e+00
1.729257071373762056e+00
1.329679386364873483e+00
9.186549415445388611e-01
5.049327781496175671e-01
9.723204267550278335e-02
-2.959399726562912392e-01
-6.664621390802325518e-01
-1.006762711949491518e+00
-1.309968342123930540e+00
-1.570036128971087130e+00
-1.781866382302874641e+00
-1.941394211818370241e+00
-2.045658538391432302e+00
-2.092847611445767697e+00
-2.082320610431714680e+00
-2.014605396110758395e+00
-1.891372949517886148e+00
-1.715389484328159408e+00
-1.490447633931963001e+00
-1.221278490784816428e+00
-9.134466065317641270e-01
-5.732303421047642011e-01
-2.074901836939856414e-01
1.764721893865295321e-01
5.710611867959525245e-01
9.685379872230275300e-01
1.361171667954222730e+00
1.741387894591262420e+00
2.101912393311946126e+00
2.435906588764696679e+00
2.737092995824445207e+00
2.999868197857945784e+00
3.219401522160369566e+00
3.391717828731464213e+00
3.513763155175539055e+00
3.583452301694971975e+00
3.599697789328203168e+00
3.562419975271537975e+00
3.472538455025770965e+00
3.331945216229965645e+00
3.143460327782457764e+00
2.910771245074667224e+00
2.638357083292092398e+00
2.331399451785603816e+00
1.995681650148089625e+00
1.637478198190314593e+00
1.263436805532858198e+00
8.804549807651086413e-01
4.955535345077103915e-01
1.157492453777557717e-01
-2.520710664248280164e-01
-6.012728750185636351e-01
-9.255906087429117690e-01
-1.219236679066512119e+00
-1.477001084133309217e+00
-1.694339979991858591e+00
-1.867451823073494666e+00
-1.993339917168644337e+00
-2.069860442866118699e+00
-2.095755302913617335e+00
-2.070669378924053117e+00
-1.995152059004667411e+00
-1.870643158015878438e+00
-1.699443608208842882e+00
-1.484671544076142435e+00
-1.230204637757334574e+00
-9.406097569439308970e-01
-6.210612129299857287e-01
-2.772490396265210322e-01
8.472110723913461872e-02
4.584347197110700267e-01
8.372800711423418196e-01
1.214562844004110742e+00
1.583621846953380263e+00
1.937943910426370264e+00
2.271276073612736646e+00
2.577733227850804276e+00
2.851899461175350314e+00
3.088921454495639374e+00
3.284592409903775323e+00
3.435425143832934403e+00
3.538713149854655793e+00
3.592578625251853452e+00
3.596006659357078750e+00
3.548864997080850792e+00
3.451909015028558514e+00
3.306771776994515299e+00
3.115939267264175694e+00
2.882711130880727168e+00
2.611147476703813197e+00
2.306002518631707687e+00
1.972646039801681406e+00
1.616973861078489172e+00
1.245308676001944725e+00
8.642927770842387947e-01
4.807743406312439127e-01
1.016890570391336679e-01
-2.660610110280636764e-01
-6.157293905988208138e-01
-9.408459860865596713e-01
-1.235334684014165241e+00
-1.493625780584976415e+00
-1.710761281601628436e+00
-1.882491197140891526e+00
-2.005359055241149324e+00
-2.076774989046409559e+00
-2.095074909443268574e+00
-2.059564458963725642e+00
-1.970546651015550488e+00
-1.829332329427058923e+00
-1.638232834613487121e+00
-1.400534531829426221e+00
-1.120455141094071294e+00
-8.030821042876710170e-01
-4.542935291462946168e-01
-8.066255867276483915e-02
3.106536761924221790e-01
7.120390572111755523e-01
1.115555672040376756e+00
1.513091154859812715e+00
1.896513862831238351e+00
2.257833333210531812e+00
2.589363250417315410e+00
2.883883970107254502e+00
3.134801503486017715e+00
3.336299764881134333e+00
3.483482833934202549e+00
3.572503985445799835e+00
3.600678299326788068e+00
3.566575784269499838e+00
3.470092135077994744e+00
3.312494497815193562e+00
3.096439940920022948e+00
2.825964725096301589e+00
2.506442929778468276e+00
2.144513527685293131e+00
1.747975598191643609e+00
1.325652030067929310e+00
8.872227777417274197e-01
4.430294937330094829e-01
3.854152184124548519e-03
-4.193249090384447708e-01
-8.155952832763286864e-01
-1.174386079806952754e+00
-1.485750983253336432e+00
-1.740652262940218797e+00
-1.931238581561925294e+00
-2.051108937711751068e+00
-2.095554701913719953e+00
-2.061771500506877963e+00
-1.949032695929345582e+00
-1.758816434748371016e+00
-1.494878713454383057e+00
-1.163265670722172906e+00
-7.722593730794720113e-01
-3.322527320040769006e-01
1.444491203651976363e-01
6.439016672005457576e-01
1.150866425745129318e+00
1.649224754699447182e+00
2.122453071118227008e+00
2.554149527722321622e+00
2.928598012589111566e+00
3.231356154277495119e+00
3.449851672597584074e+00
3.573962346067949714e+00
3.596554764605850885e+00
3.513955594548476391e+00
3.326328362692995810e+00
3.037929205662744270e+00
2.657216823521575400e+00
2.196795178241614188e+00
1.673172389635390278e+00
1.106325831501148382e+00
5.190715551634048630e-01
-6.375430547291049965e-02
-6.162838563184156460e-01
-1.112745875592105360e+00
-1.528693271966386824e+00
-1.842277543450832500e+00
-2.035508564265669396e+00
-2.095430504170006536e+00
-2.015140141023278098e+00
-1.794573081574142748e+00
-1.440987173749615380e+00
-9.690812145815215217e-01
-4.007012140414134560e-01
2.358940823269246589e-01
9.072124261779813681e-01
1.576127837322770286e+00
2.203845875025903567e+00
2.752147776043634586e+00
3.185796669415647209e+00
3.474962874595521889e+00
3.597505701890366225e+00
3.540938818421996537e+00
3.303907453542379802e+00
2.897020288161806789e+00
2.342907788950855164e+00
1.675421942496334804e+00
9.379484931754712429e-01
1.808691917571765284e-01
-5.417158717514762856e-01
-1.175822411063238482e+00
-1.671721321129489457e+00
-1.988076753040425970e+00
-2.095740501877679574e+00
-1.980850182948216354e+00
-1.230358769406074249e+00
-7.912109774846198817e-01
-2.211164034938378764e-01
4.352460186328874214e-01
1.123904440531275473e+00
1.785832048977400444e+00
2.361965040905429358e+00
2.798596397282032910e+00
3.052661016829450791e+00
3.096387304469988333e+00
2.920799351701567126e+00
2.537618140905729014e+00
1.979230150603751959e+00
1.296561465454909357e+00
5.549025501750201039e-01
-1.720453702308913924e-01
-8.094103411310658025e-01
-1.288994071684845366e+00
-1.556905731419849115e+00
-1.580117280671769819e+00
-1.351115688591820962e+00
-8.899731045043497435e-01
-2.433985745842381920e-01
5.193444786793350865e-01
1.313403235081782583e+00
2.047557870417480164e+00
2.634744537675359322e+00
3.002679361798552993e+00
3.103271655397651596e+00
2.919561757045754380e+00
2.469136103436324614e+00
1.803347834785693049e+00
1.002170538002090439e+00
1.650795316726001438e-01
-6.010825152172898367e-01
-1.195819998869405598e+00
-1.538523517575028254e+00
-1.579978378117891324e+00
-1.310141317076396916e+00
-7.608933018278936089e-01
-3.102853129057003834e-03
8.618950506238822751e-01
1.715487060015421505e+00
2.437983175747949538e+00
2.925636490200156370e+00
3.106034488721060693e+00
2.949516890839956940e+00
2.474739560383574677e+00
1.747286086124073101e+00
8.712285451459269581e-01
-2.538559632582693126e-02
-8.091577832707610440e-01
-1.361378171987653651e+00
-1.596438299735530641e+00
-1.475692638355272646e+00
-1.014436227352051079e+00
-2.806606190733806905e-01
6.144792884374818964e-01
1.533227046250885017e+00
2.332383586176073109e+00
2.885809417310794878e+00
3.104695223338453935e+00
2.952279706767079404e+00
2.450501651184088470e+00
1.677321282431712746e+00
7.549410794286789406e-01
-1.693435905462287172e-01
-9.466793506419386439e-01
-1.450799913745493441e+00
-1.598825002691712793e+00
-1.365231765355290339e+00
-7.865849783314462496e-01
4.389369160991518637e-02
9.911597398843396967e-01
1.900244734855211837e+00
2.621666893752237826e+00
3.036164018191076064e+00
3.074619698063670636e+00
2.729810968847945496e+00
2.057941481988840415e+00
1.169619501203643885e+00
2.117109486176410593e-01
-6.569559225111354372e-01
-1.292001043635920610e+00
-1.587602268186788290e+00
-1.494249873397949457e+00
-1.027140901912738435e+00
-2.637716876268223487e-01
6.688991683248561859e-01
1.615587676811689022e+00
2.418589211948043882e+00
2.944110885011655743e+00
3.104615091567975771e+00
2.873427105558005845e+00
2.289161003873423361e+00
1.449230874699428684e+00
4.935478759208863919e-01
-4.188518430626158029e-01
-1.136325076041716731e+00
-1.539846935641492109e+00
-1.562737110213662017e+00
-1.201616528547677198e+00
-5.168030114009698472e-01
3.778750793800748631e-01
1.334105043982117156e+00
2.193752884266925829e+00
2.815043259976730106e+00
3.095911849423834905e+00
2.990684497783045792e+00
2.517370076467441820e+00
1.754425807949024918e+00
8.275998258059964474e-01
-1.109148411468476869e-01
-9.075356454819978325e-01
-1.432416164367154021e+00
-1.600529694180482299e+00
-1.385298966998459225e+00
-8.226108986670774836e-01
-4.644420061327259042e-03
9.353970293799487301e-01
1.845090933649847775e+00
2.577549082463958197e+00
3.015090983644671763e+00
3.088028309067858856e+00
2.785582068664792299e+00
2.157253533611163121e+00
1.304521707011662146e+00
3.642913552021134205e-01
-5.131822113082995518e-01
-1.188316494590838435e+00
-1.554330711600973913e+00
-1.553984878296956751e+00
-1.188330624424623450e+00
-5.161709055636198862e-01
3.555911618405561692e-01
1.289100556863534308e+00
2.137422617250364532e+00
2.767658705525045892e+00
3.081672372001583948e+00
3.031210750735890080e+00
2.625119082049550023e+00
1.927604780323392886e+00
1.047910368627587463e+00
1.230822230397674577e-01
-7.034296076407200449e-01
-1.303993476277221841e+00
-1.586405150312527823e+00
-1.507890055485007874e+00
-1.081399672960749125e+00
-3.733072869943403482e-01
5.070662684688109767e-01
1.424423285815815898e+00
2.238310056720840713e+00
2.824583078384311552e+00
3.094249915553212382e+00
3.006844262027138281e+00
2.576349468499500972e+00
1.868829775556787309e+00
9.921878913443148429e-01
7.965104096115360743e-02
-7.304810171001514529e-01
-1.315753999293596710e+00
-1.587992013414581294e+00
-1.506485936052401886e+00
-1.083981837172386609e+00
-3.846046831494520646e-01
4.859345188659839887e-01
1.396346320277900954e+00
2.209560438969957907e+00
2.803332488991049587e+00
3.088570301659343986e+00
3.022643028297904877e+00
2.615695620278488231e+00
1.929042622083875891e+00
1.065900941744042818e+00
1.558645403524042683e-01
-6.645450820560523386e-01
-1.272337959761731252e+00
-1.576464517550564270e+00
-1.531425539736218422e+00
-1.144054767582503240e+00
-4.724671064111698460e-01
3.826642040043315429e-01
1.293193135443104547e+00
2.122691644353240203e+00
2.746876018566764888e+00
3.072215065165817993e+00
3.049937845226583288e+00
2.683345300000448574e+00
2.027329827825155473e+00
1.180170842930743591e+00
2.688291301781384202e-01
-5.700639066962607249e-01
-1.210679748059799499e+00
-1.556864441649282949e+00
-1.556579660850931468e+00
-1.209743723435628748e+00
-5.682884586221923495e-01
2.715876469682488858e-01
1.183819687644228846e+00
2.031379541076379525e+00
2.686851656850146597e+00
3.051594057255661241e+00
3.070602932669197926e+00
2.740838254384840411e+00
2.111745560886271633e+00
1.277879700924486439e+00
3.647245010385037900e-01
-4.901705982128234940e-01
-1.157905069089987693e+00
-1.537674721472821471e+00
-1.572016485916823747e+00
-1.255541040401008779e+00
-6.358203007921496841e-01
1.937222490603085490e-01
1.107862629378438379e+00
1.968460899829064026e+00
2.645334345745652627e+00
3.035965642141821963e+00
3.081059881235008735e+00
2.773584775207093678e+00
2.159909335495932670e+00
1.332850483983678114e+00
4.176639745364135736e-01
-4.469104589058521260e-01
-1.129683306008278709e+00
-1.526939080669106552e+00
-1.578220532009408483e+00
-1.275565830791571820e+00
-6.647811847070979052e-01
1.614601507286756998e-01
1.077657782949561938e+00
1.944538897494085150e+00
2.630235140537044991e+00
3.030359652314726038e+00
3.083923543670101353e+00
2.782659831636193015e+00
2.172324176638156246e+00
1.345763603426472832e+00
4.288004734562065878e-01
-4.389227018640078359e-01
-1.125219794370482918e+00
-1.525513776366490326e+00
-1.578788845032744081e+00
-1.276904275431885782e+00
-6.658449009901568072e-01
1.612854780406026700e-01
1.078459651842493150e+00
1.945944492528538072e+00
2.631605755171805949e+00
3.031047004036934389e+00
3.083508776584371169e+00
2.781103662519170072e+00
2.169983043588114668e+00
1.343265231332431586e+00
4.268133691117207418e-01
-4.399581197090964846e-01
-1.125314308248898110e+00
-1.525228116026340341e+00
-1.579156952658682833e+00
-1.279174145743557034e+00
-6.710803407539551735e-01
1.526571267810571397e-01
1.067030637919353486e+00
1.933504224924383674e+00
2.621008644440971480e+00
3.025736474380028795e+00
3.086755879685470827e+00
2.795110356150439124e+00
2.195064883417335633e+00
1.377344163300049829e+00
4.654073470387366518e-01
-4.031621922354795551e-01
-1.097355226246048643e+00
-1.512426934144419644e+00
-1.585642639455461467e+00
-1.305734739713506620e+00
-7.146616260965543699e-01
9.860073512664746520e-02
1.011325808014089001e+00
1.885408110271510340e+00
2.588124086801275148e+00
3.012200745689099790e+00
3.092206877014760824e+00
2.814779005274897550e+00
2.221069927807288735e+00
1.400948460411200358e+00
4.797085761653716030e-01
-4.008114435726808367e-01
-1.103915471494307798e+00
-1.519271125579455095e+00
-1.580392333792334458e+00
-1.275603424667223429e+00
-6.506401501769210061e-01
1.977090141824718872e-01
1.136136955194056775e+00
2.015437334973060324e+00
2.694095061372329347e+00
3.061163129286621931e+00
3.054734233047521563e+00
2.672898536030684724e+00
1.975185892404202059e+00
1.073968210594660189e+00
1.169238126304719128e-01
-7.368179038289182081e-01
-1.343081943537606904e+00
-1.597258013894464312e+00
-1.452897205985900886e+00
-9.309231255240904002e-01
-1.175479170217146319e-01
8.491536612542547324e-01
1.802094319390713517e+00
2.573799912337600304e+00
3.025982571631869344e+00
3.074846374108673341e+00
2.707433805821476192e+00
1.985716476420440246e+00
1.037202414464157840e+00
3.323951536220270953e-02
-8.414812711446630900e-01
-1.422915285927854434e+00
-1.598925284283173376e+00
-1.331802085446369688e+00
-6.673965991878243464e-01
2.714503470637814608e-01
1.306575770488440646e+00
2.237683458055181873e+00
2.881032983071700304e+00
3.106210767451141663e+00
2.863566531374949431e+00
2.196393608641147299e+00
1.234719121421107513e+00
1.711675390711059341e-01
3.805415448414739554e-02
-2.585405141120700190e-01
-3.452239521245310527e-01
-2.012981454525573088e-01
1.454190679293480004e-01
6.231923540921291416e-01
1.130615024448529571e+00
1.557828018853696594e+00
1.810361260814095763e+00
1.830434993183670089e+00
1.610853229566742595e+00
1.198033360051086849e+00
6.830013768898984816e-01
1.818765762999712265e-01
-1.901232911418800908e-01
-3.454048244204683815e-01
-2.452243889435531399e-01
8.983664695415716217e-02
5.831131377839572361e-01
1.118640401100388315e+00
1.568019894258091407e+00
1.821264277913906104e+00
1.814224167737336080e+00
1.545663062050786518e+00
1.079274803300239505e+00
5.294861074428741654e-01
3.394031522963270042e-02
-2.808895328138232284e-01
-3.324131121536355593e-01
-1.044178249749180276e-01
3.469552774254920924e-01
9.060208178122333145e-01
1.426537736605742346e+00
1.769816813734400807e+00
1.842082737166887974e+00
1.620944991705809635e+00
1.163313332412664325e+00
5.918291226252200277e-01
6.269799326386638061e-02
-2.768607898649926291e-01
-3.300237330489248500e-01
-7.888651020759696042e-02
4.085197699979599695e-01
9.955677844711994240e-01
1.514669759069910526e+00
1.815059900115368219e+00
1.807141302064376953e+00
1.490217415283452862e+00
9.547721996408689016e-01
3.576761408457315716e-01
-1.232352502066987876e-01
-3.422425446463415177e-01
-2.306261111222729365e-01
1.806664539572283568e-01
7.683277654403416479e-01
1.352755700416081286e+00
1.752633664306331163e+00
1.841553930139075979e+00
1.588904326192976502e+00
1.071531091482823772e+00
4.514982399210719088e-01
-7.402406852311926855e-02
-3.354735777845627709e-01
-2.462733196086356324e-01
1.674119809525004277e-01
7.730810218969191849e-01
1.373445236902973043e+00
1.770405564037974111e+00
1.830813410373237193e+00
1.532062800853918549e+00
9.716112305188688847e-01
3.362079214923975878e-01
-1.598251196647068051e-01
-3.470384143156264312e-01
-1.594864622358820316e-01
3.409899358861585572e-01
9.840915615706085084e-01
1.548366792598697916e+00
1.837436636936047307e+00
1.748905575117956301e+00
1.311574657023769630e+00
6.771182388062650936e-01
6.817586978469047931e-02
-2.996214056344985721e-01
-2.944223522095925638e-01
8.377069124316471882e-02
7.015416625209175416e-01
1.338449583431958523e+00
1.765477688711595272e+00
1.827680030069246842e+00
1.501068060412215743e+00
9.025977495624124547e-01
2.488859375018412923e-01
-2.219840164993879261e-01
-3.373896681940673492e-01
-5.397766379355484201e-02
5.254506222707231444e-01
1.188762856600371620e+00
1.692001482109271038e+00
1.849277222691773304e+00
1.601819957179904552e+00
1.040358795085835064e+00
3.721453185650930306e-01
-1.554895309724949604e-01
-3.468313548284185366e-01
-1.306273863281016689e-01
4.131698889799890195e-01
1.082895680055582233e+00
1.630036653371098376e+00
1.851600326930037621e+00
1.665540157202389349e+00
1.141115733067459503e+00
4.729367282124895544e-01
-9.150485688418052987e-02
-3.436889241932825634e-01
-1.910836413296784775e-01
3.091744480289538854e-01
9.721223852401993382e-01
1.553816105269599346e+00
1.841338824346510750e+00
1.730604100329464323e+00
1.263509091937184969e+00
6.113432124769898612e-01
1.126798242800230998e-02
-3.202792110431462724e-01
-2.654440812157501384e-01
1.539184114289560146e-01
7.859481804193199084e-01
1.404771632986886232e+00
1.791753739937831824e+00
1.812535096676219926e+00
1.462725323926538312e+00
8.670318707036429595e-01
2.334633756278680083e-01
-2.201117990716170425e-01
-3.407995758158732791e-01
-9.118321272837703884e-02
4.408456437874527789e-01
1.074728486349452172e+00
1.599723911482055172e+00
1.845193423926388965e+00
1.735142305994685330e+00
1.309879521112242040e+00
7.093371144655308269e-01
1.253170901408957594e-01
-2.605286105051745071e-01
-3.326878114970812650e-01
-7.465691874065893963e-02
4.300599967359166609e-01
1.027155503621958399e+00
1.540201204414845870e+00
1.823050643096842283e+00
1.800351974487095497e+00
1.485329773549614263e+00
9.714929588944344330e-01
4.026531436346408310e-01
-6.867706415554186705e-02
-3.221907948547513278e-01
-2.991053199932069973e-01
-1.323928131642837513e-02
4.572718624930776632e-01
9.935912324252604844e-01
1.467651268817331545e+00
1.772933654070685261e+00
1.847247113196970325e+00
1.683069291472982787e+00
1.324560079135437274e+00
8.535762541042060114e-01
3.691902334539984842e-01
-3.400108730741280283e-02
-2.840371294335259922e-01
-3.429910285246520196e-01
-2.103175673292230208e-01
8.126631679557261290e-02
4.753904200694764048e-01
9.044315059619142394e-01
1.301976017050280099e+00
1.613129122740926569e+00
1.801230292077411255e+00
1.850528031511102567e+00
1.765200586658290050e+00
1.565646081035605208e+00
1.283204739008669382e+00
9.544483496044551263e-01
6.159575194389954600e-01
3.001977885300157745e-01
3.278346502725415501e-02
-1.688580174220729591e-01
-2.956064254032551020e-01
-3.458510558119638478e-01
-3.241080571383492259e-01
-2.393639915767620252e-01
-1.033996678505514355e-01
7.072442488064634158e-02
2.699125069898087870e-01
4.819619623775729944e-01
6.961777614189620378e-01
9.036949872702704223e-01
1.097570531006119898e+00
1.272732049296087409e+00
1.425822531316033537e+00
1.554981282866790382e+00
1.659594999075681088e+00
1.740044108566777936e+00
1.797461891451966443e+00
1.833517406347394241e+00
1.850228137036844522e+00
1.849804438602873580e+00
1.834525175872450120e+00
1.806642208294664265e+00
1.768310380811177973e+00
1.721539239880305772e+00
1.668162643392960387e+00
1.609822638832491215e+00
1.547964341683497613e+00
1.483838978801567787e+00
1.418512715051547080e+00
1.352879320170438548e+00
1.287675134750355888e+00
1.223495148042584635e+00
1.160809301802410154e+00
1.099978384277438215e+00
1.041269080323098173e+00
9.848679027464684044e-01
9.308938522513675595e-01
8.794097447391153732e-01
8.304322108295354443e-01
7.839404183468462461e-01
7.398835985660734416e-01
6.981874749430347915e-01
6.587597019194290082e-01
6.214944236930487476e-01
5.862760605269038416e-01
5.529824247782142432e-01
5.214872615221536334e-01
4.916623002964697342e-01
4.633788957358223604e-01
4.365093261496299504e-01
4.109278107205902586e-01
3.865112981693850647e-01
3.631400725433275856e-01
3.406982153127101620e-01
3.190739571929466778e-01
2.981599480523851042e-01
2.778534688653332418e-01
2.580566058851839206e-01
2.386764039895741263e-01
2.196250134220398831e-01
2.008198418740261282e-01
1.821837219534097052e-01
1.636451025132600323e-01
1.451382710231597928e-01
1.266036130944377947e-01
1.079879143777533468e-01
8.924470928975714035e-02
7.033468035159129439e-02
5.122611129019183362e-02
3.189539642783412177e-02
1.232760822079304042e-02
-7.482875932869115232e-03
-2.753168735303035408e-02
-4.780372095831320056e-02
-6.827233332958293488e-02
-8.889848736498040527e-02
-1.096298486562584662e-01
-1.303998407495954304e-01
-1.511266688336400099e-01
-1.717123241631005603e-01
-1.920415846962308937e-01
-2.119810310311029955e-01
-2.313781007754940333e-01
-2.500602089852381749e-01
-2.678339672429550511e-01
-2.844845392910606563e-01
-2.997751768321850196e-01
-3.134469850813836889e-01
-3.252189737894561894e-01
-3.347884556034466108e-01
-3.418318595947062999e-01
-3.460060333246828268e-01
-3.469501116334345880e-01
-3.442880340697698216e-01
-3.376317951119787164e-01
-3.265855115694462629e-01
-3.107503892569420945e-01
-2.897306655837692535e-01
-2.631405954370282796e-01
-2.306125339578389832e-01
-1.918061507906930752e-01
-1.464187854117622312e-01
-9.419692154023606712e-02
-3.494871981925118387e-02
3.144249852819502866e-02
1.050039787476726438e-01
1.856586942380155092e-01
2.732102365248094133e-01
3.673278035050645540e-01
4.675317374896089118e-01
5.731801492651726893e-01
6.834572494729079795e-01
7.973640904465815193e-01
9.137124958075535375e-01
1.031123016217632582e+00
1.148027791511708751e+00
1.262679214961038632e+00
1.373165277000975903e+00
1.477432405359504264e+00
1.573316508056988861e+00
1.658582757541501529e+00
1.730974421567287980e+00
1.788270744297397075e+00
1.828353506923379834e+00
1.849281451616637595e+00
1.849371240875416822e+00
1.827283056529588778e+00
1.782108335082252193e+00
1.713456511739352539e+00
1.621537034654293885e+00
1.507232351144306648e+00
1.372157103352888319e+00
1.218698452325123416e+00
1.050032331103082361e+00
8.701105650880971432e-01
6.836142454103220079e-01
4.958695458926604682e-01
3.127233723779536123e-01
1.403778434027496136e-01
-1.481538123578518551e-02
-1.465975166288124854e-01
-2.490757109566819061e-01
-3.170177510959046874e-01
-3.461564809742054827e-01
-3.334891988985799749e-01
2.750518611109475930e-01
