5.173334806288841570e+00
5.636089143115201594e+00
6.054401752932236924e+00
6.409201636603720331e+00
6.684367932727568018e+00
6.867462333941077191e+00
6.950291220776304790e+00
6.929272113377009212e+00
6.805588062156718188e+00
6.585123350835988987e+00
6.278183920753843239e+00
5.899015783381855726e+00
5.465143917160858678e+00
4.996562323485319368e+00
4.514812672272668692e+00
4.041993993479508163e+00
3.599748940494476912e+00
3.208273128024544896e+00
2.885392890584989267e+00
2.645753575546365255e+00
2.500155329436675622e+00
2.455066498211966319e+00
2.512336558473033055e+00
2.669121306018470641e+00
2.918023274003912704e+00
3.247440483565585900e+00
3.642107097628888290e+00
4.083800789896800509e+00
4.552184055452245026e+00
5.025740622137591096e+00
5.482763847689233749e+00
5.902351698526068446e+00
6.265362702742200973e+00
6.555289157048048487e+00
6.759007754125649470e+00
6.867373500652009355e+00
6.875630051750436067e+00
6.783618058961186748e+00
6.595772425090830282e+00
6.320909052655768967e+00
5.971811317961672749e+00
5.564635658210290714e+00
5.118163905872214592e+00
4.652936966935556029e+00
4.190309801256778321e+00
3.751471181881109285e+00
3.356473228646231100e+00
3.023315164435036895e+00
2.767123159708477331e+00
2.599463635277108331e+00
2.527821194915442327e+00
2.555264746218010696e+00
2.680316692084477648e+00
2.897030736382139260e+00
3.195274275141700038e+00
3.561201978315396310e+00
3.977898435475466954e+00
4.426160040624630199e+00
4.885379977046252264e+00
5.334495519145344034e+00
5.752954103636987782e+00
6.121653859735047831e+00
6.423815557662954312e+00
6.645746174113088323e+00
6.777459329349334816e+00
6.813124487680358499e+00
6.751324723297945418e+00
6.595111671578132828e+00
6.351855605697977580e+00
6.032897971564171513e+00
5.653022749919370149e+00
5.229771279772903902e+00
4.782632294932130712e+00
4.332144571779990017e+00
3.898953506111038081e+00
3.502864954079912607e+00
3.161939699004183701e+00
2.891669945204601522e+00
2.704275386641165291e+00
2.608150832736669145e+00
2.607490355446055563e+00
2.702104775308359130e+00
2.887440405843358704e+00
3.154797734771155326e+00
3.491739561442677164e+00
3.882669452152572198e+00
4.309553614299601598e+00
4.752752780274902555e+00
5.191925727972755311e+00
5.606962870863601012e+00
5.978907068932286073e+00
6.290819496776360431e+00
6.528551020826392381e+00
6.681383959633430791e+00
6.742515122607084521e+00
6.709358363793466395e+00
6.583653208728670769e+00
6.371375030427840258e+00
6.082451355061548881e+00
5.730297751131933737e+00
5.331194991867419297e+00
4.903536403148549994e+00
4.466980189924086631e+00
4.041545806398763929e+00
3.646695907013578264e+00
3.300445978923444379e+00
3.018542388380201391e+00
2.813746341132398854e+00
2.695256314938959452e+00
2.668295099694117489e+00
2.733879975630411074e+00
2.888786123966020192e+00
3.125704485793217025e+00
3.433586371917553670e+00
3.798158587310055179e+00
4.202585059264157152e+00
4.628244302718599990e+00
5.055586821846974388e+00
5.465032970390177880e+00
5.837870034239962536e+00
6.157107434702219884e+00
6.408250968927466928e+00
6.579960808164670993e+00
6.664563386121844957e+00
6.658394076914776250e+00
6.561955371449851526e+00
6.379883752214984938e+00
6.120727248569016510e+00
5.796544324566223594e+00
5.422342912091537848e+00
5.015385680880176444e+00
4.594393702447152172e+00
4.178685242067404104e+00
3.787289295614382656e+00
3.438074548332159086e+00
3.146933626359632363e+00
2.927059880569985673e+00
2.788349611089826929e+00
2.736956812375006987e+00
2.775020463714139130e+00
2.900576434818639804e+00
3.107657587500761043e+00
3.386577022640321566e+00
3.724381042594266944e+00
4.105450656247005448e+00
4.512223700270665105e+00
4.926004192889175570e+00
5.327821622375018329e+00
5.699300677179760299e+00
6.023501544335329250e+00
6.285692350475392765e+00
6.474018524626513837e+00
6.580038672575682313e+00
6.599102744692944000e+00
6.530555565388516115e+00
6.377756836301205823e+00
6.147917156361586422e+00
5.851758032747225613e+00
5.503011901124416738e+00
5.117785463807551949e+00
4.713815858397248704e+00
4.309654005531519338e+00
3.923812734437043481e+00
3.573918804063390020e+00
3.275907660471077953e+00
3.043297715045751417e+00
2.886577191727452529e+00
2.812731350222047233e+00
2.824931390068565307e+00
2.922398878595142691e+00
3.100451468555118772e+00
3.350727350267297844e+00
3.661577700294103010e+00
4.018608718682790126e+00
4.405348039725494047e+00
4.804004666790333999e+00
5.196287375242294004e+00
5.564243937929659545e+00
5.891082668808698131e+00
6.161938690724474199e+00
6.364549965546260069e+00
6.489812341513593097e+00
6.532188496008230594e+00
6.489952411028118817e+00
6.365258601591483156e+00
6.164033374965683265e+00
5.895693560535264055e+00
5.572706041985703074e+00
5.210008684288856884e+00
4.824319546568164085e+00
4.433366322065373843e+00
4.055071519837223804e+00
3.706730839456340743e+00
3.404222405276581931e+00
3.161283015269512386e+00
2.988884394736536443e+00
2.894737776633681037e+00
2.882949175659088148e+00
2.953840758891271179e+00
3.103946063464840144e+00
3.326178824080938679e+00
3.610167217102646209e+00
3.942737768219599204e+00
4.308526352719642460e+00
4.690687951917523080e+00
5.071672377845357182e+00
5.434030241568250652e+00
5.761212149138630778e+00
6.038324518145839370e+00
6.252807493844756870e+00
6.395004106900932683e+00
6.458594882753201816e+00
6.440878349366017552e+00
6.342885006633986578e+00
6.169319988226988905e+00
5.928337512129433051e+00
5.631157918280969454e+00
5.291545277758181953e+00
4.925169899642019011e+00
4.548885270487136090e+00
4.179952801283883801e+00
3.835250055541940206e+00
3.530498788373193086e+00
3.279548114596955610e+00
3.093745494951951613e+00
2.981424108588228261e+00
2.947529760403187815e+00
2.993404005873508744e+00
3.116732963598703776e+00
3.311663660088553840e+00
3.569082063785147696e+00
3.877039569220278814e+00
4.221307926565526003e+00
4.586036785763758061e+00
4.954483403057248658e+00
5.309780850062178814e+00
5.635709415065943695e+00
5.917435878899377499e+00
6.142186913579324781e+00
6.299825949125537505e+00
6.383307529271197822e+00
6.388988878400918558e+00
6.316785035843414775e+00
6.170161153928265030e+00
5.955963059043275720e+00
5.684094592154783854e+00
5.367057233642969827e+00
5.019373754400644927e+00
4.656922834176119963e+00
4.296215511298210110e+00
3.953646916754694374e+00
3.644770523318610955e+00
3.383630211346460470e+00
3.182124321668629463e+00
3.049460247614675268e+00
2.991729795997805752e+00
3.011624574997764370e+00
3.108305082591443114e+00
3.277430227228789406e+00
3.511346679375344060e+00
3.799430057048088116e+00
4.128562921870158497e+00
4.483728203885265273e+00
4.848691278563431517e+00
5.206739740531292071e+00
5.541447152246608887e+00
5.837425823936394309e+00
6.081034064504146741e+00
6.261005318811472264e+00
6.368970088431034959e+00
6.399846364809306465e+00
6.352080267428141802e+00
6.227725404055394876e+00
6.032356844259294526e+00
5.774823183628726930e+00
5.466847626464614862e+00
5.122495986167026949e+00
4.757535673170832702e+00
4.388714823894185990e+00
4.032994483589810386e+00
3.706769014121688688e+00
3.425110545799274320e+00
3.201072295360185116e+00
3.045082970347305462e+00
2.964460387703730326e+00
2.963067034549326628e+00
3.041123835697246314e+00
3.195191159187100283e+00
3.418318418100357192e+00
3.700355865775216468e+00
4.028414689213184907e+00
4.387454627908978999e+00
4.760972401501040174e+00
5.131759496740540882e+00
5.482694564829688311e+00
5.797533971554051924e+00
6.061664009517364171e+00
6.262779931993541993e+00
6.391460231676769688e+00
6.441609320487540202e+00
6.410747755773034129e+00
6.300136132076486817e+00
6.114726397921064205e+00
5.862942313443562092e+00
5.556298670836631537e+00
5.208876389802387763e+00
4.836677326641313002e+00
4.456888284070682715e+00
4.087088013759380800e+00
3.744433760250784893e+00
3.444864969545141875e+00
3.202361121517760978e+00
3.028288266216133451e+00
2.930864853093734013e+00
2.914772017738683552e+00
2.980926878205273134e+00
3.126429894406108190e+00
3.344689303373013178e+00
3.625717431453431949e+00
3.956585682198038079e+00
4.322017578351596612e+00
4.705092745180541769e+00
5.088029465987803590e+00
5.453009668713732161e+00
5.783008096777535911e+00
6.062587082897953117e+00
6.278619804738031718e+00
6.420908095629168422e+00
6.482665671092883386e+00
6.460843796286075857e+00
6.356283679567590994e+00
6.173687899445826410e+00
5.921411585443942194e+00
5.611082487132708074e+00
5.257067087080526946e+00
4.875807166547454052e+00
4.485057375288490356e+00
4.103059096955629315e+00
3.747689011562275851e+00
3.435622083675919036e+00
3.181548179445683910e+00
2.997479153600727919e+00
2.892179151539757243e+00
2.870745225607358009e+00
2.934358426134139108e+00
3.080217616113290369e+00
3.301659739955828954e+00
3.588461548288500502e+00
3.927309250680918851e+00
4.302414637628811711e+00
4.696249257003032085e+00
5.090362579484978944e+00
5.466246013526382619e+00
5.806202331604284339e+00
6.094179662012446208e+00
6.316530711805306453e+00
6.462661254311175441e+00
6.525536988729475851e+00
6.502024428535141176e+00
6.393049197956389484e+00
6.203563653157314839e+00
5.942324698288340201e+00
5.621491616058514218e+00
5.256062255879115241e+00
4.863173615930660887e+00
4.461299351941205416e+00
4.069381732988403222e+00
3.705938800971561253e+00
3.388188814827218120e+00
3.131233401964653940e+00
2.947338220074313675e+00
2.845345467561960273e+00
2.830246473414117059e+00
2.902935129059815988e+00
3.060154443297896876e+00
3.294639403808000466e+00
3.595450043443708221e+00
3.948479575650724716e+00
4.337114110358498031e+00
4.743013188700343719e+00
5.146974531709604506e+00
5.529842268280186879e+00
5.873415694714378077e+00
6.161315435549628461e+00
6.379765740550936037e+00
6.518255486004610688e+00
6.570046076018847714e+00
6.532501601527853197e+00
6.407224976985050446e+00
6.199992944508064596e+00
5.920492379427395591e+00
5.581869796887880320e+00
5.200114895114241520e+00
4.793306949123668836e+00
4.380759504716390751e+00
3.982103794436844257e+00
3.616354360765553722e+00
3.301001372949223356e+00
3.051173006264059850e+00
2.878908060739670205e+00
2.792573874349976837e+00
2.796457770200091453e+00
2.890552087105986878e+00
3.070543664120336302e+00
3.328008916935227379e+00
3.650805821012329755e+00
4.023644672411370138e+00
4.428810886130977842e+00
4.847005728915447342e+00
5.258265126454986671e+00
5.642912815795765091e+00
5.982502325337732962e+00
6.260702650815316517e+00
6.464085045984157674e+00
6.582772947338679792e+00
6.610923490137814440e+00
6.547017046313014177e+00
6.393940346503894645e+00
6.158858604375303969e+00
5.852882170842677034e+00
5.490543124141097131e+00
5.089106373295374297e+00
4.667747874092013305e+00
4.246639038336172511e+00
3.845981041813195667e+00
3.485035274956777673e+00
3.181196503314287938e+00
2.949153389256353286e+00
2.800176956524593308e+00
2.741571543764098617e+00
2.776315076185245090e+00
2.902906452057465891e+00
3.115427923709281011e+00
3.403820026125694120e+00
3.754356366548165624e+00
4.150295929666782513e+00
4.572681942676850575e+00
5.001249201253228804e+00
5.415396430530448946e+00
5.795177007072320308e+00
6.122260361613403035e+00
6.380817673315620553e+00
6.558288998843165629e+00
6.645994589637592931e+00
6.639560573366643403e+00
6.539138057178021768e+00
6.349404626055796363e+00
6.079347682931067531e+00
5.741839603562572947e+00
5.353024749897265622e+00
4.931547512589164128e+00
4.497658292877957820e+00
4.072240308337748083e+00
3.675804022803111692e+00
3.327497663658668170e+00
3.044181613850904800e+00
2.839611478700827085e+00
2.723769468149061623e+00
2.702376648292262651e+00
2.776609940756593176e+00
2.943037901123713773e+00
3.193778762514142500e+00
3.516873496613314831e+00
3.896856241179027514e+00
4.315494874707673567e+00
4.752666250291813554e+00
5.187324034491673785e+00
5.598512554182748069e+00
5.966377758231747208e+00
6.273126466342199947e+00
6.503887505033038252e+00
6.647433006479962714e+00
6.696724846695586209e+00
6.649259603581317180e+00
6.507195118065166817e+00
6.277252274671022647e+00
5.970396472444246427e+00
5.601313908021161581e+00
5.187707723925832681e+00
4.749447805431525005e+00
4.307615114830905867e+00
3.883486587406157931e+00
3.497509528658790501e+00
3.168315004733042173e+00
2.911817879087514882e+00
2.740447005776018852e+00
2.662542842183052372e+00
2.681951692664858111e+00
2.797836327538845147e+00
3.004712296029660834e+00
3.292708370254861627e+00
3.648038745225443247e+00
4.053664398784023071e+00
4.490111878344810847e+00
4.936410168651407027e+00
5.371100573207507445e+00
5.773270986884117661e+00
6.123564719291011649e+00
6.405115206087812929e+00
6.604361461664170818e+00
6.711705971155492279e+00
6.721997158026898234e+00
6.634774293214960927e+00
6.454268845296883939e+00
6.189190525145750854e+00
5.852298955453567153e+00
5.459782043313763822e+00
5.030471621782925062e+00
4.584934586423108804e+00
4.144483551266760379e+00
3.730154716251701696e+00
3.361702008700832245e+00
3.056655579264915268e+00
2.829489455217957250e+00
2.690937748167335108e+00
2.647491547478741936e+00
2.701099861354272491e+00
2.849088121324883094e+00
3.084297319305068452e+00
3.395436302136053186e+00
3.767629611674864876e+00
4.183134011765447191e+00
4.622188924397617527e+00
5.063959777520477878e+00
5.487529034320697718e+00
5.872887619436497175e+00
6.201879667255083106e+00
6.459055967940201981e+00
6.632396047896363278e+00
6.713865262637300546e+00
6.699781282761422929e+00
6.590973526759286827e+00
6.392728993312710273e+00
6.114528094707998740e+00
5.769584007608262510e+00
5.374208268104631259e+00
4.947033412185303902e+00
4.508130025498099158e+00
4.078060317409724966e+00
3.676913062367087370e+00
3.323365342837195424e+00
3.033814971495397472e+00
2.821623856761132920e+00
2.696507092916555770e+00
2.664095478482964463e+00
2.725690841862037139e+00
2.878224384826689075e+00
3.114418681652078469e+00
3.423144448696867848e+00
3.789954173379212587e+00
4.197766582024149429e+00
4.627669104730662397e+00
5.059800269342092705e+00
5.474270554570127345e+00
5.852078794807841433e+00
6.175981802847390512e+00
6.431277433241797681e+00
6.606465666925878999e+00
6.693757785043072062e+00
6.689411648135171085e+00
6.593879389410368219e+00
6.411762463113828581e+00
6.151577874322681438e+00
5.825348009272235394e+00
5.448034394337801345e+00
5.036842585214387213e+00
4.610430927923112598e+00
4.188059908943842835e+00
3.788721067746336768e+00
3.430284907210036316e+00
3.128705914645800501e+00
2.897319787678800385e+00
2.746263409156277646e+00
2.682042263163535889e+00
2.707263113650884456e+00
2.820542201467784338e+00
3.016591302714059175e+00
3.286476087718183337e+00
3.618033674657861631e+00
3.996429411182349511e+00
4.404827031195480913e+00
4.825141663670594383e+00
5.238841899641700550e+00
5.627765371548512086e+00
5.974912116942679319e+00
6.265181368422895858e+00
6.486020249301302165e+00
6.627957014270068115e+00
6.684996756795529294e+00
6.654863666545124623e+00
6.539080684430869539e+00
6.342884472945529595e+00
6.074980690929241867e+00
5.747151335648827519e+00
5.373732109721197858e+00
4.970983133637673745e+00
4.556380642996406216e+00
4.147860416507746173e+00
3.763045462701251065e+00
3.418490892817236393e+00
3.128977925121226633e+00
2.906886659018262264e+00
2.761673736363269516e+00
2.699476430714146336e+00
2.722859272173651313e+00
2.830713257259266591e+00
3.018311263671055400e+00
3.277516754611694338e+00
3.597136483443669874e+00
3.963401954664627969e+00
4.360559099868023480e+00
4.771541197571349535e+00
5.178696677303225471e+00
5.564541232272048887e+00
5.912502705135985082e+00
6.207627541569598506e+00
6.437219209235159667e+00
6.591381788196913227e+00
6.663445838518635256e+00
6.650258485083156756e+00
6.552325235637335155e+00
6.373797143971900780e+00
6.122303303956996956e+00
5.808635058706345333e+00
5.446294477719455074e+00
5.050925346774049807e+00
4.639649901299005563e+00
4.230338610668712640e+00
3.840843318859087141e+00
3.488225837105043858e+00
3.188014583055704065e+00
2.953521033995592848e+00
2.795245625474868323e+00
2.720399348613961710e+00
2.732562796024514018e+00
2.831498939903025480e+00
3.013129698910787191e+00
3.269679598970910206e+00
3.589982818493002270e+00
3.959942908338159206e+00
4.363127774750545029e+00
4.781476388818371781e+00
5.196088403033146008e+00
5.588063652948862092e+00
5.939355603127471461e+00
6.233600771638408311e+00
6.456887143073685387e+00
6.598431346401097741e+00
6.651128684693768278e+00
6.611945632709598897e+00
6.482131347755363038e+00
6.267232273845974255e+00
5.976902663213904177e+00
5.624513438331228521e+00
5.226571839133119290e+00
4.801974249931824090e+00
4.371123945568074376e+00
3.954953692567547918e+00
3.573899664961544431e+00
3.246877517029208349e+00
2.990313316059223681e+00
2.817281117136209545e+00
2.736795145941528062e+00
2.753297898516776421e+00
2.866376199838950534e+00
3.070725792904912765e+00
3.356371926539195805e+00
3.709139379923664492e+00
4.111351210779447207e+00
4.542722099784944234e+00
4.981400340575291352e+00
5.405103085227412230e+00
5.792283072440040925e+00
6.123262239926576811e+00
6.381268637989073511e+00
6.553317955958204877e+00
6.630889526220906660e+00
6.610358407572986650e+00
6.493159367985883890e+00
6.285674399019192116e+00
5.998851786687306564e+00
5.647580668082563982e+00
5.249859372668034041e+00
4.825807733854968973e+00
4.396582181909256981e+00
3.983257243442986262e+00
3.605737795722071759e+00
3.281763066230304560e+00
3.026056228033741746e+00
2.849663081210726645e+00
2.759510508928320949e+00
2.758201096485104920e+00
2.844046831332306180e+00
3.011333316348648204e+00
3.250784207729978892e+00
3.550184015837345441e+00
3.895113722711957216e+00
4.269750650926101621e+00
4.657684237485811174e+00
5.042702617335550919e+00
5.409510678130736494e+00
5.744347862603182975e+00
6.035482759450585988e+00
6.273570732839320208e+00
6.451869844041723923e+00
6.566318562620657495e+00
6.615485819563209802e+00
6.600409530049432760e+00
6.524343658209142305e+00
6.392436189498193144e+00
6.211361109462040453e+00
5.988926840169781940e+00
5.733681798809872276e+00
5.454535093301471349e+00
5.160407144192906692e+00
4.859921496787034556e+00
4.561145511189072188e+00
4.271384200621907823e+00
3.997028393896415288e+00
3.743455742233250838e+00
3.514980942928852325e+00
3.314849939560558845e+00
3.145271771531928273e+00
3.007481147356371842e+00
2.901824648203275459e+00
2.827863659988183009e+00
2.784487606705559948e+00
2.770031737540397110e+00
2.782394532637757933e+00
2.819150671993831292e+00
2.877656403270906882e+00
2.955145002783471142e+00
3.048810815803829399e+00
3.155881064512478851e+00
3.273675210622148057e+00
3.399652149269883239e+00
3.531445892106166440e+00
3.666890676564750429e+00
3.804036624599801186e+00
3.941157179530949239e+00
4.076749586974578676e+00
4.209529668334099028e+00
4.338422075642790254e+00
4.462547126394989405e+00
4.581205206723871548e+00
4.693859609741236838e+00
4.800118550353121627e+00
4.899716974155982285e+00
4.992498660471177629e+00
5.078399011242067829e+00
5.157431076893874256e+00
5.229683831086742174e+00
5.295306646752589330e+00
5.354492490014238548e+00
5.407465531473252263e+00
5.454470481874918342e+00
5.495763572276061382e+00
5.531605076695188750e+00
5.562253259567280672e+00
5.587959621855001835e+00
5.608965316740124329e+00
5.625498607007328289e+00
5.637773240327650370e+00
5.645987624663431959e+00
5.650324693148055744e+00
5.650952355416732686e+00
5.648024440019508319e+00
5.641682039895790091e+00
5.632055179729237970e+00
5.619264730213278547e+00
5.603424499816906490e+00
5.584643439583354407e+00
5.563027900913782631e+00
5.538683890306976387e+00
5.511719268805708616e+00
5.482245847602382760e+00
5.450381335049927500e+00
5.416251094375442499e+00
5.379989675836939433e+00
5.341742092020470345e+00
5.301664810526027338e+00
5.259926444472458051e+00
5.216708128070632000e+00
5.172203571909038899e+00
5.126618800481823612e+00
5.080171582716700662e+00
5.033090574650489479e+00
4.985614201737801565e+00
4.937989316319068678e+00
4.890469673262166417e+00
4.843314273459354169e+00
4.796785630454832194e+00
4.751148019751545881e+00
4.706665773085567217e+00
4.663601680979733821e+00
4.622215566055039027e+00
4.582763086781914019e+00
4.545494826536360833e+00
4.510655715956279899e+00
4.478484827656973977e+00
4.449215571370750411e+00
4.423076304497080002e+00
4.400291357846783491e+00
4.381082458925874334e+00
4.365670515240992700e+00
4.354277697525028579e+00
4.347129737058319066e+00
4.344458321842075144e+00
4.346503442579707333e+00
4.353515500443863928e+00
4.365756943581794225e+00
4.383503147402612043e+00
4.407042194203059537e+00
4.436673140280863237e+00
4.472702283654444777e+00
4.515436864166335162e+00
4.565175542953823218e+00
4.622194925102682816e+00
4.686731315895622529e+00
4.758956849670355815e+00
4.838949118438792496e+00
4.926653479226467347e+00
5.021837366592893481e+00
5.124036220997618685e+00
5.232491115050736497e+00
5.346078877581968314e+00
5.463236545603175287e+00
5.581883383348017702e+00
5.699345553714490364e+00
5.812290844536867063e+00
5.916683626956312558e+00
6.007773363377090448e+00
6.080133274848141589e+00
6.127768837654742562e+00
6.144317995456550996e+00
6.123365458102261627e+00
6.058891014684957277e+00
5.945864926064994727e+00
5.780990492374749046e+00
5.563573150238313225e+00
5.296465966272429604e+00
4.987028968909065441e+00
4.647965223785774036e+00
4.297741731787977137e+00
3.960359817126570370e+00
3.664230655463050379e+00
3.439965731165159468e+00
3.317023980506225378e+00
3.319370697882233934e+00
3.460585133560375670e+00
3.739163287262120772e+00
4.135027738029349642e+00
4.608382571986472165e+00
5.101963878695205956e+00
5.547181702643372958e+00
5.873865382108942157e+00
6.022532859707771635e+00
5.957186536611447814e+00
5.675950871107437123e+00
5.216659299339566402e+00
4.654978966553930952e+00
4.093909416822382852e+00
3.645382480558881255e+00
3.406871581580362296e+00
3.437843287574998463e+00
3.741927145411168887e+00
4.260314697404296247e+00
4.879894249401119488e+00
5.456206291313387524e+00
5.847186808567636618e+00
5.949961595270537806e+00
5.730887733443956300e+00
5.239564249628405612e+00
4.600959712549226310e+00
3.985547953501275220e+00
3.563951543909168684e+00
3.458073293490791400e+00
3.703103017719677315e+00
4.232902742554112585e+00
4.895152300284904889e+00
5.493782894440585984e+00
5.847277433686261183e+00
5.845373148683997933e+00
5.485909670313596997e+00
4.878801190711243407e+00
4.214125643372415020e+00
3.703072729122414586e+00
3.510051010521058501e+00
3.698148867853711330e+00
4.206646300111367864e+00
4.869163502627088747e+00
5.467492717118518364e+00
5.803783432059335112e+00
5.766949082017690742e+00
5.370552297508716322e+00
4.748789793604798248e+00
4.111452203410955519e+00
3.672947470295531147e+00
3.579612876489204787e+00
3.860289559706822970e+00
4.417143890576046950e+00
5.059768001163889473e+00
5.570597645929150410e+00
5.778941373949235683e+00
5.618173971401414057e+00
5.146784643024954420e+00
4.526704609413066294e+00
3.967099552104391691e+00
3.653418131022952320e+00
3.685999819937127775e+00
4.048620609558635230e+00
4.616627746732762105e+00
5.200706625685893592e+00
5.610579460705375610e+00
5.716943589682963456e+00
5.491454111166484076e+00
5.012655262057177374e+00
4.437418259236234341e+00
3.948605237303782989e+00
3.696730961394741222e+00
3.754315696217394915e+00
4.096535635025126965e+00
4.612733943911394796e+00
5.143511089751442000e+00
5.530614992498955829e+00
5.663837101602422486e+00
5.511138911069100033e+00
5.124231057675970646e+00
4.619638038843597805e+00
4.142409152500817093e+00
3.824046456450601816e+00
3.746899482341148779e+00
3.924411859117256984e+00
4.301386465239872336e+00
4.772585554660050633e+00
5.213194198771148535e+00
5.512138775668859125e+00
5.599387462328380138e+00
5.460807937977914861e+00
5.137988648557776372e+00
4.714475367701016495e+00
4.293072759075787559e+00
3.970518320656526434e+00
3.815751257602162827e+00
3.856433874615074142e+00
4.075924146767709644e+00
4.420256779774980771e+00
4.812508730208062246e+00
5.170634645250920869e+00
5.424612227456753644e+00
5.529428011397063081e+00
5.471760699506582171e+00
5.269794478496860890e+00
4.967045863921431881e+00
4.622135357476366835e+00
4.296935796486708981e+00
4.045478201531482298e+00
3.905500953977686152e+00
3.893764412295118937e+00
4.005413948254456180e+00
4.216929284473082795e+00
4.491664562473563826e+00
4.786716237974908417e+00
5.059849581066231394e+00
5.275418725749233317e+00
5.408553307126126697e+00
5.447273750615326371e+00
5.392563847452564119e+00
5.256719984076267060e+00
5.060482221997547825e+00
4.829527607922512900e+00
4.590883503704269231e+00
4.369723222138174989e+00
4.186867796663030106e+00
4.057165443741382660e+00
3.988778299240306247e+00
3.983291078748135927e+00
4.036477274982022578e+00
4.139517096378069638e+00
4.280453818576065217e+00
4.445694310708566910e+00
4.621396384884162600e+00
4.794631510327086232e+00
4.954258726738985708e+00
5.091488517717749573e+00
5.200150257458655112e+00
5.276701859679008955e+00
5.320035284438809242e+00
5.331137614046088657e+00
5.312666225392367103e+00
5.268490201475817258e+00
5.203240563268450636e+00
5.121900951113938838e+00
5.029459465483467007e+00
4.930632503685488999e+00
4.829663220780189725e+00
4.730190977566936184e+00
4.635183827936018908e+00
4.546923567413638345e+00
4.687290453598164319e+00
