2.810859424314589905e+00
3.005453557749037774e+00
3.140282803123310096e+00
3.198270259185402864e+00
3.173306870861694051e+00
3.070515113883394154e+00
2.905005922478775648e+00
2.699410693803552697e+00
2.480605889785605367e+00
2.276114208250860305e+00
2.110662849267509245e+00
2.003314755945143411e+00
1.965478431532567960e+00
1.999965443017369227e+00
2.101122206804611370e+00
2.255932382831875138e+00
2.445882495450321326e+00
2.649315407061302086e+00
2.843967617202682874e+00
3.009395512320658383e+00
3.129036906022566900e+00
3.191718834843351171e+00
3.192500491718032407e+00
3.132821182422887318e+00
3.019998152521498280e+00
2.866180859687387006e+00
2.686911992968674667e+00
2.499469073817713660e+00
2.321164032260830457e+00
2.167763970409594787e+00
2.052168111492210123e+00
1.983438256470083427e+00
1.966237771295047843e+00
2.000691791091591565e+00
2.082642875608438082e+00
2.204244769925623348e+00
2.354814131446865133e+00
2.521846914910948367e+00
2.692102413751885859e+00
2.852662778154605228e+00
2.991887611208910780e+00
3.100200065810930994e+00
3.170660670422587923e+00
3.199305906487547535e+00
3.185248568310642625e+00
3.130554712209839163e+00
3.039926494868029572e+00
2.920230774304286570e+00
2.779919760312035582e+00
2.628392363691830713e+00
2.475343597510147653e+00
2.330145027850440975e+00
2.201292582563078248e+00
2.095949783879332173e+00
2.019605441878590035e+00
1.975855733588901320e+00
1.966311997021080504e+00
1.990627963925175603e+00
2.046633875261280266e+00
2.130560168386841813e+00
2.237330267270033701e+00
2.360900409294905522e+00
2.494624278241459159e+00
2.631621290744750929e+00
2.765129468036705784e+00
2.888826659756563942e+00
2.997107213293999983e+00
3.085304754779196301e+00
3.149855345691853437e+00
3.188398714532610700e+00
3.199818386409859272e+00
3.184224234665290254e+00
3.142883186431530085e+00
3.078105492756848527e+00
2.993095119629641587e+00
2.891773451162783282e+00
2.778585663264831140e+00
2.658298883195393092e+00
2.535800664900771384e+00
2.415905454116817452e+00
2.303175820677512142e+00
2.201763938133749043e+00
2.115276470749289039e+00
2.046666228245475949e+00
1.998152614639064240e+00
1.971171675983482530e+00
1.966355526486867955e+00
1.983540010723548130e+00
2.021798657149653344e+00
2.079500305031318774e+00
2.154387248424894707e+00
2.243670337950194771e+00
2.344137211056882553e+00
2.452269678562431832e+00
2.564366271266594222e+00
2.676666035365173890e+00
2.785469847746440131e+00
2.887255789653189186e+00
2.978785456653727071e+00
3.057198481156869985e+00
3.120092987621694292e+00
3.165590177190860111e+00
3.192381735185263913e+00
3.199759259781850940e+00
3.187625411992787150e+00
3.156486975294541253e+00
3.107430478297493970e+00
3.042081466991116923e+00
2.962548906595470655e+00
2.871356540140519442e+00
2.771363325851345927e+00
2.665675313563108162e+00
2.557551498126908740e+00
2.450306302595360641e+00
2.347211394511974358e+00
2.251399524616592540e+00
2.165772999604391735e+00
2.092919261260498764e+00
2.035035846488186362e+00
1.993866750717308900e+00
1.970651916257351921e+00
1.966091223706630586e+00
1.980323985861448755e+00
2.012924537867487818e+00
2.062914093556438289e+00
2.128788605570743453e+00
2.208561936019909133e+00
2.299823225340260624e+00
2.399806950139251605e+00
2.505473796355430771e+00
2.613600151948002992e+00
2.720873752824287006e+00
2.823992805231346548e+00
2.919765764672184627e+00
3.005208881483501848e+00
3.077638630857546076e+00
3.134756232821356292e+00
3.174721636027006966e+00
3.196214586547379000e+00
3.198480725374782896e+00
3.181361049877376779e+00
3.145303526723806531e+00
3.091356146223257273e+00
3.021141248127705126e+00
2.936811512418034731e+00
2.840988579694826655e+00
2.736685827678611016e+00
2.627217365506381519e+00
2.516095798354466062e+00
2.406921744176660827e+00
2.303268435742818809e+00
2.208564999971308396e+00
2.125982160183889302e+00
2.058324145484499823e+00
2.007930508295884930e+00
1.976591343151680169e+00
1.965479068109913019e+00
1.975099479837209460e+00
2.005264234063255824e+00
2.055086248572337126e+00
2.122998794128116096e+00
2.206798251391288712e+00
2.303709693851464291e+00
2.410473635417369920e+00
2.523451485613479761e+00
2.638746515027913908e+00
2.752336478084424609e+00
2.860213497205549960e+00
2.958526407175374739e+00
3.043720512390938993e+00
3.112669639253045517e+00
3.162795481933744490e+00
3.192169546338123443e+00
3.199593491276241153e+00
3.184654337244754441e+00
3.147751843866090748e+00
3.090096321817442426e+00
3.013676212262939469e+00
2.921195898945744940e+00
2.815985373288411697e+00
2.701884506180334711e+00
2.583105745402776598e+00
2.464080009236874869e+00
2.349291341640364017e+00
2.243106493890374420e+00
2.149605969591648957e+00
2.072423190364054424e+00
2.014598293832035480e+00
1.978452659886977605e+00
1.965489583082619340e+00
1.976325587523433125e+00
2.010655746055406645e+00
2.067255058745400387e+00
2.144016516403353556e+00
2.238024980372832484e+00
2.345664512084010500e+00
2.462755349401116511e+00
2.584715415616682499e+00
2.706740121656371567e+00
2.823993336954095490e+00
2.931801804777708131e+00
3.025844997297434613e+00
3.102332464720394700e+00
3.158161136853319562e+00
3.191045774419284609e+00
3.199616815679011239e+00
3.183481180899742302e+00
3.143243129149291271e+00
3.080483943809741110e+00
2.997700981822385202e+00
2.898208378691034426e+00
2.786003377004332648e+00
2.665603763434390761e+00
2.541863186772972849e+00
2.419772126274779112e+00
2.304252936974883426e+00
2.199957683763180682e+00
2.111077373123488421e+00
2.041170703114092433e+00
1.993019599229549632e+00
1.968517624549005696e+00
1.968595901058920461e+00
1.993189522389654744e+00
2.041245653455729503e+00
2.110772682762265262e+00
2.198928003541756215e+00
2.302140333280956241e+00
2.416261014102131011e+00
2.536737535261323728e+00
2.658801636731589646e+00
2.777663826555387683e+00
2.888706059879858401e+00
2.987664810187351971e+00
3.070795843488258736e+00
3.135014159554385671e+00
3.178004260409537984e+00
3.198297024061280247e+00
3.195311012548468721e+00
3.169357626493667368e+00
3.121611056786358862e+00
3.054045410318328990e+00
2.969342642788454167e+00
2.870775971054943643e+00
2.762074226970891999e+00
2.647273134455791599e+00
2.530559735730247173e+00
2.416116168041788637e+00
2.307968717226763555e+00
2.209847577205927838e+00
2.125062060729389302e+00
2.056395177435616173e+00
2.006020564629837910e+00
1.975443768941083755e+00
1.965468876695460221e+00
1.976190517856746043e+00
2.007010358572697495e+00
2.056676380885755329e+00
2.123342548765805748e+00
2.204645894265083506e+00
2.297797636437804769e+00
2.399684672335614444e+00
2.506977651505922999e+00
2.616241855331731703e+00
2.724047238197295773e+00
2.827074233330622022e+00
2.922212264274247406e+00
3.006648313783536253e+00
3.077943365465412917e+00
3.134095029803191768e+00
3.173585176460561375e+00
3.195411901542365207e+00
3.199105646414238890e+00
3.184729740641519147e+00
3.152866054975484555e+00
3.104586813013797908e+00
3.041413916624239100e+00
2.965267387261963261e+00
2.878404711933141069e+00
2.783353009699700564e+00
2.682836004868040636e+00
2.579697810288791082e+00
2.476825493472961437e+00
2.377072325187080004e+00
2.283183500943113842e+00
2.197725986639948559e+00
2.123023976769910615e+00
2.061101273045939042e+00
2.013631698578142171e+00
1.981898462832654584e+00
1.966763189901747033e+00
1.968645120772962720e+00
1.987510802259871534e+00
2.022874383292236899e+00
2.073808448372821189e+00
2.138964795541020703e+00
2.216604617470402161e+00
2.304638408426219254e+00
2.400675012021515453e+00
2.502079016482381402e+00
2.606035517332543350e+00
2.709621066161637337e+00
2.809879426243798939e+00
2.903900566090697133e+00
2.988901146219730798e+00
3.062304598893311525e+00
3.121818772363007977e+00
3.165509017731336083e+00
3.191864545690130228e+00
3.199855879889242249e+00
3.188981291020081876e+00
3.159300217699785307e+00
3.111451872692217790e+00
3.046657500180228517e+00
2.966705094019828071e+00
2.873915808024897878e+00
2.771091784295454996e+00
2.661445688008971633e+00
2.548512856812046312e+00
2.436047635852773396e+00
2.327906157309194146e+00
2.227918513607734408e+00
2.139753940100344476e+00
2.066783236070439678e+00
2.011943180152998778e+00
1.977608103492750846e+00
1.965474036762925314e+00
1.976460912292725691e+00
2.010638149859855339e+00
2.067178559220112621e+00
2.144344836583623071e+00
2.239512008084527217e+00
2.349227984764699517e+00
2.469312958479374487e+00
2.592753013471680301e+00
2.695865296261078292e+00
2.794895221355412573e+00
2.885434580636473179e+00
2.963283547022109943e+00
3.024653583836772519e+00
3.066365535838905920e+00
3.086032815763658732e+00
3.082219278941319640e+00
3.054561573658854723e+00
3.003846529470505011e+00
2.932035538118511031e+00
2.842229899229764545e+00
2.738573715267790476e+00
2.626094055092105695e+00
2.510481646030858993e+00
2.397819139098378294e+00
2.294267817920004671e+00
2.205727251381842002e+00
2.137485561174804705e+00
2.093880416603800310e+00
2.077992316591565469e+00
2.091391937483526142e+00
2.133962130426036552e+00
2.203812432084808481e+00
2.297299689385561727e+00
2.409162685816858662e+00
2.532771709015788630e+00
2.660486158174928839e+00
2.784105016384048170e+00
2.895386871085226410e+00
2.986608792793828737e+00
3.051127448855369906e+00
3.083901988900849211e+00
3.081937070504078058e+00
3.044606339633651793e+00
2.973821986746509882e+00
2.874024662598472446e+00
2.751979766621977408e+00
2.616380316114998106e+00
2.477272366190717889e+00
2.345335112343970962e+00
2.231063004595899013e+00
2.143909967863126820e+00
2.091464712581939889e+00
2.078729851131516426e+00
2.107575139516732587e+00
2.176426123536532753e+00
2.280233838990570749e+00
2.410749700678232799e+00
2.557103692300509490e+00
2.706655445595830933e+00
2.846059291208293374e+00
2.962458717250995299e+00
3.044705793656750981e+00
3.084489688049462330e+00
3.077257535915553621e+00
3.022821898290687592e+00
2.925571992163976454e+00
2.794239677761291674e+00
2.641213371295309642e+00
2.481439936291537141e+00
2.331001542887187306e+00
2.205496272861774187e+00
2.118382672676280443e+00
2.079464896938103546e+00
2.093693138983211188e+00
2.160432090760722179e+00
2.273308781963646386e+00
2.420693280889111065e+00
2.586796673863812401e+00
2.753297687410981354e+00
2.901340746273501026e+00
3.013692971912646179e+00
3.076813668700256965e+00
3.082583393694503737e+00
3.029464050837911593e+00
2.922916247535325418e+00
2.774981071262263566e+00
2.603032317841494248e+00
2.427810711926861043e+00
2.270950533344094691e+00
2.152287684264663881e+00
2.087284474056993577e+00
2.084911447935595685e+00
2.146286498505701967e+00
2.264288228168225281e+00
2.424242210805669373e+00
2.605639175603118307e+00
2.784701101575040472e+00
2.937484614684875872e+00
3.043120005465699496e+00
3.086744098862300945e+00
3.061705365840833526e+00
2.970701219420856631e+00
2.825642589518091441e+00
2.646213320137484448e+00
2.457278657444092573e+00
2.285471328183825701e+00
2.155418728882221746e+00
2.086148001663957086e+00
2.088202652579838503e+00
2.161921041284010858e+00
2.297171828189193743e+00
2.474634240288495768e+00
2.668481009835045548e+00
2.850103487306328898e+00
2.992346251322041795e+00
3.073621625022235015e+00
3.081271536402803157e+00
3.013639786647529739e+00
2.880501130385462183e+00
2.701739140222473967e+00
2.504435845169826980e+00
2.318790387535581754e+00
2.173481301587596892e+00
2.091189497498323835e+00
2.084989962743668546e+00
2.156197918990609974e+00
2.294035860915423886e+00
2.477204598790188506e+00
2.677138516837618276e+00
2.862451523330896030e+00
3.003880815446187569e+00
3.078944661939320149e+00
3.075564887928143420e+00
2.994061306547568524e+00
2.847180488118491226e+00
2.658134825250556776e+00
2.456949376894606019e+00
2.275690902996367004e+00
2.143339898258801224e+00
2.081130711584601833e+00
2.099115196141464246e+00
2.194511951371827418e+00
2.352116786379740532e+00
2.546716852971488976e+00
2.747125306739434780e+00
2.921188773858554910e+00
3.040959959464045959e+00
3.087198996297424891e+00
3.052474643402568688e+00
2.942362841181878075e+00
2.774548484452955321e+00
2.575976194141052389e+00
2.378511813638790606e+00
2.213816811634647053e+00
2.108263715299905527e+00
2.078711965746967039e+00
2.129822110415740433e+00
2.253335607058390977e+00
2.429428950667782416e+00
2.629916376507737130e+00
2.822779278351323917e+00
2.977290301531294592e+00
3.068909086712905854e+00
3.083168527811099402e+00
3.017937251659816411e+00
2.883707854149387462e+00
2.701877968612667047e+00
2.501311105528666534e+00
2.313735251518307834e+00
2.168716775210913994e+00
2.089007757424694134e+00
2.086998282194275411e+00
2.162823668035322111e+00
2.304410325756253819e+00
2.489436099767114996e+00
2.688880674237145385e+00
2.871596019499834895e+00
3.009173665104008855e+00
3.080347428161729351e+00
3.074251318458320448e+00
2.992038204711204408e+00
2.846624908666225640e+00
2.660622154984740639e+00
2.462787392753983617e+00
2.283561949781713452e+00
2.150387779870857496e+00
2.083524143841457565e+00
2.092998912178263726e+00
2.177147775542844776e+00
2.322946823011863060e+00
2.508068573541134771e+00
2.704330928240683107e+00
2.882001886148879422e+00
3.014300532292343959e+00
3.081413747992107321e+00
3.073429718526635046e+00
2.991759590542497182e+00
2.848850532422387172e+00
2.666251274560237139e+00
2.471336089869319519e+00
2.293188935030505693e+00
2.158267909996883560e+00
2.086495083505887305e+00
2.088345960862657336e+00
2.163358439050658610e+00
2.300267062297671750e+00
2.478727101983638104e+00
2.672360174863363635e+00
2.852662641970750812e+00
2.993197000354193893e+00
3.073451446447785340e+00
3.081807574479670020e+00
3.017191554834586675e+00
2.889179422664549968e+00
2.716553310338122529e+00
2.524529598102584593e+00
2.341069842639049270e+00
2.192814145168004991e+00
2.101226607740180441e+00
2.079507439214987485e+00
2.130712039606287522e+00
2.247341114611915103e+00
2.412453256922295619e+00
2.602133049715324553e+00
2.788954675089876378e+00
2.945940448048081972e+00
3.050445197158987654e+00
3.087410213235504131e+00
3.051522309336297312e+00
2.947970999411906767e+00
2.791697377747361042e+00
2.605243487634023580e+00
2.415510382075517715e+00
2.249888583345950543e+00
2.132314337546861616e+00
2.079816280693604025e+00
2.100048231059298942e+00
2.190164376665689083e+00
2.337202627327565452e+00
2.519927062048532118e+00
2.711871471858228855e+00
2.885152561110650549e+00
3.014508225806545205e+00
3.080979994536670485e+00
3.074705055760688754e+00
2.996406575079738399e+00
2.857354572952816252e+00
2.677788091614634158e+00
2.484012024428281507e+00
2.304577021324577313e+00
2.166089899181018019e+00
2.089263998210578066e+00
2.085793524593911208e+00
2.156524982553580827e+00
2.291216528255110685e+00
2.469947305694625062e+00
2.665995766064783723e+00
2.849783827691517057e+00
2.993315719208696990e+00
3.074452787823408695e+00
3.080375126992500601e+00
3.009693960975852622e+00
2.872851450276038943e+00
2.690687703718437351e+00
2.491343146242947615e+00
2.305937813502931810e+00
2.163684933906969476e+00
2.087214124386908676e+00
2.088873059691233269e+00
2.168639007026297971e+00
2.314019772391478380e+00
2.501996131325947559e+00
2.702709987165094585e+00
2.884296623469431609e+00
3.018053079060603494e+00
3.083069015249458644e+00
3.069537046227995614e+00
2.980192087944687263e+00
2.829661524766752922e+00
2.641877410260848436e+00
2.446037729476233213e+00
2.271839228195438487e+00
2.144832862386783834e+00
2.082681606641521466e+00
2.092870413018040221e+00
2.172131319840170605e+00
2.307538088110675734e+00
2.478955813067293956e+00
2.662345412519615095e+00
2.833342902366063232e+00
2.970558555191310290e+00
3.058152078036283417e+00
3.087405340022352895e+00
3.057198190341740673e+00
2.973462819237139065e+00
2.847823510545257175e+00
2.695708041138721978e+00
2.534241961635362639e+00
2.380214227518305137e+00
2.248344855530632902e+00
2.150007786723203917e+00
2.092479843600928646e+00
2.078711814404777591e+00
2.107558630463074234e+00
2.174366486481590588e+00
2.271796011843258967e+00
2.390759818542939286e+00
2.521365761138273154e+00
2.653779171069767351e+00
2.778943441526239067e+00
2.889124641247871494e+00
2.978269373754032223e+00
3.042184044037742119e+00
3.078557247495265603e+00
3.086855227511701827e+00
3.068126289779891103e+00
3.024749565936104112e+00
2.960150791120088165e+00
2.878506476635649847e+00
2.784454799234543199e+00
2.682827111781152851e+00
2.578409799456798268e+00
2.475742479343660651e+00
2.378955388199012422e+00
2.291646266516314423e+00
2.216795114491378893e+00
2.156713818402595351e+00
2.113026753594666296e+00
2.086677982145564325e+00
2.077960497402554729e+00
2.086563046334698246e+00
2.111630314564158617e+00
2.151832628448018259e+00
2.205441764680909689e+00
2.270409921848285606e+00
2.344449370892697448e+00
2.425110741561842254e+00
2.509858305589563798e+00
2.596140976342412365e+00
2.681458055173766564e+00
2.825200827517129643e+00
2.927687710095331575e+00
3.019976464882184075e+00
3.099695644725578347e+00
3.164852475064643400e+00
3.213867068096221580e+00
3.245597239489771191e+00
3.259354047991611658e+00
3.254908220609602054e+00
3.232487661983138860e+00
3.192766281668131700e+00
3.136844412250535008e+00
3.066221138450647032e+00
2.982758915813425116e+00
2.888640929394540535e+00
2.786321729287066340e+00
2.678471781129609930e+00
2.567916685109342900e+00
2.457571944577742862e+00
2.350374302317968844e+00
2.249210804753875692e+00
2.156846896945603831e+00
2.075854988062657558e+00
2.008545051276834581e+00
1.956898926053824095e+00
1.922510066505238369e+00
1.906530518389111695e+00
1.909626901181045167e+00
1.931947112489399210e+00
1.973099352947578211e+00
2.032144884936746720e+00
2.107605684287982228e+00
2.197487819075424120e+00
2.299320995197078776e+00
2.410214249409329490e+00
2.526927255257410465e+00
2.645956148236622951e+00
2.763632189802619710e+00
2.876230995627539144e+00
2.980089475356170414e+00
3.071727095502608140e+00
3.147967612489629641e+00
3.206057058469769849e+00
3.243773527253921873e+00
3.259524228067250284e+00
3.252425373758659699e+00
3.222360764663661392e+00
3.170015429295315990e+00
3.096881389118924854e+00
3.005233517192730019e+00
2.898074538483125906e+00
2.779049440573369445e+00
2.652330883262132843e+00
2.522478559771762718e+00
2.394276807910708182e+00
2.272556027454215588e+00
2.162004558328685100e+00
2.066978542124706220e+00
1.991317861643639553e+00
1.938176474153564532e+00
1.909875282652806039e+00
1.907785118496655441e+00
1.932246883586404840e+00
1.982534493525943020e+00
2.056862820031086336e+00
2.152441323929133343e+00
2.265572227629949253e+00
2.391789984633259980e+00
2.526036808061462580e+00
2.662867222820127555e+00
2.796673101215174206e+00
2.921919511298985750e+00
3.033381015014874560e+00
3.126367842303275690e+00
3.196931656813918554e+00
3.242041412614337759e+00
3.259721047952421458e+00
3.249142416517853071e+00
3.210668842364545306e+00
3.145846907959114702e+00
3.057346439384430070e+00
2.948851025110351021e+00
2.824903680227843772e+00
2.690714336525531269e+00
2.551937600417566898e+00
2.414430590961017753e+00
2.284001583997339324e+00
2.166160603471720680e+00
2.065882999494261352e+00
1.987396442249803385e+00
1.934000673584901353e+00
1.907927848831344697e+00
1.910249444650848005e+00
1.940833594561855779e+00
1.998354443478857156e+00
2.080352793053372285e+00
2.183345048392938637e+00
2.302975376734696766e+00
2.434204143256261776e+00
2.571524178089356738e+00
2.709195314261919840e+00
2.841486961568291392e+00
2.962918267944293138e+00
3.068485667935174188e+00
3.153868306501323104e+00
3.215602915580663357e+00
3.251221153525108321e+00
3.259344123017456685e+00
3.239730680563751353e+00
3.193278153268611419e+00
3.121976097482483503e+00
3.028815682244916374e+00
2.917659077217231722e+00
2.793074798110855461e+00
2.660146252491320862e+00
2.524261689320596691e+00
2.390894356186459291e+00
2.265381894466935275e+00
2.152713856364596445e+00
2.057335725812450722e+00
1.982976998661265977e+00
1.932509769354618712e+00
1.907842934334537111e+00
1.909855616770945286e+00
1.938371807436582994e+00
1.992176568921909974e+00
2.069072530177766822e+00
2.165973867348317761e+00
2.279033581020953658e+00
2.403798686753520819e+00
2.535386839108535906e+00
2.668677352734703412e+00
2.798509690651969084e+00
2.919881713119721667e+00
3.028140168140590394e+00
3.119156314051330092e+00
3.189480204680987363e+00
3.236468037790682040e+00
3.258378032944625247e+00
3.254431524138579501e+00
3.224837279090783326e+00
3.170778441561878491e+00
3.094362884506905331e+00
2.998539109782208278e+00
2.886981086231328764e+00
2.763946537807037362e+00
2.634114137869130623e+00
2.502405802529140910e+00
2.373800780226316576e+00
2.253148490480795907e+00
2.144987064847738267e+00
2.053374289534838137e+00
1.981737153015277197e+00
1.932745482888988064e+00
1.908214241654221155e+00
1.909037975156354872e+00
1.935159710036347569e+00
1.985575321357475609e+00
2.058373085135965397e+00
2.150806840015923704e+00
2.259399954307458991e+00
2.380076173124235250e+00
2.508312445520036515e+00
2.639308038074887452e+00
2.768163657462316962e+00
2.890063950735041409e+00
3.000456640689731280e+00
3.095221688312204122e+00
3.170824249730832989e+00
3.224445797452003326e+00
3.254088582911269789e+00
3.258649600184741146e+00
3.237961333385466656e+00
3.192797792088935438e+00
3.124845615759358708e+00
3.036641313227844030e+00
2.931476950081672861e+00
2.813277759944127876e+00
2.686456192572722834e+00
2.555747784476627871e+00
2.426034914194288294e+00
2.302164959356125973e+00
2.188769589032854679e+00
2.090091894090547520e+00
2.009827780768809635e+00
1.950987537878659639e+00
1.915782753989948350e+00
1.905542833936326064e+00
1.920664277264296782e+00
1.960594674259447334e+00
2.023852091853679980e+00
2.108079209039861013e+00
2.210130267704494944e+00
2.326187677909981044e+00
2.451904002303419539e+00
2.582564084294589613e+00
2.713261315289809961e+00
2.839081487113277902e+00
2.955287368357883970e+00
3.057497090520886474e+00
3.141849634778943301e+00
3.205151166957142639e+00
3.244996661063714427e+00
3.259862156199577310e+00
3.249164075152656039e+00
3.213283256065025739e+00
3.153552666227939838e+00
3.072209130449202075e+00
2.972310764604993771e+00
2.857623106801828960e+00
2.732478134630141220e+00
2.601611401489291708e+00
2.469983377460458485e+00
2.342591707194487949e+00
2.224281473515256291e+00
2.119560664965551844e+00
2.032427882371202532e+00
1.966218888002467580e+00
1.923477915640205982e+00
1.905858745151176592e+00
1.914059434329945963e+00
1.947793334814247768e+00
2.005797645129916873e+00
2.085879324180036853e+00
2.184996757138148560e+00
2.299374187617934773e+00
2.424644658449085721e+00
2.556016088004457121e+00
2.688454193793088365e+00
2.816875296592322719e+00
2.936341624521633165e+00
3.042251604942450616e+00
3.130517789885558511e+00
3.197725503698210403e+00
3.241266014496304138e+00
3.259438987932087972e+00
3.251520147186540477e+00
3.217791393012694456e+00
3.159532081397628644e+00
3.078971658456517879e+00
2.979205354315955567e+00
2.864076081351083936e+00
2.738027010449658238e+00
2.605930459339875771e+00
2.472899673022576739e+00
2.344090769675887920e+00
2.224502537422968107e+00
2.118781880328940215e+00
2.031042519853140327e+00
1.964704066664103799e+00
1.922357805016977839e+00
1.905664506823455895e+00
1.915288354299152562e+00
1.950869646512979561e+00
2.011037450969787699e+00
2.093461795905239953e+00
2.194943443981858255e+00
2.311537805167849235e+00
2.438708202020401394e+00
2.571502573442342232e+00
2.704746627818383597e+00
2.833245851589883735e+00
2.951988473333310825e+00
3.056341419517405011e+00
3.142231568124110641e+00
3.206305180268674615e+00
3.246059244985946890e+00
3.259939574619834080e+00
3.247401794111650197e+00
3.208932825242460041e+00
3.146032018873290426e+00
3.061152673103704203e+00
2.957606230459871810e+00
2.839432911410089577e+00
2.711243857059302265e+00
2.578040969123560178e+00
2.445021506557386370e+00
2.317375091527400066e+00
2.200081069845291282e+00
2.097714151434201479e+00
2.014265926154540143e+00
1.952989222818634296e+00
1.916271379591315549e+00
1.905541357945117475e+00
1.921214304842310705e+00
1.962675701173901777e+00
2.028305686342192438e+00
2.115542579911639187e+00
2.220983092814851290e+00
2.340515292281925230e+00
2.469479111991420783e+00
2.602848131224465345e+00
2.735425525228534660e+00
2.862046545047518098e+00
2.977779639347181373e+00
3.078118392207934928e+00
3.159156816450958249e+00
3.217741197002429221e+00
3.251592595338983038e+00
3.259395289356121772e+00
3.240847759745829393e+00
3.196674225708200812e+00
3.128596285664013266e+00
3.039265774254888974e+00
2.932161452998644613e+00
2.811453556234639883e+00
2.681841462007113375e+00
2.548370800907320710e+00
2.416237114161935207e+00
2.290583694444506602e+00
2.176301468720555299e+00
2.077838703119987862e+00
1.999027928394199849e+00
1.942936815708746767e+00
1.911748802240611056e+00
1.906678110340381815e+00
1.927922467692206876e+00
1.974655370790342701e+00
2.045058197008495782e+00
2.136390921239586405e+00
2.245098691712017036e+00
2.366950124493488072e+00
2.497201941632882782e+00
2.630783551916460627e+00
2.762494395800533908e+00
2.887206377575169292e+00
3.000063507726830281e+00
3.096670984739966492e+00
3.173266354227838981e+00
3.226866078578782382e+00
3.255381805341799328e+00
3.257701800336539222e+00
3.233734366236464375e+00
3.225807712044211684e+00
