1.069866556480771447e+00
1.899586678542448892e+00
2.547864800720856859e+00
2.948198581461083823e+00
3.059772546687758776e+00
2.871561424645679317e+00
2.403354887974244569e+00
1.703616072740187892e+00
8.444113670202268995e-01
-8.605276398934413873e-02
-9.925089983711092856e-01
-1.782387615302342354e+00
-2.375254356025985558e+00
-2.710967262620509022e+00
-2.755728994853205993e+00
-2.505430775456128689e+00
-1.985963434139903061e+00
-1.250481125253487757e+00
-3.739124606217564817e-01
5.547092871051497731e-01
1.441308336619173680e+00
2.196296812385321484e+00
2.743608181752497099e+00
3.028325027803312253e+00
3.022140170752311228e+00
2.726113334468803107e+00
2.170461121757160328e+00
1.411417874667941108e+00
5.254987571266134250e-01
-3.982452903780942521e-01
-1.267193773578814575e+00
-1.994440019129592123e+00
-2.507461839163035222e+00
-2.755316826082764514e+00
-2.713652365515360820e+00
-2.387042804757839587e+00
-1.808435447963572695e+00
-1.035776005085659035e+00
-1.461639344692129416e-01
7.718688977217236236e-01
1.627180442423589390e+00
2.335061567056464504e+00
2.825603637315960537e+00
3.050566534490288806e+00
2.988076267588609003e+00
2.644699640112982308e+00
2.054704791675206810e+00
1.276594782734936206e+00
3.872692190232521758e-01
-5.256000078242160090e-01
-1.372220845622725172e+00
-2.069506649203459059e+00
-2.549208752652287302e+00
-2.764562511771023079e+00
-2.694803323770837977e+00
-2.347121068088099172e+00
-1.755874094002225938e+00
-9.791523649560507359e-01
-9.303738398705516111e-02
8.158709662567751320e-01
1.658924911254908263e+00
2.354067785383651579e+00
2.833800757510155144e+00
3.051706193336628292e+00
2.986900616924520246e+00
2.645994175457135889e+00
2.062377207142607638e+00
1.292914139406346807e+00
4.123753224334276157e-01
-4.938455700500627432e-01
-1.338017977145569137e+00
-2.038560586280596443e+00
-2.527907480478142954e+00
-2.758998069884042170e+00
-2.709770470962396871e+00
-2.385232835173894728e+00
-1.816921869140668333e+00
-1.059809686257998873e+00
-1.869649447803651277e-01
7.175114509266053986e-01
1.566592332091463868e+00
2.278690914665024714e+00
2.785485013231080220e+00
3.038450540041099046e+00
3.013482135607976620e+00
2.713163836231744952e+00
2.166478759158840806e+00
1.425992150110544143e+00
5.627833365648484687e-01
-3.403837819605396997e-01
-1.196995361804416014e+00
-1.925067352190286130e+00
-2.454979342192208591e+00
-2.736115894639962853e+00
-2.741684023364326706e+00
-2.471250487642003169e+00
-1.950760549318770298e+00
-1.230039969017825419e+00
-3.780214808533859938e-01
5.238469177388334064e-01
1.389382220606691476e+00
2.135893298519631500e+00
2.692070788738823328e+00
3.004789048412128682e+00
3.044173127085721742e+00
2.806448906109147767e+00
2.314305356658405088e+00
1.614734308366480686e+00
7.745528171789222149e-01
-1.259665030220851190e-01
-1.000751806081891626e+00
-1.766146909617049010e+00
-2.348902918826468511e+00
-2.693185081621872090e+00
-2.765925991199726930e+00
-2.560012475855888869e+00
-2.094998679744542791e+00
-1.415272624805797186e+00
-5.858457955382119220e-01
3.138379164635923813e-01
1.197487763209686307e+00
1.980225331174858772e+00
2.586729879256496112e+00
2.958490360289768972e+00
3.059466926695334710e+00
2.879613764431238288e+00
2.435917109740913133e+00
1.770838374556152006e+00
9.483001907509365225e-01
4.758936640214005143e-02
-8.442473415848010809e-01
-1.640790582220914340e+00
-2.264614981293757712e+00
-2.654827628492330671e+00
-2.773045227651810052e+00
-2.607221744569905741e+00
-2.172941287076212813e+00
-1.512032782807347653e+00
-6.886209733744337314e-01
2.170222941928012239e-01
1.116245626130314417e+00
1.920660639183276119e+00
2.550822933732934672e+00
2.944102306910279854e+00
3.060962874865323258e+00
2.889020445408951865e+00
2.444454863734708550e+00
1.770609649928649665e+00
9.338859448804646135e-01
1.730608742035691372e-02
-8.876423030987532492e-01
-1.690091747193748661e+00
-2.308915796091187467e+00
-2.680974078659990045e+00
-2.767643092636115298e+00
-2.558952051340970257e+00
-2.074871793923565022e+00
-1.363583247711364077e+00
-4.968535487772632320e-01
4.370569470833918779e-01
1.342274664023586972e+00
2.125102023378563576e+00
2.703726556757191979e+00
3.016851642700347114e+00
3.030336724063857012e+00
2.741114945272501657e+00
2.177922437852080950e+00
1.398694949676197785e+00
4.848337979182034130e-01
-4.671210982966108038e-01
-1.355583846651922775e+00
-2.084742775321286601e+00
-2.574963346403398301e+00
-2.771641684659115423e+00
-2.651512072173625612e+00
-2.225660017781993183e+00
-1.538830935208499229e+00
-6.650195209596978518e-01
3.002646897500429457e-01
1.250279287486528279e+00
2.078794579774339013e+00
2.692022030309626501e+00
3.019385318628034387e+00
3.021884158739835513e+00
2.697037053205194823e+00
2.079749806432713122e+00
1.238905436709005103e+00
2.699597176434301304e-01
-7.157003664890708716e-01
-1.603476536422580701e+00
-2.288919239492997360e+00
-2.690169978230821712e+00
-2.757989437953072720e+00
-2.482117088242202119e+00
-1.893109243733174463e+00
-1.059320929117602894e+00
-7.927401238725845234e-02
9.297782065413100483e-01
1.845791526522558623e+00
2.556732715556432112e+00
2.974444913018638115e+00
3.045842703565839749e+00
2.759985338337643146e+00
2.150050141099869805e+00
1.289840318836148247e+00
2.851396730349560205e-01
-7.391129638964681892e-01
-1.654299585555026875e+00
-2.344340568617344633e+00
-2.720600503237999401e+00
-2.733544754977720537e+00
-2.379579669734342762e+00
-1.702094489705699099e+00
-7.864531875549352069e-01
2.505319766516529989e-01
1.275378278001481291e+00
2.155107349745646328e+00
2.774605518350376165e+00
3.051885993259943586e+00
2.949199921999506646e+00
2.478454265181151861e+00
1.700124295925236284e+00
7.157041944723974147e-01
-3.453923502437160620e-01
-1.342806414296327189e+00
-2.143856663954386121e+00
-2.641325529614749978e+00
-2.767998886668492364e+00
-2.505955564491217480e+00
-1.889290451280469796e+00
-9.998338811167117868e-01
4.361804235547080133e-02
1.101153476767946504e+00
2.030555613476205945e+00
2.706528459026823263e+00
3.037713705296700706e+00
2.979159518772315440e+00
2.538513733035967057e+00
1.775069820889958905e+00
7.917760847159898141e-01
-2.787102328928502959e-01
-1.292018171946728522e+00
-2.111641339327892553e+00
-2.627415332064464870e+00
-2.770366449455457847e+00
-2.521911410643256968e+00
-1.916174698209318628e+00
-1.035144727251046115e+00
2.622701994808268600e-03
1.058164072429162994e+00
1.990888947965353317e+00
2.677405209299916766e+00
3.027837897843686399e+00
2.997468478934397051e+00
2.592192354275652644e+00
1.867158053133246121e+00
9.188874455275093389e-01
-1.279488686713193824e-01
-1.137232766650310589e+00
-1.979285946490671133e+00
-2.547552996606405440e+00
-2.771915975258035569e+00
-2.626986951035459317e+00
-2.134440410447134617e+00
-1.359262710688707854e+00
-4.005963979125765628e-01
6.214642226804311109e-01
1.581299134507390125e+00
2.363373389101267819e+00
2.876061875004942703e+00
3.062036086565586235e+00
2.904076221667724056e+00
2.425804740844408336e+00
1.687498006998069400e+00
7.777332465000985628e-01
-1.979047349931141175e-01
-1.129549549781070139e+00
-1.915628113994237935e+00
-2.473825080453906811e+00
-2.749271172868135604e+00
-2.719202008451072405e+00
-2.393803397117107323e+00
-1.813422679115005653e+00
-1.042727171393588614e+00
-1.626873734606455457e-01
7.385711220755093454e-01
1.574973562394367255e+00
2.270782594036966362e+00
2.767187457536914419e+00
3.026666947561198029e+00
3.034885599424641534e+00
2.800205444335351679e+00
2.351127801332066891e+00
1.732150809368004030e+00
9.986247476207297247e-01
2.112079682973914130e-01
-5.695187522919022971e-01
-1.287816751751493571e+00
-1.896596789582487563e+00
-2.360072248955983554e+00
-2.655196561537789712e+00
-2.771941255288443262e+00
-2.712563242138354536e+00
-2.490072065904330501e+00
-2.126139556929495189e+00
-1.648698595208326623e+00
-1.089459541694281830e+00
-4.815385799236249764e-01
1.426518222825786386e-01
7.531478896155510139e-01
1.323759016000037203e+00
1.832957286461573299e+00
2.264351620877627091e+00
2.606791499983950100e+00
2.854161823537171294e+00
3.004938903276253015e+00
3.061579108244309122e+00
3.029807751402824767e+00
2.917868014259465959e+00
2.735779554352276488e+00
2.494645245738581707e+00
2.206033331364033678e+00
1.881451910592838450e+00
1.531923671140328125e+00
1.167661390565370771e+00
7.978390706767197749e-01
4.304495712869814694e-01
7.223711637303664723e-02
-2.713081682302690423e-01
-5.959067133960171958e-01
-8.984094033149971903e-01
-1.176692229725755601e+00
-1.429535572250087538e+00
-1.656496364971943080e+00
-1.857779778084718725e+00
-2.034115438212435123e+00
-2.186638611657545805e+00
-2.316782178767212930e+00
-2.426188246460706299e+00
-2.516632763213022983e+00
-2.589962028152002382e+00
-2.648040346791390220e+00
-2.692707864591530331e+00
-2.725747486048271551e+00
-2.748859739243308287e+00
-2.763644454554275764e+00
-2.771588175346600291e+00
-2.774056294698397096e+00
-2.772289004977051441e+00
-2.767400248206280722e+00
-2.760378958498927560e+00
-2.752091988961873348e+00
-2.743288211382344688e+00
-2.734603365768629946e+00
-2.726565317392851018e+00
-2.719599450966457610e+00
-2.714033995034964342e+00
-2.710105124995543679e+00
-2.707961740913837012e+00
-2.707669857255969870e+00
-2.709216576518190589e+00
-2.712513648285592271e+00
-2.717400640199879813e+00
-2.723647768316931117e+00
-2.730958451959037081e+00
-2.738971672896729714e+00
-2.747264230916605765e+00
-2.755352997839893625e+00
-2.762697280049064119e+00
-2.768701405672388649e+00
-2.772717656797571983e+00
-2.774049669395139084e+00
-2.771956423919691215e+00
-2.765656947660016129e+00
-2.754335845616466383e+00
-2.737149769753767004e+00
-2.713234926644534362e+00
-2.681715710513449924e+00
-2.641714532250654557e+00
-2.592362894849010946e+00
-2.532813741738301871e+00
-2.462255076505936557e+00
-2.379924820457238077e+00
-2.285126838425063589e+00
-2.177248023358747453e+00
-2.055776286815812259e+00
-1.920319256010513786e+00
-1.770623429191224840e+00
-1.606593490645717104e+00
-1.428311435606615332e+00
-1.236055104971502505e+00
-1.030315681505826308e+00
-8.118136546720344793e-01
-5.815127222411289321e-01
-3.406310653270355759e-01
-9.064941151748051595e-02
1.666847095240805154e-01
4.293571100889641556e-01
6.950920607761601477e-01
9.613629145890858485e-01
1.225408717365144451e+00
1.484257205309926553e+00
1.734754490632984369e+00
1.973601614070292110e+00
2.197397998608755287e+00
2.402691672872073081e+00
2.586035947094322829e+00
2.744052021983588219e+00
2.873496794596420045e+00
2.971334900111653354e+00
3.034813799590560635e+00
3.061540497858890042e+00
3.049558259821242956e+00
2.997421495838756389e+00
2.904266815852563965e+00
2.769878116657899181e+00
2.594743476154674156e+00
2.380101591326026167e+00
2.127975521364452227e+00
1.841191591061205557e+00
1.523381478234669073e+00
1.178965756770127937e+00
8.131174957874673925e-01
4.317049250092358514e-01
4.121266316862533252e-02
-3.513584362816955520e-01
-7.386121496904256567e-01
-1.112897119772252363e+00
-1.466464429429146454e+00
-1.791639770342264404e+00
-2.081006767654465683e+00
-2.327597362292356920e+00
-2.525084555689528276e+00
-2.667972315261287086e+00
-2.751777050203257247e+00
-2.773194822081626931e+00
-2.730248376919171882e+00
-2.622408195125125907e+00
-2.450682067935724184e+00
-2.217668233321691051e+00
-1.927567842863008973e+00
-1.586153478283921503e+00
-1.200691578038566520e+00
-7.798179475206417077e-01
-3.333669792082659677e-01
1.278432390994775625e-01
5.922661470408675521e-01
1.047916885619385230e+00
1.482690507080815845e+00
1.884699896267675756e+00
2.242623859092641059e+00
2.546054864485306712e+00
2.785835263960755981e+00
2.954370506740245261e+00
3.045907956713068021e+00
3.056770426174067357e+00
2.985534480861508300e+00
2.833144935225127448e+00
2.602958722069796504e+00
2.300713444482887393e+00
1.934418340162530114e+00
1.514168032261090202e+00
1.051882215571068979e+00
5.609772297937494212e-01
5.597819253011385165e-02
-4.479171100456472154e-01
-9.353091591755893219e-01
-1.391087245916679205e+00
-1.800923101908765256e+00
-2.151750386567862883e+00
-2.432212724728208819e+00
-2.633063585783204985e+00
-2.747502567131654860e+00
-2.771434565785984017e+00
-2.703640837552057974e+00
-2.545853970241047648e+00
-2.302732227264222331e+00
-1.981732420322537713e+00
-1.592884297816030026e+00
-1.148473231798870176e+00
-6.626415901466244929e-01
-1.509224354382443511e-01
3.702780472774371279e-01
8.842308517124357614e-01
1.374447220689034133e+00
1.825233901158549665e+00
2.222220204579502312e+00
2.552837527822454877e+00
2.806733815736827786e+00
2.976107989906247475e+00
3.055952521762878682e+00
3.044195956674853765e+00
2.941741141433097617e+00
2.752398998821850906e+00
2.482721751490704065e+00
2.141743347361876548e+00
1.740638315373450373e+00
1.292313237344351551e+00
8.109473387460695015e-01
3.115002890775678823e-01
-1.679437380800114510e-01
-6.246372163364970476e-01
-1.056673441903669408e+00
-1.451790563745266827e+00
-1.799149370690638738e+00
-2.089629420166843055e+00
-2.316055351111398153e+00
-2.473348217067151911e+00
-2.558599801952806008e+00
-2.571070944854340734e+00
-2.512117770197976441e+00
-2.385052279907396322e+00
-2.194945918942391661e+00
-1.948386403261215705e+00
-1.653199254286652264e+00
-1.318146097952926032e+00
-9.526118672705836676e-01
-5.662926272935511207e-01
-1.688948737743615203e-01
2.301440879315073407e-01
6.219066162030673084e-01
9.982097344815594742e-01
1.351780191347954796e+00
1.676386986885149311e+00
1.966930588112900891e+00
2.219489736986456574e+00
2.431328240518008332e+00
2.600865378666370464e+00
2.727614541950312610e+00
2.812095402984993164e+00
2.855725334641241009e+00
2.860695925683503837e+00
2.829840336931800593e+00
2.766496920157418771e+00
2.674374026947081262e+00
2.557420307868654596e+00
2.419704086492781236e+00
2.265304629824319349e+00
2.098217364849948474e+00
1.922274343833692001e+00
1.741080566508415473e+00
1.557966146831383458e+00
1.375953780291270911e+00
1.197740533209349811e+00
1.025692640385303278e+00
8.618517587684151326e-01
7.079509750168053728e-01
5.654387926374708773e-01
4.355093159237500844e-01
3.191368873303480624e-01
2.171135053692790640e-01
1.300874343674427169e-01
5.860149855962801246e-02
3.129614923629259193e-03
-3.588985278282824654e-02
-5.802535478947373759e-02
-6.282954172841836993e-02
-4.982442472182010973e-02
-1.849615732668349888e-02
3.169845616567083801e-02
1.013113262111725310e-01
1.908656141587031230e-01
3.007984747715386487e-01
4.313808961947074305e-01
5.826116056225254525e-01
7.540824503329401907e-01
9.448136539565141767e-01
1.153059115174006610e+00
1.376084558584005357e+00
1.609902660776850958e+00
1.848989211504505015e+00
2.086081215513485798e+00
2.312049583964287169e+00
2.515883604897456660e+00
2.684837643098059612e+00
2.804793287101019938e+00
2.860886524761887095e+00
2.838436724924609411e+00
2.724189678259064884e+00
2.507849032238443687e+00
2.183819214396993225e+00
1.753021144290657807e+00
1.224576004894552872e+00
6.170923927228475492e-01
-4.074769713250667169e-02
-7.106120590191427056e-01
-1.346209804122025178e+00
-1.896397695729649335e+00
-2.309668742049938661e+00
-2.539756322010850553e+00
-2.551825554598887269e+00
-2.328478843268584342e+00
-1.874630444429222109e+00
-1.220243535089694298e+00
-4.200278608736223718e-01
4.502626283064727342e-01
1.300847427639942433e+00
2.037681748722189212e+00
2.573878856903415446e+00
2.841309519345163181e+00
2.800696709762966030e+00
2.448583482981589121e+00
1.819887513814957503e+00
9.853345747641579777e-01
4.380467924076256181e-02
-8.895878419643861168e-01
-1.698158057972942059e+00
-2.279045471478833740e+00
-2.557140536961765687e+00
-2.495499830657256890e+00
-2.100690449367014878e+00
-1.422239106023248434e+00
-5.462291893556840972e-01
4.160509651231577011e-01
1.342790811403343554e+00
2.117594967012293772e+00
2.644461352127825293e+00
2.859780305439362458e+00
2.739817337354090387e+00
2.302826310203689886e+00
1.605712559579355547e+00
7.359075480868177976e-01
-2.002777700537796690e-01
-1.091161509342554403e+00
-1.833261908913613736e+00
-2.343241909402924428e+00
-2.566861834753983995e+00
-2.484047752173542012e+00
-2.109727963306663234e+00
-1.490628296717105172e+00
-6.986800916174984444e-01
1.779670050059502517e-01
1.045149434260355781e+00
1.812904151696062449e+00
2.404597620529255408e+00
2.764095604673964424e+00
2.860392071197003450e+00
2.689435949931826997e+00
2.273204401319298906e+00
1.656338955140066682e+00
9.008644295812291425e-01
7.963842662968224906e-02
-7.307697319028918503e-01
-1.457081600837180968e+00
-2.035623164988713096e+00
-2.417496006607153802e+00
-2.572235971910211916e+00
-2.489748019400447543e+00
-2.180458448025967222e+00
-1.673769601364198722e+00
-1.015028649031169738e+00
-2.613236503340815031e-01
5.235083129889483988e-01
1.274237264625452282e+00
1.929531184526127596e+00
2.436777357802073052e+00
2.756082797487571234e+00
2.863177424964219675e+00
2.751034849462034693e+00
2.430125895206840525e+00
1.927322375124566278e+00
1.283566109993868443e+00
5.505045458558819327e-01
-2.136358313609872384e-01
-9.486178996530754137e-01
-1.596857955483751201e+00
-2.107838075694074220e+00
-2.441942505511085937e+00
-2.573439190801622534e+00
-2.492392006929270654e+00
-2.205368206898394412e+00
-1.734893697311456595e+00
-1.117699939165101686e+00
-4.018943254196484793e-01
3.567352619705048689e-01
1.099006883098239129e+00
1.766902316304673981e+00
2.308054406678741621e+00
2.679824636961937845e+00
2.852658765181020240e+00
2.812458838666895389e+00
2.561780458427350027e+00
2.119750147502672988e+00
1.520693147686785540e+00
8.115601356047326131e-01
4.833499471003852022e-02
-7.083122313549070626e-01
-1.397799276543732150e+00
-1.964464353772555238e+00
-2.362076737903570756e+00
-2.557660946065556828e+00
-2.534315908452162258e+00
-2.292782739127041225e+00
-1.851608742534596841e+00
-1.245864465633556017e+00
-5.244867581509577992e-01
2.535651713560547194e-01
1.024051175935157154e+00
1.722717345740473860e+00
2.290662977698226133e+00
2.679360746406810545e+00
2.854899573678161939e+00
2.801072676576800369e+00
2.521020191202232308e+00
2.037250613611803374e+00
1.389999357390682810e+00
6.340251884279193284e-01
-1.659159161201832489e-01
-9.405571713016707136e-01
-1.622110116360902854e+00
-2.150240889965401969e+00
-2.477503923794625695e+00
-2.573736188826158511e+00
-2.428993933754414858e+00
-2.054733285505185414e+00
-1.483086815953723159e+00
-7.642575550715584587e-01
3.777503279380581280e-02
8.508818946227421076e-01
1.601256020276868419e+00
2.220149441170117477e+00
2.650256409551285053e+00
2.851141056529326256e+00
2.803182897289538289e+00
2.509640662802919309e+00
1.996602329838216727e+00
1.310789176803173861e+00
5.153891167328938927e-01
-3.157159337234325958e-01
-1.104804092053132791e+00
-1.777611820741897386e+00
-2.270386288124476071e+00
-2.536014342179504055e+00
-2.548629357549171637e+00
-2.306235361289373564e+00
-1.831072977098320731e+00
-1.167666513885444513e+00
-3.787153784258525113e-01
4.607959265558657647e-01
1.270717588275068088e+00
1.973406700857138540e+00
2.501213574085818347e+00
2.803054403626965119e+00
2.849424628145838856e+00
2.635353558915819239e+00
2.180997624007547930e+00
1.529797935104769913e+00
7.443656203431816554e-01
-9.951793648239054546e-02
-9.202113984076114583e-01
-1.638127490280661513e+00
-2.183480286823780148e+00
-2.503107206049778100e+00
-2.565693852440217082e+00
-2.364883314624110611e+00
-1.919956942690903112e+00
-1.274010960245967050e+00
-4.897991650349738380e-01
3.563578772612008283e-01
1.182005205916024204e+00
1.906601670495492895e+00
2.459395640619101986e+00
2.786354924945554146e+00
2.855468992887828961e+00
2.659900474485680455e+00
2.218673700530109816e+00
1.574829963481590767e+00
7.912283351397424447e-01
-5.559737013414645102e-02
-8.829234787322577382e-01
-1.609929034200431985e+00
-2.165602105876815564e+00
-2.495684292522034387e+00
-2.567972679403003777e+00
-2.375460257889039362e+00
-1.937008492294721940e+00
-1.295488278963255580e+00
-5.135740324733686357e-01
3.323944360434507028e-01
1.159878811453741942e+00
1.888205364649635731e+00
2.446434710236867538e+00
2.780269319100807657e+00
2.857325801897003359e+00
2.670260558310444399e+00
2.237448538573193701e+00
1.601154708815222483e+00
8.233827464095615500e-01
-2.018847869808998441e-02
-8.475849816370386591e-01
-1.578512383520076057e+00
-2.142147995285111683e+00
-2.483993577818614185e+00
-2.571126258914712803e+00
-2.395343277924715686e+00
-1.973902706792418638e+00
-1.347796718732875210e+00
-5.777334085391896412e-01
2.617756625832733386e-01
1.089643466104086578e+00
1.826047727810629073e+00
2.400124145503402584e+00
2.756771136651265053e+00
2.861913892864023090e+00
2.705727166164563879e+00
2.303515228293496975e+00
1.694174334463637077e+00
9.363957547681625027e-01
1.029835850322005086e-01
-7.261595403069354138e-01
-1.471700951029017546e+00
-2.062463749356023612e+00
-2.442204901202253087e+00
-2.574941741628583802e+00
-2.448325180662457523e+00
-2.074747026069902134e+00
-1.490086551876609322e+00
-7.502267708789918110e-01
7.431769627591945648e-02
9.051417299110702253e-01
1.663413352582742144e+00
2.277348621883159119e+00
2.688989514401575409e+00
2.859646609276767837e+00
2.773498349844512045e+00
2.439015784967383915e+00
1.888088877704157786e+00
1.172947941749444389e+00
3.611809535973835583e-01
-4.706750321813928939e-01
-1.244358824244582884e+00
-1.887243682828569025e+00
-2.339138236337288124e+00
-2.557894666793150584e+00
-2.523304465289432752e+00
-2.238925275152674921e+00
-1.731677794688393668e+00
-1.049260911152920084e+00
-2.556365688334346631e-01
5.749855626028164135e-01
1.365096192070425873e+00
2.041116162368401987e+00
2.540234088360977083e+00
2.816218163268878527e+00
2.843667005474061149e+00
2.620311987889003547e+00
2.167166041764716500e+00
1.526514336099773272e+00
7.579418700229807460e-01
-6.722653621069113461e-02
-8.725536105158995248e-01
-1.583568149430313543e+00
-2.134639811283834288e+00
-2.475017119255150000e+00
-2.573475525519310469e+00
-2.421152705119464787e+00
-2.032316712023635397e+00
-1.443003577055828046e+00
-7.076567608397907883e-01
1.059161591458202267e-01
9.228017699134307694e-01
1.667876929399928487e+00
2.272708567172018412e+00
2.681824781346081377e+00
2.857784310994422761e+00
2.784583080279270817e+00
2.469089897212202622e+00
1.940384411412821031e+00
1.247062495181584740e+00
4.527597701774354610e-01
-3.696938297500779735e-01
-1.144951494271781112e+00
-1.802047216558225529e+00
-2.280883136286422364e+00
-2.537714667858633977e+00
-2.549134103414709251e+00
-2.314191258173794452e+00
-1.854460263425605993e+00
-1.212049220805073713e+00
-4.457370044981807111e-01
3.744080307259041174e-01
1.173434786661621043e+00
1.878356132899670961e+00
2.424810739740666410e+00
2.762932742132974795e+00
2.861894772005075360e+00
2.712711294946682283e+00
2.329048056677628598e+00
1.745965294675431378e+00
1.016710638791308519e+00
2.078551837543101688e-01
-6.067830725216101229e-01
-1.352874053378752217e+00
-1.962354666920353097e+00
-2.379634351791179103e+00
-2.566661843447771485e+00
-2.506391821071264570e+00
-2.204335971070753963e+00
-1.688057549777985056e+00
-1.004655859976243848e+00
-2.164701288135124635e-01
6.046055666567604625e-01
1.383678188116803431e+00
2.049684984832608858e+00
2.541873729217600353e+00
2.815343316129560236e+00
2.845139642993923967e+00
2.628533243014437470e+00
2.185270750501558723e+00
1.555776869255795836e+00
7.974702912225255513e-01
-2.047103450896353705e-02
-8.234184205395307377e-01
-1.538099816365061434e+00
-2.099285389241329014e+00
-2.455741488147167750e+00
-2.574909593514782546e+00
-2.445882861995457347e+00
-2.080407925454582418e+00
-1.511819591647493244e+00
-7.920046299482583763e-01
1.332927628604446690e-02
8.306484834397409589e-01
1.585305674171092916e+00
2.208357044214564802e+00
2.642861941617229871e+00
2.849089308410230004e+00
2.808154671778054556e+00
2.523754408634886204e+00
2.021837555634864891e+00
1.348243740210997466e+00
5.645216839522315677e-01
-2.576908062826512857e-01
-1.043212624489443074e+00
-1.720193106472322375e+00
-2.226685381583218604e+00
-2.516317892023827163e+00
-2.562544570764300644e+00
-2.361083712128016820e+00
-1.930320931174779098e+00
-1.309637705802089380e+00
-5.558168262517837466e-01
2.621477290394721438e-01
1.069362561814907853e+00
1.791891155219161202e+00
2.363527149851929021e+00
2.731864016636327719e+00
2.863104393021192795e+00
2.745167284949554976e+00
2.388806900073353390e+00
1.826638863468717844e+00
1.110161326692698180e+00
3.050424433500736887e-01
-5.148950339185760505e-01
-1.274441324510136253e+00
-1.903899079098484215e+00
-2.345481717246045150e+00
-2.558622989177322449e+00
-2.523709463742711989e+00
-2.243891951687815300e+00
-1.744807938987849472e+00
-1.072238799272530851e+00
-2.879152866811559019e-01
5.361448561321120465e-01
1.324248085941508224e+00
2.003978257789368556e+00
2.512853035964849546e+00
2.804071402548591774e+00
2.850823151567989377e+00
2.648763013618227191e+00
2.216420505499063776e+00
1.593506286656632298e+00
8.372692972050201909e-01
1.723844490642567617e-02
-7.911684403388690168e-01
-1.513581006445587684e+00
-2.083520076088355655e+00
-2.448518611597616967e+00
-2.574955979157493413e+00
-2.451159611234699831e+00
-2.088487415264838276e+00
-1.520290072457355146e+00
-7.988476139882809690e-01
9.438636588596449606e-03
8.301567272645495876e-01
1.587735007507336205e+00
2.212402426766731711e+00
2.646616868494136021e+00
2.850368880939045724e+00
2.804871542692257247e+00
2.514295761553547504e+00
2.005390372701906010e+00
1.325021379949939515e+00
5.358565869303459905e-01
-2.894070201173402634e-01
-1.074741254756060638e+00
-1.747792701199301746e+00
-2.246550744243529962e+00
-2.525062788940339864e+00
-2.345254454280520040e+00
