4.651021310881813697e+00
6.719579280887817418e+00
8.496796979689326790e+00
9.868731931405273272e+00
1.075076444566282241e+01
1.109213327905626834e+01
1.087805878872705634e+01
1.012944691559608579e+01
8.900326232738120069e+00
7.273307355200245183e+00
5.353461972885855680e+00
3.261092999276278714e+00
1.123905854026337137e+00
-9.309057281072616874e-01
-2.784174959985732389e+00
-4.331450685507642007e+00
-5.488510409556603520e+00
-6.195442257794239183e+00
-6.419142147699069767e+00
-6.154175331579850194e+00
-5.422049264629270837e+00
-4.269032105433717916e+00
-2.762723870133701798e+00
-9.876424135915864433e-01
9.598775993213197744e-01
2.977158068834982796e+00
4.960710678646153227e+00
6.811536464805493907e+00
8.439931521924993518e+00
9.769583063026139769e+00
1.074079220762604159e+01
1.131271626191728075e+01
1.146458050394734407e+01
1.119586452264951504e+01
1.052551834223636895e+01
9.490306779585955255e+00
8.142415199371011880e+00
6.546475113833952975e+00
4.776183563417458977e+00
2.910696084091344282e+00
1.030969951993543798e+00
-7.837766926604126105e-01
-2.459342008669282986e+00
-3.929429038652493933e+00
-5.138047448541012585e+00
-6.041358808569160743e+00
-6.608925010502177955e+00
-6.824347812359137677e+00
-6.685313906332009282e+00
-6.203083355656865194e+00
-5.401479016840806224e+00
-4.315450172353063607e+00
-2.989294798747800019e+00
-1.474631657967002241e+00
1.717841091584300095e-01
1.890309659590344804e+00
3.620640103253449205e+00
5.303931713368821299e+00
6.884753458370287404e+00
8.312809495867902854e+00
9.544388194202078068e+00
1.054350661954128299e+01
1.128273269317805827e+01
1.174367989850599869e+01
1.191718109208216880e+01
1.180315832484973804e+01
1.141021437156771867e+01
1.075497874762221429e+01
9.861246292021336401e+00
8.758949915979695078e+00
7.483010924437678568e+00
6.072110532883677969e+00
4.567424985962208694e+00
3.011364230575281908e+00
1.446350617666336547e+00
-8.633017328752812247e-02
-1.547578650942694090e+00
-2.901409352624123361e+00
-4.115740268151698800e+00
-5.163032456808730686e+00
-6.020773629997430376e+00
-6.671804310850955488e+00
-7.104489587061229017e+00
-7.312743361317407320e+00
-7.295915317817943446e+00
-7.058553530467282400e+00
-6.610057727995512167e+00
-5.964239712419759698e+00
-5.138808325898446938e+00
-4.154796716839186388e+00
-3.035949519637273664e+00
-1.808086992035135676e+00
-4.984622132830383023e-01
8.648737989229715595e-01
2.253685678039519580e+00
3.640134286846487210e+00
4.997314335022089438e+00
6.299740911039652502e+00
7.523778631458833743e+00
8.648008897906100501e+00
9.653532459966124080e+00
1.052420607923591511e+01
1.124681355105040126e+01
1.181117264745057405e+01
1.221018068550452007e+01
1.243980239234591778e+01
1.249900453051152738e+01
1.238964236694827470e+01
1.211630352274607425e+01
1.168611503760736525e+01
1.110851963507168172e+01
1.039502719514694284e+01
9.558947345061016065e+00
8.615108881839056210e+00
7.579571458088178559e+00
6.469334610325223167e+00
5.302048802519286674e+00
4.095732710577104640e+00
2.868500499623138467e+00
1.638302357321122837e+00
4.226810540970573626e-01
-7.614531854323720594e-01
-1.898027687971774125e+00
-2.971990853563027724e+00
-3.969473258431145180e+00
-4.877925796703264538e+00
-5.686234678498795603e+00
-6.384813424923942549e+00
-6.965672285927528407e+00
-7.422465754459542708e+00
-7.750518965642102742e+00
-7.946834059032447328e+00
-8.010080650354540310e+00
-7.940570102587376056e+00
-7.740213395141417152e+00
-7.412463673973279654e+00
-6.962244629133273577e+00
-6.395865888334389737e+00
-5.720926647496369810e+00
-4.946208783028145817e+00
-4.081560706910286385e+00
-3.137773235342601996e+00
-2.126448745613515268e+00
-1.059864894594444884e+00
4.916583360473936182e-02
1.187439493327813622e+00
2.341505712832917752e+00
3.497813173499320527e+00
4.642854327830484351e+00
5.763308175846583836e+00
6.846179947499434704e+00
7.878936570363720193e+00
8.849636837204066353e+00
9.747055227268017319e+00
1.056079837852490044e+01
1.128141325579442444e+01
1.190048611203405748e+01
1.241073139722495711e+01
1.280606983155210266e+01
1.308169492712921667e+01
1.323412731555879418e+01
1.326125631728897503e+01
1.316236827312424751e+01
1.293816124840153847e+01
1.259074581622187949e+01
1.212363172761719277e+01
1.154170038343055715e+01
1.085116313470700611e+01
1.005950555512847089e+01
9.175417949987014765e+00
8.208712490756493452e+00
7.170227491765350791e+00
6.071719474948604756e+00
4.925743799195169359e+00
3.745524761325417007e+00
2.544816205033391121e+00
1.337753800893986433e+00
1.387002833547721359e-01
-1.037914952011012915e+00
-2.177760377415210780e+00
-3.266769372786411108e+00
-4.291308070466742564e+00
-5.238342219524311005e+00
-6.095601219636400003e+00
-6.851737425378884083e+00
-7.496478790145493676e+00
-8.020772906506877575e+00
-8.416920508181792826e+00
-8.678696529404552606e+00
-8.801456871635588541e+00
-8.782229106395096352e+00
-8.619785447388444766e+00
-8.314696455661442442e+00
-7.869364098595777790e+00
-7.288032967120745553e+00
-6.576778665194865425e+00
-5.743472620624240577e+00
-4.797722825426541604e+00
-3.750790295562432153e+00
-2.615481341816851657e+00
-1.406016063303690444e+00
-1.378738093964848588e-01
1.172383298744972713e+00
2.507307343540303712e+00
3.848780284959169684e+00
5.178246182562491917e+00
6.476957470725928090e+00
7.726232461414589636e+00
8.907720937721391508e+00
1.000367441604142371e+01
1.099721740154203609e+01
1.187261574688610111e+01
1.261553805425541164e+01
1.321330594170536088e+01
1.365512893255436566e+01
1.393231972619320658e+01
1.403848567515774270e+01
1.396969243055246856e+01
1.372459592909589787e+01
1.330453918231557431e+01
1.271361069273078392e+01
1.195866176292540217e+01
1.104928047952973813e+01
9.997720742088421986e+00
8.818785361795002942e+00
7.529662970664867672e+00
6.149719249751074202e+00
4.700243795637143229e+00
3.204154786135027244e+00
1.685664465759981745e+00
1.699093344766660074e-01
-1.317450226586544204e+00
-2.750655338478198875e+00
-4.104292690654773423e+00
-5.353750258662174133e+00
-6.475677022681711748e+00
-7.448438522534097217e+00
-8.252559695046226551e+00
-8.871146192080368920e+00
-9.290275288617685590e+00
-9.499347574830707686e+00
-9.491390896382993603e+00
-9.263308472515507930e+00
-8.816063787360695514e+00
-8.154795717454481618e+00
-7.288858423449571688e+00
-6.231781786303924875e+00
-5.001149590364445174e+00
-3.618394222238083824e+00
-2.108508330165842271e+00
-4.996761085551213455e-01
1.177158446857923924e+00
2.888922724021384170e+00
4.601151353994515247e+00
6.278651108666275071e+00
7.886200060097603881e+00
9.389277612755797975e+00
1.075481093263910815e+01
1.195192198970168640e+01
1.295265844700961466e+01
1.373269100343950377e+01
1.427195955663431626e+01
1.455525072598110725e+01
1.457268988280173794e+01
1.432013189084891458e+01
1.379943626996618455e+01
1.301861445469367062e+01
1.199183921173399980e+01
1.073930907746883001e+01
9.286963838386418146e+00
7.666050549696921124e+00
5.912543304197535932e+00
4.066423846057850788e+00
2.170834082925615416e+00
2.711154851792967335e-01
-1.586245833990550747e+00
-3.354746002506584279e+00
-4.989036679678108044e+00
-6.446116467030000408e+00
-7.686510011850607782e+00
-8.675402924137733507e+00
-9.383699960156830500e+00
-9.788974120987321115e+00
-9.876275432259101095e+00
-9.638770249664867507e+00
-9.078184986319566718e+00
-8.205032167058478265e+00
-7.038601650929077636e+00
-5.606709858176873951e+00
-3.945207253846958917e+00
-2.097230213735687077e+00
-1.122047763069584647e-01
1.955380940420875291e+00
4.047410759021137672e+00
6.103747366079324443e+00
8.063970437487036236e+00
9.869196931533201322e+00
1.146392838921786073e+01
1.279786551957904450e+01
1.382762767877498788e+01
1.451831435288889338e+01
1.484484763461251333e+01
1.479303906528100576e+01
1.436033111669360451e+01
1.355617291918691869e+01
1.240200139113794719e+01
1.093081235721968625e+01
9.186321109570139143e+00
7.221727615486146945e+00
5.098117570887436223e+00
2.882546045232126541e+00
6.458648375169695477e-01
-1.539632851493915489e+00
-3.602666899285649205e+00
-5.475433582091552509e+00
-7.095984256647115629e+00
-8.410426682891380068e+00
-9.374861087050064157e+00
-9.956971882637756011e+00
-1.013720851664254319e+01
-9.909504722398860821e+00
-9.281503887847140533e+00
-8.274278479480532411e+00
-6.921552570892755440e+00
-5.268457511060157472e+00
-3.369870612988218550e+00
-1.288404467075751292e+00
9.078708023738404354e-01
3.147879057402733771e+00
5.360063507170478303e+00
7.474883951742905097e+00
9.427186649631270399e+00
1.115835480093870302e+01
1.261815903300975172e+01
1.376624218690419887e+01
1.457319032196030051e+01
1.502116124036713884e+01
1.510406196549656599e+01
1.482728645188870331e+01
1.420704337053434330e+01
1.326932021042163257e+01
1.204853280315065156e+01
1.058585038632118369e+01
8.927357892029743169e+00
7.122211692516305703e+00
5.220862133951146511e+00
3.273412873424635272e+00
1.328170768688995862e+00
-5.695769556840604153e-01
-2.378538046693479568e+00
-4.062137887094596778e+00
-5.588997212531200631e+00
-6.933182981444240056e+00
-8.074253430733115522e+00
-8.997098036670289289e+00
-9.691727669121997124e+00
-1.015303244924929515e+01
-1.038047076841280436e+01
-1.037770496184774416e+01
-1.015219852231039432e+01
-9.714788142339212840e+00
-9.079242231444629496e+00
-8.261815924767807573e+00
-7.280811027227036547e+00
-6.156147854689436372e+00
-4.908954563862504727e+00
-3.561178319533818470e+00
-2.135221538661917773e+00
-6.536054773147670360e-01
8.613374140329539408e-01
2.387741654579488948e+00
3.904457298429874879e+00
5.391269267122911657e+00
6.829088200678205212e+00
8.200113874963648186e+00
9.487972451991343092e+00
1.067782898125307689e+01
1.175647666432351102e+01
1.271240444095871780e+01
1.353584446135100983e+01
1.421880098377241453e+01
1.475506218650628831e+01
1.514019631386189246e+01
1.537153349358336207e+01
1.544813447177168264e+01
1.537074741556672031e+01
1.514175383668640507e+01
1.476510459338039816e+01
1.424624683680492332e+01
1.359204268222720025e+01
1.281068030740491714e+01
1.191157811120212884e+01
1.090528250596611493e+01
9.803359868103184382e+00
8.618283133147576436e+00
7.363313494704378570e+00
6.052377651094587918e+00
4.699941039292811595e+00
3.320877502658530211e+00
1.930335856697536157e+00
5.436038452153071354e-01
-8.240299828355541756e-01
-2.157415898452319514e+00
-3.441683486909228318e+00
-4.662382315926880239e+00
-5.805622013389942992e+00
-6.858210916438496341e+00
-7.807792376293754444e+00
-8.642977723680562718e+00
-9.353474819894113779e+00
-9.930211040272959977e+00
-1.036544946213978236e+01
-1.065289696029712907e+01
-1.078780285226848967e+01
-1.076704668508544493e+01
-1.058921371811521794e+01
-1.025465663484682821e+01
-9.765542013419230116e+00
-9.125880103712686875e+00
-8.341536500739449522e+00
-7.420224372497033372e+00
-6.371475997872330765e+00
-5.206592498911613021e+00
-3.938570813802714010e+00
-2.582007153905391927e+00
-1.152976421338434143e+00
3.311126663807288928e-01
1.851686691274532670e+00
3.389200493032633599e+00
4.923353196289556699e+00
6.433326123208976455e+00
7.898040969054033411e+00
9.296436155845047011e+00
1.060775879829354906e+01
1.181186922388892135e+01
1.288955449351893634e+01
1.382284687978128090e+01
1.459534278783659822e+01
1.519251716010500708e+01
1.560202800415945745e+01
1.581400533660761987e+01
1.582131855902641782e+01
1.561981609004261706e+01
1.520853098550838745e+01
1.458984630125130799e+01
1.376961410433054489e+01
1.275722233225785018e+01
1.156560414681948146e+01
1.021118503939810651e+01
8.713763724758095464e+00
7.096323813558942817e+00
5.384774379887135254e+00
3.607618833888360577e+00
1.795552961136088088e+00
-1.900541585323090032e-02
-1.802450983978941768e+00
-3.520583716081139958e+00
-5.139252033057253755e+00
-6.625036621255381064e+00
-7.945963316636213136e+00
-9.072231688557286233e+00
-9.976944313873353565e+00
-1.063682028725470197e+01
-1.103287532968994888e+01
-1.115104999872598590e+01
-1.098276703495043272e+01
-1.052539886057555307e+01
-9.782626733509266259e+00
-8.764674101993497501e+00
-7.488398338250721764e+00
-5.977227278840830493e+00
-4.260929872790446993e+00
-2.375213725620524574e+00
-3.611463966806414128e-01
1.735598095691388565e+00
3.865661060731154119e+00
5.977077322500782053e+00
8.016492311182057406e+00
9.930494895013687540e+00
1.166703723793728464e+01
1.317690772723512893e+01
1.441521829582759651e+01
1.534286348502379838e+01
1.592790557727834333e+01
1.614683829103432089e+01
1.598568107230001800e+01
1.544085711676355110e+01
1.451981105332954591e+01
1.324132681050328131e+01
1.163551261040192131e+01
9.743428264901329072e+00
7.616339883999337701e+00
5.314598566942571267e+00
2.906152366804366061e+00
4.647144491438632841e-01
-1.932375526193102377e+00
-4.206545688791733184e+00
-6.280577304568305763e+00
-8.081304290781041288e+00
-9.542339534148025493e+00
-1.060674964600632642e+01
-1.122979935461564338e+01
-1.138113375836006824e+01
-1.104632880858565080e+01
-1.022810464517432472e+01
-8.946975036140802473e+00
-7.241260646886324537e+00
-5.166418988958877634e+00
-2.793668383897673468e+00
-2.079110748960175670e-01
2.495009184418346848e+00
5.211648261873152777e+00
7.834803256882830524e+00
1.025772639526946861e+01
1.237855610500999148e+01
1.410478788249156068e+01
1.535759143397748261e+01
1.607577202391457760e+01
1.621917417402071138e+01
1.577133572274756723e+01
1.474122027149048364e+01
1.316388624450125455e+01
1.109999068207006090e+01
8.634074416704038413e+00
5.871630820777673065e+00
2.935020677091348951e+00
-4.164177548766057058e-02
-2.918445029917512645e+00
-5.556234950553765373e+00
-7.823474757838301485e+00
-9.603079253042688279e+00
-1.079886870231291773e+01
-1.134128156111148833e+01
-1.119199823523681125e+01
-1.034716145758897099e+01
-8.838932651897975390e+00
-6.735196695771982434e+00
-4.137317356059522666e+00
-1.175948653425730406e+00
1.994981358603117760e+00
5.205884332975283968e+00
8.280383530220126076e+00
1.104500659049103639e+01
1.333918237935511719e+01
1.502497065648758579e+01
1.599592960934996455e+01
1.618453761733161755e+01
1.556763439890575107e+01
1.416943316080296000e+01
1.206177725504204901e+01
9.361467307831555118e+00
6.224660427706977472e+00
2.838532244317962583e+00
-5.894163779946306470e-01
-3.843845870706786183e+00
-6.715139552945890600e+00
-9.013202989053834102e+00
-1.058059314639203841e+01
-1.130405623571971141e+01
-1.112360326438405700e+01
-1.003836750284956558e+01
-8.108665375048724755e+00
-5.453913991687992180e+00
-2.246332147678678393e+00
1.299349694815821188e+00
4.939641339617673488e+00
8.418691576616838645e+00
1.148627315890795586e+01
1.391611073388720321e+01
1.552320733163139543e+01
1.617881989800928721e+01
1.582183315183509009e+01
1.446548405012123339e+01
1.219868828954067297e+01
9.181598973206773096e+00
5.635461313744994705e+00
1.827284885184021546e+00
-1.949699279179133438e+00
-5.398433278698673732e+00
-8.241605329475527597e+00
-1.024453675293003840e+01
-1.123547113098010541e+01
-1.112146450676338638e+01
-9.898346342012592558e+00
-7.653639966688089658e+00
-4.561872518829220624e+00
-8.723289919093399902e-01
3.110036425579673747e+00
7.049182354955139118e+00
1.060615110426474139e+01
1.346850569822180432e+01
1.537847641654992970e+01
1.615724456284777588e+01
1.572300999264648880e+01
1.410093748755126697e+01
1.142372858455395424e+01
7.922371847995803407e+00
3.907519320854199840e+00
-2.571598331563964557e-01
-4.187472104754858648e+00
-7.514199917196265233e+00
-9.918345760942729683e+00
-1.116272620875462351e+01
-1.111671707681593269e+01
-9.771472429141406124e+00
-7.243755432160282837e+00
-3.767563857098455760e+00
3.260849155130558508e-01
4.639637708505658154e+00
8.747077391748657504e+00
1.223601090207271014e+01
1.474963379820042952e+01
1.602426509727056825e+01
1.591842096752707292e+01
1.443010779356073847e+01
1.170011265279824286e+01
8.000455988811999930e+00
3.708713581961812444e+00
-7.295459289394705671e-01
-4.846593607522287073e+00
-8.201990348769173877e+00
-1.043042546311166063e+01
-1.128268722465826812e+01
-1.065506177225233486e+01
-8.603557203290510103e+00
-5.340901091200519701e+00
-1.216108594304166068e+00
3.321631068337821180e+00
7.771167874194498282e+00
1.163462074001141922e+01
1.447356088711283384e+01
1.595976585688871374e+01
1.591456796196454171e+01
1.433193956156410032e+01
1.138218781818477332e+01
7.395295559914744743e+00
2.825304052245821040e+00
-1.800585458178327602e+00
-5.942588378239179292e+00
-9.111663745257153835e+00
-1.092812484822494845e+01
-1.116841054417070644e+01
-9.794113247921549359e+00
-6.959338022353483311e+00
-2.994990566321314329e+00
1.628631103800947777e+00
6.356870746859701882e+00
1.061702696279394509e+01
1.388804047123577412e+01
1.576503099633386284e+01
1.601058680154453029e+01
1.458616544639428270e+01
1.165929640009237112e+01
7.585215937626005100e+00
2.864756170177201078e+00
-1.916647399123373230e+00
-6.161466261746767259e+00
-9.335124781039539243e+00
-1.103409346047487993e+01
-1.103824427910286232e+01
-9.340534128749798271e+00
-6.149870385301825948e+00
-1.866396510376205686e+00
2.968013017757090033e+00
7.738001727345665159e+00
1.183314828062330903e+01
1.472652412694150392e+01
1.604318907227217039e+01
1.560960468242750565e+01
1.347734060737275463e+01
9.917732719904782002e+00
5.387921808385319977e+00
4.724612014394677928e-01
-4.192068148267519945e+00
-7.999693875352338779e+00
-1.045416017544649456e+01
-1.123410591022393135e+01
-1.023566929881974019e+01
-7.586792808272807775e+00
-3.631199640997932132e+00
1.115994730658167011e+00
6.035315956402298454e+00
1.048387012100510596e+01
1.387957525112932267e+01
1.577759662271801666e+01
1.592889247786688323e+01
1.431311454802437844e+01
1.114148121304496009e+01
6.829203492049984447e+00
1.941068768803800859e+00
-2.882661652108375439e+00
-7.010280513980385209e+00
-9.901516396247707519e+00
-1.117835405860112630e+01
-1.067448000596858648e+01
-8.456872539535119415e+00
-4.816740384337775183e+00
-2.310600432878557875e-01
4.700168195321641207e+00
9.332644234490418356e+00
1.306209606546789104e+01
1.540313699247553814e+01
1.605234071181941857e+01
1.492733886059575354e+01
1.217692767693280942e+01
8.160992439264971310e+00
3.403013120092441390e+00
-1.478518511708440286e+00
-5.850726472463398053e+00
-9.148467291320999450e+00
-1.094725824605606945e+01
-1.101761039673720433e+01
-9.353844600067663606e+00
-6.173831630156577432e+00
-1.889891717438959784e+00
2.945183558879543639e+00
7.709846113725420835e+00
1.179387925180566477e+01
1.467650368693671581e+01
1.599250009970285369e+01
1.557798219280461538e+01
1.349014492229564688e+01
9.998698802165277399e+00
5.550339176375473471e+00
7.110199238877985550e-01
-3.906429718814177665e+00
-7.720032275131149646e+00
-1.025185178118984908e+01
-1.118745617507236645e+01
-1.041430602470197186e+01
-8.034467842560026440e+00
-4.350334578378955541e+00
1.745625811157065499e-01
4.974477719472597315e+00
9.452540682578272069e+00
1.305503315345297821e+01
1.533959665852515286e+01
1.602900076075668068e+01
1.504400502137427686e+01
1.251152182918605682e+01
8.747383794959498360e+00
4.216149018378935409e+00
-5.268455293836296072e-01
-4.903881798441144468e+00
-8.385246995616533638e+00
-1.055303535174063612e+01
-1.115072487280379221e+01
-1.011272931529941133e+01
-7.570632213311558445e+00
-3.835665437830326763e+00
6.401436272424725349e-01
5.319408275075980796e+00
9.644681116902741991e+00
1.310496937814657947e+01
1.529572650838951908e+01
1.596542735362017851e+01
1.504346925138469437e+01
1.264643814442384517e+01
9.062372511582154289e+00
4.715237290058905906e+00
1.140836754295420086e-01
-4.206937545144343815e+00
-7.750604175191716294e+00
-1.011349420869329130e+01
-1.103124296426402040e+01
-1.040719455154849626e+01
-8.321461983063777268e+00
-5.019710421594581362e+00
-8.833020578327754890e-01
3.615476644669058714e+00
7.967774287038187353e+00
1.168582070612591117e+01
1.435732507565038318e+01
1.569059577696870100e+01
1.554551944100156113e+01
1.394721791194180760e+01
1.108119517746730232e+01
7.270861247524535997e+00
2.940244402537549817e+00
-1.433730985720090167e+00
-5.373978718297374613e+00
-8.455149858006482333e+00
-1.034907311404035113e+01
-1.085894206112708993e+01
-9.938781366398025341e+00
-7.696390198118207238e+00
-4.379776688773763027e+00
-3.488632032068657018e-01
3.964229317335984604e+00
8.101874389991255754e+00
1.162953357663018217e+01
1.418109427671070577e+01
1.549626105234623097e+01
1.544625491051094457e+01
1.404538562624623133e+01
1.144759020002102190e+01
7.928610154354148065e+00
3.855946242498653476e+00
-3.500665301883114644e-01
-4.259893515620424509e+00
-7.478597417267240033e+00
-9.685347347168747234e+00
-1.066473558446002734e+01
-1.032692285778751184e+01
-8.714831674313565202e+00
-5.997949947112301672e+00
-2.453654652178103301e+00
1.561817221672713751e+00
5.649652411526375317e+00
9.408265850285356890e+00
1.247264245989851439e+01
1.454938156558237949e+01
1.544412822834635435e+01
1.507890203953638242e+01
1.349787678161743365e+01
1.086131557015548132e+01
7.428510980986068546e+00
3.531608493027663442e+00
-4.569901169018901754e-01
-4.160409766863322645e+00
-7.232823349136259239e+00
-9.391380489048266611e+00
-1.044163949098807009e+01
-1.029428319575262130e+01
-8.971770023858018916e+00
-6.604540118126221770e+00
-3.417370064669607022e+00
2.926418241199835180e-01
4.184252874470621109e+00
7.903708701578928242e+00
1.111688511308543070e+01
1.353902881695945837e+01
1.495948333158536592e+01
1.525930855115713136e+01
1.442039482225922953e+01
1.252546721692469767e+01
9.749198608159055368e+00
6.341427315973882983e+00
2.604139656658516433e+00
-1.135624541439715252e+00
-4.554491921323588599e+00
-7.360578418806296597e+00
-9.318041507481064301e+00
-1.026633711299816731e+01
-1.013266722972898215e+01
-8.936727514737706102e+00
-6.787542586416114077e+00
-3.872850828424505121e+00
-4.421134273278881643e-01
3.215275114129710676e+00
6.794643607812210107e+00
1.000145479551474814e+01
1.257535601018787652e+01
1.431092944591647509e+01
1.507352856066492031e+01
1.480903499725103245e+01
1.354689808302052967e+01
1.139638059278044402e+01
8.536483341648704481e+00
5.200513616486183821e+00
1.656661136257362665e+00
-1.813778089309288521e+00
-4.938752286118306856e+00
-7.476608639729466432e+00
-9.234428306041960965e+00
-1.008218604636463489e+01
-9.961743439577638526e+00
-8.890113583602225589e+00
-6.956892857091448334e+00
-4.316205332820299390e+00
-1.173913621805504626e+00
2.228813246522121538e+00
5.634241662960215891e+00
8.787657999918254248e+00
1.145630988755100788e+01
1.344631089995169759e+01
1.461630851489344884e+01
1.488699059785090206e+01
1.424583971517495584e+01
1.274691043982225480e+01
1.050577444014181161e+01
7.690124441291329660e+00
4.506826896237997815e+00
1.186444671851603960e+00
-2.033598772904371632e+00
-4.925980937892683542e+00
-7.289363243544748627e+00
-8.962103776770590002e+00
-9.832893862556412401e+00
-9.847655239902877611e+00
-9.012315208578685954e+00
-7.391374528064066141e+00
-5.102475815380575597e+00
-2.307448663460970106e+00
7.994657936799738351e-01
4.005337448773663489e+00
7.093238047005264946e+00
9.856885764802088445e+00
1.211426289832010816e+01
1.371932437533897620e+01
1.457106855988981664e+01
1.461943857957162507e+01
1.386774746436329586e+01
1.237155780792276794e+01
1.023418039432117865e+01
7.599171161682667375e+00
4.640388768248685736e+00
1.550315306776483215e+00
-1.472566990056125569e+00
-4.236513737528190049e+00
-6.568559347967156015e+00
-8.325117632905479681e+00
-9.400511717606532258e+00
-9.732951606003258149e+00
-9.307651432902206423e+00
-8.156965366511029103e+00
-6.357609171048617114e+00
-4.025211950696657937e+00
-1.306599065875241994e+00
1.629666125879179805e+00
4.603863772469534155e+00
7.436154526576590484e+00
9.957396409198480569e+00
1.201909882686908659e+01
1.350194124530819373e+01
1.432238593639875646e+01
1.443704059539153661e+01
1.384456909626013577e+01
1.258509824623381412e+01
1.073721610587146813e+01
8.412794734846224642e+00
5.749989540499084839e+00
2.904862531889618626e+00
4.214314850937395107e-02
-2.674324795698053148e+00
-5.090898967146085141e+00
-7.072694827643159599e+00
-8.510917354891878617e+00
-9.328584688349288001e+00
-9.484360654494681242e+00
-8.974326157523757175e+00
-7.831638342656242813e+00
-6.124144483786263748e+00
-3.950128265398641592e+00
-1.432463725195539439e+00
1.288468256042415216e+00
4.062688079829275267e+00
6.738903433144781019e+00
9.172717583409033537e+00
1.123432020632627548e+01
1.281525981710380080e+01
1.383395587986334796e+01
1.423968406471434101e+01
1.401485540329268709e+01
1.317550430344251566e+01
1.176999638517999713e+01
9.876059850037449905e+00
7.596328900406122742e+00
5.052660466013810137e+00
2.379542814729906919e+00
-2.830459295917671092e-01
-2.796951231894839740e+00
-5.032949090441283246e+00
-6.877286889554586224e+00
-8.237335131144174483e+00
-9.046078923903603908e+00
-9.265242334193864338e+00
-8.886911704240919363e+00
-7.933601961928522073e+00
-6.456788802964307905e+00
-4.534005518826267789e+00
-2.264672534132021742e+00
2.351128044239492176e-01
2.838551619800806503e+00
5.414576902266810876e+00
7.834420769248069405e+00
9.977990551776549921e+00
1.173974352020597678e+01
1.303377957704545587e+01
1.379791368969426735e+01
1.399654291037747988e+01
1.362218379403943835e+01
1.269562183559887458e+01
1.126468201083548948e+01
9.401695422652057488e+00
7.199798372145560066e+00
4.768254115691395789e+00
2.227031756099743909e+00
-2.990907365134214402e-01
-2.686612786478396853e+00
-4.819294235179009789e+00
-6.593750396635423172e+00
-7.924395388127042139e+00
-8.747502986528060021e+00
-9.024197647113858523e+00
-8.742239982371971863e+00
-7.916528489664168333e+00
-6.588299965012588189e+00
-4.823072063485300376e+00
2.427617937336599585e+00
