1.348964399121837410e+00
1.834825513692930565e+00
2.201235688337149110e+00
2.405882829762127528e+00
2.425123582781525400e+00
2.256720933026462816e+00
1.920108865398028497e+00
1.454151277420692168e+00
9.126526797210597897e-01
3.581392290084619012e-01
-1.453701341290085658e-01
-5.397648362528320032e-01
-7.795580786968434595e-01
-8.371371612234304038e-01
-7.059390010298920437e-01
-4.011864531227606889e-01
4.189536277378436147e-02
5.721712098865835427e-01
1.128517680634315346e+00
1.646885598931413952e+00
2.067683659904349547e+00
2.342629753717752727e+00
2.440281159955404178e+00
2.349610585988555655e+00
2.081223285073690921e+00
1.666084352345581943e+00
1.151912774339064027e+00
5.976665672831356080e-01
6.676058507014803745e-02
-3.801993978315649780e-01
-6.923317304577243370e-01
-8.342536645268969764e-01
-7.900619138523943263e-01
-5.650744059693804111e-01
-1.851472890128921245e-01
3.063408696605662840e-01
8.534806216695656200e-01
1.394219613364839461e+00
1.867413317975327169e+00
2.219735224429826737e+00
2.411665390090941052e+00
2.421886823276410361e+00
2.249604595066338142e+00
1.914541075331327002e+00
1.454624686731820216e+00
9.216489742085198777e-01
3.754044019514721220e-01
-1.230478875359504176e-01
-5.182011369866870165e-01
-7.662636737087782368e-01
-8.399734827871792042e-01
-7.315415398880755760e-01
-4.534122147526293833e-01
-3.677473800656150260e-02
4.719900993750008045e-01
1.016517024758699428e+00
1.536727529630800948e+00
1.975464367589471859e+00
2.284755778965384287e+00
2.431024501805956195e+00
2.398679918029437808e+00
2.191715062297430627e+00
1.833152706269360221e+00
1.362421389516279557e+00
8.309670239897871680e-01
2.965942069089125832e-01
-1.828363475703544960e-01
-5.556653312032786562e-01
-7.819713526886815647e-01
-8.377963427077854686e-01
-7.176181315055112364e-01
-4.348223706704423819e-01
-2.014379608803784638e-02
4.817351933336827541e-01
1.017045907799716042e+00
1.528720878769672886e+00
1.962481724449521403e+00
2.272577539798529944e+00
2.426569308865405450e+00
2.408664569622208873e+00
2.221266123623104605e+00
1.884591255902218210e+00
1.434422833868684188e+00
9.182490150934651263e-01
3.902137602941882499e-01
-9.458090440642707986e-02
-4.858195092118249292e-01
-7.431664686696157762e-01
-8.403752901745096260e-01
-7.679004648068850081e-01
-5.337593807015088565e-01
-1.625757115760423366e-01
3.070760067987886588e-01
8.267319553490491968e-01
1.343073975856459601e+00
1.803411540483922826e+00
2.161046158543487028e+00
2.379973575308063971e+00
2.438454147161961849e+00
2.331103248507425008e+00
2.069308298647563049e+00
1.679950717240496605e+00
1.202582174643568980e+00
6.853576858891952117e-01
1.801483525221090343e-01
-2.626675435263889913e-01
-5.992115902149939277e-01
-7.964147332054323236e-01
-8.352101115282757338e-01
-7.123070383680041306e-01
-4.403887215459338922e-01
-4.673417194433004962e-02
4.295801621630707112e-01
9.416063743627034466e-01
1.439179982392326362e+00
1.873839797381012584e+00
2.203530065603968247e+00
2.396630689818743498e+00
2.434933465821494725e+00
2.315290141596725970e+00
2.049790570913398557e+00
1.664473013237559140e+00
1.196709657285648376e+00
6.915352276285502420e-01
1.972834459022156928e-01
-2.390435365794882916e-01
-5.762288491831193404e-01
-7.826976142111770063e-01
-8.394196556783186658e-01
-7.415969431657754019e-01
-4.989931523029325078e-01
-1.348926206717939724e-01
3.161953053514588441e-01
8.118550378368680764e-01
1.305783372552260069e+00
1.752124754530657302e+00
2.109716716839399986e+00
2.345853876810295002e+00
2.439229652683236438e+00
2.381796127279664610e+00
2.179386109671999527e+00
1.851057442141218701e+00
1.427237080545736614e+00
9.468506758965712367e-01
4.537126398518100956e-01
-7.485722873488476203e-03
-3.952215933063270015e-01
-6.748541380966126546e-01
-8.216766427563806374e-01
-8.230426267737234181e-01
-6.793886174418377610e-01
-4.040777774090817953e-01
-2.209491866449686537e-02
4.322749805946388135e-01
9.185647290332101811e-01
1.393752570346725062e+00
1.816072603177504075e+00
2.148670457130191558e+00
2.362785957375144186e+00
2.440191257366234101e+00
2.374682473970127106e+00
2.172508654638697134e+00
1.851716122362665695e+00
1.440480522554439036e+00
9.745850790820651532e-01
4.942743976909788617e-01
4.076287957916224780e-02
-3.472983722178271115e-01
-6.370939252971856703e-01
-8.043808372690257613e-01
-8.354653204456023996e-01
-7.282629379391896141e-01
-4.923661742558269605e-01
-1.481282131339982655e-01
2.751456898197390810e-01
7.417346122478022385e-01
1.212543520979652456e+00
1.648389094020725754e+00
2.013253148244753099e+00
2.277234519963218240e+00
2.418959884882553091e+00
2.427262821743988663e+00
2.302003959257738153e+00
2.053977740256354156e+00
1.703927021797503105e+00
1.280759149491059290e+00
8.191204693554570149e-01
3.565355313540782278e-01
-6.965117831222933376e-02
-4.252814099261130742e-01
-6.820962742310849869e-01
-8.199431556193190751e-01
-8.283075512032989085e-01
-7.070578533446258973e-01
-4.663557283856543112e-01
-1.257518135133515180e-01
2.874494186562306375e-01
7.404155950604517367e-01
1.197419151040123531e+00
1.622664159695327957e+00
9.953576942070661460e+00
1.202519384049422513e+01
1.322253803427507357e+01
1.345656865704422600e+01
1.271324933492875786e+01
1.105389641584892857e+01
8.609732089994947657e+00
5.571149002982048515e+00
2.172588490308307030e+00
-1.325747082801459031e+00
-4.657908656203465725e+00
-7.572397418955070236e+00
-9.851014590301453211e+00
-1.132496378667968351e+01
-1.188703797070140311e+01
-1.149903804669223817e+01
-1.019394246734473874e+01
-8.072747554567451189e+00
-5.296296106935569625e+00
-2.072777755554341184e+00
1.358107910639267502e+00
4.743106530783727237e+00
7.834130195673438379e+00
1.040636115533601291e+01
1.227442509153323336e+01
1.330548597618635576e+01
1.342835949937111018e+01
1.263804731717694985e+01
1.099543637921888539e+01
8.622260764248210307e+00
5.691762080984096528e+00
2.415784618819179386e+00
-9.707174956555228995e-01
-4.226617644702631793e+00
-7.121773696514875240e+00
-9.453186937172462834e+00
-1.105903839566770941e+01
-1.182964837928964918e+01
-1.171463881861977008e+01
-1.072585726717789711e+01
-8.935925474348504594e+00
-6.472582542248713544e+00
-3.509281360579095121e+00
-2.527477213107838239e-01
3.071592159146169010e+00
6.235280246085662448e+00
9.022500102579634529e+00
1.124468385105688562e+01
1.275307415625872665e+01
1.344842004057706575e+01
1.328719500929723196e+01
1.228397248388285590e+01
1.050985936970923795e+01
8.087155351462881114e+00
5.180655283975220904e+00
1.986228525847250515e+00
-1.282521385363338373e+00
-4.408600829276518418e+00
-7.186008726084089027e+00
-9.433207939677989984e+00
-1.100481345626469398e+01
-1.180075869114166665e+01
-1.177238014487805984e+01
-1.092507220599566864e+01
-9.317393591669453912e+00
-7.056739361836968705e+00
-4.291912507416191680e+00
-1.203122885262312147e+00
2.009903089040949720e+00
5.140910140459324040e+00
7.990351930105231482e+00
1.037803144886546924e+01
1.215435022027474510e+01
1.320947542602758062e+01
1.347987845577067034e+01
1.295187414039039275e+01
1.166198523790107089e+01
9.694158879546495911e+00
7.174057844658054073e+00
4.260827629733690891e+00
1.136889674386752258e+00
-2.003576763915902781e+00
-4.966732765310990061e+00
-7.571004283057565232e+00
-9.658103835030431128e+00
-1.110248869083639356e+01
-1.181870235126489455e+01
-1.176618499366058934e+01
-1.095129967127220461e+01
-9.426494122981473822e+00
-7.286692340634006726e+00
-4.663175035144641711e+00
-1.715354157781364686e+00
1.379034619731699829e+00
4.434712526233167473e+00
7.269955414672983451e+00
9.717345410734733235e+00
1.163354550295275480e+01
1.290753484179145971e+01
1.346684293181671599e+01
1.328144636276038781e+01
1.236513431933251184e+01
1.077430012970404860e+01
8.604266587314008063e+00
5.983394000932582557e+00
3.065343942391133503e+00
1.997171277134734968e-02
-2.976608573093558974e+00
-5.752204083903923681e+00
-8.148382090582051873e+00
-1.002941031094798952e+01
-1.128980197091130400e+01
-1.186005617340999407e+01
-1.171029305244051777e+01
-1.085160695872757053e+01
-9.335092300080432892e+00
-7.248628119027303640e+00
-4.711631686249974749e+00
-1.868101554954208821e+00
1.121639166937542509e+00
4.090022701746223177e+00
6.871624726608937195e+00
9.312336644999804847e+00
1.127781776349296727e+01
1.266077033219034043e+01
1.338665182625384098e+01
1.341753010725647144e+01
1.275389285225108260e+01
1.143433685689506163e+01
9.533179164207847833e+00
7.156144124478358570e+00
4.434382498157679819e+00
1.517165286538722624e+00
-1.436338235503831884e+00
-4.265745010613561483e+00
-6.818133049226242193e+00
-8.956241054829725101e+00
-1.056575849724474025e+01
-1.156132566301665499e+01
-1.189093644279729567e+01
-1.153852504437247894e+01
-1.052461655522165884e+01
-8.905024982965997538e+00
-6.767685578215319353e+00
-4.227805521116577481e+00
-1.421603459462449814e+00
1.501020401328383214e+00
4.384489406107511478e+00
7.075805070623617965e+00
9.432616541113203468e+00
1.133068383970399218e+01
1.267034908008620775e+01
1.338168461540417553e+01
1.342805835907779155e+01
1.280794046774267869e+01
1.155486777413192989e+01
9.735578028972861730e+00
7.446420262951527924e+00
4.808235651188011772e+00
1.959980757042456778e+00
-9.485719622006416607e-01
-3.764685109809676078e+00
-6.340643600750913933e+00
-8.541429714739621204e+00
-1.025170780916753621e+01
-1.138177145509749266e+01
-1.187216024516904334e+01
-1.169672303714153117e+01
-1.086398616737933942e+01
-9.416785154569955907e+00
-7.430171762532935986e+00
-5.007670450879562196e+00
-2.276055665930993399e+00
6.211020740778128157e-01
3.530809379794091818e+00
6.298580379021905706e+00
8.776528506364313031e+00
1.083120875570657837e+01
1.235080410244298221e+01
1.325127463249946480e+01
1.348113238070163611e+01
1.302456747387110703e+01
1.190272944832151936e+01
1.017305824908107148e+01
7.926658340456674168e+00
5.283811880772242731e+00
2.387827945549480635e+00
-6.024809486278599469e-01
-3.521321458067727228e+00
-6.205002100308909974e+00
-8.501092488465875618e+00
-1.027715550547493883e+01
-1.142855535833247771e+01
-1.188487855304346930e+01
-1.161456597285737757e+01
-1.062744039899799553e+01
-8.974921452710056258e+00
-6.747844115334763693e+00
-4.071931520710004193e+00
-1.101110462674407486e+00
1.308527961760160174e+00
2.602647438795295365e+00
3.792355514243709536e+00
4.804878727014069817e+00
5.577085517791646296e+00
6.059545635266803565e+00
6.219865598989221311e+00
6.045069106466425701e+00
5.542840455819072254e+00
4.741512080582990230e+00
3.688751023200367740e+00
2.448979579063677914e+00
1.099647691409078698e+00
-2.734462146288025863e-01
-1.581518734478249533e+00
-2.738525274806863585e+00
-3.666881564068162902e+00
-4.302803791251587739e+00
-4.600896227477131006e+00
-4.537648588592381849e+00
-4.113563573834587039e+00
-3.353715524703193118e+00
-2.306639821032294257e+00
-1.041563727694988506e+00
3.558941046104671102e-01
1.789314317128589238e+00
3.158013402861408636e+00
4.364097681082075297e+00
5.319548333426819653e+00
5.952825470562441268e+00
6.214489691593166221e+00
6.081387808947209095e+00
5.559034155843024294e+00
4.681936126968955669e+00
3.511755499714598550e+00
2.133356340200405654e+00
6.489546628164519770e-01
-8.292579887768753988e-01
-2.187508037280512241e+00
-3.319236901709557763e+00
-4.133626194895028583e+00
-4.563164343394965350e+00
-4.569611138122339433e+00
-4.147814617646988111e+00
-3.326982712203765402e+00
-2.169201223957356817e+00
-7.652068716436302154e-01
7.723471508568432453e-01
2.317673975596597380e+00
3.742029819746999664e+00
4.924479903061782515e+00
5.762359103871736998e+00
6.180515808780207898e+00
6.138488934315843082e+00
5.634907864020156865e+00
4.708615599701070131e+00
3.436282389715154650e+00
1.926579927069354436e+00
3.112996082531468423e-01
-1.265905766721953762e+00
-2.662227538148870032e+00
-3.748746843183820232e+00
-4.422628771511620371e+00
-4.617296108281027323e+00
-4.309548213892135493e+00
-3.522830943370427903e+00
-2.326193201829690693e+00
-8.288583305500785148e-01
8.292404486367366268e-01
2.490201519819120080e+00
3.993057064606459150e+00
5.189453986089866966e+00
5.958589649345013228e+00
6.219882341215744681e+00
5.942014455804681461e+00
5.147291985574389273e+00
3.910694339524953378e+00
2.353506620849815434e+00
6.319833266345491474e-01
-1.077968377647193998e+00
-2.598634374282452697e+00
-3.769083512624823662e+00
-4.462557099495299440e+00
-4.600754586662982426e+00
-4.163361833186838723e+00
-3.191611453141258714e+00
-1.785263701056589936e+00
-9.309365698606320016e-02
1.702306101871427391e+00
3.403928522332376971e+00
4.821945082703035901e+00
5.795137777934887602e+00
6.209735362881084519e+00
6.013411019802776813e+00
5.222659445122398658e+00
3.922462439876652773e+00
2.258005084934413098e+00
4.191275728557241620e-01
-1.380915287452272322e+00
-2.930072278399273422e+00
-4.042676339807607100e+00
-4.582187296162681278e+00
-4.478667427816024116e+00
-3.738685533684714457e+00
-2.446178487217125053e+00
-7.538540633540240510e-01
1.134124997477742092e+00
2.986318119296887730e+00
4.572252044572903351e+00
5.691315873359474864e+00
6.198669762600234279e+00
6.024769117767142745e+00
5.185793178387651636e+00
3.783337425477971472e+00
1.993059171875747992e+00
4.339484729772569160e-02
-1.813182519294688211e+00
-3.332815291353045772e+00
-4.312617091637260813e+00
-4.618407864676606245e+00
-4.203963532317195551e+00
-3.118920755684028379e+00
-1.503916217260102384e+00
4.267650677708700879e-01
2.413029626344223466e+00
4.183779022297868799e+00
5.494060400337941630e+00
6.159459323603979186e+00
6.082842736349431512e+00
5.269474684132540609e+00
3.828044747447783891e+00
1.957077048213764936e+00
-8.173497936689011478e-02
-1.999791761114405153e+00
-3.522475797735024727e+00
-4.428867520736905483e+00
-4.584487847210937161e+00
-3.962117154265006214e+00
-2.647352115718733856e+00
-8.277230084915285779e-01
1.233398888141110650e+00
3.234574841905839548e+00
4.880384112762540028e+00
5.925366771765657070e+00
6.211229622541503126e+00
5.691579634559943202e+00
4.440206761965982629e+00
2.641351679814663456e+00
5.631107078727271009e-01
-1.482262276305087889e+00
-3.185307369807310884e+00
-4.286482067942186447e+00
-4.616215902588470144e+00
-4.121621153650852243e+00
-2.875549720562291078e+00
-1.066364103193977897e+00
1.030226812794286850e+00
3.093094965433436094e+00
4.805001662961363884e+00
5.901670622510230224e+00
6.212960638386654466e+00
5.689637970980963466e+00
4.411457251311546202e+00
2.575171900302283046e+00
4.642521462534117127e-01
-1.595013150282775127e+00
-3.284182732973188301e+00
-4.342157118103346036e+00
-4.605729607853435326e+00
-4.034830586062575719e+00
-2.718523781508174864e+00
-8.608611053778294497e-01
1.251114527869558346e+00
3.292123231421638430e+00
4.949084075898966262e+00
5.969316563768905404e+00
6.199013715923522128e+00
5.606098474988922220e+00
4.284092686122826343e+00
2.436642271416001648e+00
3.453645298939426733e-01
-1.673767577217511571e+00
-3.318609155389307119e+00
-4.346135636302321359e+00
-4.607997062027862079e+00
-4.071150029006308735e+00
-2.820802274579197189e+00
-1.045678343427818291e+00
9.917029668836645495e-01
2.994871842888479740e+00
4.677150348009955216e+00
5.802718728823768046e+00
6.219082576918480321e+00
5.876533606048982783e+00
4.832300178368880594e+00
3.239425433101943419e+00
1.322624531613796117e+00
-6.548665536403555087e-01
-2.428365159944594787e+00
-3.767383124328998356e+00
-1.004083705028066831e+01
-1.014769844934977527e+01
-8.867425901716188719e+00
-6.388438131946581500e+00
-3.042226953325969596e+00
7.449997844071408748e-01
4.509565831082541720e+00
7.808482076549531747e+00
1.027113267414581799e+01
1.163863392831472687e+01
1.178712932489558796e+01
1.073365049477430766e+01
8.625442869780931332e+00
5.715543905876082853e+00
2.328719217316850276e+00
-1.177480947131222644e+00
-4.451775632674958239e+00
-7.184100044144346775e+00
-9.133190616247922833e+00
-1.014475219678516638e+01
-1.015941047049884105e+01
-9.210819066101151975e+00
-7.415247678876731641e+00
-4.954652926143248592e+00
-2.055600297266148679e+00
1.033524183470585944e+00
4.064757201294465716e+00
6.810375103321645085e+00
9.078897222073084805e+00
1.072643147172864353e+01
1.166304886367543325e+01
1.185434331084471360e+01
1.131870893962129543e+01
1.012113202317589966e+01
8.364445647384240345e+00
6.179040746193623868e+00
3.711983670534397817e+00
1.116379123383613337e+00
-1.458339151042536530e+00
-3.874687238436835379e+00
-6.013660607472644415e+00
-7.779368041543158085e+00
-9.101773949542124598e+00
-9.937674307328244083e+00
-1.027012073787754431e+01
-1.010656473313672166e+01
-9.476022385182645280e+00
-8.425563465531794805e+00
-7.016412384101788469e+00
-5.319917849756717665e+00
-3.413608101042144405e+00
-1.377503981718137149e+00
7.091832565547636635e-01
2.770885742011683472e+00
4.737999549389254383e+00
6.548680426970650004e+00
8.150129916415769671e+00
9.499407494862801116e+00
1.056381862148073303e+01
1.132093727981932396e+01
1.175832555162072701e+01
1.187301279813492094e+01
1.167079402939954313e+01
1.116540183042891954e+01
1.037759952102168093e+01
9.334235682350621843e+00
8.067292303953117028e+00
6.612950992004027917e+00
5.010694232818718952e+00
3.302451832915160423e+00
1.531796492980072255e+00
-2.568129047522720310e-01
-2.018746269420772066e+00
-3.709885220416322404e+00
-5.287286497452123868e+00
-6.709840393604909359e+00
-7.938939812719000955e+00
-8.939175625951088833e+00
-9.679072954685947749e+00
-1.013188066087177575e+01
-1.027642244681925021e+01
-1.009801226582029443e+01
-9.589428889069758100e+00
-8.751934106938543678e+00
-7.596305822104877592e+00
-6.143840951601124090e+00
-4.427263490465000118e+00
-2.491450483714407582e+00
-3.938636390298269063e-01
1.795451816603126804e+00
3.994464472152226442e+00
6.110534248442596628e+00
8.042765283945950472e+00
9.685524668814538884e+00
1.093328855416912404e+01
1.168691407354568312e+01
1.186132747961493905e+01
1.139445556617313748e+01
1.025700121768014128e+01
8.462373485071672974e+00
6.075737739095790957e+00
3.220779244239325934e+00
8.242656158590122573e-02
-3.096258120097473920e+00
-6.025274313808317572e+00
-8.389746409267068827e+00
-9.883262033891934806e+00
-1.025099906680585882e+01
-9.338472778481774483e+00
-7.138659334372452925e+00
-3.827493933545221161e+00
2.237531356051137843e-01
4.469875748704320806e+00
8.253472979811672161e+00
1.090595496284447741e+01
1.187625531658711786e+01
1.086440882464516555e+01
7.928334514181567982e+00
3.529670486965046372e+00
-1.508413927345578776e+00
-6.140751434832601774e+00
-9.320342616305069328e+00
-1.025443652632790581e+01
-8.631005414571809808e+00
-4.745804330723936815e+00
5.218656294808072804e-01
5.897744656132585916e+00
1.002857444509438700e+01
1.184331939250924393e+01
1.085451773966113187e+01
7.305107944617781790e+00
2.109896490516811163e+00
-3.395191190545025606e+00
-7.820968829956203905e+00
-1.009756326941613302e+01
-9.740533015033495445e+00
-6.938131135142465489e+00
-2.448273248898099830e+00
2.646205137863745449e+00
7.237468150808872736e+00
1.045619456800571712e+01
1.183226140935613024e+01
1.132812568827463373e+01
9.261971465143790994e+00
6.165074273389794968e+00
2.625318483800016978e+00
-8.410513750845114433e-01
-3.866718813079550010e+00
-6.257713210329537645e+00
-7.977689201857478096e+00
-9.101031875116845526e+00
-9.758693607340157783e+00
-1.009389259141812722e+01
-1.023316384278629521e+01
-1.027288011009387070e+01
-1.027659424028450452e+01
-1.027634937474458710e+01
-1.027527216804562471e+01
-1.025032516812271055e+01
-1.015506937692560818e+01
-9.922974795859115460e+00
-9.472249247268473837e+00
-8.713335466937481399e+00
-7.560108270009155973e+00
-5.945309670136572855e+00
-3.839817370478282754e+00
-1.273941401683768904e+00
1.642791341162602725e+00
4.708652829375485460e+00
7.630031750623422759e+00
1.004150882346826101e+01
1.155008984823025209e+01
1.180343908722868917e+01
1.057501515812638182e+01
7.850760804208044341e+00
3.894612032711586735e+00
-7.333787439853209911e-01
-5.228884517034103396e+00
-8.674881875644802065e+00
-1.024120302753163081e+01
-9.414134169142698738e+00
-6.195140272034096895e+00
-1.197939314824808310e+00
4.414710312430916161e+00
9.175520464970077228e+00
1.170201691174229097e+01
1.113286774315492345e+01
7.471273449245562581e+00
1.695637805394331288e+00
-4.447578138665498670e+00
-8.951991875494014650e+00
-1.022431023654965720e+01
-7.695213859401567547e+00
-2.123991330156377977e+00
4.566529489266020647e+00
9.923701383677592247e+00
1.187290675615984448e+01
9.562294489906678407e+00
3.787809207395708810e+00
-3.224383466167359380e+00
-6.638828796417426403e+00
-7.870138413146039014e+00
-5.484466574327171884e+00
-4.246028157112382573e-01
5.185936868864236438e+00
8.922797746215925585e+00
9.120592997674457081e+00
5.642841251387748613e+00
-5.981560057762735916e-03
-5.311813342002863259e+00
-7.869040624846906695e+00
-6.486454082408332766e+00
-1.764070481436013749e+00
4.148428950851475783e+00
8.523818504755146463e+00
9.321490064453664459e+00
6.152431784740099552e+00
4.809855714708766161e-01
-5.046139593156269143e+00
-7.837418950410098617e+00
-6.578454729266623779e+00
-1.856750294577407479e+00
4.111339278590931734e+00
8.524442629410740935e+00
9.315595198303437741e+00
6.121446394850665662e+00
4.447590992627478146e-01
-5.060380540396546500e+00
-7.835824933383964463e+00
-6.608071904522438089e+00
-1.964404601040702358e+00
3.940881190732468120e+00
8.397393902425552170e+00
9.385789038392001515e+00
6.484386627609263876e+00
1.031271056102974981e+00
-4.510614887554627472e+00
-7.675887385960969311e+00
-7.089695837823120073e+00
-3.047627655681982795e+00
2.654100995840618538e+00
7.535432180961453952e+00
9.516593483232885120e+00
7.792868284270458190e+00
3.136950492540538704e+00
-2.472391641144754182e+00
-6.708180464662697240e+00
-7.860843418763126422e+00
-5.510866423178021556e+00
-6.516654796746923495e-01
4.756333319189966602e+00
8.591516563142269192e+00
9.400252379169412364e+00
6.927201976353326351e+00
2.162646927549418230e+00
-3.080192669510066317e+00
-6.869517130551601625e+00
-7.862994692067292846e+00
-5.762367555373632655e+00
-1.369919478742106067e+00
3.744191428873245187e+00
7.819104207542771690e+00
9.508558107986093688e+00
8.307857732327118327e+00
4.674829882255263414e+00
-1.698598579550366638e-01
-4.672052738584038245e+00
-7.447609221727281792e+00
-7.696842452736987639e+00
-5.410888992291998711e+00
-1.326749159014133150e+00
3.332510154291860260e+00
7.236732310194388340e+00
9.327352515979756120e+00
9.089861671418606903e+00
6.655851761681229384e+00
2.724492719126558438e+00
-1.657118883681244048e+00
-5.382994685292680437e+00
-7.565909620206722863e+00
-7.735941897772507403e+00
-5.920414397367988357e+00
-2.599658842223073307e+00
1.436738468305181815e+00
5.288724474914792140e+00
8.148680623238448106e+00
9.463696478748238050e+00
9.027671071768597955e+00
6.992916512820396058e+00
3.809235247249464607e+00
1.120398101588621076e-01
-3.412026728400588738e+00
-6.153506403394686686e+00
-7.679695419695942604e+00
-7.791474081998966739e+00
-6.533497375501909232e+00
-4.162744237291621019e+00
-1.086790637061511022e+00
2.213640078854164805e+00
5.263203530765255600e+00
7.659268198270594574e+00
9.119709589848708831e+00
9.507300724400270298e+00
8.831026479888492986e+00
7.227942976749493376e+00
4.931282214243888795e+00
2.231320023347954873e+00
-5.647552975288345767e-01
-3.168823342810565435e+00
-5.340061979048251750e+00
-6.903518575514634215e+00
-7.758676887645169273e+00
-7.878932854600494196e+00
-7.303754112052276426e+00
-6.125748761130274112e+00
-4.474953347018703731e+00
-2.502448730366420904e+00
-3.650214468954353642e-01
1.787898663804901922e+00
3.824295776828138038e+00
5.636348214656761613e+00
7.144031930551350662e+00
8.295918292823698081e+00
9.067703672406395299e+00
9.459081420436019627e+00
9.489564098404560610e+00
9.193806050829101295e+00
8.616884198747587931e+00
7.809886515236889259e+00
6.826047622140752225e+00
5.717569836568780595e+00
4.533182374363437184e+00
3.316424455852089892e+00
2.104590247918979085e+00
9.282435065407039776e-01
-1.888051277991825705e-01
-1.229168128310742292e+00
-2.181302443681969905e+00
-3.038774644444163897e+00
-3.799447425418462032e+00
-4.464649035101649233e+00
-5.038371566278313729e+00
-5.526529791794796864e+00
-5.936299967274712763e+00
-6.275548016480288815e+00
-6.552348785999607905e+00
-6.774592457388235900e+00
-6.949670490157063618e+00
-7.084231344355754523e+00
-7.183995395490589075e+00
-7.253618624300875339e+00
-7.296595591112582824e+00
-7.315193682094538019e+00
-7.310412477768950978e+00
-7.281964215114788530e+00
-7.228273595978269128e+00
-7.146497558575375386e+00
-7.032568006389284143e+00
-6.881262806800139131e+00
-6.686312541335187376e+00
-6.440552393449828550e+00
-6.136130042501795501e+00
-5.764781291098618254e+00
-5.318185132481467292e+00
-4.788408759392538627e+00
-4.168450278562479738e+00
-3.452882256316519793e+00
-2.638592323626553160e+00
-1.725607618257133824e+00
-7.179776736176104457e-01
3.753244665885339670e-01
1.539540244167481919e+00
2.753378614242389943e+00
3.988478716767684951e+00
5.209193588990666868e+00
6.372818493052748501e+00
7.430391628383808289e+00
8.328187308971665814e+00
9.009997966361376953e+00
9.420257679626150349e+00
9.507993336934296380e+00
9.231498797352882590e+00
8.563514172428140725e+00
7.496562128971390848e+00
6.047956368330284604e+00
4.263870134882820295e+00
2.221756241811230215e+00
3.037071065300978034e-02
-2.173301992551095019e+00
-4.230766187851712878e+00
-5.972628774362994442e+00
-7.232935188036552887e+00
-7.866500187529274157e+00
-7.767869947190567004e+00
-6.889905054265913265e+00
-5.259420204846367852e+00
-2.986984113065553004e+00
-2.680107937104596605e-01
2.627214183188515406e+00
5.250271548535740074e+00
