4.089908153718184280e+00
4.803039040879149901e+00
4.225061523731577395e+00
2.677542832754491897e+00
1.021470447608994858e+00
1.782275448898045234e-01
6.169662273598310875e-01
2.093586973627064918e+00
3.786547469581751812e+00
4.753941311103311307e+00
4.457543180619561340e+00
3.062259200189343389e+00
1.344378427776530049e+00
2.596717021978625084e-01
4.116332318524262845e-01
1.715716988164344592e+00
3.446374964244761863e+00
4.640726909438009251e+00
4.634274263358378221e+00
3.430605797973703908e+00
1.699402655361532677e+00
4.038511677321880988e-01
2.647570990580869754e-01
1.359510325688843890e+00
3.079024570569865560e+00
4.466612169375133945e+00
4.750256640491979709e+00
3.772142968977826527e+00
2.076465473417542729e+00
6.066559441797605423e-01
1.804830310106839697e-01
1.035063130638102846e+00
2.694929593161897063e+00
4.236567587810244895e+00
4.802237243766412256e+00
4.077206046609407331e+00
2.464865639281621057e+00
8.622965949077037173e-01
1.611484944686742971e-01
7.515359692355612076e-01
2.304978008062966932e+00
3.957155375872531522e+00
4.788807168666995295e+00
4.337202699921371973e+00
2.853607998994859507e+00
1.163488976791080765e+00
2.072278154572111397e-01
5.168935665211917829e-01
1.920192583466618252e+00
3.636326151854838429e+00
4.710426094824343934e+00
4.544850299305878139e+00
3.231721282747966661e+00
1.501675678219730914e+00
3.173344193875409225e-01
3.376871677500585811e-01
1.551414942399689689e+00
3.283180634089303496e+00
4.569393934690013204e+00
4.694372781957184770e+00
3.588570187213188767e+00
1.867279518323193166e+00
4.882749269189476937e-01
2.188796036652478350e-01
1.208999376455616614e+00
2.907702735758873835e+00
4.369771523545474601e+00
4.781652628180305342e+00
3.914153648097084215e+00
2.249981974724905243e+00
7.151529825709965760e-01
1.637171585679135788e-01
9.025244654131978628e-01
2.520471584142919941e+00
4.117253132486854206e+00
4.804334415177752504e+00
4.199381404630845083e+00
2.639018673638389156e+00
9.915193772054939902e-01
1.736511671045919414e-01
6.405301824237059627e-01
2.132360626073191323e+00
3.818994892685322995e+00
4.761877666417984045e+00
4.436321455579942175e+00
3.023483536187285825e+00
1.309563740286172173e+00
2.483109462901653686e-01
4.302875470872677965e-01
1.754232416388844085e+00
3.483404471983317041e+00
4.655558091761431427e+00
4.618411739230237956e+00
3.392632848946180779e+00
1.660341867295774598e+00
3.855282443512471069e-01
2.776070448562677484e-01
1.396637899922854809e+00
3.119898504623892954e+00
4.488417777117502894e+00
3.314906707441895861e+00
2.944620470631013731e+00
2.317130467283265993e+00
1.781628293094254856e+00
1.636116084852475172e+00
1.961570608624179979e+00
2.576879651217485190e+00
3.139628928735737734e+00
3.336652825340812534e+00
3.058308898086460115e+00
2.459493340934458594e+00
1.873442454326796458e+00
1.626288985833908463e+00
1.855571651627126784e+00
2.433696160286085153e+00
3.038940952660673211e+00
3.334492998471453529e+00
3.155881148125018854e+00
2.602501920500250421e+00
1.982305115366552073e+00
1.640422287257172762e+00
1.767105422821060312e+00
2.291855703292291491e+00
2.922657162036954581e+00
3.308480397341093671e+00
3.234624066250229024e+00
2.742189908948847510e+00
2.105207414229939289e+00
1.678140503625791258e+00
1.698637499041864896e+00
2.155289293367046888e+00
2.793982417076207092e+00
3.259307982804176440e+00
3.292333946999951522e+00
2.874686999936124643e+00
2.238770935993842137e+00
1.738440284673405056e+00
1.652097623519839908e+00
2.027782056285594159e+00
2.656445414780093106e+00
3.188280251274929089e+00
3.327364794157960937e+00
2.996316531244531234e+00
2.379340555363064436e+00
1.819727272728275835e+00
1.628840651071688850e+00
1.912880340378820598e+00
2.513803541669236807e+00
3.097268239704732640e+00
3.338657835345173019e+00
3.103682624998479689e+00
2.523080694859922701e+00
1.919868395889516410e+00
1.629626752905466880e+00
1.813812209344856541e+00
2.369949146324406453e+00
2.988653810403199884e+00
3.325752547431790607e+00
3.193737134943255729e+00
2.666056066282143533e+00
2.036240018183622880e+00
1.654614382103156256e+00
1.733437562693497025e+00
2.228852608316354456e+00
2.865300500829772723e+00
3.288798844829921464e+00
3.263820773343933723e+00
2.804273518251900299e+00
2.165743051625820925e+00
1.703336332780331697e+00
1.674194787235706583e+00
2.094508042261398639e+00
2.730532367270541272e+00
3.228589474019139427e+00
3.311740086412153783e+00
2.933765101470718228e+00
2.304843542172610338e+00
1.774668571737165301e+00
1.638008622111903012e+00
1.970828306711683631e+00
2.588075130996378093e+00
3.146582613971923514e+00
3.335861613656263547e+00
3.050703090658356320e+00
2.449644970611992711e+00
1.866818912264603725e+00
1.626200188887329201e+00
1.861525130411978646e+00
2.441972443848671404e+00
3.044901235107403181e+00
3.335195861986379295e+00
3.151523145564045780e+00
2.595982761864990884e+00
1.977339982482616332e+00
1.639410086382694365e+00
1.769983833301061349e+00
2.296481211559726177e+00
2.926307513331412480e+00
3.309466128180637678e+00
3.233050551645623827e+00
2.805252592405651946e+00
2.006231727014132549e+00
1.471816145277471177e+00
1.498935202584168902e+00
2.072502884998713490e+00
2.873823994921267833e+00
3.457682057310431656e+00
3.499702438545033267e+00
2.976555943514754166e+00
2.178897953392537445e+00
1.549873926432335569e+00
1.438925917049689751e+00
1.907674871699083896e+00
2.695707655459612884e+00
3.365257864686471923e+00
3.544393942597307223e+00
3.133618672975787334e+00
2.361122905545745443e+00
1.656015177936353666e+00
1.409957819385586175e+00
1.759617452094635937e+00
2.510764650823142041e+00
3.246170748130086547e+00
3.557360742943345588e+00
3.271493511846020219e+00
2.547355617501835479e+00
1.787158499056831662e+00
1.413135914093540224e+00
1.633026706455073640e+00
2.324696077060248278e+00
3.103974679209458021e+00
3.538034155696903049e+00
3.385787498534407636e+00
2.731793986548199715e+00
1.939296092358158585e+00
1.448469843163378012e+00
1.531940213395667438e+00
2.143351945236732004e+00
2.943107098385464138e+00
3.486982459773055876e+00
3.472870677442184917e+00
2.908597089079373976e+00
2.107590752156064173e+00
1.514798821968949660e+00
1.459528479487643970e+00
1.972503297139255096e+00
2.768769145016113153e+00
3.405968757978546257e+00
3.530082975395182565e+00
3.072128230316351072e+00
2.286519447165787700e+00
1.609752895415359042e+00
1.417891474542938957e+00
1.817584510817981780e+00
2.586757243679266516e+00
3.297968580168485708e+00
3.555932356067816436e+00
3.217226605451224408e+00
2.470067539973424431e+00
1.729758604195946958e+00
1.407867896138409236e+00
1.683408559935707371e+00
2.403242197175863737e+00
3.167138732987869520e+00
3.550275791395949287e+00
3.339503958425686925e+00
2.651977096459167793e+00
1.870097877070870052e+00
1.428866563058250216e+00
1.573859844879166303e+00
2.224491889915131360e+00
3.018725016898974545e+00
3.514469858785280287e+00
3.435669825923682197e+00
2.826088391248828380e+00
2.025090616195450721e+00
1.478770770964781711e+00
1.491507811054904931e+00
2.056317571330202210e+00
2.858593507836137970e+00
3.451286358689259703e+00
3.504012892923006994e+00
2.987280630891451683e+00
2.189066626005891081e+00
1.554383537813528893e+00
1.437181160467594809e+00
1.902904313859004715e+00
2.691879140250433622e+00
3.364053116267916810e+00
3.544435769978220740e+00
3.132337912559469917e+00
2.357626732690307758e+00
1.652535030456891985e+00
1.410500174255038042e+00
1.766599337352931620e+00
2.522139438208803597e+00
3.255520548986329921e+00
3.557512542130360611e+00
3.259625241541629581e+00
2.528107183280710935e+00
8.795253298888221494e-01
6.796202789173033665e-02
6.032401570954626369e-01
2.186572710198846359e+00
3.934783617097801223e+00
4.873103404732846755e+00
4.478695776931132855e+00
2.971793218925868896e+00
1.192402004992460407e+00
1.317839673114593602e-01
3.802224922839827492e-01
1.798792200352490545e+00
3.597524714482171149e+00
4.775727547421875663e+00
4.678747190527996480e+00
3.361296631514816724e+00
1.555943976438433518e+00
2.653099045844964365e-01
2.052835854737509180e-01
1.408421433334553718e+00
3.206907792134283675e+00
4.603566629620816641e+00
4.824628909390904496e+00
3.747996362445238372e+00
1.970324618417907736e+00
4.763425218421657448e-01
9.364426071618758840e-02
1.034497135197021356e+00
2.777999438887009731e+00
4.357960752636197199e+00
4.897765743270722893e+00
4.096687274058414374e+00
2.398181527412722946e+00
7.457257451941934345e-01
5.979896962051167719e-02
7.249602232367264865e-01
2.372558949872313860e+00
4.082820172425075000e+00
4.897066680583163745e+00
4.355764127182057521e+00
2.760098223566355369e+00
1.006820852552586576e+00
8.534073565331334876e-02
5.184783939167956213e-01
2.063691409535115540e+00
3.846977400437645578e+00
4.856766963548262872e+00
4.518766891428166232e+00
3.024035278008426531e+00
1.221598787189479784e+00
1.355224149943743406e-01
3.819306595434661666e-01
1.819266367436746856e+00
3.631082689985216216e+00
4.792230410523012907e+00
4.650271542442677486e+00
3.290575251570223347e+00
1.480823000121026523e+00
2.327047646230138156e-01
2.344763141951928809e-01
1.474985240834536526e+00
3.263444900207282728e+00
4.621839628784989884e+00
4.822120370123287536e+00
3.770972635611079760e+00
2.041470958220013010e+00
5.505328859259335239e-01
6.915123261234246144e-02
8.293054419407561717e-01
2.425016241634875502e+00
4.041319890787005598e+00
4.876513312782774889e+00
4.535949406657644900e+00
3.206160855694529133e+00
1.539785767637488201e+00
3.261564880227303398e-01
1.176522387796796743e-01
9.880618947302421962e-01
2.523153799816331144e+00
4.029663523717399443e+00
4.853001040354405049e+00
4.656740535748602028e+00
3.547586927710434601e+00
2.006384804822343160e+00
6.704116266680923975e-01
6.839858794207653858e-02
4.181873633794066514e-01
1.560630328047426074e+00
3.042677851666790279e+00
4.304434956001131241e+00
4.891091989841738652e+00
4.610265212034605042e+00
3.583781455353387102e+00
2.185909930723697769e+00
9.002397325418465268e-01
1.513410034044411212e-01
1.693176020272115778e-01
9.279611194632808591e-01
2.168993581985390939e+00
3.496452398848249654e+00
4.532409143700538934e+00
4.936098609559898875e+00
4.618652938458764901e+00
3.689455078944109623e+00
2.426237542856315432e+00
1.188225068044668875e+00
3.134572769593750863e-01
2.920143157926791133e-02
3.978564488963431955e-01
1.309275216822477050e+00
2.517587538237672895e+00
3.709751480106170618e+00
4.586548411610643861e+00
4.935530916694585990e+00
4.679129481359573184e+00
3.888277568039405274e+00
2.760529097568991119e+00
1.569685626955957147e+00
5.997802804456362491e-01
7.889714236286682336e-02
1.274981064533964314e-01
7.320517075159980180e-01
1.749142493457744640e+00
2.939095839468741644e+00
4.021678496564506489e+00
4.741405370106723360e+00
4.927570682002881952e+00
4.534977984697833087e+00
3.655469859057488780e+00
2.496955700935236777e+00
1.334404233251683891e+00
4.444745224066659617e-01
3.944676176054251471e-02
2.163226452055146964e-01
9.333830616580016670e-01
2.019918705645288082e+00
3.216873820194868561e+00
4.238696515922585561e+00
4.841576197505079726e+00
4.881707471427899847e+00
4.349620360944658870e+00
3.372373073402779475e+00
2.183120683616535995e+00
1.065387866494596159e+00
2.854083128716529139e-01
2.870784235641909987e-02
3.560439992592079328e-01
1.189146960467213798e+00
2.329569527667823881e+00
3.506063472639409095e+00
4.439137766524527962e+00
4.907420570947385485e+00
4.800080703940958315e+00
4.142928947886005631e+00
3.092095852421125279e+00
1.896871162532104416e+00
8.405702279955307166e-01
1.734324559948747790e-01
5.340947080333524610e-02
5.088291552824699693e-01
1.431743986678567948e+00
2.603520778567570026e+00
3.746612590426609213e+00
4.590267689225671965e+00
4.934634674766863682e+00
4.698096910116130509e+00
3.936628223627231193e+00
2.830574169976179277e+00
1.641969310652885206e+00
6.524798671813003548e-01
9.665987978780909984e-02
1.063345950847658372e-01
6.793042815606262774e-01
1.679809340897579828e+00
2.870672085213119562e+00
3.969515041436180613e+00
4.715728308727983986e+00
4.932295944947005850e+00
4.567807506095745040e+00
3.708678251395476355e+00
2.558669699659093411e+00
1.390563239704638354e+00
4.814503863714634235e-01
4.699385336205530450e-02
1.902596159660716602e-01
8.772628479846635852e-01
1.945030825727481538e+00
3.140268850261198175e+00
4.179453050307503581e+00
4.816090383525406970e+00
4.899187439595509730e+00
4.409058136133727324e+00
3.461979430037138705e+00
2.282596332334904332e+00
1.150628200617740404e+00
3.345223035251692068e-01
2.779298691310216896e-02
3.031431832338196131e-01
1.095243306524941174e+00
2.357283153707494083e+00
