1.729320185173006674e+00
2.253099780537468177e+00
2.701519998159246150e+00
3.022179882046335919e+00
3.167927986444428079e+00
3.104609170506054561e+00
2.818998167960487855e+00
2.325540355874684550e+00
1.670245050133110531e+00
9.300642710013561354e-01
2.064611111814292910e-01
-3.872996084210120760e-01
-7.443391373509924414e-01
-7.854806745849098881e-01
-4.798137737763970012e-01
1.404423085226078616e-01
9.758469154972161386e-01
1.870253707075114624e+00
2.637028910759101841e+00
3.098094186009278772e+00
3.128499601033612354e+00
2.695620899983592444e+00
1.880724215094669471e+00
8.727659947540340468e-01
-6.967588472846286685e-02
-6.833422634829959819e-01
-7.771822157863645941e-01
-2.988439997485430322e-01
6.330481746920076924e-01
1.747905180512258294e+00
2.695888620878437170e+00
3.157739798899374506e+00
2.958147579502377944e+00
2.141449198083522631e+00
9.755489061436058984e-01
-1.277746415403311353e-01
-7.565291732694201521e-01
-6.573465083964871170e-01
1.529752075891133156e-01
1.374851174866023484e+00
2.528729489848837275e+00
3.141915659765318836e+00
2.947337918858488059e+00
2.008871882503875828e+00
7.115465526381836714e-01
-3.903334487693641552e-01
-8.100925104500280582e-01
-3.493412466693646135e-01
8.000052587164165896e-01
2.127550159544271846e+00
3.027567499051736277e+00
3.077461774489922419e+00
2.242463159259294514e+00
9.046616523773742813e-01
-3.065471687610754614e-01
-8.098960850659453481e-01
-3.550147010189581565e-01
8.469551550880414226e-01
2.215642245479666705e+00
3.079331044055097610e+00
3.006355176774905491e+00
2.025442242155687911e+00
6.202590475178382246e-01
-5.059766867534036816e-01
-7.826691458986905214e-01
-6.406649024625954425e-02
1.289838512092302825e+00
2.590444188754307930e+00
3.170108966183462051e+00
2.726800658951217926e+00
1.484736107647387282e+00
8.391056011767572542e-02
-7.485667492280725366e-01
-5.769204803909355750e-01
5.127755659972930147e-01
1.953273830388110976e+00
2.990214328179020775e+00
3.077608489959533067e+00
2.166980808624311639e+00
7.360648403363824199e-01
-4.606995234023978369e-01
-7.900309822203381849e-01
-7.598834732775072709e-02
1.304688932351528496e+00
2.620451665422296905e+00
3.172486199151977271e+00
2.666509557867600577e+00
1.370533822122563361e+00
-2.648110015596460975e-02
-7.808087155535061719e-01
-4.902618590864800119e-01
6.908711558004109188e-01
2.133443505636467563e+00
3.068576567197456306e+00
2.997681466182243071e+00
1.958498886527679783e+00
5.050341741399154705e-01
-5.879414390763113563e-01
-7.380504385001502854e-01
1.343780625098613957e-01
1.564249602844915321e+00
2.789978717149667276e+00
3.159330143826249326e+00
2.476371322299244504e+00
1.104979637861288611e+00
-2.255544256247741242e-01
-8.086566966674897383e-01
-3.355435908764352604e-01
9.418363538557606995e-01
2.345684483604745907e+00
3.132449578596329332e+00
2.886542849552287127e+00
1.739205291210228266e+00
2.975916794176339808e-01
-6.771477216456753823e-01
-6.717388797422747526e-01
3.096097464937276333e-01
1.749147892394974146e+00
2.889549863605283431e+00
3.132488492146525694e+00
2.351936572709020012e+00
9.584470195298440132e-01
-3.177755024866268929e-01
-8.098601205234958744e-01
-2.622308464849543164e-01
1.037772722489011201e+00
2.411806950787576120e+00
3.145056574045387077e+00
2.857777012635684954e+00
1.700882232409313133e+00
2.754029393832780892e-01
-6.805636726952595250e-01
-6.739312044910286126e-01
2.900155075956709627e-01
1.712658265786146217e+00
2.860988283063342408e+00
3.145447430594462190e+00
2.421810217133307574e+00
1.062937198941131367e+00
-2.345617868764671154e-01
-8.078850372269512636e-01
-3.660536918478531909e-01
8.637105276253110864e-01
2.254200810080204676e+00
3.098853284815334952e+00
2.970505047671364807e+00
1.936261092967903608e+00
5.209872508087589615e-01
-5.600633917018298380e-01
-7.627787457720183184e-01
1.289212260771077645e-02
1.375040194781540048e+00
2.639050370044775384e+00
3.172088732812146539e+00
2.709284222402013498e+00
1.483961936767453249e+00
1.086062819948654390e-01
-7.320349729257367155e-01
-6.215648959690478481e-01
3.830073835853901043e-01
1.782141562343556807e+00
2.883221702854209312e+00
3.143509328879733111e+00
2.436741587388871366e+00
1.112885274316490092e+00
-1.764504753419176009e-01
-7.992228522864843754e-01
6.016631611759712950e-01
1.007891878205768421e+00
1.498384074749623096e+00
1.834079733789716560e+00
1.852158125277002299e+00
1.544618964156776020e+00
1.061256185960679499e+00
6.362823884424554377e-01
4.747432630124603925e-01
6.538518953917831222e-01
1.086587175979309761e+00
1.564464762088888738e+00
1.858229821645213775e+00
1.827723427098631337e+00
1.488329774285783946e+00
1.002711200532998559e+00
6.024702304572708833e-01
4.776423048548975592e-01
6.867675839933625737e-01
1.129950054995322306e+00
1.597047215878229620e+00
1.867527276684668447e+00
1.814445127348824016e+00
1.463586593880599196e+00
9.804364863299559474e-01
5.917695174032643335e-01
4.791787758309026257e-01
6.945412931143759572e-01
1.136623442926467886e+00
1.599125789973820710e+00
1.867158173268564703e+00
1.816937496065683000e+00
1.472525335244595723e+00
9.938034956019166088e-01
6.019001929111164051e-01
4.770095111395592502e-01
6.758342458794125429e-01
1.106335982204602608e+00
1.570797427296327653e+00
1.856846712908689412e+00
1.834442325304080912e+00
1.514587385964876409e+00
1.043453698156576959e+00
6.352142604153054872e-01
4.746109027602567476e-01
6.336096469489929106e-01
1.039622950583146022e+00
1.509109177337116581e+00
1.830796861408068299e+00
1.860687283385962676e+00
1.586151531384697444e+00
1.130758701765116170e+00
6.982637712638595229e-01
4.813153746873675143e-01
5.758393244649950837e-01
9.390555023860688300e-01
1.409303722619368537e+00
1.778297509775076168e+00
1.883382643111079613e+00
1.678938582137430746e+00
1.255715389361074852e+00
8.001291043308722539e-01
5.119522314082592951e-01
5.168252515699828242e-01
8.118508752661333094e-01
1.267662045698248141e+00
1.685505293457562725e+00
1.884000795629122926e+00
1.777669600325062049e+00
1.413324856066705992e+00
9.490229003928120077e-01
5.852176584563540951e-01
4.782219729111372164e-01
6.733296859318759209e-01
1.086084874880057782e+00
1.539241938638224783e+00
1.839075843896460061e+00
1.858108391716435381e+00
1.588967720233109615e+00
1.146775721737130382e+00
7.195550443550424724e-01
4.881637488398998803e-01
5.498967040969321429e-01
8.779513406027283917e-01
1.333479576806907207e+00
1.724648063917422203e+00
1.887466181488248740e+00
1.754312291902836884e+00
1.381622605733243025e+00
9.255785341942407429e-01
5.764227442692518855e-01
4.791208697901064850e-01
6.734411226547908358e-01
1.078102562522759378e+00
1.525132381032024087e+00
1.829766453791203507e+00
1.866736803965746372e+00
1.621485424844288925e+00
1.195494907700879406e+00
7.639761089314855980e-01
5.036809971348161774e-01
5.206267855972012137e-01
8.072297111681696613e-01
1.246046115996707115e+00
1.658177133582418028e+00
1.876278239136124792e+00
1.812353395185897220e+00
1.492938693676439499e+00
1.047743987708894542e+00
6.567416898657065794e-01
4.773771682606069433e-01
5.813479311749699674e-01
9.262589623066265210e-01
1.373226381795736639e+00
1.742999423367209033e+00
1.887848448534866552e+00
1.750395068502471840e+00
1.386039738699343271e+00
9.403479755874346591e-01
5.907342087885293358e-01
4.758632832738950436e-01
6.408451669006041129e-01
1.019799722694504807e+00
1.462412171973265895e+00
1.793681280632438702e+00
1.883069050136318756e+00
1.695754346857306194e+00
1.305948135051343550e+00
8.672843930660492084e-01
5.521776516633433163e-01
4.841112017428718106e-01
6.894160434012185368e-01
1.087295577995848417e+00
1.521785378727087856e+00
1.822947168226886738e+00
1.873274572053201137e+00
1.653399023122848810e+00
1.249382880882326852e+00
8.189188936800093632e-01
5.297481679966753454e-01
4.943478034180160963e-01
7.262884912090108447e-01
1.135148576915098628e+00
1.561843648577623256e+00
1.840542999134664459e+00
1.863076185871523238e+00
1.620838842089001641e+00
1.207997602115896685e+00
7.848327598685377327e-01
5.155037036478266055e-01
5.043982264819855121e-01
7.557270349042712887e-01
1.171979364284970959e+00
1.591785164585298062e+00
1.852474862349268392e+00
1.853088675480780489e+00
1.593442788292485535e+00
1.174151117841323977e+00
7.576237051894951779e-01
5.051620517454364911e-01
5.145098012279700761e-01
7.820269879142132119e-01
1.204117710986542189e+00
1.617348051777168561e+00
1.861720905528957637e+00
1.842616499161545018e+00
1.537281464368494888e+00
1.145702196958124919e+00
7.678768036275019915e-01
5.501192701361197201e-01
5.767766826740484687e-01
8.375507139974200932e-01
1.231461739303838732e+00
1.605935816344854938e+00
1.815892418884683224e+00
1.779955305651158115e+00
1.512008261986518054e+00
1.115853820071590397e+00
7.450205302841272914e-01
5.432723757690168798e-01
5.888672268541585986e-01
8.641786429020794635e-01
1.262481364470696477e+00
1.629300004888944775e+00
1.822311377761693940e+00
1.766576049455749420e+00
1.483661874560707084e+00
1.083331011834092195e+00
7.209811823610090542e-01
5.373319833362838471e-01
6.037617398093585441e-01
8.945340412701182631e-01
1.296732625883675327e+00
1.654083926850300479e+00
1.827670688835843160e+00
1.749951805139257743e+00
1.451075713731413863e+00
1.047222774851067850e+00
6.954693894777688179e-01
5.326985456458086521e-01
6.223134649908460547e-01
9.295052900463591783e-01
1.334736213197295296e+00
1.680230317165734011e+00
1.831400669006125526e+00
1.729298111150990191e+00
1.413634078433172681e+00
1.007371728553041912e+00
6.688499658949939031e-01
5.300722070114263218e-01
6.452114900317627022e-01
9.694290937042565615e-01
1.376302282712338787e+00
1.707100724923653168e+00
1.832712196068556842e+00
1.704057075145319011e+00
1.371297108800821896e+00
9.643075254526187745e-01
6.420030449342818413e-01
5.302839629563476098e-01
6.728359631032631016e-01
1.014019515401642701e+00
1.420562236297365333e+00
1.733606269795282984e+00
1.830787741133025115e+00
1.674084874338049644e+00
1.324716136468995664e+00
9.192414081320650077e-01
6.161896192674990447e-01
5.340719062500410841e-01
7.050225881541407613e-01
1.062210112499870851e+00
1.465956312346851309e+00
1.758357656412374403e+00
1.825046488723907068e+00
1.639931244068833172e+00
1.275409600224923334e+00
8.740550404019038488e-01
5.928504806211967182e-01
5.417838977603335326e-01
7.408269277444399226e-01
1.112125209436090056e+00
1.510453607336623039e+00
1.780020766142381472e+00
1.815401945531646799e+00
1.602767313968699314e+00
1.225283429995905449e+00
8.305803637325417377e-01
5.730128366240911930e-01
5.532985436463387918e-01
7.791380971529175969e-01
1.162212018316906237e+00
1.552723446347335834e+00
1.797975322840715151e+00
1.802075910294934635e+00
1.563428385714602520e+00
1.175349131708468109e+00
7.895766860434370038e-01
5.569417739693616198e-01
5.683964229935105639e-01
8.194574580991508261e-01
1.211963640716886559e+00
1.592456823954919942e+00
1.812179602241101861e+00
1.785232280595542953e+00
1.522153207967963606e+00
1.125795859896042694e+00
7.511162906652020244e-01
5.445930587070879625e-01
5.869632255960766098e-01
8.616606269009468022e-01
1.261294009718622489e+00
1.629631433744012092e+00
1.822677144792096859e+00
1.764963891467350887e+00
1.479054635098635995e+00
1.076721122920108797e+00
7.152483751725339234e-01
5.359471510418767348e-01
6.089115688196771181e-01
9.056174844008463287e-01
1.310073518641341472e+00
1.664165452481934038e+00
1.829467689581009582e+00
1.741358051851656263e+00
1.434280881759388615e+00
1.028282178309908312e+00
6.820802515808186417e-01
5.310176894549186732e-01
6.341510384422776037e-01
9.511627515920690890e-01
1.358121789570440274e+00
1.695932127067821149e+00
1.832529378982510337e+00
1.714510662281446329e+00
1.388013200441793549e+00
9.806786336443263918e-01
6.517531054685486991e-01
5.298306045281668819e-01
6.625784713428470862e-01
9.981002956740999688e-01
1.405223324814236063e+00
1.724779997548649302e+00
1.831835552053560523e+00
1.684533467931259132e+00
1.340461545049742575e+00
9.341390085385059550e-01
6.244252075275963376e-01
5.324105816432874727e-01
6.940725638680932397e-01
1.046207344905083936e+00
1.451139050300748412e+00
1.750546880701956187e+00
1.827365702217869092e+00
1.651558052295711176e+00
1.291860570291340160e+00
8.889108030208512368e-01
6.002602139131946180e-01
5.387721399140860123e-01
7.284909178181825373e-01
1.095238221792018241e+00
1.495614883121993977e+00
1.773069717104176268e+00
1.819112799718097140e+00
1.615738030693319338e+00
1.242466193449677903e+00
8.452530790273680150e-01
5.794188135591450406e-01
5.489135524950907730e-01
7.656683874605605400e-01
1.144927474725075278e+00
1.538388186753355535e+00
3.002528017032787488e+00
