1.416410056534109341e+00
1.623858181943770962e+00
1.809007270870324424e+00
1.959679631922716769e+00
2.065984072919705650e+00
2.121993973342005901e+00
2.127027213246655002e+00
2.085949960563393102e+00
2.008023060200159637e+00
1.905020528816838699e+00
1.789311940228671016e+00
1.672308061684757430e+00
1.563484066331163103e+00
1.470005977609198489e+00
1.396845310590876688e+00
1.347194364826914015e+00
1.322982301362470192e+00
1.325317828576869861e+00
1.354725695127706686e+00
1.411087859688014534e+00
1.493244863308876180e+00
1.598267477540633141e+00
1.720486607060315976e+00
1.850479775935302440e+00
1.974348382503679389e+00
2.073746421134444518e+00
2.127169898236949130e+00
2.112894419537774127e+00
2.013576265875526072e+00
1.821903187651276568e+00
1.545928320916482468e+00
1.212142151485271935e+00
8.643269230940495707e-01
5.570991613412139554e-01
3.447497853283301161e-01
2.680197750777132404e-01
3.428957210227554508e-01
5.554864741144723839e-01
8.652315175128917346e-01
1.215686037750100423e+00
1.549254845552277882e+00
1.820885780266171761e+00
2.006513784677142365e+00
2.104478397046860572e+00
2.130925281924713310e+00
2.112031056152412045e+00
2.076123581916291094e+00
2.047631941100426012e+00
2.043033991185616571e+00
2.067343144653810416e+00
2.108820453194205857e+00
2.130475694458730196e+00
2.062344131252096702e+00
1.814822343347550770e+00
1.341196771855537762e+00
7.398493619867597682e-01
3.074984033375567360e-01
4.094342167650937281e-01
1.125321247649460066e+00
1.946276709168387242e+00
2.041663160022268997e+00
1.181015178430094181e+00
3.210438501304412329e-01
6.435311459765605813e-01
1.788732909287591433e+00
2.021807947783435200e+00
8.893273999211165348e-01
2.931775105955278793e-01
1.353443338806101348e+00
2.122397423042832187e+00
1.071122743695059887e+00
2.816515885647709050e-01
1.413614389745952105e+00
2.084369997745785241e+00
8.149920061376203506e-01
4.070695083727446928e-01
1.798910355958598828e+00
1.806972767284730441e+00
3.985580472964941334e-01
8.803812414237177641e-01
2.119931395302600663e+00
1.153147575510144351e+00
2.992105570901818501e-01
1.624513070251173641e+00
1.917171625793265610e+00
4.640719862951063757e-01
8.012506705892106229e-01
2.107686471048872079e+00
1.207349565766449029e+00
2.872149660505362023e-01
1.571186281280366082e+00
1.961990375736820225e+00
5.272443602067019564e-01
6.906609325032929680e-01
2.057425753706904281e+00
1.413289099002104532e+00
2.705440330043419328e-01
1.267412974265066827e+00
2.110909168373379607e+00
8.978034931587666190e-01
-5.431355991158208774e-01
2.178035889018651083e+00
2.773192023759923241e+00
-8.721182123914372752e-03
-2.373528432118727771e-01
2.527221825400264521e+00
2.570756068467637157e+00
-1.504805220795937259e-01
-1.966288630784409630e-01
2.473426718218472153e+00
2.709250255219381565e+00
1.187168537571274829e-01
-4.856167588442594774e-01
1.937065782619709964e+00
3.058238426151716816e+00
9.839897128800996207e-01
-7.220168473603414405e-01
7.250693584022166460e-01
2.923946897796135147e+00
2.427793814834043662e+00
7.172634145802669892e-02
-6.070181845881188476e-01
1.310391905664415546e+00
3.060402579986155835e+00
2.279096231997017163e+00
8.627715646255462723e-02
-6.716299010114572532e-01
8.836122942025572691e-01
2.801090662215105276e+00
2.852015418169324690e+00
1.060593151031009373e+00
-5.615922970184383800e-01
-3.371070901001160802e-01
1.421779731265703450e+00
2.944054287113808677e+00
2.828741907795565780e+00
1.262804378822595552e+00
-3.347150257376263482e-01
-6.470677735768985972e-01
5.014670105898569874e-01
2.159020625353906375e+00
3.094393166415182250e+00
2.700938650941896668e+00
1.319618037593867310e+00
-1.126632070071413860e-01
-7.245516447717723629e-01
-2.138083368756908964e-01
1.065524017250068400e+00
2.389737558081449276e+00
3.091045244963884109e+00
2.875271741279107118e+00
1.902180506402388449e+00
6.453249741121357408e-01
-3.562705244403028271e-01
-7.252744302861642289e-01
-3.659190420094053930e-01
5.442809165880068134e-01
1.658152359219366545e+00
2.599786829371785402e+00
3.087670451436663299e+00
3.005523056415131844e+00
2.411706729417331552e+00
1.498515571273420610e+00
5.234624633234521429e-01
-2.641497743809848586e-01
-6.826339357822093223e-01
-6.522053794706443863e-01
-2.012068466690326574e-01
5.519940678161590064e-01
1.433460010751471003e+00
2.254873073413764750e+00
2.852401251531428983e+00
3.116276571562707431e+00
3.006996077322142913e+00
2.557053837071464386e+00
1.859723349677946391e+00
1.048316139608616027e+00
2.704027928015111382e-01
-3.382959886020071583e-01
-6.761428077002202830e-01
-6.907767625235894382e-01
-3.854637778674478987e-01
1.837353150177167826e-01
9.189535079205661816e-01
1.697533507086931737e+00
2.392211760664643805e+00
2.891317766317986315e+00
3.115984081118975624e+00
3.031908787147798545e+00
2.654069235372087832e+00
2.043833787465553442e+00
1.299017841554350738e+00
5.384384207179655490e-01
-1.166934407909023808e-01
-5.617458457804247463e-01
-7.251426500681990017e-01
-5.798234073824293233e-01
-1.478777513038456171e-01
5.024633197469053902e-01
1.267157007456019002e+00
1.682298414298291078e+00
2.047454884671760400e+00
2.273966874951023343e+00
2.323149376913325792e+00
2.185160116371327010e+00
1.881285887867562234e+00
1.461118118515089437e+00
9.948834131313142315e-01
5.620161402866323819e-01
2.377511900074926743e-01
7.994996114285490840e-02
1.184573356209199790e-01
3.489791233609459420e-01
7.327898607553491317e-01
1.202619289369008859e+00
1.673971038892604124e+00
2.060086744692620986e+00
2.287979686199865803e+00
2.312593781701949514e+00
2.126303897031913248e+00
1.761679129359484453e+00
1.286594932090750376e+00
7.922161315963196504e-01
3.758206248211015676e-01
1.216025436644005975e-01
8.321986096966305091e-02
2.717550499492942251e-01
6.518910258659200707e-01
1.147578931448250739e+00
1.656553289126539763e+00
2.071111322960672574e+00
2.301038372009247990e+00
2.293806600774237925e+00
2.047440396034157395e+00
1.612763129760464542e+00
1.083912035511419125e+00
5.786079897315148379e-01
2.121284006258604693e-01
7.066253618841011885e-02
1.902526151625083539e-01
5.466078903136093459e-01
1.058818281473272505e+00
1.606825399641422125e+00
2.059137327959421171e+00
2.304523647007014286e+00
2.280044141724431483e+00
1.988213684650377733e+00
1.498421835009273284e+00
9.314598097117698927e-01
4.302971054503984538e-01
1.240086257819017490e-01
9.394151257990679404e-02
3.511246179690022950e-01
8.314180269050717165e-01
1.410482156626394090e+00
1.935391914692975668e+00
2.265024813016909722e+00
2.308556927473408571e+00
2.051414471531326722e+00
1.561025735765245281e+00
9.700305564803155534e-01
4.408518799711365066e-01
1.209739871461750216e-01
1.012872364918311341e-01
3.894453941062543390e-01
9.062873714883590281e-01
1.506978234851279019e+00
2.021399675764452120e+00
2.302548905844033378e+00
2.269058438203557238e+00
1.929325860520389124e+00
1.379886446814991174e+00
7.781709345149649959e-01
2.973375019502435546e-01
7.621668056992270124e-02
1.789577606974670498e-01
5.762146674673637170e-01
1.153448768592195028e+00
1.743998596509636290e+00
2.177315126828057501e+00
2.328327222156074683e+00
2.153586242639476289e+00
1.703720502577156459e+00
1.108651469618197272e+00
5.399429337700970555e-01
1.612563698041791227e-01
8.126247193717173189e-02
3.225613513882622518e-01
8.154641950568262132e-01
1.418282960417609040e+00
1.958160588619970222e+00
2.280639043113810160e+00
2.293753469271044398e+00
1.994105004533912595e+00
1.467582578910831881e+00
8.646562777460251592e-01
3.573784718082004819e-01
9.036933058529172946e-02
1.396957914791112643e-01
4.912574011181324307e-01
9.516947185038284740e-01
1.909220456114609998e+00
2.664344169709883747e+00
3.001591794285320081e+00
2.824653744075030559e+00
2.183931681679099679e+00
1.262213528783173278e+00
3.225452314743176840e-01
-3.668376733121219146e-01
-6.090935971345272648e-01
-3.350023837885220956e-01
3.772321971519179140e-01
1.324276985976136078e+00
2.235709603382148192e+00
2.851237939551372058e+00
2.995046464393674501e+00
2.626029645828758863e+00
1.849555062676711881e+00
8.873861758059011784e-01
1.434856103724979626e-02
-5.201722928768330867e-01
-5.634757031776804759e-01
-1.031767645373768971e-01
7.292456911706366451e-01
1.696002013048518275e+00
2.520919679694307192e+00
2.968340468678815292e+00
2.910445612749588129e+00
2.363773178847245582e+00
1.484493931441264181e+00
5.237953512094544184e-01
-2.438788765850656848e-01
-5.992315111408721418e-01
-4.407573601481369341e-01
1.862642921072108493e-01
1.102710859709719937e+00
2.046791178407548095e+00
2.748831624003277962e+00
3.008307997552875257e+00
2.751118569290520455e+00
2.050740709294129438e+00
1.107232286421300227e+00
1.900809767514490822e-01
-4.387702951421399433e-01
-5.997341919683449873e-01
-2.468602412422109538e-01
5.190554538198496326e-01
1.479270000383923644e+00
2.359571757993055297e+00
2.908589563025588909e+00
2.969568927895426924e+00
2.525121091375178040e+00
1.702172338763437320e+00
7.357075997654277666e-01
-9.833249189250148348e-02
-5.618373305503068238e-01
-5.224999923032358495e-01
8.424373861400935581e-03
8.793486275779872630e-01
1.841642351762579288e+00
2.620614825739441045e+00
2.993925658825113967e+00
2.855041023541108114e+00
2.243626755927547123e+00
1.334210138380905741e+00
3.863541055951035252e-01
-3.294292893297476876e-01
-6.088790330200772871e-01
-3.722679294205482048e-01
3.128600628252200533e-01
1.250979710001272283e+00
2.174390138877854817e+00
2.819606984489445800e+00
3.002541321240087768e+00
2.671016067306525077e+00
1.919640257692213137e+00
9.628033230713073376e-01
7.349992358981083385e-02
-4.945577401550862451e-01
-5.793185447940547572e-01
-1.566154022093897424e-01
6.529499261490644413e-01
1.618419716288153065e+00
2.464370589762219232e+00
2.949483385806572766e+00
2.935379782086037004e+00
2.426091076717352912e+00
1.566902838709447465e+00
6.029073270821907471e-01
-1.909117513116371789e-01
-5.881183260733748863e-01
-4.754127677257391493e-01
1.150522286088713209e-01
1.014845405988665350e+00
1.967302650293579092e+00
2.700739489811474048e+00
3.005947136321410085e+00
2.795867315189665359e+00
2.130424553731969262e+00
1.199432968761290796e+00
5.227328248176043024e-01
3.905867604748225475e-02
-1.136110317271472603e-01
1.082733187478763792e-01
6.414211668102210995e-01
1.333754224885193906e+00
1.987785577310156260e+00
2.416952146433500648e+00
2.498832063817762350e+00
2.210066651486949141e+00
1.633025054495293560e+00
9.323097227732419778e-01
3.078038773670584982e-01
-6.234616691252625742e-02
-7.254934602046603231e-02
2.801077674279111029e-01
8.950279285678588437e-01
1.596798068329670306e+00
2.185227289103955250e+00
2.492454460450336917e+00
2.430834580528470568e+00
2.017942994337076801e+00
1.371563696982613267e+00
6.760904749019309712e-01
1.299249615602360297e-01
-1.111227646686760995e-01
2.171555118564461040e-02
4.905464535976358231e-01
1.161623246434450252e+00
1.843500191488158357e+00
2.341648286821610192e+00
2.513951795944127099e+00
2.311252929057149963e+00
1.791377262325818398e+00
1.102638008064050990e+00
4.415246693684771184e-01
-3.353230120695993577e-03
-1.050750483313500627e-01
1.653808633462627853e-01
7.308566520505939135e-01
1.430026812091234723e+00
2.063422858406689819e+00
2.450340416044204161e+00
2.480393432434210510e+00
2.145007206776791353e+00
1.539865202236853969e+00
8.376113609237112456e-01
2.385956920807856818e-01
-8.628482126846237499e-02
-4.434267162024752018e-02
3.524565175352905033e-01
9.909075335495357573e-01
1.688862528331593893e+00
2.247197198060612688e+00
2.506620378437469210e+00
2.393119399154002735e+00
1.939075722084981246e+00
1.274026607283877732e+00
5.877084845870191865e-01
7.592568362667129200e-02
-1.153119452805049239e-01
6.855487271420757089e-02
5.750693679565596073e-01
1.259724613598278253e+00
1.927190976769459718e+00
2.387043010115513120e+00
2.508087057936766229e+00
2.255790122631061045e+00
1.702131747531451023e+00
1.005068321376235918e+00
3.634686677015065426e-01
-3.962231746867894699e-02
-8.920533340922598420e-02
2.288648900047690615e-01
8.238443533716555134e-01
1.525988827816531224e+00
2.134981036759389106e+00
2.477079903632185776e+00
2.454687534867869836e+00
2.074192883691083011e+00
1.444148638277432450e+00
7.443016322033747523e-01
1.743123220303119947e-01
-1.032066533922006979e-01
-9.082212063725281226e-03
4.298321918563563493e-01
1.088318036720218984e+00
1.778515709549699952e+00
2.303519126008313656e+00
2.513550911101238849e+00
2.348691976719701202e+00
1.855975338443814904e+00
1.175967690507219610e+00
5.026670639309169797e-01
2.815744194852110027e-02
-1.121902499443618861e-01
1.216626308019370661e-01
6.630004130221528458e-01
1.357386620919813769e+00
2.227153844830898066e+00
