5.782163833018362453e+00
7.942214954792840231e+00
7.871656004924668437e+00
5.598157965608079323e+00
2.010447194901655799e+00
-1.489142731907757700e+00
-3.532816627865595027e+00
-3.321895757372833824e+00
-9.389048507082704553e-01
2.684765203565577352e+00
6.132928629596536396e+00
8.058083550812908058e+00
7.707981188472402323e+00
5.219523080011124527e+00
1.565179543675081053e+00
-1.827080545527075994e+00
-3.631791797377875053e+00
-3.143873978648846101e+00
-5.540562216447271204e-01
3.125727992244335951e+00
6.457774003381343775e+00
8.140330286033918838e+00
7.516139998713432746e+00
4.829141833932711236e+00
1.129089032102268186e+00
-2.138600472771238881e+00
-3.697499772534008411e+00
-2.938748192318526353e+00
-1.588106193253433496e-01
3.556406566315491347e+00
6.755767057685241994e+00
8.189712102432929797e+00
7.298269736699188215e+00
4.429685873730520029e+00
7.043340097736190408e-01
-2.422895879712513523e+00
-3.730789168951801127e+00
-2.708676926042020039e+00
2.442173233340756422e-01
3.974754701527116296e+00
7.026223704254205060e+00
8.207162121584481440e+00
7.056542321966773557e+00
4.023707368164987308e+00
2.928476422896419962e-01
-2.679401256486671823e+00
-3.732670269201238344e+00
-2.455837614101610722e+00
6.525432426833648325e-01
4.378952996422061261e+00
7.268692773746490587e+00
8.193760221070213845e+00
6.793132733575113491e+00
3.613617607718559999e+00
-1.036649181796511776e-01
-2.907775239224253294e+00
-3.704284707157442735e+00
-2.182394660417600551e+00
1.063834156027690048e+00
4.767410817540631562e+00
7.482937841353686892e+00
8.150701618255613567e+00
6.510186465349882212e+00
3.201666023663996441e+00
-4.837276116321427288e-01
-3.107881101015256942e+00
-3.646872703883908162e+00
-1.890466024215331498e+00
1.475929481942036103e+00
5.138766514901746518e+00
7.668916207591131240e+00
8.079262464456011372e+00
6.209784942363690163e+00
2.789918945003551976e+00
-8.460928071769391323e-01
-3.279764001943861640e+00
-3.561736670867652332e+00
-1.582087123594723366e+00
1.886862703664327734e+00
5.491885841567391680e+00
7.826754142466846531e+00
7.980761042348509804e+00
5.893907516789733236e+00
2.380237302358904738e+00
-1.189738736337197178e+00
-3.423623886374685288e+00
-3.450199509070145165e+00
-1.259170470073761372e+00
2.294884525106135609e+00
5.825858293510962405e+00
7.956717015246333347e+00
7.856512582513753173e+00
5.564388220228448034e+00
1.974252370875753115e+00
-1.513864583542881448e+00
-3.539782328355985275e+00
-3.313555250859257395e+00
-9.234589410876261617e-01
2.698488482287404455e+00
6.139990732707065746e+00
8.181375359803954694e+00
7.822604012082459590e+00
5.285548387263800052e+00
1.559437118394423560e+00
-1.902948195247434082e+00
-3.751705200361711956e+00
-3.266092087974039604e+00
-6.354848780656241480e-01
3.114500758072078934e+00
6.521891888670687365e+00
8.258326547936162498e+00
7.646898757691918291e+00
4.926011135614101200e+00
1.156396730399251060e+00
-2.192419355964919436e+00
-3.814991517442860580e+00
-3.078834300682217862e+00
-2.709492913154218918e-01
3.514083847480020228e+00
6.800809525414910794e+00
8.308046670938331602e+00
7.448288754014008362e+00
4.556694251074119961e+00
7.604208322469865333e-01
-2.460750736904766978e+00
-3.851229526771142719e+00
-2.869027427378233686e+00
1.029900997415782449e-01
3.906350748682292817e+00
7.058539425192595473e+00
8.330864737921650942e+00
7.227386015819034171e+00
4.178225105604941092e+00
3.719136574723929112e-01
-2.707878130264638639e+00
-3.860659257914844655e+00
-2.637064636327386413e+00
4.859711002967972426e-01
4.291101645120789065e+00
7.295073271100982026e+00
8.326896883636074165e+00
6.984321193611201295e+00
3.790665330978392422e+00
-9.141728156978334852e-03
-2.933831984735430165e+00
-3.843231426672419904e+00
-2.382763354630722308e+00
8.782726399387770222e-01
4.668582674524317966e+00
7.510458389286473135e+00
8.295878819649612268e+00
6.718539483587486316e+00
3.393350286685347328e+00
-3.832327604148493272e-01
-3.138648471391948025e+00
-3.798407306194908184e+00
-2.105127755858168026e+00
1.280995900900139706e+00
5.039533578287217708e+00
7.704683823861319780e+00
8.236925892887954959e+00
6.428523734122569167e+00
2.984685256953559573e+00
-7.513603232819474620e-01
-3.322223259610491919e+00
-3.724870052531799036e+00
-1.802025550481980876e+00
1.696292649078506631e+00
5.405221467468546592e+00
7.877492298473832477e+00
8.148184659365913518e+00
6.111416899657845292e+00
2.561891238764787193e+00
-1.115056807326249455e+00
-3.484069251315659255e+00
-3.620102900989132788e+00
-1.469746911143683388e+00
2.127645753467485079e+00
5.767433777775403669e+00
8.028067500973861570e+00
8.026320847040940620e+00
5.762507042272691393e+00
2.120699265253380261e+00
-1.476340556659403447e+00
-3.622912182144736537e+00
-3.479766053720379393e+00
-1.102404028453651819e+00
2.580196149534697447e+00
6.128374235609209464e+00
8.154509020250753082e+00
7.865764431728520023e+00
5.374553690090190017e+00
1.655064967322603220e+00
-1.837455529640823482e+00
-3.735978256382220142e+00
-3.296873609127498828e+00
-6.914495104258540081e-01
3.060553669188027293e+00
6.489823937657442698e+00
8.252790992496978006e+00
6.895416354306846074e+00
4.558155183052027937e+00
1.310294359136482401e+00
-1.574993366415899043e+00
-2.966073262203195338e+00
-2.316827623802050429e+00
1.186558907181449740e-01
3.385196228598980284e+00
6.200901734398926557e+00
7.460180316985812965e+00
6.668019433756636971e+00
4.134887426294646673e+00
8.553953095296649156e-01
-1.881996194722089566e+00
-3.001165190446315467e+00
-2.061564655509739108e+00
5.680240674068648410e-01
3.853880780821721697e+00
6.503486836745750566e+00
7.473939214785358942e+00
6.382659435418696958e+00
3.658572294850422235e+00
3.738760781732568539e-01
-2.177756925185140080e+00
-2.990702877437698692e+00
-1.743950400965714742e+00
1.071769426125720237e+00
4.346779351338033948e+00
6.789576943370134288e+00
7.436173038870972363e+00
6.030764905179792024e+00
3.127317679161881081e+00
-1.284343141220039008e-01
-2.450920635472251252e+00
-2.922413170274305028e+00
-1.355943841641361836e+00
1.630164412100297611e+00
4.856015906647586533e+00
7.046184661394100601e+00
7.334067776943236083e+00
5.605077477618301884e+00
2.542644085854289138e+00
-6.415911869546291335e-01
-2.687012359659984195e+00
-2.783200938415576697e+00
-8.913434516291904863e-01
2.239717501558804003e+00
5.369571361238910434e+00
7.257523180610512270e+00
7.154539838550007858e+00
5.100746958983068957e+00
1.910189782132631908e+00
-1.151520848663355245e+00
-2.869148191086527522e+00
-2.560322864728453052e+00
-3.469617965340785481e-01
2.892478961397181081e+00
5.871373199760532735e+00
7.405873054266605138e+00
6.885552719532544330e+00
4.516571757168574841e+00
1.240359405754258626e+00
-1.640254786948182719e+00
-2.979088639320755849e+00
-2.242853600740316811e+00
2.760895457053746949e-01
3.575479021648276134e+00
6.341718286572904262e+00
7.472850305760438516e+00
6.517732265175714801e+00
3.856298426454425776e+00
5.487513345921952723e-01
-2.086586810158471916e+00
-2.998745522094362403e+00
-1.823441295693331465e+00
9.711250683827661323e-01
4.270488989007979796e+00
6.758210501497494249e+00
7.441170210941743690e+00
6.046243547081321168e+00
3.129822612663234249e+00
-1.438516941784486747e-01
-2.467336071721085045e+00
-2.912212654361670428e+00
-1.300275166750910927e+00
1.724818173995257053e+00
4.954343269811887218e+00
7.097390478470414266e+00
7.296944347818064003e+00
5.472805197557168100e+00
2.354052316886510177e+00
-8.121842932929941306e-01
-2.759378346186717845e+00
-2.708315467181124259e+00
-6.790882090906906754e-01
2.516621253267358860e+00
5.600087621909272784e+00
7.337193162564533466e+00
7.032453039453027799e+00
4.807607130262756101e+00
1.774926539558200123e+00
-2.376904990392656458e-01
-1.260030688857897818e+00
-8.826694385725404324e-01
7.433812120177518690e-01
2.967060300559434260e+00
4.897930710550307154e+00
5.762764441257361092e+00
5.215221014594755289e+00
3.474567601308389264e+00
1.237864685365642092e+00
-5.992092593835471881e-01
-1.301061541521067344e+00
-5.867360280029316755e-01
1.257650701659227543e+00
3.493576865713454715e+00
5.225901495152720955e+00
5.761263597146328408e+00
4.885567812502596752e+00
2.949504406878344032e+00
7.279763911188734671e-01
-8.901604131903528838e-01
-1.257763142565051950e+00
-2.281288229640270337e-01
1.786637377216058198e+00
3.980769034758656844e+00
5.477230766541971718e+00
5.678290141824746229e+00
4.504113742204230775e+00
2.424193177087415663e+00
2.693371336049057430e-01
-1.100359900646640465e+00
-1.138786549651886304e+00
1.686920921483454627e-01
2.300054627985681055e+00
4.405411980469920330e+00
5.646097441823542340e+00
5.528664386293622890e+00
4.100782680807255609e+00
1.931387456760029320e+00
-1.164686936221452918e-01
-1.229172404422400611e+00
-9.656416225274062626e-01
5.683191200158042022e-01
2.763144628748667841e+00
4.748290666652447811e+00
5.737734309432498847e+00
5.340951167364622165e+00
3.716399667691614894e+00
1.507429468489031477e+00
-4.131496641137806236e-01
-1.288139639888000509e+00
-7.741164127368644898e-01
9.246195900224030151e-01
3.138237386325746225e+00
4.996259955270700104e+00
5.770059860097044080e+00
5.158085289509688920e+00
3.402318373092466874e+00
1.191391017560606835e+00
-6.103896804529598263e-01
-1.301076265754605554e+00
-6.137915680135126451e-01
1.181508583746367691e+00
3.385370120066626409e+00
5.142015256604173246e+00
5.771403604816413235e+00
5.031526810366941049e+00
3.210311469500188419e+00
1.012836036944637197e+00
-7.116415843563794752e-01
-1.297279224325515123e+00
-5.179873009815376683e-01
1.325602351260664502e+00
3.521678038638562214e+00
5.221074969904768714e+00
5.764684129244963096e+00
4.938979765887674844e+00
3.061060998419620205e+00
8.591461076859994161e-01
-8.074287757396172438e-01
-1.282405086111224612e+00
-3.722970959475966346e-01
1.571179530336416885e+00
3.782539477739915945e+00
5.381089025579649743e+00
5.721839031113940877e+00
4.659112854957463412e+00
2.613705515464974205e+00
4.107661627591090436e-01
-1.051374702595093247e+00
-1.169261134152588255e+00
1.125487015342132580e-01
2.271566209104062040e+00
4.418051708914522813e+00
5.662299365686011221e+00
5.486099666219942605e+00
3.961269409675225006e+00
1.721145103969696555e+00
-3.042848417527412863e-01
9.798046753969009703e-01
1.149824377627391092e+00
1.764828593065503659e+00
2.570190696467044233e+00
3.237491076097898990e+00
3.500072838456022239e+00
3.259118240087069296e+00
2.617726648857152227e+00
1.832412172809916306e+00
1.206210588324018618e+00
9.714089258478273425e-01
1.207877110282840061e+00
1.822124627250907070e+00
2.587214286841797772e+00
3.224395890068820769e+00
3.498365098058157763e+00
3.298394857520768664e+00
2.683364885888722018e+00
1.876722162925435367e+00
1.204544111955679009e+00
9.741578292529740057e-01
1.324618261951252762e+00
2.123138452835707124e+00
2.989782133921991658e+00
3.476338154575991268e+00
3.314266193314688635e+00
2.578488011431142368e+00
1.658751053943015030e+00
1.047723512485289499e+00
1.069286677499432514e+00
1.705197946220867955e+00
2.614372233323366324e+00
3.323708850016192873e+00
3.476927341262428861e+00
3.008227045590030180e+00
2.160612277261249048e+00
1.353982314695193701e+00
9.766055976925061000e-01
1.202228417171015806e+00
1.916011946914660369e+00
2.777303564172902028e+00
3.383702071041728043e+00
3.457457045868126411e+00
2.969333736768009047e+00
2.146732377590161445e+00
1.366194336638504314e+00
9.813860497030462149e-01
1.164462537424733712e+00
1.830818424519050192e+00
2.679150369184915448e+00
3.327620513165266747e+00
3.484967957764233848e+00
3.080589485010972517e+00
2.296045346540911414e+00
1.484008009933883931e+00
1.010429794410754756e+00
1.089963799487122742e+00
1.688261671382826012e+00
2.535704942339820356e+00
3.247732343641999364e+00
3.498799191376930295e+00
3.171743726019800036e+00
2.413930192601741354e+00
1.572648516818199393e+00
1.037102142570576202e+00
1.058177438937675685e+00
1.629399809934656052e+00
2.486195732049088836e+00
3.226630099570868992e+00
3.499503188974057100e+00
3.172095671450279486e+00
2.396936956180957257e+00
1.543015699033008170e+00
1.021228591140854070e+00
1.086061458455721107e+00
1.709516262085778671e+00
2.590704908141195695e+00
3.299565407072718060e+00
3.486805070780315763e+00
3.057481537687196660e+00
2.221134291005228079e+00
1.391029431922863768e+00
9.802054111908291567e-01
1.194991993196425906e+00
1.929911596783076444e+00
2.818380045719164340e+00
3.415398776283137927e+00
3.421005044370186710e+00
2.831732262489634167e+00
1.943115991633941553e+00
1.201438585307130102e+00
9.792778240708668314e-01
1.388092184455662181e+00
2.222346923591309142e+00
3.063149314645743804e+00
3.488879988194390158e+00
3.286638740246833112e+00
2.558385675913891877e+00
1.669041035512542237e+00
1.111904027136879636e+00
