-1.325608241564311118e-01
5.006183160867738735e-01
1.422964166824651766e-01
-1.020642114979862347e+00
-2.391362612824889045e+00
-3.269422439513614442e+00
-3.208686236159745686e+00
-2.243932450134423995e+00
-8.710877469685208707e-01
2.077499390528225742e-01
4.433812325165209511e-01
-2.809703819005273662e-01
-1.591919886156165864e+00
-2.818443465408801529e+00
-3.335369343361941574e+00
-2.881997417928472860e+00
-1.693482318789014229e+00
-3.788178422414674174e-01
3.912443403749565896e-01
2.263979415818633267e-01
-7.854670370497792709e-01
-2.125117616469629489e+00
-3.108463221507933305e+00
-3.235883471721626048e+00
-2.446017414514704669e+00
-1.145129276348244574e+00
1.901125613139598158e-03
4.114103749569970603e-01
-1.220948635594072407e-01
-1.322923134706451398e+00
-2.576710007227644983e+00
-3.244765547012921303e+00
-2.989403875717547621e+00
-1.944554924414077401e+00
-6.455008638001765719e-01
2.453911275160969296e-01
2.763918018585094227e-01
-5.646026520310497565e-01
-1.845862306583259338e+00
-2.913500697946027174e+00
-3.225191914101189994e+00
-2.625608305366211148e+00
-1.423713297200134953e+00
-2.335075125032572974e-01
3.396624305490769657e-01
6.957614854065097276e-03
-1.058482542765336820e+00
-2.311673019561068187e+00
-3.114583381446737853e+00
-3.060961759713505703e+00
-2.181820736884186651e+00
-9.276836639096501802e-01
6.233154607381852230e-02
2.862141314157533589e-01
-3.664341610428107909e-01
-1.560090223005809573e+00
-2.685843985827256475e+00
-3.172032775830017748e+00
-2.774498356785867870e+00
-1.699110007379609266e+00
-4.951170978046187665e-01
2.254044804885155795e-01
9.869314594200995217e-02
-8.071232818040352530e-01
-2.028622103323857395e+00
-2.944211254296748681e+00
-3.090434629913617837e+00
-2.396505510421189644e+00
-1.218413832848817879e+00
-1.562627869413333315e-01
2.514174619869402605e-01
-1.993361684692405156e-01
-1.275978269911765217e+00
-2.429461171588942037e+00
-3.074238738326107168e+00
-2.885464113516007068e+00
-1.962559946815491729e+00
-7.768491706912377115e-01
6.916218642737237410e-02
1.478972380830592126e-01
-5.772881958381143042e-01
-1.735278938563673101e+00
-2.737138501834031512e+00
-3.075581970887204974e+00
-2.581723056829707375e+00
-1.509211397283520606e+00
-4.039284973634451603e-01
1.737880191134160146e-01
-6.693671131207667990e-02
-1.001235466910616489e+00
-2.153316707177318712e+00
-2.938682705040438936e+00
-2.960451918734220200e+00
-2.209660507315805766e+00
-1.068605234789814284e+00
-1.162617483745242986e-01
1.651748340301619766e-01
-3.659839400505289220e-01
-1.439888198565195454e+00
-2.512204035959732629e+00
-3.039578975818233442e+00
-2.754240414480036314e+00
-1.799459358310906643e+00
-6.579123157290726054e-01
9.174398804322936307e-02
6.768648222354811672e-02
-7.208363475941365062e-01
-1.876612632678532400e+00
-2.814257795459180755e+00
-3.056379517986619998e+00
-2.476427019246432160e+00
-1.364751020214273636e+00
-2.833889426487405938e-01
2.178987239852834268e-01
-1.190337538020254105e-01
-1.127880144997499778e+00
-2.299878736823181224e+00
-3.040280478515851037e+00
-2.970058008755076973e+00
-2.119846714803709453e+00
-9.169123976448251279e-01
2.951768268492216407e-02
2.367361385102522142e-01
-4.053208937611947338e-01
-1.575773505254600693e+00
-2.683133921954674594e+00
-3.164182728925343024e+00
-2.770381238735321272e+00
-1.696193246272828858e+00
-4.831021269912122440e-01
2.533288544311278478e-01
1.357845230231566891e-01
-7.815419492409830804e-01
-2.037716076324322501e+00
-2.996660098381925152e+00
-3.169222345440882549e+00
-2.462651969878717928e+00
-1.230263000206728075e+00
-9.478340076101909872e-02
3.663008990656593244e-01
-8.557697863309265962e-02
-1.226700881475735194e+00
-2.481776770609158245e+00
-3.213953480207750069e+00
-3.047961355606779055e+00
-2.062418132828149897e+00
-7.527751279832132214e-01
2.177309671257847690e-01
3.539477893841311840e-01
-4.185790376572287030e-01
-1.713114336953099226e+00
-2.875287632518752190e+00
-3.313851365917333869e+00
-2.801472969430185422e+00
-1.592542119640119935e+00
-2.969627444738573985e-01
4.275069485646596501e-01
2.091956755607289331e-01
-8.467912959817160967e-01
-2.208970145801756324e+00
-3.186910183834637422e+00
-3.281175014390416145e+00
-2.438422562422402518e+00
-1.081355204217455901e+00
1.031833368630092895e-01
5.118021982023008842e-01
-6.802970043920475440e-02
-1.347388398039882862e+00
-2.679682571417790982e+00
-3.387367055156969897e+00
-3.106552642951420751e+00
-1.974234456232992763e+00
-5.617566361318663271e-01
4.133388795955799111e-01
4.518421444627889194e-01
-4.713934674998085939e-01
-1.891586238172590528e+00
-3.087788259072754116e+00
-3.448839478604300179e+00
-2.785798302599697518e+00
-1.431062813482830265e+00
-7.206602071695900058e-02
5.974486462984236468e-01
2.317574906052752848e-01
-9.879452925831461174e-01
-2.442833134958967811e+00
-3.390213513148763624e+00
-3.342838304623632517e+00
-2.319989757865808855e+00
-8.407218943047990445e-01
3.391983125477744387e-01
6.135755472360915341e-01
-1.621523689742592200e-01
-1.594009087876695707e+00
-2.949039202993918529e+00
-3.530635621606727170e+00
-3.037473202970518926e+00
-1.720722242603292207e+00
-2.568997733065740974e-01
5.998296136791272382e-01
4.072930516971287052e-01
-7.348950272712714282e-01
-2.236095240201365186e+00
-3.320488969734125995e+00
-3.428931626342508032e+00
-2.508332746354897225e+00
-1.038392428414806723e+00
2.180735375893152472e-01
6.113742204749681441e-01
-5.823543659982655107e-02
-1.438150911068386550e+00
-2.808372508203330398e+00
-3.457133011954093949e+00
-3.051267011080330604e+00
-1.808307291376892056e+00
-3.809223128825203197e-01
4.853999479388133587e-01
3.420845874061055891e-01
-7.293103878589544120e-01
-2.162122513568204507e+00
-3.203619863340636087e+00
-3.310580525337539548e+00
-2.433467329600897067e+00
-1.040100959247088230e+00
1.329636383788979082e-01
4.696815720094700275e-01
-2.012633956182166006e-01
-1.518268595689127753e+00
-2.780625192950679558e+00
-3.320997980588270337e+00
-2.858738995022259033e+00
-1.646688800163465416e+00
-3.340998633681018237e-01
3.806170755484152846e-01
1.218649510403344571e-01
-9.647600269873302103e-01
-2.293010228556554342e+00
-3.151573215024172647e+00
-3.085179163749932396e+00
-2.136930868440275688e+00
-8.223613707615540225e-01
1.499952880455368565e-01
2.605041935369343253e-01
-5.430624264025913916e-01
-1.820135419146598377e+00
-2.877922638931238453e+00
-3.147087465816276186e+00
-2.488880534077742013e+00
-1.267646515835902932e+00
-1.502256418788165959e-01
2.578680905093861941e-01
-2.588595159517759203e-01
-1.411074028575198147e+00
-2.565448673843397920e+00
-3.092347504558313531e+00
-2.709703061367811472e+00
-1.635012920937971348e+00
-4.629718268013517379e-01
1.630617267490985789e-01
-9.544798929578091062e-02
-1.088195764413407263e+00
-2.262063910439035208e+00
-2.968644923277779846e+00
-2.822620600445626238e+00
-1.912778406600464498e+00
-7.495847474150241219e-01
2.047278545753505874e-02
-2.569325822877543963e-02
-8.544918069047802156e-01
-1.997623134024405722e+00
-2.815870969336213392e+00
-2.856550908186047621e+00
-2.104702809434103372e+00
-9.881997030190156073e-01
-1.351230583498883586e-01
-2.052381751884757577e-02
-7.012103007818840661e-01
-1.787023869338134618e+00
-2.663544082350284725e+00
-2.839588042757765329e+00
-2.223041768897903836e+00
-1.169778283780869899e+00
-2.792164315060268187e-01
-5.346311166994932584e-02
-6.137417746513973427e-01
-1.634545693616573869e+00
-2.531744191575553415e+00
-2.796450815098407539e+00
-2.284007567951189088e+00
-1.293768637256860199e+00
-3.952571995969624830e-01
-1.011400906229862340e-01
-5.745509098797597636e-01
-1.537947243363513739e+00
-2.434772259450275644e+00
-2.750250129061474258e+00
-2.306756437945653992e+00
-1.364351772044386291e+00
-4.693571403970935307e-01
-1.386824216585644809e-01
-5.618238418737054873e-01
-1.491956274580132691e+00
-2.388379324954657434e+00
-2.729344389724043474e+00
-2.315427967208893101e+00
-1.387063199592579732e+00
-4.863032089195867824e-01
-1.413515380131391552e-01
-5.568486715014366872e-01
-1.491564020055709872e+00
-2.397193510162331176e+00
-2.739223683430963341e+00
-2.312562608590879698e+00
-1.365434813635600264e+00
-4.561297320112851494e-01
-1.245248538951517769e-01
-5.712712016317761377e-01
-1.535456041948383366e+00
-2.445880327092201156e+00
-2.758946203695137100e+00
-2.283593575448477075e+00
-1.298836985854893600e+00
-3.910569484437551591e-01
-1.052535253607869148e-01
-6.174112811674684620e-01
-1.625192457296424697e+00
-2.525384167923087730e+00
-2.774606255116285780e+00
-2.217809663370386097e+00
-1.185683629160776409e+00
-2.992513987392879660e-01
-9.648683499567201061e-02
-7.052588003324752330e-01
-1.761758346896360683e+00
-2.626954638085339688e+00
-2.772903698045986687e+00
-2.105521896325303288e+00
-1.026125488016035092e+00
-1.910246901607468573e-01
-1.126033951084792761e-01
-8.442584531823421612e-01
-1.943327081295339820e+00
-2.738039857958965761e+00
-2.738060368831420455e+00
-1.937765912320943640e+00
-8.242463938472470719e-01
-8.164392116156338197e-02
-1.707863433778904483e-01
-1.042413981107092713e+00
-2.162935392859993478e+00
-2.840355873624186067e+00
-2.651757710673710022e+00
-1.708186682416198199e+00
-5.905269071531260572e-01
7.470818640608278827e-03
-2.899576153463205852e-01
-1.303570366114811474e+00
-2.405977521031820832e+00
-2.909443548024705173e+00
-2.495264420547842921e+00
-1.416442054562295771e+00
-3.442120429442974139e-01
4.918288884937704886e-02
-4.876035613634828181e-01
-1.623499537630425760e+00
-2.648229511808873227e+00
-2.916167118128976554e+00
-2.253639341355680337e+00
-1.072394370314233569e+00
-1.145761299082312945e-01
1.339891420986205617e-02
-7.746116677094697645e-01
-1.985746773997112635e+00
-2.855664584978921727e+00
-2.830908686672997110e+00
-1.921695223597126301e+00
-6.998158749206896401e-01
6.036724558886552572e-02
-1.272012292912949594e-01
-1.148793395094131586e+00
-2.358876170999237853e+00
-2.987597097421373249e+00
-2.630811202236071900e+00
-1.510551202314403874e+00
-3.376203023261210578e-01
1.391706452789327475e-01
-3.886038098241701988e-01
-1.588849349486971763e+00
-2.697354005847494740e+00
-3.004315149210489810e+00
-2.309250012849274558e+00
-1.052429131673574103e+00
-3.633187288089012590e-02
8.686076812383736190e-02
-7.657088399521138067e-01
-2.051590329478601316e+00
-2.948092590044340877e+00
-2.878928086049775459e+00
-1.885046672821857561e+00
-6.007014858542656377e-01
1.515454382431131730e-01
-1.118836316185976010e-01
-1.224534637433741358e+00
-2.475401079701445628e+00
-3.063781422916508124e+00
-2.612093884969784341e+00
-1.407944164227333150e+00
-2.203749060890722866e-01
1.918494013880154281e-01
-4.349527117819664834e-01
-1.701374352700339543e+00
-2.800379417741297949e+00
-3.032157229633894779e+00
-2.249406213078019690e+00
-9.497881703381014784e-01
4.176491103555179940e-02
9.717212214544579396e-02
-8.177463490064703633e-01
-2.123940612447487553e+00
-2.997219779828255604e+00
-2.888628341241873176e+00
-1.868134554267113057e+00
-5.771740714781903314e-01
1.764291401790103464e-01
-7.600730734194316440e-02
-1.174668727817783198e+00
-2.435524635814168892e+00
-3.078367993228936506e+00
-2.709220375109017809e+00
-1.558788905613087472e+00
-3.343822138192560356e-01
2.173534389160860503e-01
-2.351454999120161649e-01
-1.413104758440866693e+00
-2.603930721962271377e+00
-3.094943741721170039e+00
-2.598466650803757716e+00
-1.415273759858613811e+00
-2.466229094972174352e-01
2.243991517685128834e-01
-2.697714067601255650e-01
-1.435437595785985065e+00
-2.599074803321191673e+00
-3.100151492808364218e+00
-2.663899246859275038e+00
-1.544630030150180078e+00
-3.693132146570354823e-01
2.183498440227429338e-01
-9.147175615334801613e-02
-1.119570604214497944e+00
-2.310841985830701439e+00
-3.040431467448846625e+00
-2.940658720195632903e+00
-2.077981939837514336e+00
-8.995244351068933941e-01
7.461401318412663741e-03
2.096279768714506275e-01
-3.726900652242124412e-01
-1.447865587300019241e+00
-2.509884287919145862e+00
-3.081306696726562322e+00
-2.923957143236391776e+00
-2.126889388665482272e+00
-1.045880576726102573e+00
-1.359496755827946934e-01
2.415695743794905592e-01
-4.412121572778993084e-02
-8.604986683135305015e-01
-1.883272641894016219e+00
-2.732243058242169731e+00
-3.112992463568438062e+00
-2.912505596009185460e+00
-2.221253598447891608e+00
-1.284276983159121643e+00
-4.075639582252921223e-01
1.434836540878314803e-01
2.203411753741935097e-01
-1.771205447547821166e-01
-9.163210532397020325e-01
-1.782856329168006626e+00
-2.546644146165084166e+00
-3.022858774815166072e+00
-3.112519555997849352e+00
-2.815917684411019195e+00
-2.220369161847226103e+00
-1.469846549545811287e+00
-7.268354901931246559e-01
-1.363917151037083997e-01
2.002656801334417036e-01
2.389798300935641606e-01
-7.339285866186706642e-03
-4.792479739530315364e-01
-1.087679372845852921e+00
-1.732817183013489526e+00
-2.321202317984890406e+00
-2.778562346141308481e+00
-3.057216766567755428e+00
-3.138114502172684617e+00
-3.028425228689494819e+00
-1.436664053988675249e+00
