-1.334598347651913874e+00
-1.106522616234597134e+00
-9.047762837274729852e-01
-7.408598808588129359e-01
-6.241568201411560324e-01
-5.613607711871515527e-01
-5.560559939184537281e-01
-6.084835721588055524e-01
-7.155151614267390991e-01
-8.708419106952373090e-01
-1.065376344540259090e+00
-1.287851889552066309e+00
-1.525551090149575018e+00
-1.765103977711459882e+00
-1.993300162009455923e+00
-2.197859475174618993e+00
-2.368112364649583412e+00
-2.495550856674673135e+00
-2.574222710259824520e+00
-2.600954189182719034e+00
-2.575399572480645105e+00
-2.499927117963006928e+00
-2.379360915937921206e+00
-2.220605401967910009e+00
-2.032183982080892015e+00
-1.823725253361056620e+00
-1.605429880516314967e+00
-1.387548679555600462e+00
-1.179898565550794309e+00
-9.914397843670395005e-01
-8.299237938596485398e-01
-7.016196449970221183e-01
-6.111265614055750861e-01
-5.612734808843993228e-01
-5.531021014273969083e-01
-5.859264961559711438e-01
-6.574596555680770615e-01
-7.639954103838406674e-01
-9.006330651962202172e-01
-1.061531674769665923e+00
-1.240181135009154278e+00
-1.429678034039499224e+00
-1.622995400063961924e+00
-1.813236974121105627e+00
-1.993868314383693274e+00
-2.158918800673954141e+00
-2.303150363055422201e+00
-2.422190431808266098e+00
-2.512628139347029332e+00
-2.572074155607690926e+00
-2.599185680481179261e+00
-2.593659037297490144e+00
-2.556193009459345689e+00
-2.488426547223682395e+00
-2.392854760109608847e+00
-2.272727224752510544e+00
-2.131932604040404744e+00
-1.974873418674142789e+00
-1.806334564834571665e+00
-1.631348858516961320e+00
-1.455062533656958479e+00
-1.282603250384021454e+00
-1.118952801757794102e+00
-9.688263593085066905e-01
-8.365597836644262930e-01
-7.260062575075190150e-01
-6.404432821123439146e-01
-5.824909210433327766e-01
-5.540420777793342300e-01
-5.562055580655667075e-01
-5.892626900308077786e-01
-6.526383502374875079e-01
-7.448873636540521703e-01
-8.636973986379219426e-01
-1.005909649310209764e+00
-1.167558767869739889e+00
-1.343933654223630869e+00
-1.529660800023650680e+00
-1.718811882814424541e+00
-1.905037170909473776e+00
-2.081725981495291311e+00
-2.242194877839601475e+00
-2.379903436177065679e+00
-2.488696196824529583e+00
-2.563067778069328284e+00
-2.598446025904628698e+00
-2.591485468056562880e+00
-2.540360240528796165e+00
-2.445042113939896566e+00
-2.307548682966809039e+00
-2.132149138080846829e+00
-1.925483811415817481e+00
-1.696556724421109497e+00
-1.456566604181544156e+00
-1.218546161129199001e+00
-9.967892032975055328e-01
-8.060606229670981282e-01
-6.606055323757659137e-01
-5.730001517998508653e-01
-5.529167482257029143e-01
-6.059050982570355348e-01
-7.323195463556374518e-01
-9.265387338003715501e-01
-1.176628996461412058e+00
-1.464587084167321196e+00
-1.767259391760205745e+00
-2.057971990507696525e+00
-2.308820775221463784e+00
-2.493470921357375580e+00
-2.590211332208523842e+00
-2.584918819644486554e+00
-2.473526886281267601e+00
-2.263583348160755015e+00
-1.974533863934490707e+00
-1.636490944902443623e+00
-1.287434932473207727e+00
-9.690259063813310147e-01
-7.214514653446051362e-01
-5.779528804339820747e-01
-5.598159296833444820e-01
-6.726428590016487741e-01
-9.046135313384111587e-01
-1.227195511647789727e+00
-1.598406918116600961e+00
-1.968318384570901802e+00
-2.285998847643072818e+00
-2.506862374277096350e+00
-2.599284739180544257e+00
-2.549439497672443267e+00
-2.363566152477501348e+00
-2.067281182253735583e+00
-1.702008235538766900e+00
-1.319057227251454023e+00
-9.722472542080631275e-01
-7.101860281901946070e-01
-5.693566945542720692e-01
-5.690206306891181232e-01
-7.086511753250002155e-01
-9.682205119228973755e-01
-1.311235372360493701e+00
-1.690023442010151422e+00
-2.052468462762317536e+00
-2.349217477989328895e+00
-2.540355648541761546e+00
-2.600657049576893254e+00
-2.522748607051363834e+00
-2.317829618976617212e+00
-2.013924943503341058e+00
-1.651969921512803197e+00
-1.280289769803790501e+00
-9.482166248728299829e-01
-6.996678348560290139e-01
-5.674870913009850693e-01
-5.692351447950509957e-01
-7.049280762153299351e-01
-9.569829048887436018e-01
-1.292361021187103054e+00
-1.666668249121909362e+00
-2.029777789342895211e+00
-2.332328744509235108e+00
-2.532315951198404136e+00
-2.600935256438146936e+00
-2.526892539814864058e+00
-2.318529214439172925e+00
-2.003355053234074035e+00
-1.624892108601483587e+00
-1.237090098361003587e+00
-3.388196719174128013e-01
9.981392293438307028e-02
2.872469234509438252e-01
1.893521210864199666e-01
-1.848538223489373244e-01
-7.823378304877791622e-01
-1.512134815825886935e+00
-2.258038972318643811e+00
-2.896423965913079268e+00
-3.316680198428786142e+00
-3.441012152095978216e+00
-3.240062333127145422e+00
-2.741149096461759971e+00
-2.026864752801241565e+00
-1.223303968167937406e+00
-4.790809528803701145e-01
6.176514219370332626e-02
2.882687677187569797e-01
1.468477178117402193e-01
-3.440170368087047681e-01
-1.092836930780746396e+00
-1.949581305289089128e+00
-2.734057403989598178e+00
-3.273399733795270272e+00
-3.441164589993441769e+00
-3.189186886569382651e+00
-2.563938594865376785e+00
-1.701817154229248841e+00
-8.022700412722737484e-01
-8.308157027021656482e-02
2.727496921505063732e-01
1.657435542816885210e-01
-3.889536377579598803e-01
-1.258211277623827229e+00
-2.219070098833470173e+00
-3.013842535286414659e+00
-3.419391551570885923e+00
-3.312200997584170636e+00
-2.709904352203531541e+00
-1.774690768265704488e+00
-7.738703385756295905e-01
-5.533773649256445992e-03
2.909380614644347940e-01
1.273531893014645533e-02
-7.661312951976688712e-01
-1.808682286563194852e+00
-2.783194854326915824e+00
-3.367762497725906634e+00
-3.358842418469704771e+00
-2.746755429569724516e+00
-1.729011101257619254e+00
-6.516312141454301265e-01
1.062863879013906665e-01
2.672949720432586940e-01
-2.384884022214770471e-01
-1.237951822170116012e+00
-2.368632891499923065e+00
-3.207397779029458107e+00
-3.429733074872714838e+00
-2.939505454301399645e+00
-1.915935593677574156e+00
-7.536277026282014457e-01
8.691507916711893600e-02
2.628505631889999083e-01
-3.068972500308351226e-01
-1.399129511572962725e+00
-2.568917576810761716e+00
-3.328974501445880918e+00
-3.354338028086805146e+00
-2.625639700150021127e+00
-1.446030727783522263e+00
-3.187187550406451741e-01
2.670482138536567351e-01
5.067218274000984124e-02
-8.798315483262404424e-01
-2.119582008867861411e+00
-3.121056157345756699e+00
-3.436533969629295804e+00
-2.920822512394713577e+00
-1.801047200353604882e+00
-5.786299452226575379e-01
1.950816082486150904e-01
1.688552183839151510e-01
-6.471756712830797342e-01
-1.884222894765429146e+00
-2.981680265809494301e+00
-3.442238202743687747e+00
-3.058178968786970486e+00
-2.004937642069244852e+00
-7.595823712053478838e-01
1.171713500084787807e-01
2.344888175505457362e-01
-4.552298569709190001e-01
-1.640113619843382775e+00
-2.793508926511475643e+00
-3.410622966387020227e+00
-3.229129742701220440e+00
-2.336937826902663495e+00
-1.124340728687952984e+00
-1.080735906750498465e-01
2.909697380720519533e-01
-8.057683254822456398e-02
-1.056662729605934548e+00
-2.233711095972850558e+00
-3.143480335041958895e+00
-3.440262823866461872e+00
-3.027144839615947269e+00
-2.077617790196470526e+00
-9.540221844800546025e-01
-6.337266251336148848e-02
2.902984408769471170e-01
3.904405028027913005e-03
-8.050963009471133747e-01
-1.855023246261988668e+00
-2.804281099074469985e+00
-3.363760588328989165e+00
-3.380693090590654482e+00
-2.871883106346722503e+00
-2.003244006331491800e+00
-1.029118648952818127e+00
-2.143595936781852451e-01
2.368305979603879674e-01
2.272650836715861544e-01
-2.199247452028827432e-01
-9.792868592392920402e-01
-1.863039912084761607e+00
-2.670104519674711518e+00
-3.231498410869729110e+00
-3.442637853109226764e+00
-3.277783190853149620e+00
-2.786598654102124151e+00
-2.076496527102754008e+00
-1.286554021396637548e+00
-5.592753615876215889e-01
-1.563257577569454604e-02
2.628447894037799770e-01
2.431232210641973701e-01
-5.911975876292574483e-02
-5.866976832845403056e-01
-1.253241497703228680e+00
-1.958080027191740013e+00
-2.601343243543901451e+00
-3.097294864238807843e+00
-3.384439352799196055e+00
-3.431568650919508467e+00
-3.239515538560650221e+00
-2.838902116183898094e+00
-2.284575283059124828e+00
-1.647688861035110586e+00
-1.006523547587041989e+00
-4.371428281681113415e-01
-4.885096017989143391e-03
2.424861804759030903e-01
2.793853151427891923e-01
1.044331265491829086e-01
-2.601488229850641432e-01
-7.715879796289387693e-01
-1.371646786336395252e+00
-1.993167305714224957e+00
-2.567384300262303576e+00
-3.031267031573213089e+00
-3.334165067419800010e+00
-3.443110414362759109e+00
-3.346260678544358491e+00
-3.054145234916126661e+00
-2.598584694168961207e+00
-2.227204124190450774e+00
-1.336174462437673682e+00
-4.703096161017255028e-01
2.737009226924393968e-01
8.116882736488428840e-01
1.081507115624129600e+00
1.050359353351064229e+00
7.190729983099282130e-01
1.227563330536842745e-01
-6.723880467455393140e-01
-1.575893296616336370e+00
-2.482888562776462305e+00
-3.285996516934240219e+00
-3.887981432333019072e+00
-4.213693793954209177e+00
-4.219848276030566225e+00
-3.901337075002223820e+00
-3.293116924787509614e+00
-2.467190877347803735e+00
-1.524788886201335680e+00
-5.844697908101822437e-01
2.325554309303539124e-01
8.181237588147061146e-01
1.091827842546484018e+00
1.012705522352840948e+00
5.861520234474859592e-01
-1.351707112197353400e-01
-1.056902044395533924e+00
-2.054620996419701306e+00
-2.990252030037876985e+00
-3.731156388141700475e+00
-4.169292839283638585e+00
-4.237646052088420490e+00
-3.921344349637219562e+00
-3.261523515079604252e+00
-2.350976381593783415e+00
-1.321833370941455144e+00
-3.267726346333390541e-01
4.836387806425488378e-01
9.841115800911097722e-01
1.094678627035123863e+00
7.942831925910422974e-01
1.254941479553717265e-01
-8.107292228281225421e-01
-1.869733262236564109e+00
-2.885272829273276329e+00
-3.695673553457982763e+00
-4.169914360925028873e+00
-4.229358186282826892e+00
-3.861435887627006736e+00
-3.122807505877940315e+00
-2.131204535150463819e+00
-1.047028030495544382e+00
-4.752733397126052139e-02
7.022910952534204831e-01
1.077217424039267790e+00
1.013190850011700839e+00
5.187309921945972846e-01
-3.256662419356035620e-01
-1.380276134773444463e+00
-2.469072614292934453e+00
-3.409094172085900709e+00
-4.041337188232446032e+00
-4.257921399020696995e+00
-4.020830437873754271e+00
-3.368911408983755962e+00
-2.411795639767125188e+00
-1.311643146923682224e+00
-2.557288283923564443e-01
5.754927312741009438e-01
1.039374847333058405e+00
1.055760299852323225e+00
6.210437795648564574e-01
-1.908905136819960546e-01
-1.241101320054783796e+00
-2.349316291106670729e+00
-3.324898503523453286e+00
-3.999718478464489912e+00
-4.257238495485965224e+00
-4.052750028131060667e+00
-3.421225410952819512e+00
-2.471388874685105819e+00
-1.367006491796991074e+00
-2.986206700376685674e-01
5.493775984112247990e-01
1.030629300118476976e+00
1.062110121191702561e+00
6.384675432697748398e-01
-1.670884933351142188e-01
-1.215484825480118491e+00
-2.325858547666198817e+00
-3.306819693098839608e+00
-3.989480632122711867e+00
-4.256537419236560815e+00
-4.062388604904837663e+00
-3.440844047299786546e+00
-2.499133875653097192e+00
-1.399298653129434689e+00
-3.302139139307453952e-01
5.248991886829097453e-01
1.019873062928962071e+00
1.070516607178141122e+00
6.688193637359574062e-01
-1.159406712909256676e-01
-1.149303545184767517e+00
-2.254803473512892786e+00
-3.244192496020307015e+00
-3.949515481876308964e+00
-4.251563651547392908e+00
-4.099892864218633193e+00
-3.521065635646189129e+00
-2.613802683091368095e+00
-1.531959969080453732e+00
-4.582997723692359138e-01
4.264466302455254265e-01
9.739740815162964971e-01
1.093146685765309822e+00
7.649789502213746317e-01
4.542432003386442929e-02
-9.443915143214456354e-01
-2.038750720855555532e+00
-3.055207066184817410e+00
-3.825026576696990865e+00
-4.221120320426035022e+00
-4.178856890825898951e+00
-3.706374215957343843e+00
-2.882786473978862674e+00
-1.844699963658382513e+00
-7.633745938687805932e-01
1.836204703628590007e-01
8.415500429365656565e-01
1.103673877356730504e+00
9.283539701144114531e-01
3.454018748424756424e-01
-5.492534589321813598e-01
-1.609586196237440703e+00
-2.663469651026700191e+00
-3.540678406373155340e+00
-4.100331156953061829e+00
-4.253358711596876063e+00
-3.976440191752154796e+00
-3.315267506488941418e+00
-2.376736524618988433e+00
-1.311438985616621311e+00
-2.893577186970075488e-01
5.272901181932465597e-01
1.009718369852794950e+00
1.082698798029322340e+00
7.360345807841719434e-01
2.567411004044517497e-02
-9.355865771692259969e-01
-1.996228626374386028e+00
-2.990017742024805081e+00
-3.762071837731988833e+00
-4.192900175251626393e+00
-4.216699785068971806e+00
-3.831140287808449951e+00
-3.097226873852267470e+00
-2.129385062121128325e+00
-1.077416360351364011e+00
-1.032001729827727310e-01
6.442187664313876461e-01
1.051324690022648500e+00
1.057169602769489458e+00
6.622321662752930216e-01
-7.214670963674185700e-02
-8.766825029610948450e-01
