6.256022280587462348e+00
6.593767923899864769e+00
6.407695961267362961e+00
5.792014712806966337e+00
5.060673283623064123e+00
4.587296927664126223e+00
4.614304198643995214e+00
5.128730050861667777e+00
5.868380374187313286e+00
6.455435825787973592e+00
6.589442150271630716e+00
6.201108754150316038e+00
5.488174387444981761e+00
4.814756529891252690e+00
4.525397103710684377e+00
4.768765376080500218e+00
5.421236534914055660e+00
6.149648320197497853e+00
6.581399592894568329e+00
6.495055307641458775e+00
5.933947801942144551e+00
5.184477355833553069e+00
4.629953349664398310e+00
4.554552686658591476e+00
4.997661550805939434e+00
5.733273379157800775e+00
6.385233530831347259e+00
6.619580134617762290e+00
6.315632525629927940e+00
5.628168113858126986e+00
4.908637154535139047e+00
4.525503094178401575e+00
4.675544998830113208e+00
5.282765279213090359e+00
6.036851421099033388e+00
6.551743094729582495e+00
6.563284368510423405e+00
6.064763936535203293e+00
5.310785188056709849e+00
4.687250291291096715e+00
4.513845868849207577e+00
4.880125883145336019e+00
5.599248157485162913e+00
6.303272006123979310e+00
6.631416331608824599e+00
6.414952721757453347e+00
5.763972280114163738e+00
5.011401275024932822e+00
4.542732087719413947e+00
4.598554525016115058e+00
5.151047750216840804e+00
5.917840097894757179e+00
6.506335226962368878e+00
6.614728865277357706e+00
6.186783386118088757e+00
5.440984665718533897e+00
4.758973658463020229e+00
4.490237522615641019e+00
4.773024323939305980e+00
5.463251619034629414e+00
6.207954573931455222e+00
6.625811973481120276e+00
6.502399049572272993e+00
5.900183006677687914e+00
5.126850111963308088e+00
4.578052003728811492e+00
4.534971839244904324e+00
5.020298617426665722e+00
5.786366998743887713e+00
6.441620518994085387e+00
6.650778591445295262e+00
6.306354082415439599e+00
5.583789748278184639e+00
4.851977948244440064e+00
4.484862586777419224e+00
4.670390079454333154e+00
5.314518997247188459e+00
6.089114845033860135e+00
6.598513723179240564e+00
6.580732137282232941e+00
6.042312841995563844e+00
5.257637987880641184e+00
4.630903882932813964e+00
4.488850443857567818e+00
4.909585258833660149e+00
5.677299924712518653e+00
6.390129977379265469e+00
6.669101138555024733e+00
6.360673597508041510e+00
5.624389485188674875e+00
4.854165904047834879e+00
4.469593680997557605e+00
4.686351518889218859e+00
5.391617068896620069e+00
6.198181487050833383e+00
6.654448582968060855e+00
6.498165946184745856e+00
5.811052151687737144e+00
4.981164706838691281e+00
4.486584978821460012e+00
4.619149753176790441e+00
5.308264560116425557e+00
6.153356383696532816e+00
6.654023372740206277e+00
6.507341387660039445e+00
5.795037723982775724e+00
4.942553705789661578e+00
4.467034389258730087e+00
4.662324682289396449e+00
5.413885251392771103e+00
6.262500752224273270e+00
6.683785261087630936e+00
6.413740082883992777e+00
5.616811427432156556e+00
4.787527594178745183e+00
4.443441271059430875e+00
4.800691340312673638e+00
5.637193074500567391e+00
6.431133029712106541e+00
6.687918518230519638e+00
6.249024335850809742e+00
5.388495223121641864e+00
4.638798891485469866e+00
4.458910004032480501e+00
4.954031101477732513e+00
5.818665984558402116e+00
6.530948182854679374e+00
6.670774233274396892e+00
6.164882312464389891e+00
5.316647998884826976e+00
4.615405494507243134e+00
4.450181709743725733e+00
4.898370998523368769e+00
5.702062719764286136e+00
6.428240357463285370e+00
6.707927622259036049e+00
6.418945023789731863e+00
5.724262389047316546e+00
4.966044743808422979e+00
4.488523237530716692e+00
4.484317965856408073e+00
4.929815821048221913e+00
5.621784051402823223e+00
6.280880761609393126e+00
6.667450433535029752e+00
6.662654247149148112e+00
6.292420243818392933e+00
5.698116220311101543e+00
5.075436398271444105e+00
4.608004754808009196e+00
4.416896710316249752e+00
4.536848254384011625e+00
4.919445126519079281e+00
5.456296872578034751e+00
6.012109254474705899e+00
6.457998926253904592e+00
6.698381985350899903e+00
6.687724919228151599e+00
6.435665495113575219e+00
6.001184583066998535e+00
5.478106506351501537e+00
4.975219065324433032e+00
4.594764170309823648e+00
4.413003308140000414e+00
4.466062309743911385e+00
4.743368191424939262e+00
5.189786202801945691e+00
5.716151113950216356e+00
6.216087467016078172e+00
6.586050438949826002e+00
6.746335820662685556e+00
6.658612927905569912e+00
6.335914211115136752e+00
5.842401787079817943e+00
5.282097529230332711e+00
4.778052527964618434e+00
4.445721626442139751e+00
4.366074745274727498e+00
4.564701434866203833e+00
5.002479449913242782e+00
5.581202159683890329e+00
6.164199107780622633e+00
6.608142730682801336e+00
6.798789359176709901e+00
6.681612179051469980e+00
6.278904999069585102e+00
5.687798960546428084e+00
5.058308860199175250e+00
4.555897283586535451e+00
4.317675211557205905e+00
4.413858256250945189e+00
4.825538881298702343e+00
5.446075445656743064e+00
6.107219375285218632e+00
6.624078276467311177e+00
6.847133688489487113e+00
6.706643495288638235e+00
6.235988617212561813e+00
5.565860331961925311e+00
4.889363273301139401e+00
4.406874195832640950e+00
4.266205019275650656e+00
4.516030283995949191e+00
5.087561954864162850e+00
5.811600558543866590e+00
6.467463954473682719e+00
6.850058941153243097e+00
6.834817640683854556e+00
6.419746257550295709e+00
5.730020489313286447e+00
4.981867751938430899e+00
4.415552994176362489e+00
4.217939092376829180e+00
4.459620689465187304e+00
5.068105234990510688e+00
5.847585169402064409e+00
6.540720103236065341e+00
6.913401601495572812e+00
6.834695178590388664e+00
6.324428084297201380e+00
5.550692244786097795e+00
4.776037426527419250e+00
4.268968490176936470e+00
4.210325352981561409e+00
4.627323939131049002e+00
5.379745692406127766e+00
6.205273826487869293e+00
6.810052687859611709e+00
6.973579169047286364e+00
6.630437196298770708e+00
5.898170568357381960e+00
5.039014451995347699e+00
4.367097600993062656e+00
4.133487429527665569e+00
4.431126467779185063e+00
5.156046776606912907e+00
6.041555206225750041e+00
6.755093597545469564e+00
7.023129985477716275e+00
6.737237240843723995e+00
5.999826601308075880e+00
5.089683779365525851e+00
4.357891530554436343e+00
4.092418191501558944e+00
4.403534150185718588e+00
5.176071491944298053e+00
6.109794990469755049e+00
6.834777611303098688e+00
7.058027088943322980e+00
6.683279655166669997e+00
5.854501782038972202e+00
4.902831792669783084e+00
4.215475148826413943e+00
4.077907411533795212e+00
4.553733781720477936e+00
5.453332510500084496e+00
6.407247106229061906e+00
7.016929165256976297e+00
7.021801868839714800e+00
6.412448169146265364e+00
5.440082379749888730e+00
4.514993627110253982e+00
4.034076687776349424e+00
4.209610583186334409e+00
4.973487569513719286e+00
6.000880941632052767e+00
6.846653512794938834e+00
7.138041697781680739e+00
6.740345955189257054e+00
5.821435713997693995e+00
4.783365459108202877e+00
4.087726923449977789e+00
4.049979834698457459e+00
4.694529594734804689e+00
5.737885331642615050e+00
6.711228600257159727e+00
7.170440012690599829e+00
6.899831685538260651e+00
6.015686776335378738e+00
4.918995025587812542e+00
4.115141423356430295e+00
3.980855756590625294e+00
4.585918829100784855e+00
5.654751707824728690e+00
6.689701079450830257e+00
7.201994009851293121e+00
6.943571772254185426e+00
6.029404834411716152e+00
4.889024855177606099e+00
4.066217128296504946e+00
3.959522315699291362e+00
4.627454237497630629e+00
5.754427548547455196e+00
6.797820336634069704e+00
7.248689071343812351e+00
6.881147009501420442e+00
5.867673865614138506e+00
4.700527647842948298e+00
3.953792302703375228e+00
4.000516873082638369e+00
4.824571545801315864e+00
6.022974107892706819e+00
7.001426318803276594e+00
7.268952274202281849e+00
6.685566379635478285e+00
5.537356385564642380e+00
4.397882417326358429e+00
3.842162075705038315e+00
4.155674709483538010e+00
5.186133378222175239e+00
6.415796958092069069e+00
7.220900673608329434e+00
7.188498494904936642e+00
6.329447843560319420e+00
5.077006108397469575e+00
4.068995757887962306e+00
3.822786572916913705e+00
4.468964787950217676e+00
5.681333659670941394e+00
6.841174672619530384e+00
7.353200269905340924e+00
6.951576320628483074e+00
5.838241485168266465e+00
4.581279933003957971e+00
3.824576114203066979e+00
3.957580399136263694e+00
4.915014280459224949e+00
6.209712664789293513e+00
7.181538986742872055e+00
7.333619643660337140e+00
6.584912114360514046e+00
5.312958682895755125e+00
4.165985079532028124e+00
3.736307209302249355e+00
4.253966890518718458e+00
5.458604707533762479e+00
6.724152412489815767e+00
7.378512510689141379e+00
7.060632667919350069e+00
5.927765310557161271e+00
4.591333497403627284e+00
3.797133435014898417e+00
4.009033366688925071e+00
5.125985922453965671e+00
6.509407220131990357e+00
7.334028977779693648e+00
7.080898732242006943e+00
5.880802184552802458e+00
4.474000764909761507e+00
3.770249830406969149e+00
4.256185277011954149e+00
5.634948739791560079e+00
6.975660935280403763e+00
7.327340558416401528e+00
6.407080678346396496e+00
4.859694423450716450e+00
3.838432460343345287e+00
4.148966293523630000e+00
5.583994824866905127e+00
7.014487930890060952e+00
7.256332002400380787e+00
6.070757555991080245e+00
4.443065864887902450e+00
3.800974557044604296e+00
4.753045282994626142e+00
6.463309014473082037e+00
7.336206733474790020e+00
6.505721053141903631e+00
4.745541908702280764e+00
3.805688812599924198e+00
4.675695913286865846e+00
6.487428221164428521e+00
7.319360229824898312e+00
6.234908625351852862e+00
4.399937771925881869e+00
3.890796259598462647e+00
5.331935690400413819e+00
7.057673870188227561e+00
6.985192050205300873e+00
5.163522480840015305e+00
3.844982367733351225e+00
4.729588341940893947e+00
6.709511824787378842e+00
7.177002023599467151e+00
5.469553209095600721e+00
3.894068665336647861e+00
4.658443190333542816e+00
6.717989778004208823e+00
7.115251174297444692e+00
5.236625984417556445e+00
3.851199253214197427e+00
5.070515455242521341e+00
7.056653687383009910e+00
6.713357227565583507e+00
4.550757411724235979e+00
4.026439752696472141e+00
6.020031802914251884e+00
7.263517803131871453e+00
5.659755180152967746e+00
3.900561814976283959e+00
5.014108967171454267e+00
7.091667185294078024e+00
6.477216064735060286e+00
4.239586497285909417e+00
4.403379478277802406e+00
6.692422883515753540e+00
6.902276461863397827e+00
4.624016134508397435e+00
4.126439177330244235e+00
6.368551695658041467e+00
7.070107613049797735e+00
4.863975553154945786e+00
4.035237579334718383e+00
6.220604827231445810e+00
7.107646580582924756e+00
4.921495995324673522e+00
4.037814848683638935e+00
6.245845152070484296e+00
7.070850021663028784e+00
4.825238634606451527e+00
4.107989191611100210e+00
6.398328901584753758e+00
6.965996161259400132e+00
4.633656054990568762e+00
4.248090118895179401e+00
6.610434286274113447e+00
6.793328969979564036e+00
4.419743102569054116e+00
4.445572413192251382e+00
6.808954055001324335e+00
6.584718773070976638e+00
4.250697857313475048e+00
4.645873399705454432e+00
6.938487769392382987e+00
6.416810078338310852e+00
4.167154105033653799e+00
4.754392363247792019e+00
6.970544560197869721e+00
6.395398321104805994e+00
4.196272397530306897e+00
4.663406911627572704e+00
6.858471584973171886e+00
6.615631044666658411e+00
4.434908646787671493e+00
4.318518941711981363e+00
6.420152043085827209e+00
7.032981177214674418e+00
5.169774696190152952e+00
3.971621863578379319e+00
5.312847788669538218e+00
7.030497732466175265e+00
6.582046991306563122e+00
4.715979055393738406e+00
4.015189482419555311e+00
5.287588736815464152e+00
6.866311272738563787e+00
6.968083739400834808e+00
5.630874058463565035e+00
4.278179509703953443e+00
4.075927713305159017e+00
5.018988027009260833e+00
6.279382370868725971e+00
7.048200191921090152e+00
7.037235726105557809e+00
6.441739745070965029e+00
5.638568606396588301e+00
4.928930079941505227e+00
4.444640623422816184e+00
4.180258336897214377e+00
4.067092491752397621e+00
4.032323940344680224e+00
4.029558029051147017e+00
4.049356166731251427e+00
4.120209252424152702e+00
4.302520209450301891e+00
4.668956222532043121e+00
5.261132234976482636e+00
6.023790009275606039e+00
6.749052370316865890e+00
7.100341882954198880e+00
6.779275817936786908e+00
5.795379714967049622e+00
4.630930679227172497e+00
4.044611784764876816e+00
4.515638181940621720e+00
5.761653795964523539e+00
6.863916621539717156e+00
7.001211241251849238e+00
6.122521500548913309e+00
4.912087621895588896e+00
4.150186311708989884e+00
4.144910618839368510e+00
4.686081959583720646e+00
5.373003307347547164e+00
5.916204530820174945e+00
6.212591464127571683e+00
6.255867809364221266e+00
6.021021156454559708e+00
5.434074621420908358e+00
5.567642929613505487e+00
