-6.882687837578760348e-01
3.214993365604894571e-01
4.384538952061189931e-01
-3.781901601760089271e-01
-1.843648115421002487e+00
-3.446877219216815114e+00
-4.628790389429870089e+00
-4.977224209050607584e+00
-4.370670874192985167e+00
-3.020651079772683101e+00
-1.397951331534889707e+00
-6.844862439766785656e-02
5.042253701191805604e-01
1.203645514651152659e-01
-1.086168973853317565e+00
-2.694626039937421336e+00
-4.144096440201617604e+00
-4.929112693545406820e+00
-4.775919511052009625e+00
-3.737939282073146963e+00
-2.177142317750348166e+00
-6.378185255710462354e-01
3.432304324997135225e-01
4.238876387367311871e-01
-4.239741420638307723e-01
-1.904683774717333744e+00
-3.501879857071513502e+00
-4.658579176206646189e+00
-4.971411031260322133e+00
-4.331282935933289835e+00
-2.961423964698297606e+00
-1.339539052769541883e+00
-3.122104075839127191e-02
5.072860460075725442e-01
8.819098346972475966e-02
-1.142357037906188477e+00
-2.755234381911576769e+00
-4.187989377750080067e+00
-4.940983634290238236e+00
-4.751628753681972128e+00
-3.685957636298896833e+00
-2.115597115836270081e+00
-5.881721569385867099e-01
3.636650065828761491e-01
4.079843585129792061e-01
-4.706693951508467144e-01
-1.965887169033000870e+00
-3.556248200265087256e+00
-4.687152833448310574e+00
-4.964225635875772369e+00
-4.290844219467711440e+00
-2.901833944100143281e+00
-1.281578295620582564e+00
4.898051285265214716e-03
5.089678197531539716e-01
5.484896130526051294e-02
-1.199095638236058248e+00
-2.815583356159660600e+00
-4.230903491743503331e+00
-4.951497636513734868e+00
-4.726076142067448416e+00
-3.633249261475632430e+00
-2.054113739115417836e+00
-5.393546077120248139e-01
3.827927976184333225e-01
3.907520403438144996e-01
-5.182524714839160662e-01
-2.027227565172950108e+00
-3.609954947813464265e+00
-4.714497012934643294e+00
-4.955671631032750213e+00
-4.249375031038585604e+00
-2.841910941019885506e+00
-1.224098164997415861e+00
3.989051458411108086e-02
5.092698468557008695e-01
2.035522761934371871e-02
-1.256356283637862337e+00
-2.875642658532598706e+00
-4.272817232922408337e+00
-4.960649420625079742e+00
-4.699274507414937574e+00
-3.579840625036605495e+00
-1.992723061375372806e+00
-4.913903915521784516e-01
4.006042006141403711e-01
3.721993374125465159e-01
-5.666994772909454969e-01
-2.088674161147120234e+00
-3.662973130952005274e+00
-4.740597983825927564e+00
-4.945753312112262101e+00
-4.206896194338209938e+00
-2.781685045705883486e+00
-1.167127524463591914e+00
7.373877772383430340e-02
5.081919756527373266e-01
-1.527289661004882504e-02
-1.314110220762112480e+00
-2.935382130339413198e+00
-6.217251646313265212e+00
-7.472603770868705197e+00
-6.902765926682045361e+00
-4.706455175988033091e+00
-1.649581372940984059e+00
1.201845234173472221e+00
2.853459100271827253e+00
2.729300136417291078e+00
8.726657557230073081e-01
-2.068988044390713821e+00
-5.069831183956616805e+00
-7.083392743211418541e+00
-7.407492195245549027e+00
-5.929107753883941179e+00
-3.163789967476551723e+00
-7.587602820268202208e-02
2.257799324535355368e+00
3.023423678949095361e+00
1.954004198327915276e+00
-5.775251332945143812e-01
-3.688355150340191457e+00
-6.293659689707523874e+00
-7.484902279886847865e+00
-6.846666095996580381e+00
-4.601520454498384538e+00
-1.532405187695861315e+00
1.290400543943118095e+00
2.882512028217760758e+00
2.688719181886066956e+00
7.766025377224381465e-01
-2.187033819471203788e+00
-5.168693928621272526e+00
-7.128596484366056529e+00
-7.383273229696511564e+00
-5.843911855693741941e+00
-3.047327130067924550e+00
3.124017186839367355e-02
2.318214722723558552e+00
3.016069877351161388e+00
1.881445656052265214e+00
-6.899853927506744977e-01
-3.801499351946093341e+00
-6.368031550274262820e+00
-7.494566425350501326e+00
-6.788252391124621532e+00
-4.495399255427851237e+00
-1.415583676619520670e+00
1.377183711767972163e+00
2.908993337762219689e+00
2.645663921748504954e+00
6.790251806965099668e-01
-2.305105547907683405e+00
-5.266085390372145625e+00
-7.171344780400871421e+00
-7.356470933472361473e+00
-5.756905614895010181e+00
-2.930458250987325819e+00
1.372165155363407330e-01
2.376341863577907887e+00
3.006077391473036542e+00
1.806818179392719159e+00
-8.032233462442652794e-01
-3.913858805398486851e+00
-6.440329882292068042e+00
-7.501591354423150726e+00
-6.727554144422892790e+00
-4.388144867381662984e+00
-1.299175501463081472e+00
1.462151159607112394e+00
2.932889731354335616e+00
2.600155976140561265e+00
5.799826829723353505e-01
-2.423143940154656839e+00
-5.361956664229569292e+00
-7.211616165321682814e+00
-7.327098765306887529e+00
-5.668132721543981845e+00
-2.813242015770769378e+00
2.419997869358261333e-01
2.432151558639938926e+00
2.993451239026870603e+00
1.730159242427252053e+00
-9.171821315030077582e-01
-4.025377089562611310e+00
-6.510518381259615239e+00
-7.505973539546977769e+00
-6.664601835427090393e+00
-4.279811147993690668e+00
-1.183239116421194392e+00
1.545260221181015137e+00
2.954189209455065246e+00
2.552218196810566830e+00
4.795247785952736486e-01
-2.541089723406122936e+00
-5.456259608573314601e+00
-7.249390416911491108e+00
-7.295171474391432653e+00
-5.577637752819198269e+00
-2.695737284379528642e+00
3.455373693001275726e-01
-1.160942037300785490e+00
-1.048567847371171258e+00
-1.351229674795901614e+00
-1.963381582586025687e+00
-2.671550509942806073e+00
-3.228779800256083909e+00
-3.440749317206577285e+00
-3.233539857074421597e+00
-2.679410669758125696e+00
-1.971600806200735523e+00
-1.356941708262068946e+00
-1.049780758209493792e+00
-1.157232852412849899e+00
-1.641826691433352803e+00
-2.334571982594598527e+00
-2.993890686563202230e+00
-3.389861471743388144e+00
-3.384399175900768331e+00
-2.979408641604112340e+00
-2.316120448797083231e+00
-1.625840191578539873e+00
-1.149286288762809249e+00
-1.052645301193674499e+00
-1.369618418318526931e+00
-1.989668989605912541e+00
-2.696569487838731849e+00
-3.243805590154379637e+00
-3.440542041031755094e+00
-3.218171797341511819e+00
-2.654241062806936835e+00
-1.945406939117349854e+00
-1.338858053894337097e+00
-1.046113550351932320e+00
-1.169260940442515162e+00
-1.665355572752854396e+00
-2.361396533200303516e+00
-3.014656498097544990e+00
-3.397326973459325217e+00
-3.375960955995736867e+00
-2.958009323645713007e+00
-2.289222523460320513e+00
-1.602823654870540571e+00
-1.138177596988710016e+00
-1.057318339910868543e+00
-1.388443579147943030e+00
-2.016081456443701292e+00
-2.721358556499529513e+00
-3.258326677007922001e+00
-3.439731270890657111e+00
-3.202311906535467934e+00
-2.628862801777519298e+00
-1.919360357975851361e+00
-1.321226263105462317e+00
-1.043045207298211263e+00
-1.181826054993937003e+00
-1.689172367398839691e+00
-2.388159481180661459e+00
-3.035032673469094000e+00
-3.404210681592044985e+00
-3.366951671421954284e+00
-2.936248814820451969e+00
-2.262299237571877342e+00
-1.580126431800279008e+00
-1.127621540191897198e+00
-1.062584616963187845e+00
-1.407695704257129421e+00
-2.042605720117620649e+00
-2.745905268130680366e+00
-3.272335769074152356e+00
-3.438317413910326081e+00
-3.185968148677309486e+00
-2.603288630326493713e+00
-1.893474142028876095e+00
-1.304055189673410720e+00
-1.040577269812306138e+00
-1.194921886513186982e+00
-1.713265115802899530e+00
-2.414847387560560499e+00
-3.055008980811267705e+00
-3.410509139497633235e+00
-3.357375846178470624e+00
-2.914138042135862250e+00
-2.235364110620072342e+00
-1.557759919745066224e+00
-1.117623419080712388e+00
-1.068441487897371145e+00
-1.427365126219827252e+00
-2.069228461507872208e+00
-2.770197296637026074e+00
-3.285825831708147682e+00
-3.436301180056941185e+00
-3.169148730760896537e+00
-2.577531390486346830e+00
-1.867761290001604735e+00
-1.287353456027427123e+00
-1.038710977165414828e+00
-1.208541858947786096e+00
-1.737621719826672795e+00
-2.441446851046983113e+00
-3.074575389050568930e+00
-6.517436743445861325e+00
-6.266778879945859693e+00
-4.611433094625008167e+00
-2.128660892309047981e+00
3.157314221461700043e-01
1.869321594526882180e+00
1.990332910418851853e+00
6.365656222333813119e-01
-1.719886917153662154e+00
-4.257269307148833448e+00
-6.090731270695448174e+00
-6.580897626183172200e+00
-5.556834801609809915e+00
-3.375659752472658592e+00
-7.980041258379366731e-01
1.277237491345705411e+00
2.126375154998457084e+00
1.453292796881818560e+00
-5.072885124198009965e-01
-3.071663817134386854e+00
-5.345569718965405670e+00
-6.536036945654064567e+00
-6.227919061441962612e+00
-4.528664670168224049e+00
-2.030847333010762590e+00
3.944800210215295699e-01
1.901543578083521702e+00
1.964791647083288240e+00
5.621680051991573279e-01
-1.817196531882233401e+00
-4.343556562695786383e+00
-6.135905589354356593e+00
-6.569205565138698688e+00
-5.492353682236732482e+00
-3.280875793863214263e+00
-7.059709238422511302e-01
1.334425600215556340e+00
2.128775211345663720e+00
1.400067839540354964e+00
-5.975775765738753353e-01
-3.167530877159557612e+00
-5.413583473786165001e+00
-6.552479255649780399e+00
-6.187056071671157120e+00
-4.444746352555843494e+00
-1.933138155885198994e+00
4.719063631347757415e-01
1.931686535113541048e+00
1.937139597295578497e+00
4.863639271262365504e-01
-1.914717813221455067e+00
-4.428786876853115118e+00
-6.179122941176942163e+00
-6.555338956307897647e+00
-5.426238754677781273e+00
-3.185568517460217297e+00
-6.147073887736376197e-01
1.389819460023316466e+00
2.128982137133418995e+00
1.345015670982036671e+00
-6.886907372159587482e-01
-3.262931535375830361e+00
-5.480002974766284396e+00
-6.566755416951053803e+00
-6.144210429924132910e+00
-4.359720281248515406e+00
-1.835582425453219146e+00
5.479715689613717799e-01
1.959735329375086543e+00
1.907390646492215680e+00
4.091914529221138963e-01
-2.012401791002307760e+00
-4.512917451342804753e+00
-6.220361624633317099e+00
-6.539304762788144210e+00
-5.358523218447452052e+00
-3.089785781673584975e+00
-5.242593484829645156e-01
1.443391254823030323e+00
2.126995828454241177e+00
1.288163935572982144e+00
-7.805822420055956723e-01
-3.357817886481747394e+00
-5.544794869450333508e+00
-6.578858260804334002e+00
-6.099403651077388133e+00
-4.273629151963676875e+00
-1.738229129182281341e+00
6.226374424690930276e-01
1.985675876207076307e+00
1.875559733065328416e+00
3.306893346318307003e-01
-2.110199413358113674e+00
-4.595906040119837499e+00
-6.259600931778638966e+00
-6.521111036126300498e+00
-5.289241076803209651e+00
-2.993575683664105203e+00
-4.346722213214750941e-01
1.495114083616238432e+00
2.231328548997979944e+00
1.315828504689918521e+00
-8.392331686592211515e-01
-3.482331227453081546e+00
-5.691749631242421614e+00
-6.697007551265789616e+00
-6.147545784245965983e+00
-4.234975732034198970e+00
-1.626259594440576883e+00
7.688764452782081982e-01
2.115187058436054812e+00
1.943179225866865423e+00
3.128364876569285080e-01
-2.207298854768702689e+00
-4.738391011913352102e+00
-6.397783272144896394e+00
-6.606803021118224706e+00
-5.292559714814744964e+00
-2.913363680557961466e+00
-2.989015585583949530e-01
1.639096695885014832e+00
2.224801417073557275e+00
1.253962356065316808e+00
-9.348640222181501258e-01
-3.578377856119889344e+00
-5.754718113753480857e+00
-6.704939163774258581e+00
-6.097674570168654995e+00
-4.144693062008623308e+00
-1.527049349611559581e+00
8.424171096022083915e-01
2.137412627625887573e+00
1.906339074264850275e+00
2.297777204058242262e-01
-2.307611516583075950e+00
-4.820975971922512926e+00
-6.433841037993174083e+00
-6.583759325628949277e+00
-5.218450485256212801e+00
-2.814032704829986020e+00
-2.089880939284478600e-01
1.688237519656962338e+00
2.216032935170687779e+00
1.190342362879108773e+00
-1.031149604369041128e+00
-3.673751776767248955e+00
-5.815921042162655041e+00
-6.710628070068031192e+00
-6.045865586905526889e+00
-4.053453309609681199e+00
-1.428196468376960793e+00
9.144105862089744186e-01
2.157440728990246193e+00
1.867417488084760713e+00
1.454794014123530488e-01
-2.407889583839400771e+00
-4.902264255082954492e+00
-6.467792229154806449e+00
-6.558533774203734623e+00
-5.142844987602479989e+00
-2.714412835883908581e+00
-1.200938554277883874e-01
1.735406428228110531e+00
2.205027506369793500e+00
1.125000471817889203e+00
-1.128041565447539529e+00
-3.768405097520054259e+00
-5.875327683508585253e+00
-6.714071413471147665e+00
-5.992144850261933442e+00
-3.961302290746157251e+00
-1.329750589567118890e+00
9.848207236797223985e-01
2.175261305447377502e+00
1.826434011744308528e+00
5.998386095451913036e-02
-2.508082702053143986e+00
-4.982215042601774613e+00
-6.499619797088683093e+00
-6.531139033816494077e+00
-5.065781187043408629e+00
-2.614554097691577095e+00
-3.226348116880872752e-02
1.780579735799722840e+00
2.191790657030819212e+00
1.057969494216918882e+00
-1.225491251296506157e+00
-3.862290288351267087e+00
-5.932908206833367615e+00
-6.715267464913730500e+00
-5.936539336027478519e+00
-3.868286278917143495e+00
-1.231761147635823894e+00
1.053612165666550471e+00
2.190865408420744842e+00
1.783409225036403534e+00
-2.666596950731348059e-02
-2.608140559396045166e+00
-5.060788187307572628e+00
-3.208585004216619296e+00
