4.222581705326318158e+00
4.566622224584807377e+00
4.894723775654215459e+00
5.198149196397204186e+00
5.468728304327568068e+00
5.699080038508775203e+00
5.882816523708689793e+00
6.014723332172179582e+00
6.090910757592601144e+00
6.108931607114918449e+00
6.067861845173379898e+00
5.968341368115030576e+00
5.812573227536802278e+00
5.604280726447511185e+00
5.348622956517671057e+00
5.052070495693344654e+00
4.722244111183946380e+00
4.367720381002586194e+00
3.997809126339776586e+00
3.622308407305555367e+00
3.251243548840103692e+00
2.894597208240479169e+00
2.562037851466517857e+00
2.262654157869597338e+00
2.004702813517110993e+00
1.795376879156801220e+00
1.640601433640842988e+00
1.544862507216755443e+00
1.511074447628204087e+00
1.540489827510688858e+00
1.632654831590214073e+00
1.785411788901918761e+00
1.994949174717105089e+00
2.255898038042135401e+00
2.561472454105091057e+00
2.903650298360036519e+00
3.273389429628437153e+00
3.660873293412576057e+00
4.055779047169717266e+00
4.447560597903240875e+00
4.825738453650131099e+00
5.180188042591961306e+00
5.501418157529155195e+00
5.780831442415049537e+00
6.010959346477813270e+00
6.185664716927259832e+00
6.300306162199314386e+00
6.351859465604135835e+00
6.338992531126187657e+00
6.262089432143132406e+00
6.123220663188817525e+00
5.926065712629191573e+00
5.675793174283807474e+00
5.378903393777176412e+00
5.043039495714007892e+00
4.676773245778222510e+00
4.289372560337263884e+00
3.890557594533532004e+00
3.490252235788669832e+00
3.098337527337446495e+00
2.724413074931515855e+00
2.377571881483052429e+00
2.066193342995817694e+00
1.797758358588658290e+00
1.578689690478817020e+00
1.414219886898738121e+00
1.308288279371343510e+00
1.263467809109304785e+00
1.280921744924959693e+00
1.360389741983389911e+00
1.500202167683974075e+00
1.697321194367841901e+00
1.947406830888248175e+00
2.244905835158752527e+00
2.583161313135319936e+00
2.954540758920828125e+00
3.350580315905235196e+00
3.762143127982132462e+00
4.179589788900544001e+00
4.592959070983408942e+00
4.992157304413820995e+00
5.367154966095355917e+00
5.708189202088536085e+00
6.005971127337347504e+00
6.251896796313964444e+00
6.438259958645618397e+00
6.558464560384535957e+00
6.607259000099132251e+00
6.580979541391458909e+00
6.477784972538808361e+00
6.297872089797627027e+00
6.043660156102323100e+00
5.719931234914048979e+00
5.333912451234024132e+00
4.895285936997368914e+00
4.416112632469775257e+00
3.910657393790031744e+00
3.395105141341960397e+00
2.887161188739820084e+00
2.405533488295590772e+00
1.969300323694453070e+00
1.597173900131563240e+00
1.306678151803986498e+00
1.113267615446250414e+00
1.029422988126968974e+00
1.063767448395632975e+00
1.220255298554328682e+00
1.497490204593058927e+00
1.888233422633917913e+00
2.379162043733331622e+00
2.950932653410629936e+00
3.578596218936424656e+00
4.232395055544257545e+00
4.878952295932778682e+00
5.482838757206797808e+00
6.008472365325143727e+00
6.422272859803088707e+00
6.694961483128329505e+00
6.803864466837965530e+00
6.735053541937825905e+00
6.485139893353474072e+00
6.062533424917201152e+00
5.487990037733423421e+00
4.794298224930166441e+00
4.025003814872477825e+00
3.232137671234331933e+00
2.472993083132677405e+00
1.806092697333126829e+00
1.286582108037548355e+00
9.613795069085955269e-01
8.644874463881535576e-01
1.012922445364477397e+00
1.403730026495336070e+00
2.012517893028462623e+00
2.793852864044152895e+00
3.683727383384514553e+00
4.604114585481451805e+00
5.469409651657363369e+00
6.194319047179213555e+00
6.702533679228018570e+00
6.935336506502425280e+00
6.859180029435093751e+00
6.471251776914882292e+00
5.802146361104669303e+00
4.914989083127001557e+00
3.900701133217208572e+00
2.869535075993729478e+00
1.939498598835646348e+00
1.222766158679324811e+00
8.115840786991919131e-01
7.654350962115281654e-01
1.101282288203011994e+00
1.788518431772523343e+00
2.749794021418060730e+00
3.868211862465941397e+00
5.000525496133029435e+00
5.995067165288336497e+00
6.712290260354166982e+00
7.045183177490207171e+00
6.936526652366453050e+00
6.390119533145316666e+00
5.473725105698322935e+00
4.312553600141652232e+00
3.073478367046208692e+00
1.941693026954205425e+00
1.092914381045548833e+00
6.652664602486519918e-01
7.354202809394525531e-01
1.303263208188937483e+00
2.288297763299274923e+00
3.539226447217113769e+00
4.856008079129154886e+00
6.021423224962788368e+00
6.837268571614233181e+00
7.159103428954091797e+00
6.923291487252919651e+00
6.161047609405274628e+00
4.996232076656960785e+00
3.626431720906140299e+00
2.289944822314720962e+00
1.224158619078239418e+00
6.226875228187997990e-01
5.991624741422105771e-01
1.164638695946141667e+00
2.223288189233856293e+00
3.587754621521181519e+00
5.011870403224656378e+00
6.235069120937275500e+00
7.030437421288340261e+00
7.247436774059693221e+00
6.841111370328324170e+00
5.881980360163762356e+00
4.544370460183507987e+00
3.075016133391183182e+00
1.747559444767629699e+00
8.113753345632570557e-01
4.443682335354837143e-01
7.187679661595578473e-01
1.586587066202103102e+00
2.887721198066625306e+00
4.379375164982982405e+00
5.781404053889581895e+00
6.829066317238330797e+00
7.323199972972526339e+00
7.168254375284806912e+00
6.390870077401264560e+00
5.135373405285077908e+00
3.636940104896877024e+00
2.177442968906551535e+00
1.032313151900484005e+00
4.184762287435122019e-01
4.532383446327212795e-01
1.131929718550945374e+00
2.328557947413302465e+00
3.819361677188031656e+00
5.324818544594773329e+00
6.562174689048021037e+00
7.298586292617576632e+00
7.394866087056213289e+00
6.831620378744872824e+00
5.712897327645746870e+00
4.246707672521541355e+00
2.706120807720846955e+00
1.378264788463669621e+00
5.107922275395253564e-01
2.658059675414095047e-01
6.898009992354432462e-01
1.705154968759972967e+00
3.124665187825732104e+00
4.686344557967991875e+00
6.101950605648751136e+00
7.110219376419660620e+00
7.524961335528257855e+00
7.269184535297648964e+00
6.389037904078871399e+00
5.045115182468771664e+00
3.482828124896647282e+00
1.987377503775606069e+00
8.316265947759777788e-01
2.264178934764888851e-01
2.823607072967320164e-01
9.899671276190602498e-01
2.221635158881231753e+00
3.754996836183874365e+00
5.313293682708760457e+00
6.615407693553274626e+00
7.426501721086411933e+00
7.600194300104414324e+00
7.104793918601436609e+00
6.029032240481954297e+00
4.566423404044129164e+00
2.980618966763255884e+00
1.555955163099738137e+00
5.457364408192098004e-01
1.277457583206991210e-01
3.735803568081412784e-01
1.236972515371904890e+00
2.562931835913305978e+00
4.115889327052773439e+00
5.621717580992783958e+00
6.816129628893596859e+00
7.490927850875422678e+00
7.530045901673494413e+00
6.929197102137544917e+00
5.795866137179884525e+00
4.329834142914796402e+00
2.787804230229305347e+00
1.438412123699245093e+00
5.155048561745392277e-01
1.777891521396668395e-01
4.817710131163432941e-01
1.372550654617663568e+00
2.693924169683078240e+00
4.215897192683517147e+00
5.674735054187710404e+00
6.818578625833553453e+00
7.450767823845916737e+00
7.463472255049008908e+00
6.855936515450848923e+00
5.734303116606898953e+00
4.293122165276604285e+00
2.781761693299845462e+00
1.461477483087732843e+00
5.604663624987575865e-01
2.345579069762533386e-01
5.402463630441416420e-01
1.424677471710951160e+00
2.734365939370884568e+00
4.241320916008818109e+00
5.682270110659747964e+00
6.804362213704342466e+00
7.409510212462731005e+00
7.389640180657478297e+00
6.746547958227647079e+00
5.592629473343922797e+00
4.132028521434500057e+00
2.625189548057811351e+00
1.342814004235656888e+00
5.172515148728025203e-01
3.000167490521477021e-01
7.332427474183300653e-01
1.740563453056290566e+00
3.139527859487410755e+00
4.673761887691091133e+00
6.059404776948223770e+00
7.037542839747857215e+00
7.423001278488616350e+00
7.140248104220587422e+00
6.239312134679769528e+00
4.888187065401842446e+00
3.342566536569446356e+00
1.898127761738787722e+00
8.341109263331709656e-01
3.589072286227015240e-01
5.683185198301150542e-01
1.425007720494841923e+00
2.763753156593567795e+00
4.322150314769504398e+00
5.791317691665041067e+00
6.876976775637325900e+00
7.358875626260854119e+00
7.136477140129454000e+00
6.251249095021827351e+00
4.880383175062306123e+00
3.302494906028760280e+00
1.841677822331486691e+00
8.009898228901239925e-01
3.990012371602795760e-01
7.228034176502218244e-01
1.707797960622743805e+00
3.149201553995200964e+00
4.743573516307335147e+00
6.152183463645064521e+00
7.073098200397801349e+00
7.306615824904667988e+00
6.799705573331737973e+00
5.659318782227365396e+00
4.131004722578351718e+00
2.546820181970381292e+00
1.253412842447683140e+00
5.358201703190244025e-01
5.538367110045290254e-01
1.305361524272784735e+00
2.625382873497293712e+00
4.221401145195414095e+00
5.737867944553850741e+00
6.835503613176433291e+00
7.267729446235902557e+00
6.936825597410301469e+00
5.916805351778867461e+00
4.437450155900569904e+00
2.832804226126833580e+00
1.465643341535044719e+00
6.450792175154678176e-01
5.561793302561546248e-01
1.217820105305873923e+00
2.478528888945023212e+00
4.051296490736605804e+00
5.579310780611198339e+00
6.717402401398572032e+00
7.210399088923955091e+00
6.950400662752715952e+00
6.000003483937289772e+00
4.576508702137409124e+00
3.001224130114047650e+00
1.625959374641109179e+00
7.538500265788345978e-01
5.725979080372551877e-01
1.114947117391564380e+00
2.254605536271067745e+00
3.737516010203943306e+00
5.240378864146555848e+00
6.442482425779269661e+00
7.094479942893531899e+00
7.069162659322184794e+00
6.384000878091390163e+00
5.191989452305874941e+00
3.744470520958592896e+00
2.335464998848657103e+00
1.240388177808319004e+00
6.622917871463562811e-01
6.961569890405656658e-01
1.317096026648259866e+00
2.392829133659294172e+00
3.715776665773212972e+00
5.046593095647004645e+00
6.159597446244057473e+00
6.881053346705487073e+00
7.113790925149539035e+00
6.845567465045808930e+00
6.142049883686715894e+00
5.127998730063900723e+00
3.961724967501970340e+00
2.808130175654767413e+00
1.814858326847420322e+00
1.094667299138933458e+00
7.154868165551793169e-01
6.981188240150122404e-01
1.020390603913992056e+00
1.625893114189502331e+00
2.435216744044600645e+00
3.357745938458993606e+00
4.302467068269772987e+00
5.186751196628382132e+00
5.942586082794917957e+00
6.520173497716200472e+00
6.889137084984982451e+00
7.037791048032683960e+00
6.971011197297012352e+00
6.707250517983775140e+00
6.275179528480258284e+00
5.710335167866886330e+00
5.052109433943682504e+00
4.341251446829941685e+00
3.617750187112507287e+00
2.919101853032822991e+00
2.278947589534165985e+00
1.726050783131724664e+00
1.283578220440153128e+00
9.686492546018725669e-01
7.921198320209823507e-01
7.585723789869462941e-01
8.664870997432787547e-01
1.108574473686745776e+00
1.472252183961030081e+00
1.940252074716293684e+00
2.491343875173096301e+00
3.101162312145850475e+00
3.743122915248307425e+00
4.389409432757028995e+00
5.012012520532055149e+00
5.583795502761534912e+00
6.079558849950988275e+00
6.477070945666026702e+00
6.758029129754001829e+00
6.908912350462152574e+00
6.921685477699556444e+00
6.794315854377856567e+00
6.531065374145801350e+00
6.142526570315236967e+00
5.645379058948631901e+00
5.061853215288997454e+00
4.418900998090858678e+00
3.747088969552325288e+00
3.079245150532506248e+00
2.448908526986629752e+00
1.888646696760275301e+00
1.428322062997176900e+00
1.093398794890690695e+00
9.033901447988084144e-01
8.705474090128126896e-01
9.988868732697082642e-01
1.283638900741578048e+00
1.711183810639349545e+00
2.259512870658369366e+00
2.899220752579745319e+00
3.594999999293766013e+00
4.307570834796302428e+00
4.995943879833683710e+00
5.619882123202925683e+00
6.142404929151893178e+00
6.532163694839390189e+00
6.765518124834647651e+00
6.828155142196523641e+00
6.716119219938128104e+00
6.436162103213062480e+00
6.005363553779723418e+00
5.449972637255177332e+00
4.803593344256511521e+00
4.104955277466864949e+00
3.395450004137527955e+00
2.716612261148759977e+00
2.107708823445793023e+00
1.603570385530793008e+00
1.232767956710174140e+00
1.016199465821709058e+00
9.661183754276048141e-01
1.085607119597542969e+00
1.368476104055762921e+00
1.799554821163474205e+00
2.355302921538564576e+00
3.004641329168201480e+00
3.710161637500764886e+00
4.429763965200057996e+00
5.118712675599448758e+00
5.732073085885467378e+00
6.227452627019995468e+00
6.567924856594620664e+00
6.724967714516480122e+00
6.681203250513301661e+00
6.432690805515116850e+00
5.990506275373058465e+00
5.381343900506064593e+00
4.646910663984384016e+00
3.841951696556753948e+00
3.030849778491490731e+00
2.282880278966488596e+00
1.666366227895202279e+00
1.242151977713078725e+00
3.871672241046575813e+00
