3.462810152703275079e-01
1.349990176752269067e+00
1.959875271582800726e+00
2.072115761836994530e+00
1.670160607877554826e+00
8.270859101976568706e-01
-3.076697867269287956e-01
-1.534788137304317956e+00
-2.640079459150405761e+00
-3.431868338466657953e+00
-3.774231022226196330e+00
-3.610321500807962991e+00
-2.971784638933691269e+00
-1.972702403337116106e+00
-7.892225674696612403e-01
3.714942374028151750e-01
1.307535403670022633e+00
1.857358352231873733e+00
1.927664624652216885e+00
1.509217333177144349e+00
6.779229574578753414e-01
-4.189185410257670328e-01
-1.588707816930571060e+00
-2.627362957272898925e+00
-3.354921832872803655e+00
-3.646719432855090481e+00
-3.454739587741598505e+00
-2.815485819394728750e+00
-1.843086829260953685e+00
-7.089314558827191082e-01
3.885347508629182212e-01
1.258529385606773188e+00
1.751095347174623340e+00
1.782941581440748324e+00
1.351510745570535077e+00
5.349008642190034024e-01
-5.222535222038218183e-01
-1.634391286689873768e+00
-2.607592215156721682e+00
-3.273386836013381540e+00
-3.517914468948261764e+00
-3.301383935459804242e+00
-2.664512835551307468e+00
-1.720910165381101864e+00
-6.368210456656594465e-01
3.981569205808084266e-01
1.204228328378596613e+00
1.642628690996944973e+00
1.639504005767454808e+00
1.198333403556651744e+00
3.988088741124387049e-01
-6.175425677914911926e-01
-1.672403095385621263e+00
-2.581944193540675947e+00
-3.188856509718684507e+00
-3.389549603613211559e+00
-3.151819998751093088e+00
-2.519976606466261870e+00
-1.606615910679731529e+00
-5.725682864331407274e-01
4.014147493861819349e-01
1.146249314223025229e+00
1.533864511213053783e+00
1.499212711511691110e+00
1.051164122641713661e+00
2.704650084357482775e-01
-7.047975763470759603e-01
-1.703610657911415416e+00
-2.552014565454755690e+00
-3.103392348915658516e+00
-3.263796969957131644e+00
-3.007943077407871257e+00
-2.383144167188734563e+00
-1.500591727217194915e+00
-5.155793091189608823e-01
3.998131122911718904e-01
1.086771313606737843e+00
1.427288882854942154e+00
1.364424747387176007e+00
9.118012682432838911e-01
1.507631007030065806e-01
-7.842259840711419683e-01
-1.729329171978581048e+00
-2.520033862556606330e+00
-3.019775487878344045e+00
-3.143509814820484749e+00
-2.872167563359574238e+00
-2.255538005292198722e+00
-1.403156775141270352e+00
-4.648619195077322575e-01
3.955323163159132349e-01
1.028820658008775757e+00
1.326265404326153918e+00
1.238249818201343944e+00
7.825297148704553063e-01
4.071587519388664145e-02
-8.563252445852932437e-01
-1.751543155776872585e+00
-2.489182145699767368e+00
-2.941862158825121476e+00
-3.032556536158916849e+00
-2.747678219359217522e+00
-2.139055205544875271e+00
-1.314520778461440775e+00
-4.188241377153268385e-01
3.917616248338404716e-01
9.766829758109614179e-01
1.235455134465889282e+00
1.124902910922817467e+00
6.663392637162217635e-01
-5.850687206625160286e-02
-9.220407310078266860e-01
-1.773241755432580113e+00
-2.464050168172522426e+00
-2.875093934666279161e+00
-2.936290562721056929e+00
-2.638773048219581252e+00
-2.036115184493575203e+00
-1.234700205079127588e+00
-3.749622467879366594e-01
3.931946921690665508e-01
9.365021973535976318e-01
1.161416590553840278e+00
1.030197350842594339e+00
5.672166062739394388e-01
-1.455501495606189577e-01
-9.830197722557074691e-01
-1.798917810064277756e+00
-2.451286614886075910e+00
-2.827150685967787958e+00
-2.862055854627489460e+00
-2.551106716695366927e+00
-1.949614318748876807e+00
-1.163276088400936548e+00
-3.296277827001116156e-01
4.059824938414244855e-01
9.157064703101847059e-01
1.111391052733191609e+00
9.598075410264024221e-01
4.882861212705045251e-01
-2.201989029151169008e-01
-1.041611967246488302e+00
-1.832547769388512826e+00
-2.455242315309687839e+00
-2.801545751436854470e+00
-2.811689151696078692e+00
-2.484591322578935113e+00
-1.877929391044314444e+00
-1.097980634401943156e+00
-2.810221761838248566e-01
4.304594133421211222e-01
9.125991245892590698e-01
1.081701286270118079e+00
9.087582604121395846e-01
4.244229501236904678e-01
-2.864170385635446126e-01
-1.099504729091278943e+00
-1.872917860856688099e+00
-2.471823644910549955e+00
-2.791969368863285617e+00
-2.777818861947148665e+00
-2.432181362883702569e+00
-1.815663922867722935e+00
-1.036052264644501841e+00
-2.294790304492126953e-01
4.633327200213639419e-01
9.216075765994919955e-01
1.065561033288453974e+00
8.702832340284698542e-01
3.700481287594634683e-01
-3.476974363580940253e-01
-1.157611548039721550e+00
-1.918334504135894791e+00
-2.497149155451356961e+00
-2.793124385645651131e+00
-2.754707666709705904e+00
-2.388701372934793454e+00
-1.759060220174112565e+00
-9.757218922244639270e-01
-1.754203419261058938e-01
5.021713468552462256e-01
9.388077746067904350e-01
1.058298418468967883e+00
8.397981206753706296e-01
3.214431036994138680e-01
-4.063018161373769810e-01
-1.216424993058217163e+00
-1.967526763623332897e+00
-2.528490902675777807e+00
-2.801365518784105557e+00
-2.738461698270290512e+00
-2.350685895443959339e+00
-1.705650403496299372e+00
-9.158888714907025275e-01
-1.192299778713358238e-01
5.452490120166273435e-01
9.614948018238800298e-01
1.056741719332964902e+00
8.142291656130038469e-01
2.761506149286143685e-01
-4.636847548605595448e-01
-1.276202059308838788e+00
-2.019573595097388541e+00
-2.563969068502491844e+00
-2.814225104081757856e+00
-2.726476631982992060e+00
-2.315844107989509126e+00
-1.653829573611098613e+00
-8.558696299011570030e-01
-6.121144043818527170e-02
5.913809172628119448e-01
9.878523448988874023e-01
1.058786307563831075e+00
7.915563431062919708e-01
2.325726909545675625e-01
-5.207756100947963374e-01
-1.337084561777738934e+00
-2.073850810593956595e+00
-2.602343592421744400e+00
-2.830092814391317546e+00
-2.717065523243320513e+00
-2.282701363548794937e+00
-1.602570795180191521e+00
-7.952302043087555727e-01
-1.559835000913611935e-03
6.398151711770194705e-01
1.016733192053476342e+00
1.063107160494619619e+00
7.705098708441111555e-01
1.897029402893493089e-01
-5.781675932526159079e-01
-1.399182326966761369e+00
-2.130000431380412174e+00
-2.642881232731783214e+00
-2.848008402686406537e+00
-2.709215978887291154e+00
-2.250363188564620920e+00
-1.551234671822156796e+00
-7.336702554830345502e-01
5.966489941499308891e-02
6.901712337815646414e-01
1.047524779177257059e+00
1.068977991897427371e+00
7.503753769297127896e-01
1.469504339500129486e-01
-6.362476555274054757e-01
-1.462638663254944182e+00
-2.187925231302779494e+00
-2.685284600014941958e+00
-2.867540853707660986e+00
-2.702441996603383689e+00
-2.218365056621130371e+00
-1.499440935855726797e+00
-6.709359543173556428e-01
1.225708426736797918e-01
7.424134370021322482e-01
1.080067043878313093e+00
1.076146171193386847e+00
7.308472511246395520e-01
1.039998422492283137e-01
-6.952975578997828698e-01
-1.527662178479781474e+00
-2.247729099322195445e+00
-2.729534272526067173e+00
-2.888546783448950883e+00
-2.696497220929968908e+00
-2.186401329245194702e+00
-1.446886534824775250e+00
-6.067958393943473361e-01
1.872568276342216897e-01
7.964704711721322106e-01
1.114116360614599399e+00
1.084233374090658897e+00
7.114849739100812531e-01
6.044192233755052435e-02
-7.556010069134134755e-01
-1.594337843752672512e+00
-2.309264307618231093e+00
-2.775264870338137513e+00
-2.910505748400852077e+00
-2.690803417318460511e+00
-2.153946171201643889e+00
-1.393196955275514792e+00
-5.410941510272073707e-01
2.536364057862885435e-01
8.520367957975543138e-01
1.149210640062599209e+00
1.092708312903121870e+00
6.917818027974382833e-01
1.587656299093564982e-02
-8.173950711537658620e-01
-1.662716513714247890e+00
-2.372405913752386297e+00
-2.822213657529728970e+00
-2.933072563171031710e+00
-2.684993854537566893e+00
-2.120667144290559136e+00
-1.338116786194336605e+00
-4.736774739917935517e-01
3.217546255807959277e-01
9.090587966091248084e-01
1.185218585756488308e+00
1.101388570152475044e+00
6.715310932219153983e-01
-2.990366374904041002e-02
-8.808697914890817326e-01
-1.732957891670131367e+00
-2.437274201460479350e+00
-2.870454506959247087e+00
-2.956268488821990559e+00
-2.679031622714468597e+00
-2.086465502283021856e+00
-1.281486066017464509e+00
-4.043323550190826565e-01
3.918613653619711368e-01
9.677957225951900888e-01
1.222373479640924243e+00
1.110442137924686712e+00
6.507987273832234187e-01
-7.696166961960582142e-02
-9.462261651793837380e-01
-1.805387784564248976e+00
-2.504282368078116328e+00
-2.920429426975315046e+00
-2.980492264928040314e+00
-2.673198088400297046e+00
-2.051442628119488631e+00
-1.223188213195559815e+00
-3.327210042164143733e-01
4.644794033650534448e-01
1.028881858790412718e+00
1.261319853088944010e+00
1.120410480362786343e+00
6.299173476862900412e-01
-1.252516712549400779e-01
-1.013738648469799664e+00
-1.880579389469649643e+00
-2.574225002374966209e+00
-2.973030481810935655e+00
-3.006581635879220116e+00
-2.668122402543687599e+00
-2.015890268184736822e+00
-1.163099719327701287e+00
-2.582959084718845499e-01
5.405130498980603715e-01
1.093441694099367201e+00
1.303216084725828727e+00
1.132280173345024510e+00
6.095126170422575651e-01
-1.746459442295432707e-01
-1.083833922826294982e+00
-1.959473960092168232e+00
-2.648422530453838242e+00
-3.029744488696077376e+00
-3.035933117114328894e+00
-2.664853821113315036e+00
-1.980299718372239948e+00
-1.101030577118945253e+00
-1.801776182199587018e-01
6.214154441832213660e-01
1.163275661600761124e+00
1.349906996318981589e+00
1.147611110813709479e+00
5.905617079717040419e-01
-2.249605831365800723e-01
-1.157201378824860516e+00
-2.043561475700130359e+00
-2.728944185177711645e+00
-3.092881214798671508e+00
-3.070695214496145020e+00
-2.664983595597706589e+00
-1.945386606749448299e+00
-1.036641977790386582e+00
-9.697389513686482942e-02
7.094413515050617125e-01
1.241143655538868407e+00
1.404186775587894287e+00
1.168726202641855449e+00
5.744698647699344463e-01
-2.760042301051188751e-01
-1.234941448855861434e+00
-2.135065734403061022e+00
-2.818744603847493480e+00
-3.165581459006049592e+00
-3.113607469135847516e+00
-2.670344394095844009e+00
-1.911764647467781852e+00
-9.692817894102442322e-01
-6.996881317066661055e-03
8.068618588250811019e-01
1.329337597754958411e+00
1.467846022912226767e+00
1.196573190114469165e+00
5.612670332591636058e-01
-3.284638975473591627e-01
-1.318050743213056819e+00
-2.234806603095038646e+00
-2.918051235962576762e+00
-3.247264732160934919e+00
-3.163338624134255817e+00
-2.679178436895283788e+00
-1.877757360525224684e+00
-8.979067830004170414e-01
8.972485123885343139e-02
9.123833516711226110e-01
1.425418765723205583e+00
1.537712431450511508e+00
1.227852553704373628e+00
5.481879509394256278e-01
-3.840030169145753347e-01
-1.406741053386117768e+00
-2.341484506949806033e+00
-3.024291092230726896e+00
-3.334565095846143024e+00
-3.216350258857283428e+00
-2.688409769190665877e+00
-1.841279342203878455e+00
-8.217500883917139287e-01
1.925609690102814131e-01
1.024148641653541025e+00
1.526677795021269768e+00
1.610728640750103358e+00
1.259700487885959896e+00
5.330465773318977529e-01
-4.437836689806849422e-01
-1.500995731881705986e+00
-2.453958907560184421e+00
-3.135445561088845423e+00
-3.424972040152966635e+00
-3.270093962377522701e+00
-2.695892860109353251e+00
-1.800940248341310834e+00
-7.403835786246948381e-01
3.009450098635158000e-01
1.140737054746210566e+00
1.631121388396536753e+00
1.684697043672288119e+00
1.290103013341991067e+00
5.143524741484299945e-01
-5.085374078104871742e-01
-1.600692860159772746e+00
-2.571311029701317530e+00
-3.249990813967366776e+00
-3.516645036497559218e+00
-3.322743725756179600e+00
-2.700131426617206731e+00
-1.755818981499317921e+00
-6.535975081641174356e-01
4.143676173044261724e-01
1.261037020272840037e+00
1.737252166652125007e+00
1.758009081303968157e+00
1.317623520480495580e+00
4.910833530021527782e-01
-5.787109087327653167e-01
-1.705648071241645081e+00
-2.692781460504979574e+00
-3.366745925819481400e+00
-3.608202503703687114e+00
-3.372964767222109472e+00
-2.700067722784539548e+00
-1.705308607360175754e+00
-5.613250096671009715e-01
5.323632945278691242e-01
1.384150564184014387e+00
1.843911195502903277e+00
1.829455773374898397e+00
1.341215353984926972e+00
4.625318124615074300e-01
-6.545603491081076752e-01
-1.815636588022961462e+00
-2.817719441113032630e+00
-3.484761536095974499e+00
-3.698571814917152700e+00
-3.419752492625083740e+00
-2.694938689808527243e+00
-1.649013676655215921e+00
-4.635963868746408312e-01
6.544938706047718213e-01
1.509320224219428352e+00
1.950163527029606270e+00
1.898093512835842711e+00
1.360091924722453216e+00
4.282020147494971507e-01
-7.362114905813312848e-01
-1.930401590683784807e+00
-2.945540352262308481e+00
-3.603236045614377048e+00
-3.786880525846536116e+00
-3.462318695599980956e+00
-2.684177089228126256e+00
-1.586682820431663199e+00
-3.605135520008569960e-01
7.803295327464874198e-01
1.635870706204741731e+00
2.055212265658496129e+00
1.963146648310717834e+00
1.373635269746720011e+00
3.877399530573253372e-01
-8.778235491491759301e-01
