-2.459515411920302874e+00
-1.741464451306736105e+00
-1.557865124255317202e+00
-1.964743284430119141e+00
-2.837940468398868266e+00
-3.911000523175768073e+00
-4.856478584772894180e+00
-5.385861046935120022e+00
-5.337605892695137300e+00
-4.726437724188259359e+00
-3.738854905377301918e+00
-2.676219638353332542e+00
-1.862796967952112359e+00
-1.546804687223044983e+00
-1.824668966927325053e+00
-2.611599366116180931e+00
-3.667462487539693061e+00
-4.670059036679533371e+00
-5.313443720688797889e+00
-5.401285436679784446e+00
-4.906778560472933925e+00
-3.980823094012132302e+00
-2.905977314842280723e+00
-2.010234294397652555e+00
-1.566933609730503774e+00
-1.711350566486027347e+00
-2.399416136664044075e+00
-3.421164519083503386e+00
-4.464804880889466254e+00
-5.211865613717415968e+00
-5.434377448387527565e+00
-5.064439520053356958e+00
-4.214939879209764761e+00
-3.145107367722595360e+00
-2.181406771873307893e+00
-1.617916437544548280e+00
-1.626588632677928414e+00
-2.204777233365728506e+00
-3.176045026349705314e+00
-4.244004361328927111e+00
-5.082761439960759908e+00
-5.436364676985251165e+00
-5.196909876651512050e+00
-4.437467929097898001e+00
-3.389786891755054210e+00
-2.373572754682871988e+00
-1.698929267833165779e+00
-1.571727909613469976e+00
-2.030784944189776731e+00
-2.936016391585984930e+00
-4.011185503131769359e+00
-4.928198082362647447e+00
-5.407222402068950551e+00
-5.302081499384995844e+00
-4.644859872906080156e+00
-3.636112605478943660e+00
-2.583664706969686531e+00
-1.808676478299292789e+00
-1.547639644350877530e+00
-1.880210706981107371e+00
-2.704903534145774557e+00
-3.770058633396442982e+00
-4.750638549656544640e+00
-5.347414759764287595e+00
-5.378278620825148515e+00
-4.833812412276604853e+00
-3.880162818790275914e+00
-2.808340176256004739e+00
-1.945415227872292485e+00
-1.554712207163680304e+00
-1.755454750796225705e+00
-2.486384883836892712e+00
-3.524456649400786734e+00
-4.552899686293228498e+00
-5.257882711869620529e+00
-5.424279669931985737e+00
-5.001315332196944574e+00
-4.118058695707027539e+00
-3.044036689595844614e+00
-2.106987335122705751e+00
-1.592850318021160616e+00
-1.658512975512748566e+00
-2.283937104971970555e+00
-3.278274601633606178e+00
-4.338105188253147837e+00
-5.140024683056237720e+00
-5.439330595573319549e+00
-5.144691634067924291e+00
-4.346016401026243869e+00
-3.287017689257503150e+00
-2.290844521126621736e+00
-1.661474942243788666e+00
-1.590958811691749686e+00
-2.100814655996614988e+00
-3.035462873839523734e+00
-4.109699277314375010e+00
-4.995723138852243395e+00
-5.423164160492516928e+00
-5.261586004932560456e+00
-4.560290778874025008e+00
-3.527942241061590156e+00
-2.625950153440278712e+00
-1.988512797821596845e+00
-1.810151149810451887e+00
-2.145296869205026269e+00
-2.891679509759709887e+00
-3.821533572439802739e+00
-4.651103269300875809e+00
-5.127234893286630069e+00
-5.104631207263274462e+00
-4.590191415755544568e+00
-3.740904911725944526e+00
-2.815941704998189632e+00
-2.097561088777321281e+00
-1.804976213078795189e+00
-2.027461345078877208e+00
-2.697114955312394535e+00
-3.609588119721058863e+00
-4.486448488243788724e+00
-5.060144884773576379e+00
-5.155643395192421430e+00
-4.743825303974578134e+00
-3.950357778195843217e+00
-3.017337467669260587e+00
-2.229417330507201811e+00
-1.826960848834772388e+00
-1.932720789461074951e+00
-2.514407727656859493e+00
-3.394559734116152860e+00
-4.304692755575671548e+00
-4.967204925389825831e+00
-5.180046916753896724e+00
-4.878333530487990899e+00
-4.154111488841639499e+00
-3.228264918368507708e+00
-2.383137673088489450e+00
-1.876428169857782491e+00
-1.862616753736671127e+00
-2.345880937859722515e+00
-3.178846113719746569e+00
-4.107540734847305863e+00
-4.848838935409810702e+00
-5.176774201136396414e+00
-4.991410937195278841e+00
-4.349285572523058363e+00
-3.446148865910510839e+00
-2.557281643551747141e+00
-1.953584713136273576e+00
-1.819020930472262432e+00
-2.194567572034979541e+00
-2.965751395700644721e+00
-3.897553848479782257e+00
-4.706039531811835985e+00
-5.144875356971125413e+00
-5.080377286776160517e+00
-4.532223823310255639e+00
-3.667440648112909152e+00
-2.749498765827644409e+00
-2.058041037887113678e+00
-1.803694909066030583e+00
-2.063920222035118268e+00
-2.759428476021638765e+00
-3.678348976248153157e+00
-4.540774057670352803e+00
-5.084019332026038285e+00
-5.142629551231927998e+00
-4.698764847601228034e+00
-3.887625644567158645e+00
-2.956268381329127060e+00
-2.188357939672160413e+00
-1.817774474602406265e+00
-1.957384732938927119e+00
-2.564668739164978728e+00
-3.454669011295064429e+00
-4.356318913269712212e+00
-4.994997048461883971e+00
-5.176167734795993347e+00
-4.844635509937314843e+00
-4.101365845478161631e+00
-3.172744943522442629e+00
-2.341635122936946090e+00
-1.861218935447287004e+00
-1.877870866217170365e+00
-2.386551454872944511e+00
-3.232318451682062665e+00
-4.157506026655602760e+00
-4.880211645463201187e+00
-5.180187998858942322e+00
-4.965972566914937047e+00
-4.302793274151969882e+00
-3.392731186305902202e+00
-2.513165572285482874e+00
-1.932243254976636404e+00
-1.827127105387208461e+00
-2.229946750466063499e+00
-3.017945591268573757e+00
-3.950854917054331672e+00
-4.744127776853932943e+00
-5.155720855323132845e+00
-5.059962233962714606e+00
-4.630724849994312997e+00
-3.625694648031354994e+00
-2.580044588299576613e+00
-1.813040208813697207e+00
-1.558995883284535644e+00
-1.895653275655066361e+00
-2.720327771020646157e+00
-3.781161469238324635e+00
-4.753992590803277629e+00
-5.341396738236144692e+00
-5.363645637821640832e+00
-4.813758782197247399e+00
-3.859766933595826455e+00
-2.793432213311204393e+00
-1.941053230593622558e+00
-1.563611428141745918e+00
-1.776817523529667486e+00
-2.515567006991040078e+00
-3.553746042167559072e+00
-4.573386207378137058e+00
-5.262034361576580110e+00
-5.408524900491188170e+00
-4.967789481081453573e+00
-4.074793933138026070e+00
-3.003269847240295221e+00
-2.081840250480594179e+00
-1.593230231704270805e+00
-1.687478304162141951e+00
-2.335804564519185611e+00
-3.339339665325974593e+00
-4.390086264325040233e+00
-5.165437168513911992e+00
-5.427244964695711715e+00
-5.095010000676846396e+00
-4.270678479785923187e+00
-3.207395543414989447e+00
-2.231780129585724026e+00
-1.643584656690379786e+00
-1.623572273188385040e+00
-2.177936256466362241e+00
-3.136363757798013463e+00
-4.204356232326069254e+00
-5.053732728528721907e+00
-5.423494862378967163e+00
-5.200041168335616248e+00
-4.452068065733042701e+00
-3.409431989492941462e+00
-2.392482801238935419e+00
-1.713607501879086614e+00
-1.581259482421560003e+00
-2.035968325891346353e+00
-2.937974338098102933e+00
-4.010248390862130918e+00
-4.923633203408918746e+00
-5.397914372845531439e+00
-5.287768294378001777e+00
-4.627221801628465414e+00
-3.619037469850856947e+00
-2.572366357595490260e+00
-1.807877180780948612e+00
-1.559507041501220659e+00
-1.902948942211632133e+00
-2.732723290473991540e+00
-3.794739453003226792e+00
-4.764242986287095860e+00
-5.345185426313665999e+00
-5.360579570034666119e+00
-4.806265051752668604e+00
-3.851787841728943729e+00
-2.788314936450154491e+00
-1.939669225504877970e+00
-1.563724294721342112e+00
-1.774192770445963907e+00
-2.506484426333438265e+00
-3.537800891250659774e+00
-4.555127146465219212e+00
-5.250302994048952954e+00
-5.413277458180608903e+00
-4.995358918085009314e+00
-4.123490938073801182e+00
-3.061462758310188104e+00
-2.129979306255033400e+00
-1.609841545512973537e+00
-1.657447164829555675e+00
-2.257977853104257804e+00
-3.230205407103593718e+00
-4.281299000430391466e+00
-5.095028576219466920e+00
-5.426811910888220680e+00
-5.177089961675044094e+00
-4.421083898435338888e+00
-3.386091660726515684e+00
-2.383191183997106499e+00
-1.713842915775752651e+00
-1.579372783794339430e+00
-2.020448996055738355e+00
-2.904707765718005597e+00
-3.966301389089037510e+00
-4.885613831063791324e+00
-5.385335454239402075e+00
-5.274648919065765718e+00
-4.666572744731719347e+00
-3.703068663612584910e+00
-2.675254177097542652e+00
-1.894777468421025235e+00
-1.599423233886592355e+00
-1.880442970966694993e+00
-2.653829374298916299e+00
-3.684690108306328149e+00
-4.657905071094432081e+00
-5.274148535136571780e+00
-5.342190347665224159e+00
-4.838952900316901840e+00
-3.918208345105507640e+00
-2.864390425012911301e+00
-2.005080769726480749e+00
-1.608974221813293415e+00
-1.801216917949584717e+00
-2.523083507738018927e+00
-3.549317392518311909e+00
-4.558269578867712113e+00
-5.233017422379077743e+00
-5.361463019713681888e+00
-4.903452153795848645e+00
-4.003365880002251131e+00
-2.944128770727376221e+00
-2.057458279205623963e+00
-1.619235655679313712e+00
-1.763474726601022669e+00
-2.442026421519580826e+00
-3.442076267731262185e+00
-4.454764442728836649e+00
-5.172121566239470170e+00
-5.381135584034653085e+00
-5.025695886930757972e+00
-4.218751718416401175e+00
-3.203369681205218367e+00
-2.277002580420824707e+00
-1.703410499585615856e+00
-1.638652811423797040e+00
-2.091545884408574807e+00
-2.927526376406774045e+00
-3.911881516931920100e+00
-4.777700564737354050e+00
-5.298398467687143842e+00
-5.345204324538344487e+00
-4.915733882708883229e+00
-4.128524577793249328e+00
-3.187542637223995445e+00
-2.327793728556936337e+00
-1.756755519179783898e+00
-1.605979047777335689e+00
-1.903476848087428230e+00
-2.571736084475619855e+00
-3.449948846176002615e+00
-4.333790059301045439e+00
-5.022813615894022199e+00
-5.364718789027696388e+00
-5.287232091263355471e+00
-4.811580822177996097e+00
-4.045675039905406223e+00
-3.159280541642179863e+00
-2.346909948254500833e+00
-1.786218940135830158e+00
-1.599956852281063879e+00
-1.829311292718403203e+00
-2.424520412063023933e+00
-3.255208177684668858e+00
-4.138712687522576594e+00
-4.880208274922593681e+00
-5.315718202927505409e+00
-5.348505277987021245e+00
-4.970731769734389793e+00
-4.265499345302812273e+00
-3.388711493111724149e+00
-2.534687844275369972e+00
-1.893101461911601113e+00
-1.606786704394299381e+00
-1.739822830585749491e+00
-2.263054239955168967e+00
-3.060350336192854126e+00
-3.954289920688825788e+00
-4.745606582789424266e+00
-5.257628863893848425e+00
-5.375794655023891977e+00
-5.073382666500330096e+00
-4.417657558312992450e+00
-3.554993579898888534e+00
-2.678249442791048374e+00
-1.983658526201451222e+00
-1.626873457291702518e+00
-1.688022337653373173e+00
-2.153638215128429234e+00
-2.919554781074864547e+00
-3.814161543040945013e+00
-4.636835437792884207e+00
-5.202943332859419456e+00
-5.385314791517338939e+00
-5.142858537667647667e+00
-4.529870543274842731e+00
-3.674209484590786445e+00
-2.830428887399638160e+00
-2.135429142045745188e+00
-1.745439128196910605e+00
-1.748186095089239167e+00
-2.143132530904281019e+00
-2.841554952018137126e+00
-3.686461416962020898e+00
-4.487878190757923491e+00
-5.065572582432745996e+00
-5.289599919118872506e+00
-5.109547604407865151e+00
-4.565890277666115438e+00
-3.780895653699035019e+00
-2.931124147419303938e+00
-2.207709750643464641e+00
-1.773360986906804326e+00
-1.725759178517926262e+00
-2.075590457696472768e+00
-2.744152795187811744e+00
-3.581072418771769961e+00
-4.398138180336568226e+00
-5.011636871292642681e+00
-5.283663012790968949e+00
-5.153112085945637411e+00
-4.649392052343745085e+00
-3.885779295586600401e+00
-3.033924863774489555e+00
-2.285254132589416898e+00
-1.807944967320758822e+00
-1.709155898516530270e+00
-2.010987182677473672e+00
-2.645563765711623994e+00
-3.470327940011214807e+00
-4.300089075261125160e+00
-4.948618630393431417e+00
-5.270443938825244423e+00
-5.193460881936491802e+00
-4.735057656420756267e+00
-3.998150807071654711e+00
-3.148045422522488312e+00
-2.375330485821780968e+00
-1.853143973185673810e+00
-1.698392193755810631e+00
-1.945607472851329067e+00
-2.539283631563001631e+00
-3.346381078814369747e+00
-4.186174419310735750e+00
-4.870737968079147606e+00
-5.246995084545930332e+00
-5.230922757556291991e+00
-4.826273665770830057e+00
-4.123653154063424253e+00
-3.280187226317619498e+00
-2.484354381223427666e+00
-1.913860000477042300e+00
-1.695971059442900941e+00
-1.879161824439033346e+00
-2.422379781414345068e+00
-3.204297458953369482e+00
-4.050453444032020123e+00
-4.772201287338684317e+00
-5.208765261789544354e+00
-5.263027328513937064e+00
-4.923085280788937368e+00
-4.264806948156933508e+00
-3.434845625701259397e+00
-2.617930896173290556e+00
-1.995738824858831251e+00
-1.706502356851489210e+00
-1.814338399106405042e+00
-2.295089297980925203e+00
-3.041793005684615636e+00
-3.888530574896678083e+00
-4.647322953378933974e+00
-5.149865281979764120e+00
-5.284832301498409990e+00
-5.022491521356617916e+00
-4.421193011799240402e+00
-3.614332938095530245e+00
-2.780716293645465242e+00
-2.104913308414849471e+00
-1.736403519830080011e+00
-1.756549258961576321e+00
-2.160687487278662555e+00
-2.859269233580661318e+00
-3.697756875210555183e+00
-4.490846022288950579e+00
-5.063425715649555237e+00
-5.289221092073860042e+00
-5.118595680796802050e+00
-4.589402220982017333e+00
-3.818523584479969646e+00
-2.976007574225814523e+00
-2.247530221703640585e+00
-1.793479239063968667e+00
-1.713673477731652905e+00
-2.025472003403915089e+00
-2.660061734042117987e+00
-3.476116163634237033e+00
