2.842543939065118153e+00
3.290211727536052955e+00
3.421030756633416381e+00
3.185524419187974132e+00
2.646073704267585036e+00
1.960750436848572420e+00
1.337061140566164985e+00
9.691176013739639661e-01
9.772575991663292605e-01
1.368886812723871360e+00
2.033227849409574794e+00
2.772483387210692651e+00
3.360702842281801495e+00
3.612840768272274516e+00
3.442901086470399274e+00
2.892917377722539651e+00
2.123097769719343386e+00
1.365242919343293782e+00
8.529540038684351178e-01
7.496424335281255402e-01
1.096522494600271180e+00
1.797104629273061249e+00
2.643807386981933405e+00
3.379424076202649285e+00
3.775255593344899907e+00
3.702174669471390622e+00
3.172550553694390096e+00
2.339478423682127772e+00
1.452640119521656725e+00
7.834853845520954874e-01
5.421492452793232886e-01
8.115332284945120378e-01
1.519208374182552834e+00
2.456560424570922052e+00
3.340229363723474343e+00
3.897766580174065520e+00
3.951616914717440032e+00
3.475543592734121390e+00
2.605599605317096223e+00
1.601400835434468206e+00
7.686744421675952843e-01
3.661810017480255919e-01
5.253475956260040824e-01
1.207560619375989797e+00
2.212937213804450742e+00
3.238809618715934313e+00
3.970835433301111550e+00
4.179309740652416671e+00
3.791171905126922592e+00
2.915156198399037724e+00
1.811547823267235735e+00
8.148850054941108034e-01
2.325504850445905269e-01
2.499921983648518697e-01
8.717913477704812841e-01
1.917269086416610646e+00
3.072878378574389835e+00
3.986223394743626969e+00
4.373518905625396691e+00
4.107721522782919799e+00
3.259976042335867241e+00
2.080919490687226148e+00
9.266362639961542857e-01
1.511216139485656029e-01
-2.271944281787341424e-03
5.228800674651290503e-01
1.575947946641813147e+00
2.842301803409942984e+00
3.937288369726814619e+00
4.523068904933888135e+00
4.412828844386559091e+00
3.630222045465183456e+00
2.405173251809453294e+00
1.106406077976462177e+00
1.304717347838058039e-01
-2.193264980551767884e-01
1.728529666932971942e-01
1.197289104157371886e+00
2.549168784808316435e+00
3.819241470172374697e+00
4.617708861444199897e+00
4.693845699921285863e+00
4.014646336210947908e+00
2.777851959268596183e+00
1.354489377817026607e+00
1.775843773738468023e-01
-3.895762948628220812e-01
-1.655561716041913378e-01
7.913359105515089809e-01
2.197798445116140531e+00
3.629355429689086421e+00
4.648459312058613513e+00
4.938220133599573458e+00
4.400890248472087762e+00
3.190512483761004603e+00
1.668916281691103176e+00
2.975812705019755811e-01
-5.023228880310206534e-01
-4.792725897231471244e-01
3.696106736042574781e-01
1.794683914839883876e+00
3.367118522349633380e+00
4.607930186259227234e+00
5.133882794031449315e+00
4.775822676901768205e+00
3.632913880787555172e+00
2.045433053235824250e+00
4.935014820260590351e-01
-5.481209445696544336e-01
-7.552651917320254427e-01
-5.518222771208414201e-02
1.348372923447509031e+00
3.034328966384785886e+00
4.490600914998271520e+00
5.269628561125966115e+00
5.125908254788514640e+00
4.093261004567696482e+00
2.477547421312618070e+00
7.661344133169432080e-01
-5.191075656268209215e-01
-9.809390994448863310e-01
-4.694937925903821530e-01
8.692873875634912206e-01
2.635126281120142355e+00
4.293054484143349114e+00
5.335483038603006989e+00
5.437595929577543785e+00
4.558497939031971313e+00
2.956638131566837302e+00
1.113912062417810711e+00
-4.092952064519952415e-01
-1.144525699636798066e+00
-8.593000342730565677e-01
3.694857904202553112e-01
2.175957655883713482e+00
4.014158336609702893e+00
5.323043800306425766e+00
5.697717860520043587e+00
5.014644251247455387e+00
3.472126932989187509e+00
1.532864505720835435e+00
-2.148196865027935942e-01
-1.235459679643022390e+00
-1.210494477477009223e+00
-1.376263194798887923e-01
1.665479047017663472e+00
3.655186306356219994e+00
5.225786791251268326e+00
5.893888152801586955e+00
5.447165862275509696e+00
4.011709557461397679e+00
2.016640965813790487e+00
6.586418062012500130e-02
-1.244732727873551603e+00
-1.509293455444038923e+00
-6.376309505775958897e-01
1.114392413014465344e+00
3.219877208926215761e+00
5.039329033755634235e+00
6.014890768716554703e+00
5.841371282338585935e+00
4.561640643463453770e+00
2.556597155769457785e+00
4.318455728180536912e-01
-1.165213986554248571e+00
-1.742643598907059221e+00
-1.115469308914454061e+00
5.352222304732798808e-01
2.714427304350696346e+00
4.761639743441357098e+00
6.051045968683348875e+00
6.182823009140757442e+00
5.107065927640796588e+00
3.141947782512334530e+00
8.796840761554216570e-01
-9.919279154498528150e-01
-1.898620426229311597e+00
-1.555840940148280449e+00
-5.796364591655311926e-02
2.147415667920221871e+00
4.393193076128284247e+00
5.994544642903946396e+00
6.457752723638836123e+00
5.632393010441006709e+00
3.759980848551682797e+00
1.403402631633662967e+00
-7.222807743527943636e-01
-1.966806022267628684e+00
-1.943618633904130810e+00
-6.498808344910123047e-01
1.529664095599891471e+00
3.937057052187362682e+00
5.839739285971216276e+00
6.653466291236735053e+00
6.121687981025397463e+00
4.396326207043513179e+00
1.994547278465156337e+00
-3.562270963648366262e-01
-1.938630675431813444e+00
-2.264261400697523463e+00
-1.224387836938174434e+00
8.740392495089350788e-01
3.398915635262048873e+00
5.583377366433865063e+00
6.758715914858818508e+00
6.559072641553087557e+00
5.035258034734821919e+00
2.642305576039142956e+00
1.036327407990214056e-01
-1.807652232264009839e+00
-2.504187052941921898e+00
-1.764837421002792173e+00
1.952267858724203720e-01
2.787030584586374093e+00
5.224753154072965700e+00
6.763985960707264766e+00
6.929050494346615352e+00
5.659961162890351005e+00
3.333639964072223627e+00
6.520281527731801585e-01
-1.569710080578831768e+00
-2.650989377414495252e+00
-2.254279792481725941e+00
-4.903998491668382087e-01
2.112200311965265254e+00
4.765731945916501289e+00
6.661531507837426425e+00
7.216511620611362865e+00
6.252487194067199994e+00
4.053229018459958866e+00
1.281019800894680927e+00
-1.222780189233115156e+00
-2.693106056651061841e+00
-2.674983345963507730e+00
-1.164294141046336772e+00
1.388033840851305989e+00
4.210589087555501209e+00
6.444651055669676332e+00
7.405493693881890493e+00
6.792292121040076402e+00
4.782270474096403490e+00
1.979630780210020813e+00
-7.660777709099555466e-01
-2.617556761372181739e+00
-3.005200767243795923e+00
-1.802423643054469338e+00
6.331292065734641650e-01
3.565878735177046011e+00
6.104563988620339110e+00
7.473288973272166125e+00
7.248894250907522263e+00
5.491989134034925613e+00
2.730795678077660327e+00
-1.979193436698434283e-01
-2.402661944255243043e+00
-3.208752507718852343e+00
-2.364849983917678422e+00
-1.212449910417743304e-01
2.844423002114742971e+00
5.631948664618065870e+00
7.391919743968136558e+00
7.584615153871012261e+00
6.145521524083671139e+00
3.506719962419251768e+00
4.671201113193166332e-01
-2.049470232024258820e+00
-3.275159865581719565e+00
-2.832301989816025767e+00
-8.498278010833870688e-01
2.074238153126304329e+00
5.053195106727322639e+00
7.180578388486310359e+00
7.806005644727248338e+00
6.734010866607225587e+00
4.285081960942812351e+00
1.199859577801915878e+00
-1.584868189262623073e+00
-3.220621922127671510e+00
-3.205759524139947914e+00
-1.539304359777911912e+00
1.277093350976346908e+00
4.390161302563647894e+00
6.853522544633306346e+00
7.915400614978358895e+00
7.248046918838211283e+00
5.048874975177806590e+00
1.982102482711303404e+00
-1.021859494534770096e+00
-3.048681494507325951e+00
-3.478415409152973758e+00
-2.175111252943967344e+00
4.702423092167864471e-01
3.656996436916857718e+00
6.417166659970360953e+00
7.909461993345843212e+00
7.675705776650850964e+00
5.781493332279410424e+00
2.797910145026467621e+00
-3.706352151296337105e-01
-2.760562427384376072e+00
-3.642152307580374782e+00
-2.742347451934104008e+00
-3.292959922935403405e-01
2.867528544542352620e+00
5.877844537299505845e+00
7.785056629746153867e+00
8.005343878616375974e+00
6.466364350276620598e+00
3.630878701337183045e+00
3.576158734661269989e-01
-2.358791256726337160e+00
-3.690041017972310655e+00
-3.226729851029302765e+00
-1.104238961447301826e+00
2.036762320986622132e+00
5.243693216908104304e+00
7.540952720766203043e+00
8.226712948645570123e+00
7.087325508189862511e+00
4.463842393415724530e+00
1.149951879700591428e+00
-1.848133616636470578e+00
-3.617198576603545490e+00
-3.615187532616077171e+00
-1.837283117271351962e+00
1.180981306981425227e+00
4.525021047851144118e+00
7.178332740990140515e+00
8.331485537749124148e+00
7.629045381972309414e+00
5.279107151460415537e+00
1.991687524163080258e+00
-1.235794933046918676e+00
-3.421140742895158127e+00
-3.896275242171399533e+00
-2.511475483232082695e+00
3.175103758908139895e-01
3.734262337512437746e+00
6.700949694236746801e+00
8.313569762780774752e+00
8.077411169803124125e+00
6.058804618103193818e+00
2.866616476792160917e+00
-5.313922646404254380e-01
-3.101956358842113737e+00
-4.060500953401405155e+00
-3.110600499751715375e+00
-5.356185814040346216e-01
2.885793268317290661e+00
6.115147723983675121e+00
8.169329277302500358e+00
8.419883760423871877e+00
6.785277563908117315e+00
3.757312673628632638e+00
2.531728486625663965e-01
-2.662392906633050060e+00
-4.100599215474789005e+00
-3.619559816241809003e+00
-1.360039210834223855e+00
1.995678583122591609e+00
5.429804611380744106e+00
7.897739456847134853e+00
8.645821107419738638e+00
7.441473331431526006e+00
4.645475220744373246e+00
1.103906419667799232e+00
-2.107875786100838589e+00
-4.011756447006331605e+00
-4.024735953794750465e+00
-2.137443002243815116e+00
1.081369336911273349e+00
4.656211336199547191e+00
7.500485686795923534e+00
8.746765983204419115e+00
8.011334300001127673e+00
5.512303463001341441e+00
2.004967953418590909e+00
-1.446466365995873193e+00
-3.791786166004523118e+00
-4.314332072610094215e+00
-2.849980926545651272e+00
1.613610651711021582e-01
3.807893869971176848e+00
6.982003205741611040e+00
8.716692275424920311e+00
8.480176378190414255e+00
6.338893139017588219e+00
2.938964111868966889e+00
-6.887601375782526070e-01
-3.441250289355800795e+00
-4.478680106259705695e+00
-3.480665319638193367e+00
-7.451801087954010860e-01
2.900380792749690073e+00
6.349457060459129387e+00
8.552203829750112618e+00
8.835046873755509012e+00
7.106645025514050751e+00
3.887284232491486691e+00
1.522736971992499910e-01
-2.963522891779531321e+00
-4.510509831283723514e+00
-4.013763052500992856e+00
-1.618815693582553283e+00
1.950920867510946621e+00
5.612661439528067397e+00
8.252680462702834063e+00
9.065053363786226726e+00
7.797677250732293786e+00
4.830471129721165546e+00
1.061508887354952302e+00
-2.364793774402775384e+00
-4.405172058999113460e+00
-4.435171081035008456e+00
-2.440249085019970288e+00
9.781557250964900696e-01
4.783938828618214956e+00
7.820366736420893972e+00
9.161655638824026227e+00
8.395232236123735703e+00
5.748619769086817932e+00
2.021931518413444540e+00
-1.654010407747332323e+00
-4.160809981103291477e+00
-4.732765679017522764e+00
-3.190747068245981310e+00
1.753872852647386793e-03
3.877920734535678093e+00
7.260400238642510828e+00
9.118913440481922095e+00
8.884069164890206594e+00
6.621795650678418355e+00
3.014957375464144107e+00
-8.427581323150694637e-01
-3.778473716200173804e+00
-4.896717059809899908e+00
-3.852559441677473551e+00
-9.579867849916405831e-01
2.911293044928596530e+00
6.580777375974589560e+00
8.933683537383648954e+00
9.250833009744692248e+00
7.430464138328629176e+00
4.020791383382032791e+00
5.492014129062283700e-02
-3.262174255834329628e+00
-4.919761686593674632e+00
-4.409327493265595699e+00
-1.880559885834133915e+00
1.902490374548198915e+00
5.792256026402957225e+00
8.605760670142895918e+00
9.484391486320708609e+00
8.155921550500977446e+00
5.018822175192770629e+00
1.022762130881950116e+00
-2.618874267704435432e+00
-4.797425347020402242e+00
-4.846472116245796435e+00
-2.745686295777195696e+00
8.713449623501601238e-01
4.908195775611743805e+00
8.137958021965520317e+00
9.576131829803141926e+00
8.780718603193779614e+00
5.988043924272105301e+00
2.042578349649818659e+00
-1.858414552853723478e+00
-4.528191011808833544e+00
-5.151552612862394298e+00
-3.533755333487312633e+00
-1.613032029971561698e-01
3.944337850047114458e+00
7.536124114177568778e+00
9.520210012190858606e+00
9.289066772908633141e+00
6.907496817286455482e+00
3.094593045102095097e+00
-9.933763440781135934e-01
-4.113606589819490900e+00
-5.314587698046980613e+00
-4.226262011453165712e+00
-1.174027365001645951e+00
2.918528227045440904e+00
6.809094359906392668e+00
9.313745913346288319e+00
9.667218332884552012e+00
7.756716962046687591e+00
4.157827538450328930e+00
-3.888104459978380945e-02
-3.558328912773402131e+00
-5.328330873882403118e+00
-4.806230671558103573e+00
-2.145257588487567091e+00
1.850388718129611698e+00
5.968576906317709430e+00
8.956959013811982118e+00
9.903811207706141317e+00
8.516186133512938738e+00
2.221373473852827907e+00
