-1.529424705826350817e+00
1.349240848582377694e+00
2.645212054401341106e+00
2.031939293209699571e+00
-3.586309874232371797e-01
-3.958626836237589153e+00
-7.895046469162304348e+00
-1.119984451047454854e+01
-1.304916474716024410e+01
-1.297218279425460352e+01
-1.097555488343945385e+01
-7.549275972614644559e+00
-3.549323836480263061e+00
1.559366104112402951e-02
2.240006430238530299e+00
2.554605560300179157e+00
8.749682657614297199e-01
-2.373962060000330609e+00
-6.365359333965882271e+00
-1.008270817488391558e+01
-1.258138402543612244e+01
-1.323095103287433005e+01
-1.187469886145913911e+01
-8.865302715829015412e+00
-4.968822440213421565e+00
-1.164276491493392740e+00
1.606937243616112454e+00
2.675720002048739055e+00
1.804282822307825107e+00
-7.682656057901668945e-01
-4.400427701974398254e+00
-8.218385072766668742e+00
-1.133396693193791549e+01
-1.305327896870010740e+01
-1.302607495940889493e+01
-1.130516126163402291e+01
-8.309839802607957182e+00
-4.710757528509631697e+00
-1.269842721477482783e+00
1.324759473757562311e+00
2.592706179337771921e+00
2.339869859211661129e+00
6.717936257322651983e-01
-2.052308016785630240e+00
-5.308231247388171425e+00
-8.515483742153383773e+00
-1.114305906405487434e+01
-1.279363594296662576e+01
-1.325464195905692044e+01
-1.251252759751867494e+01
-1.073362670976013789e+01
-8.220003507734888970e+00
-5.351229643476807851e+00
-2.523205756288366963e+00
-9.345830581233016687e-02
1.660474523387952317e+00
2.566169662121044581e+00
2.564563055545437287e+00
1.703289817303276443e+00
1.186455212482346866e-01
-1.989605868686211920e+00
-4.386378032515602321e+00
-6.828721732065680783e+00
-9.089831963280301963e+00
-1.097782851939313353e+01
-1.234848564498104651e+01
-1.311188879101695370e+01
-1.323359551612006335e+01
-1.273126008217432314e+01
-1.166786481774035522e+01
-1.014274081685643480e+01
-8.281562542575745312e+00
-6.226020177922666043e+00
-4.123669229333007280e+00
-2.118452165812851895e+00
-3.422614352983748276e-01
1.092190783818694833e+00
2.097017311969493925e+00
2.613207058110626591e+00
2.613031838520702976e+00
2.100805955295728111e+00
1.112036853418200799e+00
-2.889567212104928728e-01
-2.012845066939889183e+00
-3.950353412778258022e+00
-5.978398981027313042e+00
-7.967060963006121099e+00
-9.787099751262285707e+00
-1.131769697192048341e+01
-1.245404681271786984e+01
-1.311439598358368031e+01
-1.324610931789019830e+01
-1.283033598245538442e+01
-1.188487308197128556e+01
-1.046487425900503609e+01
-8.661134750947200089e+00
-6.595803457039427720e+00
-4.415526396276415966e+00
-2.282210517950758355e+00
-3.618040054437798858e-01
1.188293778154552172e+00
2.232370149004292870e+00
2.669082015707991751e+00
2.442554720987522465e+00
1.550720819107213266e+00
4.977947684079886415e-02
-1.946163617697008519e+00
-4.270904241422789127e+00
-6.717582648443431559e+00
-9.055397349647819283e+00
-1.105060221493594241e+01
-1.249016214417725124e+01
-1.320586597786903482e+01
-1.309626609648429962e+01
-1.214362173731492334e+01
-1.042314750102837806e+01
-8.102365886790607874e+00
-5.429249659701783415e+00
-2.709079922944124252e+00
-2.714400178537648145e-01
1.569649125504513520e+00
2.557987850437910993e+00
2.534306489715048905e+00
1.466230421723988542e+00
-5.365015290172543416e-01
-3.614900654010349434e+00
-6.061866245260780772e+00
-8.423120515749168646e+00
-1.034204605473843586e+01
-1.150999680242198409e+01
-1.171935410728988813e+01
-1.090533730347750563e+01
-9.167947785362958513e+00
-6.767714681869238191e+00
-4.092781172275923751e+00
-1.599865714144676154e+00
2.630350648446597717e-01
1.139688641093427712e+00
8.390298028829867860e-01
-6.166277345056689896e-01
-2.981069815013601243e+00
-5.817669864843791672e+00
-8.574726480274634355e+00
-1.069122273766992137e+01
-1.171350319208844937e+01
-1.139854325563211290e+01
-9.779574095328264605e+00
-7.175577016662646024e+00
-4.137060073235797830e+00
-1.334686455078055722e+00
5.882913302496266539e-01
1.167807526107381477e+00
2.385900979397996835e-01
-2.010497567866979196e+00
-5.064470925992780259e+00
-8.193254746898542606e+00
-1.062390945888655835e+01
-1.173424943633634854e+01
-1.121888631145917437e+01
-9.181930693272576605e+00
-6.126634674109475043e+00
-2.838022725083148678e+00
-1.837331923516369869e-01
1.117137217703859875e+00
6.949601784265615478e-01
-1.357525118405660258e+00
-4.496687041460526224e+00
-7.866652663158254732e+00
-1.053133098914828736e+01
-1.173706661693602804e+01
-1.113115242069297750e+01
-8.871037426095423228e+00
-5.588680345582060838e+00
-2.216171867413025076e+00
2.796975444222713492e-01
1.177605576788359976e+00
2.139077641788542650e-01
-2.337167842516828742e+00
-5.740788776491296375e+00
-9.014618820383953235e+00
-1.121504031218092479e+01
-1.171154406807195869e+01
-1.036797021801017138e+01
-7.577705303050793262e+00
-4.144224719928044642e+00
-1.044651314306339174e+00
8.520240643682539528e-01
1.028897011109101811e+00
-5.421405904882377058e-01
-3.406454495214123579e+00
-6.767428252688659995e+00
-9.715445069354551322e+00
-1.147674589588635996e+01
-1.161303068564376062e+01
-1.012132919586700908e+01
-7.414590740369313870e+00
-4.196744204356112284e+00
-1.272294905373414942e+00
6.563996664528737313e-01
1.153038162279854006e+00
1.359988947431043371e-01
-2.122824329699516621e+00
-5.080642801793138652e+00
-8.061478897934527765e+00
-1.041294288385859446e+01
-1.164583610980736950e+01
-1.152817533341365852e+01
-1.011818663545855301e+01
-7.735302683276001900e+00
-4.880924317615078500e+00
-2.129348425284762758e+00
-1.273508692670688447e-02
1.077885342317416395e+00
9.586776657961992854e-01
-3.233049703163430877e-01
-2.509767964376780292e+00
-5.187415182539773184e+00
-7.868272753723315027e+00
-1.007851663518569119e+01
-1.144005180633440943e+01
-1.173153555826329608e+01
-1.091993597329861032e+01
-9.159176904642578165e+00
-6.757983787190378067e+00
-4.123836404309314752e+00
-1.693285413485781987e+00
1.395911739822066622e-01
1.085210460571106594e+00
1.001709434616556926e+00
-8.652775008624313813e-02
-1.996876834940304324e+00
-4.420743380446712223e+00
-6.974271972872062797e+00
-9.259157464153060957e+00
-1.092405080301232800e+01
-1.171732335775318390e+01
-1.152355733092448276e+01
-1.037877665341834010e+01
-8.462702454849573286e+00
-6.069722362147214056e+00
-3.563317746679607545e+00
-1.320979091758933244e+00
3.221407158333420284e-01
1.122573147107416069e+00
9.637845763334569327e-01
-1.276127730998757315e-01
-1.986815104775399021e+00
-4.335996646059048665e+00
-6.825846627212238005e+00
-9.087309145730557702e+00
-1.316301854133816107e+01
-1.443109979900884277e+01
-1.434673589105845259e+01
-1.292283329498282463e+01
-1.036996489121998444e+01
-7.065401453727698566e+00
-3.497697347175428462e+00
-1.948700278596398050e-01
2.353385124298754683e+00
3.768093422928876279e+00
3.837384751941231187e+00
2.548500506324844039e+00
9.055995193681987132e-02
-3.172537041206513031e+00
-6.755315318951391035e+00
-1.012239919448189696e+01
-1.276820362544023979e+01
-1.429287205118019521e+01
-1.446309160798954530e+01
-1.324850752491071049e+01
-1.082796485947459963e+01
-7.564236935830175312e+00
-3.950616409522869077e+00
-5.370483181286136443e-01
2.153280861426798864e+00
3.704331961279269336e+00
3.872234054294754202e+00
2.624700835019079470e+00
1.483320727483103951e-01
-3.177892653354645436e+00
-6.839422380865391560e+00
-1.026495315248953233e+01
-1.291534454238013296e+01
-1.436886957147291888e+01
-1.438929159737243957e+01
-1.296565674668996593e+01
-1.031691146068015996e+01
-6.859890496742349519e+00
-3.145044077424314910e+00
2.304362840737450568e-01
2.718544702989451167e+00
3.910080856616270140e+00
3.603234995215963465e+00
1.839465828036120243e+00
-1.099938009950086837e+00
-4.736915665043179402e+00
-8.473063033275170852e+00
-1.168747027113718140e+01
-1.384010999409047571e+01
-1.456356112945979753e+01
-1.372735384668018099e+01
-1.146342792013208367e+01
-8.147492593421691964e+00
-4.338460639428260990e+00
-6.853751570336701349e-01
2.182899256030638391e+00
3.766552895269256851e+00
3.783346887323142838e+00
2.220876202392997989e+00
-6.573951028679143604e-01
-4.354440475116583720e+00
-8.223951031352042307e+00
-1.158260313428096921e+01
-1.383096516399589859e+01
-1.456163140201830863e+01
-1.363489428031985895e+01
-1.120759904780940630e+01
-7.708925417898834453e+00
-3.766328057032935384e+00
-9.405210564653465610e-02
2.636178579449570236e+00
3.918919149933010715e+00
3.510257583282339056e+00
1.476322995228867008e+00
-1.814945216278949669e+00
-5.758404070933019980e+00
-9.621742076166508895e+00
-1.268117783654012598e+01
-1.435773681711502547e+01
-1.432832115462509037e+01
-1.258998638204446507e+01
-9.464281537169956238e+00
-5.539698288210583854e+00
-1.562130393183468247e+00
1.706511951820199435e+00
3.634796531657519481e+00
3.845085364739368572e+00
2.289319914515762555e+00
-7.382824711167748077e-01
-4.655125730107062765e+00
-8.701216841608058417e+00
-1.208630269623083819e+01
-1.414471432527339090e+01
-1.446744642477857390e+01
-1.298500237005319669e+01
-9.983898345465828328e+00
-6.052681899742556659e+00
-1.967347226392085702e+00
1.461686379003366731e+00
3.550842727911920349e+00
3.880655335143265106e+00
2.381215461281771084e+00
-6.518859365458737898e-01
-4.614955202937562007e+00
-8.715957366370757242e+00
-1.213292025813077402e+01
-1.417920921562064152e+01
-1.444225281610645339e+01
-1.286746387585885465e+01
-9.770081083955830081e+00
-5.772247696369887215e+00
-1.677869104714363235e+00
1.689480650704994424e+00
3.652737666529656479e+00
3.817868874162165582e+00
2.153029789847117570e+00
-1.005627637396292684e+00
-5.022503829677530618e+00
-9.091314585237643797e+00
-1.239772993895920905e+01
-1.428280632370095304e+01
-1.437419168899812405e+01
-1.265888662452764279e+01
-9.483428573228598779e+00
-5.482193445411542854e+00
-2.439561479700441904e+00
-1.177321151996579829e-02
1.375935539512381567e+00
1.457480457585015543e+00
2.243157958321564394e-01
-2.076255308677935396e+00
-4.992781876437565103e+00
-7.960169475811113671e+00
-1.041041861562306536e+01
-1.188156436663751592e+01
-1.210378105386802616e+01
-1.104671520576894750e+01
-8.920144983723890419e+00
-6.129329914186000927e+00
-3.195037153476629754e+00
-6.545530887937589526e-01
1.037106505704620041e+00
1.587474361574703785e+00
9.144079253090282577e-01
-8.459027239617862293e-01
-3.370263839246824933e+00
-6.211557333056600072e+00
-8.880679628729062358e+00
-1.093185533014882260e+01
-1.203623830058384314e+01
-1.203179692719534444e+01
-1.094246804218410674e+01
-8.965337715219176218e+00
-6.430251416644809481e+00
-3.740786991992359312e+00
-1.307730528993515051e+00
5.137307719666388550e-01
1.473657094470467221e+00
1.457497338049790869e+00
4.940882818742444726e-01
-1.257484145761994299e+00
-3.538160590719925835e+00
-6.030333771121449971e+00
-8.403603268212293642e+00
-1.035829643255057064e+01
-1.166132275785548877e+01
-1.217062590627783436e+01
-1.184642973619434514e+01
-1.074934188427865500e+01
-9.026948507977275327e+00
-6.891661036836875809e+00
-4.593202225654515303e+00
-2.389262267344828494e+00
-5.175900655241525428e-01
8.277827846688090574e-01
1.514238113625898663e+00
1.481060015686398224e+00
7.423830410655964940e-01
-6.170358331753167391e-01
-2.452299105511671851e+00
-4.573782951776790284e+00
-6.765920053135445755e+00
-8.807686174502387999e+00
-1.049314043155287735e+01
-1.165047203608916782e+01
-1.215817076099238569e+01
-1.195714302562774378e+01
-1.105782634474470782e+01
-9.541606418636135345e+00
-7.556116480344051034e+00
-5.304308321281560268e+00
-3.027544640414268962e+00
-9.833905310598378691e-01
5.807083294674990626e-01
1.456079678743638972e+00
1.501371378033985238e+00
6.678799230145671117e-01
-9.820378143990575737e-01
-3.267520047629641766e+00
-5.896678830196075083e+00
-8.492160145742319699e+00
-1.063617279952903516e+01
-1.193339096599783389e+01
-1.208637672086164017e+01
-1.097317867172680472e+01
-8.709387246158261320e+00
-5.673173243733468318e+00
-2.472936322552332644e+00
1.543935531191440447e-01
1.509381053778033888e+00
1.131673175943003429e+00
-1.016184947789403381e+00
-4.451455013314323139e+00
-8.223757566112766426e+00
-1.114612599801119508e+01
-1.217069556336458547e+01
-1.080123558020516050e+01
-7.380618627350792771e+00
-3.093585899755058044e+00
3.926914089808519748e-01
1.576256728894961157e+00
-1.832748674078148454e-01
-4.251082121030638206e+00
-8.856757642530688202e+00
-1.182742941296715955e+01
-1.163780522732780298e+01
-8.263168241030859562e+00
-3.331536960874279529e+00
6.137657175868600490e-01
1.437198354801457967e+00
-1.378545128331369440e+00
-6.355019790087375497e+00
-1.076347297866817954e+01
-1.213016871181309675e+01
-9.656781813899016242e+00
-4.715412012045357315e+00
-9.640960013506028048e-02
1.578054066920478782e+00
-6.424641677737552570e-01
-5.493289513483161635e+00
-1.022502217438579564e+01
-1.217545048813134301e+01
-1.026999795116572400e+01
-5.599267516766466279e+00
-7.719931340821242216e-01
1.557746654294186683e+00
1.454204675966126459e-01
-4.203542182572597596e+00
-9.121814612516246257e+00
-5.916523303376307830e+00
