1.025115709745151094e+01
1.370091425928705320e+01
1.027133959609276026e+01
1.968487514454889231e+00
-6.351069621225171602e+00
-9.820987468908672469e+00
-6.411612364510766326e+00
1.882816088149046996e+00
1.021065155450543571e+01
1.370070626983143747e+01
1.031154744650085675e+01
2.025590098384900895e+00
-6.310473242519213599e+00
-9.820640900361311765e+00
-6.451714953143866893e+00
1.825723888107169124e+00
1.016996462420189395e+01
1.370022119368532643e+01
1.035154459138218108e+01
2.082671586287152543e+00
-6.269696043103165195e+00
-9.820017388817488424e+00
-6.491606475025283984e+00
1.768653437395835359e+00
1.012909743634560833e+01
1.369945931961532892e+01
1.039133031384510986e+01
2.139730678151017251e+00
-6.228739145490639117e+00
-9.819117225722477471e+00
-6.531286224618348513e+00
1.711606022390140813e+00
1.008805110545358730e+01
1.369842094158086176e+01
1.043090392026056357e+01
2.196766102244965158e+00
-6.187603655322130081e+00
-9.817940707367826647e+00
-6.570753520910130874e+00
1.654582898926111323e+00
1.004682672721885517e+01
1.369710635800166365e+01
1.047026474310838751e+01
2.253776620147815102e+00
-6.146290657060619722e+00
-9.816488134070647575e+00
-6.610007710933459180e+00
1.597585286195659871e+00
1.000542537335563154e+01
1.369551587082888844e+01
1.050941214523651723e+01
2.310761034039707784e+00
-6.104801207887870618e+00
-9.814759809113937195e+00
-6.649048174837565384e+00
1.540614358135947493e+00
9.963848084430090069e+00
1.369364978432906632e+01
1.054834552583157681e+01
2.367718196790954188e+00
-6.063136329332897034e+00
-9.812756037344961157e+00
-6.687874332863259497e+00
1.483671231676219282e+00
9.922095860127981837e+00
1.369150840346329367e+01
1.058706432852176960e+01
2.424647025595108918e+00
-6.021296995993414392e+00
-9.810477123296530877e+00
-6.726485654716054086e+00
1.426756950975669902e+00
9.880169646215282597e+00
1.368909203170596456e+01
1.062556805218381406e+01
2.481546520151276525e+00
-5.979284120489076315e+00
-9.807923368651561447e+00
-6.764881671997656554e+00
1.369872466484566953e+00
9.838070317196500270e+00
1.368640096809520657e+01
1.066385626522071028e+01
2.538415786743774216e+00
-5.937098533494087782e+00
-9.805095068809931647e+00
-6.803061994581334204e+00
1.313018607281116301e+00
9.795798653344814255e+00
1.368343550323580615e+01
1.070192862432075742e+01
2.595254069998502722e+00
-5.894740957328581388e+00
-9.801992508234075530e+00
-6.841026332086011408e+00
1.256196044637256870e+00
9.753355310351635055e+00
1.368019591387892753e+01
1.073978489902711431e+01
2.652060794666167620e+00
-5.852211971089973375e+00
-9.798615954137043005e+00
-6.878774521974149181e+00
1.199405244118049829e+00
9.710740779277067247e+00
1.367668245557252860e+01
1.077742500385917168e+01
2.708835620521584886e+00
-5.809511964661765226e+00
-9.794965647925520713e+00
-6.916306566263617839e+00
1.142646402670560946e+00
9.667955333742781932e+00
1.367289535270000655e+01
1.081484904026205385e+01
2.765578514446091596e+00
-5.766641078088823313e+00
-9.791041793605955945e+00
-6.953622679452365674e+00
1.085919366046319112e+00
9.624998960340567677e+00
1.366883478498862026e+01
1.085205735135036420e+01
2.822289845017431631e+00
-5.723599121693853320e+00
-9.533949940757590724e+00
-6.798128709289413152e+00
1.048863401289074293e+00
9.417068386499362731e+00
1.341165373638308544e+01
1.069605763987322256e+01
2.858719531202847275e+00
-5.516049018117347380e+00
-9.529575779068528263e+00
-6.834219315953514950e+00
9.934195632876385851e-01
9.374702268772335145e+00
1.340714585947302062e+01
1.073204370983047973e+01
2.914149383026840123e+00
-5.473598130284496932e+00
-9.524934165166651923e+00
-6.870101235756639113e+00
9.380030940110677395e-01
9.332166136401976786e+00
1.340237046820156053e+01
1.076782194409008220e+01
2.969553207591159705e+00
-5.430976165980734294e+00
-9.520024934374292869e+00
-6.905776338099062883e+00
8.826110226864660735e-01
9.289457623084610205e+00
1.339732731028517243e+01
1.080339456966846434e+01
3.024934593038971720e+00
-5.388180237697551611e+00
-9.514847732006723291e+00
-6.941247257876787202e+00
8.272390543782475181e-01
9.246573242991448893e+00
1.339201591145409331e+01
1.083876468672563220e+01
3.080298643503400768e+00
-5.345206172786347132e+00
-9.509401944254268102e+00
-6.976517626026790708e+00
7.718811584846818619e-01
9.203508035089239314e+00
1.338643549518926079e+01
1.087393653176495256e+01
3.135652450346227305e+00
-5.302048105274390188e+00
-9.503686604989804110e+00
-7.011592369993820739e+00
7.165290291006038981e-01
9.160255094707029144e+00
1.338058487453129608e+01
1.090891582063104615e+01
3.191005710119063643e+00
-5.258697938287274276e+00
-9.497700270180859050e+00
-7.046478105269361691e+00
6.611713773684928519e-01
9.116804956604440235e+00
1.337446230631522326e+01
1.094371019544170487e+01
3.246371534908401468e+00
-5.215144636054267480e+00
-9.491440848721850898e+00
-7.081183645530829907e+00
6.057930035438847671e-01
9.073144782472692071e+00
1.336806529486002582e+01
1.097832980684994197e+01
3.301767514912680390e+00
-5.171373291472715295e+00
-9.484905374644196030e+00
-7.115720667189158632e+00
5.503735802471250160e-01
9.029257290853298201e+00
1.336139032766885038e+01
1.101278807246084845e+01
3.357217078225401607e+00
-5.127364119822855670e+00
-9.478089836178131833e+00
-7.150102745345375155e+00
4.948926528560266824e-01
8.985129584588616325e+00
1.335443542458914301e+01
1.104707958662332423e+01
3.412693142781059397e+00
-5.083158738802096011e+00
-9.471003940262523457e+00
-7.184255132293477786e+00
4.395048145438720244e-01
8.940907731920674451e+00
1.334722595307348136e+01
1.108108210621220735e+01
3.468028838019016291e+00
-5.038838512690450244e+00
-9.463648340499389633e+00
-7.218246060726812630e+00
3.839786228562158676e-01
8.896327932812386763e+00
1.333971241576129074e+01
1.111499616261738588e+01
3.523410863087788059e+00
-4.994422734425884691e+00
-9.456055583656782559e+00
-7.251874384922256667e+00
3.284895184103078236e-01
8.851080821213843208e+00
1.333167700967889857e+01
1.115083349266125801e+01
3.584767706587037139e+00
-4.942396584997822195e+00
-9.446296747486616852e+00
-7.295795584733312467e+00
2.508666420297704924e-01
8.783601225355676334e+00
1.331853225868044355e+01
1.120884363584022303e+01
3.688315440733630268e+00
-4.851879730151392955e+00
-9.428184415169331700e+00
-7.372474413337505084e+00
1.138820852583914967e-01
8.664015393976285395e+00
1.329392134120265467e+01
2.395361520585296500e+00
2.033485327101685947e+00
1.617170132415304939e+00
1.388811160773684161e+00
1.481236144481640871e+00
1.840532539572251824e+00
2.257598537004922523e+00
2.489892745025418463e+00
2.402459655184213894e+00
2.046245319172562471e+00
1.628309204174381186e+00
1.391409244597108019e+00
1.473019002726696947e+00
1.825638220142498103e+00
2.244537954696862680e+00
2.486677291798429668e+00
2.411690416843356832e+00
2.063174346977214579e+00
1.643252408321394853e+00
1.395306055621727381e+00
1.462935574501597946e+00
1.806864579639839707e+00
2.227826705888493741e+00
2.482053977039491155e+00
2.422416139233221077e+00
2.083510631308337135e+00
1.661532381706157580e+00
1.400670280700288650e+00
1.451819784672726765e+00
1.785341429511426270e+00
2.208273182107479915e+00
2.475979362136630613e+00
2.433636683634886388e+00
2.105748671274267458e+00
1.681955682397868967e+00
1.407363979061368120e+00
1.440803439203529379e+00
1.762959625829686683e+00
2.187506378912569716e+00
2.468835261052618524e+00
2.444125388337760718e+00
2.127600015979495218e+00
1.702402655117465358e+00
1.414696463805610094e+00
1.431173032203264972e+00
1.742421899039966471e+00
2.168194343579956662e+00
2.461683192326356462e+00
2.452562603178670475e+00
2.145922765868818693e+00
1.719598503770980891e+00
1.421184251607705118e+00
1.424272974748337806e+00
1.727348689830586537e+00
2.154275491630477823e+00
2.456458056792272249e+00
2.457554878631513340e+00
2.156554721471942493e+00
1.728888489470368661e+00
1.424448500611529056e+00
1.421622814612209185e+00
1.722542261548758891e+00
2.151158943790776323e+00
2.455909490375064230e+00
2.457314307494601557e+00
2.153971774291662200e+00
1.724200768691702690e+00
1.421599315378556216e+00
1.425440947685859161e+00
1.734112296840607970e+00
2.165123039939646166e+00
2.462571919514484176e+00
2.449058046696090507e+00
2.131897831034008206e+00
1.699823820426094922e+00
1.411130125366705679e+00
1.439263401931428987e+00
1.768142148839637828e+00
2.200649005727252749e+00
2.476304112831739346e+00
2.428175967524726531e+00
2.084508596323777496e+00
1.652887842806182395e+00
1.395326032062994104e+00
1.469126843476870725e+00
1.830212303905754068e+00
2.258672847354652458e+00
2.492239602287206868e+00
2.386967314460940237e+00
2.006613771334554208e+00
1.584824851043486360e+00
1.382032813127783477e+00
1.524435269545000748e+00
1.924729466496675867e+00
2.334825420207352842e+00
2.499235721804860866e+00
2.314548875885054535e+00
1.895268447177743898e+00
1.503623805002586078e+00
1.385856137399728905e+00
1.616991850365817163e+00
2.052197206914075700e+00
2.416762376530947165e+00
2.479312340552899840e+00
2.199164750502847987e+00
1.753672578283948624e+00
1.426662213358415032e+00
1.427674279765296150e+00
1.757071823719668968e+00
2.204239376730666500e+00
2.481620826744180164e+00
2.409708546917991523e+00
2.033939229219894784e+00
1.596916028645707364e+00
1.382290946879166871e+00
1.530430721869985078e+00
1.945799352322016507e+00
2.357686114426944535e+00
2.496274953364483018e+00
2.269782949996399957e+00
1.826123515585087453e+00
1.457110936715702465e+00
1.406708413539386360e+00
1.709194616760133734e+00
2.164956768759364270e+00
2.744526938294460372e+00
2.673132434856471562e+00
2.112475624775757232e+00
1.436029157355988017e+00
1.096583340148746588e+00
1.322852614829051365e+00
1.964199988869758773e+00
2.589673663584128427e+00
2.777106975998131499e+00
2.398654917616409588e+00
1.709231371614768902e+00
1.175857333622944978e+00
1.161447396143090671e+00
1.677053163886564668e+00
2.372275964507512658e+00
2.772611356593622123e+00
2.603481263619298325e+00
1.979534273489261587e+00
1.328029299109680705e+00
1.096727330963036318e+00
1.445705064394980477e+00
2.135551890603735181e+00
2.690738274605669833e+00
2.727272818718260883e+00
2.218937851860893318e+00
1.517029972682195860e+00
1.108175923524139961e+00
1.276806677383514721e+00
1.906553540718815887e+00
2.559779207004371226e+00
2.781430594779276788e+00
2.416393909788543404e+00
1.718724016346994343e+00
1.175338056229896733e+00
1.166196165171361265e+00
1.698189498766397243e+00
2.399468650954112547e+00
2.779134943630131360e+00
2.571033104497662869e+00
1.920680933100535004e+00
1.283754067767086227e+00
1.106793873524594574e+00
1.513960931523214759e+00
2.219791981597943220e+00
2.729385331685982408e+00
2.685545852255228461e+00
2.119184784946389843e+00
1.427335447009031810e+00
1.094547584095735715e+00
1.353444099142835588e+00
2.022408148012278861e+00
2.633515905096813992e+00
2.760194258092492525e+00
2.314794259272646926e+00
1.608504238436847311e+00
1.133137784974915130e+00
1.218442614946226854e+00
1.804018342198770553e+00
2.483257203763822307e+00
2.786574608573123335e+00
2.505899717900718748e+00
1.836143403426612641e+00
1.238269306300063155e+00
1.121274899166503580e+00
1.563162104289730125e+00
2.260889082607298484e+00
2.740004060345166081e+00
2.677631146699789522e+00
2.118508903379308972e+00
1.440461148507515388e+00
1.097257063242629505e+00
1.315215455408830003e+00
1.946403204079733884e+00
2.572061872336921073e+00
2.782049135268793272e+00
2.442601632996488803e+00
1.778170181998937949e+00
1.219602803018565496e+00
1.123533264137856147e+00
1.546692281950114323e+00
2.216785032516934706e+00
2.711373178563668773e+00
2.724947166400607745e+00
2.254716759404161053e+00
1.593921601850409431e+00
1.145075037807282925e+00
1.174431344686720724e+00
1.657772009257944434e+00
2.304521494174911922e+00
2.736639198453269639e+00
2.709763607240240457e+00
2.247098401488764274e+00
1.615339208901089840e+00
1.166198213971859188e+00
1.140163155526680239e+00
1.542186129073864098e+00
2.150854795690670507e+00
2.645916272857302687e+00
2.778144860358024548e+00
2.490903481667360531e+00
1.936436635823750141e+00
1.388616563387397029e+00
1.104644172973489491e+00
1.206674815475834883e+00
1.636235550224229840e+00
2.193974881724860548e+00
2.637150159764602986e+00
2.785636471835551742e+00
2.590605506114391332e+00
2.142443582550733083e+00
1.622879121953215265e+00
1.227712378537357818e+00
1.093651685458749689e+00
1.255625192959597847e+00
1.645251084035555422e+00
2.124617513436791505e+00
2.538374937608467441e+00
2.764147183408194763e+00
2.745604973787165726e+00
2.501051137128007085e+00
2.109268608560568747e+00
1.680756249637527455e+00
1.324981668516162836e+00
1.123139249448956045e+00
8.320505041951158365e-01
