3.714221715576367266e+00
5.489166766261144303e+00
5.473217379973561947e+00
3.672727131171851234e+00
7.799289580462329674e-01
-2.093302117262034301e+00
-3.842844266006743226e+00
-3.796581525494055143e+00
-1.972511841406032529e+00
9.283717122185535242e-01
3.791567746491630864e+00
5.517285003758815698e+00
5.442847625897479169e+00
3.597065982910288895e+00
6.889691708132723580e-01
-2.164650498039788040e+00
-3.868150240581214483e+00
-3.767667218113825989e+00
-1.901997128768329715e+00
1.012500436071377630e+00
3.857053142594648598e+00
5.539964141419466692e+00
5.415548404061942378e+00
3.531767153725884789e+00
6.116244481017525381e-01
-2.224414694945574311e+00
-3.888378883434907785e+00
-3.742120673948320153e+00
-1.841956846804275516e+00
1.083129593312833316e+00
3.911245636024155203e+00
5.557909469170104977e+00
5.391869219963234983e+00
3.476999817045897778e+00
5.476193954956000143e-01
-2.273193904276494592e+00
-3.904199139665139207e+00
-3.720399611306274501e+00
-1.792446544074506543e+00
1.140627449955424533e+00
3.954780800741061420e+00
5.571754507042117943e+00
5.372171918789341305e+00
3.432697635543931369e+00
4.964830817100162608e-01
-2.311667745002648822e+00
-3.916211313424957652e+00
-3.702765156444023376e+00
-1.753267124990536496e+00
1.185580918192139288e+00
3.988393050533598938e+00
5.582069947779197072e+00
5.356611122755757570e+00
3.398514850074888294e+00
4.574952547802520475e-01
-2.340639683673167326e+00
-3.924961639881411557e+00
-3.689258500582106137e+00
-1.723908717739832452e+00
1.218865636254656160e+00
4.012973205231221918e+00
5.589384475331854674e+00
5.345106286280933539e+00
3.373755863069044736e+00
4.295973675083959442e-01
-2.361110893173605341e+00
-3.930970162468731210e+00
-3.679667389777849351e+00
-1.703463467180588831e+00
1.241757017371216243e+00
4.029661283447319775e+00
5.594220704822371104e+00
5.337301451270080044e+00
3.357268189331382047e+00
4.112555908749860878e-01
-2.374395169117740068e+00
-3.934775915637409582e+00
-3.673477680584934291e+00
-1.690494913221486817e+00
1.256097843973576156e+00
4.039987339412426159e+00
5.597150926246666103e+00
5.332506713283116540e+00
3.347283679003588475e+00
4.002569877879048055e-01
-2.382290144408379717e+00
-3.937004609955937262e+00
-3.669802214640886184e+00
-1.682845392647783322e+00
1.264545081073014776e+00
4.046078210213903681e+00
5.598878036826761218e+00
5.329611116612491983e+00
3.341185042365978575e+00
3.934116176895883776e-01
-2.387325425536747758e+00
-3.938463810058717485e+00
-3.667273060010669106e+00
-1.677352826327682456e+00
1.270928534582902891e+00
4.050953541894620535e+00
5.600345274081887759e+00
5.326947695240069613e+00
3.335161671607306921e+00
3.861215625645222915e-01
-2.393113492305584344e+00
-3.940266235708673292e+00
-3.663870075978649332e+00
-1.669431213691996208e+00
1.280767889232665269e+00
4.058938695931205487e+00
5.602869850419222253e+00
5.322072307483015408e+00
3.323696265837993380e+00
3.717615311623359564e-01
-2.404831279638070640e+00
-3.943966781757314521e+00
-3.656630970248490264e+00
-1.652439241056093300e+00
1.302013646965023419e+00
4.076220146634939034e+00
5.608270457830917266e+00
5.311377448475171903e+00
3.298783742804117125e+00
3.407940339431353993e-01
-2.429851219738341506e+00
-3.951658262230438368e+00
-3.641129198076860973e+00
-1.616707706958228963e+00
1.346101384984942140e+00
4.111547755798627080e+00
5.618894550477853578e+00
5.289376957554460468e+00
3.248711900300242483e+00
2.795174200515070373e-01
-2.478499331903175396e+00
-3.965871408973416834e+00
-3.610482919246065237e+00
-1.548000367373664199e+00
1.429430773383238318e+00
4.177013370353534150e+00
5.637297158314884093e+00
5.247331428064254233e+00
3.156159672998287924e+00
1.684556859218518943e-01
-2.564627262660059692e+00
-3.988826240661502709e+00
-3.553679321649954481e+00
-1.425849597509901256e+00
1.574018555066345026e+00
4.287266364300371890e+00
5.664578391743131824e+00
5.172086517702231490e+00
2.998951688260994786e+00
-1.453242442852153982e-02
-2.701293599729327255e+00
-4.019324720575844445e+00
-3.456151984069912864e+00
-1.228805526611756127e+00
1.799007411813938306e+00
4.451243436041479207e+00
5.696192295873696132e+00
5.048204373191146566e+00
2.757906405779961823e+00
-2.838896712523868437e-01
-2.892083310816774500e+00
-4.048914887386632522e+00
-3.301555153488451744e+00
-9.401688538354247004e-01
2.113877699939159083e+00
4.666942214954598711e+00
5.719573675663065515e+00
4.858256198959562511e+00
2.418694594236376894e+00
-6.441602708844889058e-01
-3.129372860628337527e+00
-4.060893741102564292e+00
-3.071424771750285387e+00
-5.481038466078729243e-01
2.518109216113521232e+00
4.921093404150053807e+00
5.714040752068567208e+00
4.583076262882853413e+00
1.972365333935331311e+00
-1.089495517614851749e+00
-3.394278031955300534e+00
-4.030984389181378802e+00
-2.746525725780911031e+00
-4.717997508796101247e-02
3.000177718859373677e+00
5.189345415228049596e+00
5.652373170952102122e+00
4.204295748272778077e+00
1.417848821564379858e+00
-1.602335864111977370e+00
-3.657316881419970578e+00
-3.929986266418823426e+00
-2.310587496467221058e+00
5.583254743535999154e-01
3.536204597091304080e+00
5.437694628749065728e+00
5.504704163223402169e+00
3.709246632735578864e+00
7.658205944137018717e-01
-2.152382412146720547e+00
-3.880931118863659712e+00
-3.729058603680822870e+00
-1.756273496904842135e+00
1.250328553215122707e+00
4.089672652763925775e+00
5.626436354101575610e+00
5.245295802894370141e+00
3.097800690923207867e+00
4.261241874303511867e-02
-2.697532101807928129e+00
-4.025186814588873396e+00
-3.408002918121519897e+00
-1.092578869142475151e+00
1.993729527037670479e+00
4.614076960731841481e+00
5.717871040420881457e+00
4.862219462611204968e+00
2.389887132375879908e+00
-7.078623768098062374e-01
-3.188709964100167937e+00
-4.057619383001981994e+00
-2.966071001511505933e+00
-3.519066960650747422e-01
2.736371370919409518e+00
5.060298472886231025e+00
5.688232670558809545e+00
4.368836474106839951e+00
1.631480366392715098e+00
-1.426483129799763772e+00
-3.579938265237245787e+00
-3.966934491645391248e+00
-2.433482000516878685e+00
4.056847751133701441e-01
3.414163805137452101e+00
5.389194018800920638e+00
5.542538551071672259e+00
3.814578022480520580e+00
8.965868203483660093e-01
-2.046753753128485620e+00
-3.842802006715041685e+00
-3.778033968070147353e+00
-1.880651519876139544e+00
1.092941422424174691e+00
3.960977385973364129e+00
5.586665070532837341e+00
2.647278569105584900e+00
1.824712110806880450e+00
6.101023405260868060e-01
-5.167862655418111739e-01
-1.112469992566347710e+00
-9.440384324060542287e-01
-7.947032711415980000e-02
1.140780536589579119e+00
2.238702926193277598e+00
2.786317503957987274e+00
2.572130538522465315e+00
1.681802454724796725e+00
4.626341108959519111e-01
-6.129599015476274726e-01
-1.130878309243685820e+00
-8.942311424143778442e-01
3.123184238400411594e-03
1.215379647864894164e+00
2.279323083312229326e+00
2.791719542184656788e+00
2.561420845834670779e+00
1.679045039535126627e+00
4.794743948074382534e-01
-5.866865699214702801e-01
-1.122786885280672164e+00
-9.328582146365527183e-01
-9.141702976599641595e-02
1.087800242391760985e+00
2.170429581327199209e+00
2.761975840798116977e+00
2.650713039470105503e+00
1.881535289750287498e+00
7.357499037426907806e-01
-3.735990389977352777e-01
-1.051298984042387863e+00
-1.060031344126206365e+00
-4.015652792738795274e-01
6.879667082482887608e-01
1.824737519161022448e+00
2.613370842040447783e+00
2.783964936654133915e+00
2.282700247247432479e+00
1.286272656536285419e+00
1.374366622370992719e-01
-7.741562647336750480e-01
-1.143998976009193091e+00
-8.529745334612579555e-01
-3.347154232857807443e-03
1.119453635844412709e+00
2.144350840995407737e+00
2.737629191188863942e+00
2.710574080069780400e+00
2.077401171655365530e+00
1.046458040191231564e+00
-5.030472011749331784e-02
-8.651510022039612391e-01
-1.144392561807838771e+00
-8.057256206872778215e-01
3.992457487509204483e-02
1.126915276252462350e+00
2.119826981916244080e+00
2.717265517004712194e+00
2.742357526380054367e+00
2.193123930899938401e+00
1.239072089644452701e+00
1.669470531280445869e-01
-7.064963078582282563e-01
-1.127907414702937539e+00
-9.794927604235870167e-01
-3.098101636092314148e-01
6.841121217581793701e-01
1.716413698568516111e+00
2.495332644763959884e+00
2.805218052801461859e+00
2.564751402031584693e+00
1.846140009727236242e+00
8.514982207195054276e-01
-1.454734491597673429e-01
-8.753385202507251162e-01
-1.145189875179656980e+00
-8.881508629004029043e-01
-1.778751928492257051e-01
7.943839403851545855e-01
1.772647159006834450e+00
2.504105372290267972e+00
2.803950688036805694e+00
2.600698685004656507e+00
1.951302199970816220e+00
1.023487973508274251e+00
5.107296080167444963e-02
-7.255529854969311465e-01
-1.118530084823120996e+00
-1.036816101055183736e+00
-5.055577385934153511e-01
3.430606468007980081e-01
1.304109217583030667e+00
2.150176956559228802e+00
2.685143599955781113e+00
2.788801357184440111e+00
2.442421025204414953e+00
1.730228349096251783e+00
8.174932091749513852e-01
-8.882253555154895341e-02
-7.873109246261982275e-01
-1.126445338528303086e+00
-1.036375083230651528e+00
-5.418056102604411617e-01
2.459894502469796018e-01
1.155392789889791771e+00
1.992523025676046666e+00
2.582614716587551484e+00
2.805899002613060134e+00
2.620788744900678591e+00
2.070166412916900178e+00
1.270247684734357785e+00
3.850531552753761466e-01
-4.077470412093222585e-01
-9.524365644045196255e-01
-1.145219383865806462e+00
-9.529453075429816788e-01
-4.174722670506352262e-01
3.545237468975411810e-01
1.213690555011722516e+00
1.997368215018183291e+00
2.560354139985609567e+00
2.801286539768920392e+00
2.679985518162753877e+00
2.222995221932195342e+00
1.516858735632250266e+00
6.908892817863148128e-01
-1.070195792641883692e-01
-7.369604136119587423e-01
-1.091198788793635188e+00
-1.111891621178078271e+00
-7.995806543709238490e-01
-2.114275689965221527e-01
5.500500200739841805e-01
1.355427089377855943e+00
2.070615468340738730e+00
2.579066856056528412e+00
2.800305930846841207e+00
2.701950622027828874e+00
2.303573239786096849e+00
1.672143977826007655e+00
9.101439934626682771e-01
1.385299358855767160e-01
-5.225783613484646928e-01
-9.724097325557441440e-01
-1.144453588677815770e+00
-1.015659184282077243e+00
-6.087747852711973273e-01
1.223951658125621567e-02
7.527621262242035760e-01
1.502230272831592828e+00
2.150714870051852579e+00
2.604875519263837980e+00
2.801025639253526656e+00
2.713553737517351294e+00
2.357682716063359774e+00
1.786388757482033629e+00
1.082122322597247166e+00
3.446645128694477145e-01
-3.230739556738082552e-01
-8.292982714992243043e-01
-1.105681823417444587e+00
-1.116218119093499883e+00
-8.614937813750209727e-01
-3.779511662546528594e-01
2.676153576879650720e-01
9.874699597202247769e-01
1.684913564404113551e+00
2.267201252037465142e+00
2.657699232949688906e+00
2.805728292632030829e+00
2.692877508614926807e+00
2.335050242332584514e+00
1.780060141074155000e+00
1.101162394083687879e+00
3.873965655921227658e-01
-2.680173476368279406e-01
-7.797446076865950371e-01
-1.081329349816708696e+00
-1.133724495042508273e+00
-9.302805284069013414e-01
-4.975637278701579014e-01
1.080984334602000940e-01
8.079055272761410667e-01
1.510778310142756986e+00
2.125156890847750724e+00
2.570889504800214276e+00
2.789678063158179455e+00
2.752722315827414334e+00
2.464556392637987869e+00
1.962556969257619688e+00
1.312160662607906536e+00
5.983881810705139470e-01
-8.523873390134117933e-02
-6.489495720258149358e-01
-1.018541624030541604e+00
-1.145199097700240642e+00
-1.011998685931425168e+00
-6.362203320896828718e-01
-6.714548637272077514e-02
6.203806308297277194e-01
1.335783486527000630e+00
1.984697352616882737e+00
2.481430647043110671e+00
2.760307527256871118e+00
2.784379704933368060e+00
2.550348190405076210e+00
2.089035640904883806e+00
1.461339744137267749e+00
7.501981737063867506e-01
4.962613215587974302e-02
-5.477224493919707893e-01
-9.628215008668481456e-01
-1.140740212956803834e+00
-1.057922185524813097e+00
-7.253099498212540741e-01
-1.868997279006798795e-01
4.860822660529065531e-01
1.204609717976906857e+00
1.873641808322313862e+00
2.404702043369032705e+00
2.727583475717739958e+00
2.799630352928886623e+00
2.611368627801911479e+00
2.187742613078523135e+00
1.584797801453838639e+00
8.822530485685120549e-01
1.729489187449332332e-01
-4.494289227857157787e-01
-9.027261650837399287e-01
-1.127160268273568189e+00
-1.093194584296893312e+00
-8.054102670035621081e-01
-3.018705187699519676e-01
3.509321540677570184e-01
1.066872150327392577e+00
1.751564282374944659e+00
2.314810788511442396e+00
2.682479557872701648e+00
2.806249621512773018e+00
2.669944201639103731e+00
2.291623691158457543e+00
1.721170823237176295e+00
1.033693961890666424e+00
3.196236878668932135e-01
-3.271894230315459673e-01
-4.894327212657310078e+00
