1.449895047686621918e+00
2.141285719050373793e+00
2.532281001855402280e+00
2.544296842776561540e+00
2.172862040801501582e+00
1.488952986354376007e+00
6.254803143606456617e-01
-2.485100234627478644e-01
-9.609199388734392944e-01
-1.370494687425428237e+00
-1.394853580225462908e+00
-1.027089234820035335e+00
-3.375853304328506610e-01
5.394034339663033029e-01
1.431860896800523308e+00
2.163737301659852008e+00
2.589684953701004488e+00
2.623946883059583790e+00
2.257652399039654867e+00
1.561025823346813501e+00
6.699738440673644879e-01
-2.403973114932316246e-01
-9.901809499264520031e-01
-1.430230228590579467e+00
-1.471849578628480648e+00
-1.104702011030781250e+00
-3.993112801873036632e-01
5.064346702242086273e-01
1.434206559066486086e+00
2.200332575447930594e+00
2.652167442801609987e+00
2.698528860375186689e+00
2.328128048666037841e+00
1.612263451932782976e+00
6.911453100792930293e-01
-2.535361103625904944e-01
-1.034437779534799651e+00
-1.495724137990785296e+00
-1.544187861452251953e+00
-1.168111776818946845e+00
-4.400494267018149053e-01
4.971256137463733737e-01
1.458228950023123804e+00
2.252347759310355357e+00
2.720771475858518862e+00
2.768732892474537799e+00
2.384607180354672451e+00
1.642673995465708581e+00
6.887966942139858162e-01
-2.882293073205463019e-01
-1.094035942578982956e+00
-1.567358113237749651e+00
-1.612327705306673353e+00
-1.217914566394625364e+00
-4.605671679970053667e-01
5.105676912735802597e-01
1.502996350679123294e+00
2.319028507902431979e+00
2.795165644835257091e+00
2.834877313551819711e+00
2.428190391199499754e+00
1.654111782662369023e+00
6.653098007639750566e-01
-3.419817819123722735e-01
-1.166906448855646428e+00
-1.644045530427769242e+00
-1.676603672770459630e+00
-1.256057671820033805e+00
-4.642768758501047976e-01
5.423951359720330379e-01
1.564006340565141873e+00
2.396716202142303409e+00
2.873477316395890213e+00
2.897556136814377403e+00
2.462162771340442369e+00
1.652204697014835189e+00
6.277337827239370949e-01
-4.076870205344464981e-01
-1.247442687475172285e+00
-1.723105275774271528e+00
-1.738217854897953218e+00
-1.287843898154307221e+00
-4.599203200433117367e-01
5.819269320814476343e-01
1.630743058311536098e+00
2.477374267191285284e+00
2.952186485655503567e+00
2.959046370753867450e+00
2.494755902761013555e+00
1.650014918211264447e+00
5.916618928242044495e-01
-4.703205236761840435e-01
-1.324498892979824483e+00
-1.800092634415199511e+00
-1.801097434205381154e+00
-1.325610264411282602e+00
-4.664734374115093729e-01
6.069299448551522813e-01
1.682142855693014027e+00
2.545733214354059637e+00
3.025668081867364023e+00
3.025542771256882091e+00
2.543856661023832899e+00
1.674494609220087638e+00
5.883038311763150174e-01
-5.005919376305754120e-01
-1.377072480922882036e+00
-1.867526207805595861e+00
-1.874172482028299891e+00
-1.394421125646101656e+00
-5.214566800826418991e-01
5.740493660320097336e-01
1.677469964359167509e+00
2.572372730344054226e+00
3.082975278064325586e+00
3.108561745739014448e+00
2.643142056569857345e+00
1.776558656084851417e+00
6.768927279940811781e-01
-4.423281401866243634e-01
-1.363678944917788627e+00
-1.908036843163578800e+00
-1.969247542136978835e+00
-1.534582573012076123e+00
-6.870972699281578944e-01
4.104874232067928785e-01
1.547198745499329231e+00
2.504422579210963562e+00
3.097884696408287120e+00
3.212959367870338312e+00
2.826580457776129762e+00
2.011619398039524498e+00
9.229514548201404045e-01
-2.320858555395336476e-01
-1.233189387662683156e+00
-1.889025414996136520e+00
-2.073650437738086438e+00
-1.750528878621316453e+00
-9.796137665925950255e-01
9.384503768798224677e-02
1.266660015353519686e+00
2.316087592170975373e+00
3.042012931912201346e+00
3.304994081354127644e+00
3.052980235644310092e+00
2.331620406888067265e+00
1.276135574054416688e+00
8.617571445527483220e-02
-1.011714106221035303e+00
-1.807031677038285489e+00
-2.145593682233712052e+00
-1.959499991130124963e+00
-1.280986645409697422e+00
-2.373277499625883191e-01
9.725170738943769155e-01
2.115346970044207353e+00
2.968343478775794075e+00
3.362455336920545435e+00
3.216174953863939479e+00
2.552973489706475974e+00
1.498632977135462507e+00
2.584431965017786048e-01
-9.219006594050191961e-01
-1.804515625239456744e+00
-2.207399911004059412e+00
-2.042745020450393412e+00
-1.337430492635089729e+00
-2.308945866435027083e-01
1.050608314492444961e+00
2.240768980791242981e+00
3.088792758936349969e+00
3.412468956790617902e+00
3.138240423641985188e+00
2.319330660174034442e+00
1.127208830255292948e+00
-1.828105646363888948e-01
-1.325361748286902008e+00
-2.047159325441159972e+00
-2.184015758241042882e+00
-1.699774361180321547e+00
-6.976322092724656088e-01
5.998522504844500114e-01
1.898759075490166426e+00
2.899853635552671172e+00
3.368014503884237953e+00
3.188863947070648130e+00
2.398676115927198538e+00
1.179362892629570947e+00
-1.816310861427061774e-01
-1.358173078029521585e+00
-2.063740438780719444e+00
-2.122361641148246214e+00
-1.514370342320524587e+00
-3.846559708777529396e-01
9.899922590305464398e-01
2.267622642083423123e+00
3.126135194525965666e+00
3.345440764982625659e+00
2.865548205460098252e+00
1.804819631394577462e+00
4.324711386649657818e-01
-8.987885265904373977e-01
-1.843364676536204838e+00
-2.153314272500526094e+00
-1.744814730818055493e+00
-7.223262535643657500e-01
6.469018776506912927e-01
2.002112690359443725e+00
2.984252085157603318e+00
3.331838071142602331e+00
2.951571137343731444e+00
1.944243688865387565e+00
5.784664357860967998e-01
-7.810548546150419824e-01
-1.771427444333111945e+00
-2.129089067874605945e+00
-1.760376795062876143e+00
-7.659824247707518463e-01
5.871542739442499048e-01
1.938500014560927909e+00
2.930977458212175257e+00
3.305833093733668626e+00
2.969767694781703327e+00
2.016827259923440252e+00
7.002373120925480254e-01
-6.369780429808318267e-01
-1.652945845515978229e+00
-2.094755179580714000e+00
-1.860263719239876101e+00
-1.018951011448056221e+00
2.116218785151161574e-01
1.525425150842719013e+00
2.606506211903733217e+00
3.205617435628683509e+00
3.196067491320468967e+00
2.596633162856826438e+00
1.558582402368885678e+00
3.229451439451652695e-01
-8.392088999688471773e-01
-1.687987961919745983e+00
-2.063271948304668868e+00
-1.911188506952021582e+00
-1.285226960571841381e+00
-3.248544333451991450e-01
7.805217880948469578e-01
1.832343650204410146e+00
2.659431040492985510e+00
3.143891455175117144e+00
3.233501022592000673e+00
2.940917771722202367e+00
2.332502001047512596e+00
1.510782790563474087e+00
5.947731290552652483e-01
-2.983258003752697896e-01
-1.067610279652074778e+00
-1.637957903920311820e+00
-1.964396775749858604e+00
-2.032029559435516219e+00
-1.852625731426232880e+00
-1.459134794183749362e+00
-8.992847728343180691e-01
-2.292031335670917658e-01
4.922877874195147330e-01
1.208330340143201731e+00
1.867515079696433267e+00
2.426236410452303538e+00
2.850084624220485807e+00
3.114494422115031469e+00
3.204916296010129173e+00
3.117114683705432654e+00
2.857510912175822426e+00
2.443209789322845715e+00
1.901514583898652466e+00
1.268756837111430613e+00
5.883082452375895111e-01
-9.239117053924084111e-02
-7.252998822986249650e-01
-1.265287761536557865e+00
-1.673504956846326275e+00
-1.920338944171395612e+00
-1.987715516599096732e+00
-1.870546678149582087e+00
-1.577194369008905861e+00
-1.128898394870863520e+00
-5.582030328422149523e-01
9.349821661075941037e-02
7.791043045571398595e-01
1.449379695947060842e+00
2.056666408021353920e+00
2.558431305618877438e+00
2.920360986437146700e+00
3.118758576469356392e+00
3.142059985077275464e+00
2.991350419670196104e+00
2.679861158573522140e+00
2.231560849970020577e+00
1.679011044198069458e+00
1.060701702083680642e+00
4.181090702858712982e-01
-2.072788065034928406e-01
-7.767423424665647058e-01
-1.256725991194778125e+00
-1.620707046789619854e+00
-1.850450328699672964e+00
-1.936616996499510135e+00
-1.878747232687348445e+00
-1.684680100464058805e+00
-1.369506977126383029e+00
-9.541763477220934764e-01
-4.638773999054972563e-01
7.367121648032415315e-02
6.299111728038792046e-01
1.177013363760878395e+00
1.689247791766304463e+00
2.144099688293995776e+00
2.523100552360164173e+00
2.812364552219290381e+00
3.002839590876168252e+00
3.090297484491098423e+00
3.075098779518297576e+00
2.961774744426622696e+00
2.758472314256063207e+00
2.476307750921685091e+00
2.128672148461123292e+00
1.730527356931947258e+00
1.297725116097124598e+00
8.463758288127911644e-01
3.922870359992371991e-01
-4.951424427835082742e-02
-4.651662184577174397e-01
-8.422589724839515402e-01
-1.170020899953206239e+00
-1.439404786327518559e+00
-1.643097929614414143e+00
-1.776354245718787750e+00
-1.837501766193019526e+00
-1.826892841250202126e+00
-1.746655404406427303e+00
-1.600531102903832048e+00
-1.393717982486108786e+00
-1.132713811292252348e+00
-8.251601644135282410e-01
-4.796885074202763555e-01
-1.057690897438716693e-01
2.864377253079536390e-01
6.862295730096742430e-01
1.082513114760694117e+00
1.463963005433558173e+00
1.819195251721215545e+00
2.136962634720327880e+00
2.406380786353339296e+00
2.617193974306332827e+00
2.760089454882816540e+00
2.827068108222930753e+00
2.811876592882741832e+00
2.710501964646574891e+00
2.521723024559424431e+00
2.247702962751540134e+00
1.894594532704139800e+00
1.473111560047335900e+00
9.989989652120299102e-01
4.933082662856898559e-01
-1.764149912026347078e-02
-5.027627918869437273e-01
-9.273214390295021481e-01
-1.254840948297107239e+00
-1.449917660629594929e+00
-1.482217353815943328e+00
-1.331490768252520107e+00
-9.930386682866103598e-01
-4.827874118850465912e-01
1.591972591840565276e-01
8.681467137277011359e-01
1.558327019489092580e+00
2.132000268534003595e+00
2.493625831506119717e+00
2.567959473345974963e+00
2.319101463149595421e+00
1.766097898577349889e+00
9.899832945332842637e-01
1.277593077296981239e-01
-6.488865363649183315e-01
-1.168413573557441465e+00
-1.301362475282934694e+00
-9.986536076231167236e-01
-3.143548860083494878e-01
5.965307283045868658e-01
1.508977526737832919e+00
2.182983170267019712e+00
2.429716910240597549e+00
2.170003545015920743e+00
1.465925183944292609e+00
5.123041556538282526e-01
-4.137388669647550365e-01
-1.033241041861648224e+00
-1.152499013391087290e+00
-7.286777505961801182e-01
1.096846908127577791e-01
1.097552883288883008e+00
1.915618665552128119e+00
2.294711357456224565e+00
2.107659382783718449e+00
1.416052718136693533e+00
4.534555539011965175e-01
-4.516811634819970500e-01
-9.883795072161123407e-01
-9.719679744139946287e-01
-4.103976623716463212e-01
4.968173096985505910e-01
1.428086334314876193e+00
2.053757471573576687e+00
2.153976705503441558e+00
1.697608786119945146e+00
8.531649084973104147e-01
-7.260629878564972550e-02
-7.462165391863526676e-01
-9.282558646365415278e-01
-5.593116360604899473e-01
2.202692239360998783e-01
1.123511775126707191e+00
1.822701005983005773e+00
2.068703404193562356e+00
1.779970078815312773e+00
1.069247241529017955e+00
1.993747303055626308e-01
-5.143756561014747319e-01
-8.188626618864425222e-01
-6.126976276567774882e-01
2.080401982024271401e-02
8.477145731491335656e-01
1.570536175857232264e+00
1.935515347127424457e+00
1.821359646202524329e+00
1.278446683763973191e+00
5.063058393854236172e-01
-2.205555647143054854e-01
-6.506045133488076448e-01
-6.419158977245471576e-01
-2.077976625697686153e-01
4.927648594175126351e-01
1.214317977318742470e+00
1.711449100039811322e+00
1.821945884616542610e+00
1.518559644704806200e+00
9.133249220217463105e-01
2.151548122285535936e-01
-3.429747050483153981e-01
-5.816780289397964765e-01
-4.318423963101352125e-01
4.717687393045777444e-02
6.918312915916883243e-01
1.291107773671434700e+00
1.655811008557716679e+00
1.677640922416638203e+00
1.359898530280654327e+00
8.117044938662982823e-01
2.095515959259733330e-01
-2.600527490490596172e-01
-4.581150697125295768e-01
-3.332562041518759566e-01
6.677146391910204759e-02
6.139324433106575496e-01
1.141672610043857894e+00
1.495822417783760905e+00
1.579093142400403993e+00
1.376564663590367665e+00
9.559681062051265110e-01
4.442778095132660088e-01
-1.119504335006527018e-02
-2.851982937413697350e-01
-3.083009094387905158e-01
-8.319728051251651380e-02
3.197799156991961711e-01
7.853085542880179348e-01
1.186506042385901072e+00
1.419405134360610665e+00
1.429210298753128328e+00
1.221970107943966433e+00
8.596396467739588765e-01
4.410028286477033488e-01
7.438640466326995604e-02
-1.502744895156619132e-01
-1.829081052685092024e-01
-2.341438425562858416e-02
2.812491684768370637e-01
6.513029517345200192e-01
9.953684503766720981e-01
1.233015466908071067e+00
1.313135377798812620e+00
1.224111988143624208e+00
9.940499688149677660e-01
6.818008059102406149e-01
3.615947669608865489e-01
1.053057340118231378e-01
-3.344776909484648009e-02
-2.995719630291349134e-02
1.080911696031880975e-01
3.444631680279016672e-01
6.240962014073101471e-01
5.949831274882690924e-01
