-2.062230917770289551e+00
-1.721283555262447251e-01
1.194253183395637130e+00
1.860671524445407954e+00
1.741161540266329411e+00
8.511161363947667979e-01
-6.946928024689413839e-01
-2.696898367634697813e+00
-4.897234063634233081e+00
-7.011835387929236774e+00
-8.767857248947466431e+00
-9.938684782477157142e+00
-1.037319179689757043e+01
-1.001526507006072464e+01
-8.911066570109603902e+00
-7.203088240256041885e+00
-5.111761086439582158e+00
-2.906991022762299259e+00
-8.732992512028343590e-01
7.269250075522188936e-01
1.687305366581832722e+00
1.884108881327059670e+00
1.292177507197042274e+00
-1.190036126384530490e-02
-1.859762001347684102e+00
-4.013070875084096656e+00
-6.194308095615298271e+00
-8.122565279738195088e+00
-9.549716417898522991e+00
-1.029231174262237403e+01
-1.025510128506813246e+01
-9.443184008472288227e+00
-7.961247592482969537e+00
-6.000023832334011153e+00
-3.811721899349523657e+00
-1.677607439375286003e+00
1.281083816709740475e-01
1.373444064655414465e+00
1.898390336533601896e+00
1.635423984625762550e+00
6.181784039662909791e-01
-1.022832607139335437e+00
-3.076892618149146941e+00
-5.280039021446476966e+00
-7.348867399918576737e+00
-9.016879408668787121e+00
-1.006874014177092214e+01
-1.036806690257475339e+01
-9.875185383897090219e+00
-8.652562340442376154e+00
-6.857142515850991771e+00
-4.720470588660327316e+00
-2.519062814991859689e+00
-5.387724890483744922e-01
9.622917156793322491e-01
1.787497324293616074e+00
1.827651991434697365e+00
1.075741584812115015e+00
-3.715909605423535211e-01
-2.326146837011425106e+00
-4.532392696771847973e+00
-6.700726926883151080e+00
-8.545482870989673074e+00
-9.822681711197166265e+00
-1.036252276091731162e+01
-1.009224339866078957e+01
-9.046219883269252193e+00
-7.361856758765501496e+00
-5.261706650948891451e+00
-3.024120055547234287e+00
-9.462924387139572957e-01
6.953648521385211723e-01
1.682204727504962527e+00
1.882675221541181720e+00
1.270012349004858265e+00
-7.412834350755392876e-02
-1.970617521326540889e+00
-4.166904117408826380e+00
-6.370911928502192012e+00
-8.290174724951306473e+00
-9.670894954108200992e+00
-1.033163735530179395e+01
-1.018712602135597223e+01
-9.258993751955102880e+00
-7.672139700460901324e+00
-5.637329101922370356e+00
-3.422538345446080488e+00
-1.317048695386545010e+00
4.067829861919642909e-01
1.528919056055794812e+00
1.909527892884262279e+00
1.505768575963638334e+00
3.755278779161486113e-01
-1.331978159074068024e+00
-3.397096782197599918e+00
-5.559033846991866312e+00
-7.549489140821178168e+00
-9.126182431586020272e+00
-1.010203748837639104e+01
-1.036654591982002316e+01
-9.896992409349477882e+00
-8.758610370274983126e+00
-7.094157903467968929e+00
-5.104674500174357199e+00
-3.024149503250076698e+00
-1.091404874107583023e+00
4.773728771597394172e-01
1.512305358790420051e+00
1.907194056971560414e+00
1.628972846408997199e+00
7.186307849937207948e-01
-7.160049296134221031e-01
-2.514358093377724757e+00
-4.482130871945925854e+00
-6.412937124863556271e+00
-8.110098239059933434e+00
-9.406319445696187387e+00
-1.017935506533535595e+01
-1.036232666271790670e+01
-9.948003755667155446e+00
-8.987016170000128312e+00
-7.580571057627778053e+00
-5.868740268640888935e+00
-4.015727218909662000e+00
-2.193698117788354551e+00
-5.667707925875209440e-01
7.233878448464707844e-01
1.569168007757445693e+00
1.904986320774938235e+00
1.711167558698998725e+00
1.013681226154056425e+00
-1.199638606648543160e-01
-1.588063355405985977e+00
-3.264474993891349097e+00
-5.009834160915969115e+00
-6.683230831861005861e+00
-8.153394590642955464e+00
-9.308548943386139030e+00
-1.006426498946207815e+01
-1.036884858327845649e+01
-1.020601499806034163e+01
-9.594822623057771338e+00
-8.587036716725931385e+00
-7.262263357460112978e+00
-5.721323905692358380e+00
-4.078426787838028034e+00
-2.452735124688758539e+00
-9.599277067923934759e-01
2.956852209050566671e-01
1.228002793219814315e+00
1.774588385701329152e+00
1.900430676923057227e+00
1.599812439820926357e+00
8.962186772345450692e-01
-1.596637112765852962e-01
-1.493688240393149513e+00
-3.013464527286661365e+00
-4.614694095406611574e+00
-6.188210156968678710e+00
-7.627267367846098267e+00
-8.834616622094475957e+00
-9.728916510534531881e+00
-1.025007619640059886e+01
-1.036319180547488550e+01
-1.006082627047740452e+01
-9.363485983696570258e+00
-8.318260689282196196e+00
-6.995709186986292849e+00
-5.485185676082294570e+00
-3.888903034548679027e+00
-2.315113542113750533e+00
-8.708489029126753600e-01
3.453044830983857949e-01
1.249915047070974339e+00
1.780447544941971216e+00
1.899641017123276043e+00
1.598212352963289895e+00
8.956817532804208781e-01
-1.607604087572314100e-01
-1.499294351121745361e+00
-3.028237188221574172e+00
-4.642230915400731739e+00
-6.229444417769053111e+00
-7.679303796984843444e+00
-8.890219251435151904e+00
-9.776766914777155648e+00
-1.027581226987058294e+01
-1.035112715858586441e+01
-9.996151422977938239e+00
-9.234676669917300629e+00
-8.119375131594297912e+00
-6.728250965054797916e+00
-5.159243439298896838e+00
-3.523349928564983635e+00
-1.936750747333154887e+00
-5.124984177387017503e-01
6.476259674508471065e-01
1.460491035757498501e+00
1.867679411293595493e+00
1.839778988013000216e+00
1.378553039416305914e+00
5.168269502481805944e-01
-6.838788830408741859e-01
-2.137787813047988816e+00
-3.741045589872821431e+00
-5.379183055402748437e+00
-6.935318123040962845e+00
-8.298504275549781539e+00
-9.371627815061367883e+00
-1.007829317400541491e+01
-1.036823573364813456e+01
-1.022088349390289963e+01
-9.646807848398001539e+00
-8.686961215883513887e+00
-7.409756157489901796e+00
-5.906193496519872355e+00
-4.283385240284525608e+00
-2.656932004079205267e+00
-1.142696078604794163e+00
1.514455390284306091e-01
1.133282027246777623e+00
1.732837178776910569e+00
1.907357632007357751e+00
1.644365044104359797e+00
9.625537097896827987e-01
-8.953178119572147153e-02
-1.436946283179279860e+00
-2.983677040817730663e+00
-4.619481186103704395e+00
-6.227741439971588022e+00
-7.693780498692857961e+00
-8.913041273388250474e+00
-9.798549225482375391e+00
-1.028712182081131310e+01
-1.034388108218531777e+01
-9.964747175173847893e+00
-9.176734511428794150e+00
-8.036028747209956080e+00
-6.623981537440432277e+00
-5.041308638913759133e+00
-3.400905307644570108e+00
-1.819791729120480817e+00
-4.107633939306283288e-01
7.256575592456462331e-01
1.508395474390805013e+00
1.881606724503861017e+00
1.818664686059651814e+00
1.324059713861132082e+00
4.330785507433434489e-01
-7.907138644839215580e-01
-2.243372138770162394e+00
-3.866935249508002492e+00
-5.516548007950559551e+00
-7.074534350829646101e+00
-8.429759151200682865e+00
-9.485556114638640679e+00
-1.016662270288041192e+01
-1.042439028757238262e+01
-1.024048661882705069e+01
-9.628043872244235857e+00
-8.630759287749143027e+00
-7.319775757928974613e+00
-5.788605220380070193e+00
-4.146457266447917789e+00
-2.510449048009362638e+00
-9.972522459605364098e-01
2.852271121509559748e-01
1.245542672559218467e+00
1.815227082437123940e+00
1.953671972584777095e+00
1.651020929093619749e+00
9.288695251260898900e-01
-1.612771064140208210e-01
-1.541678784616931086e+00
-3.113904760321965615e+00
-4.765852747823854152e+00
-6.379741990431826437e+00
-7.840510472205780346e+00
-9.044017645381980941e+00
-9.904467970664956766e+00
-1.036052616760534839e+01
-1.037968837707831327e+01
-9.960597793391738008e+00
-9.133139863793557467e+00
-7.956310432207303052e+00
-6.514008940592344032e+00
-4.909056682629338475e+00
-3.255866592398933168e+00
-1.672287132748424110e+00
-2.712016791692066775e-01
8.475178146233410814e-01
1.604129369905770375e+00
1.944704414164267092e+00
1.844971062644391147e+00
1.312043396360559555e+00
3.839135671342619460e-01
-8.732569845467179626e-01
-2.369854051384203242e+00
-3.999198684196628495e+00
-5.645151363504683495e+00
-7.190390299354631587e+00
-8.524773811597395223e+00
-9.553190767703007680e+00
-1.020233955870329190e+01
-1.042595247323843566e+01
-1.020809314045476413e+01
-9.564292056558526767e+00
-8.540439298353884823e+00
-7.209513378151045870e+00
-5.666379415626027871e+00
-4.021027402546152985e+00
-2.390732509402279327e+00
-8.916962060802520185e-01
3.692360330178603434e-01
1.302190131996955991e+00
1.840669151935687253e+00
1.946292810511002891e+00
1.611532985753059144e+00
8.602502391533830561e-01
-2.540068790830676271e-01
-1.651818526951855937e+00
-3.233554240101700117e+00
-4.886474117876192125e+00
-6.492764398300122863e+00
-7.937934695027430543e+00
-9.118978389241128468e+00
-9.951714546546845952e+00
-1.037678806064197978e+01
-1.036390035502819273e+01
-9.913969086000633979e+00
-9.059062896674415555e+00
-7.860115852854598018e+00
-6.402584444703311561e+00
-4.790356684129133846e+00
-3.138347414389351275e+00
-1.564307595338087609e+00
-1.804313598356843684e-01
9.146409403901012425e-01
1.642853696526709761e+00
1.952299852641427691e+00
1.820920969911280274e+00
1.258079786703239833e+00
3.038931542061291680e-01
-9.736271397115738857e-01
-2.483421895841350313e+00
-4.117874885886266156e+00
-5.760483492344592449e+00
-7.294162870234297991e+00
-8.609591726853501825e+00
-9.613004836843822787e+00
-1.023287683351796673e+01
-1.042502083490427722e+01
-1.017573844308665088e+01
-9.502796546037428627e+00
-8.454161252919995206e+00
-7.104579165838964983e+00
-5.550249637621438303e+00
-3.901967748416040660e+00
-2.277226752957236755e+00
-7.918429333476493248e-01
4.483001498883547598e-01
1.354799511967187620e+00
1.863034652878918784e+00
1.936774272499465432e+00
1.570759371164186291e+00
7.910785579189090200e-01
-3.466912352320732360e-01
-1.761446143355498872e+00
-3.352336521416243720e+00
-5.005955788800721784e+00
-6.604424535466508317e+00
-8.033793626504415641e+00
-9.192167286284426808e+00
-9.996967088898916387e+00
-1.039081900799164515e+01
-1.034564382312840358e+01
-9.864659246533923564e+00
-8.982150994813853373e+00
-7.761029073993928051e+00
-6.288343435255239200e+00
-4.669078637409239008e+00
-3.018669848960426005e+00
-1.454773689753347643e+00
-8.888054926572497294e-02
9.816336639544438469e-01
1.680449697757995686e+00
1.957746120797102307e+00
1.793751534638460043e+00
1.200154547420792639e+00
2.192709394882434992e-01
-1.078972657218896458e+00
-2.602023576894295864e+00
-4.241301100337669716e+00
-5.879937246838426113e+00
-7.401108538338794673e+00
-8.696364748914774623e+00
-9.673360851079550571e+00
-1.026244090259150354e+01
-1.042160445257352563e+01
-1.013950135083212878e+01
-9.436241399817953734e+00
-8.361961074616798939e+00
-6.993249446347032716e+00
-5.427688077525819388e+00
-3.776894131858362869e+00
-2.158562667270647939e+00
-6.880754495479504129e-01
5.297254550039909304e-01
1.408012781943059011e+00
1.884164891205732495e+00
1.924230887762804265e+00
1.525351646947725293e+00
7.159640843797596688e-01
-4.462259412825502203e-01
-1.878357609683410701e+00
-3.478322723221701107e+00
-5.132045722351634254e+00
-6.721617094289081606e+00
-8.133700277479185559e+00
-9.267612649600181385e+00
-1.004250441069980404e+01
-1.040312348074640170e+01
-1.032375533846772164e+01
-9.810056849145997404e+00
-8.898653285966567239e+00
-7.654527236522520539e+00
-6.166385531461770597e+00
-4.540334509508637595e+00
-2.892314561379368154e+00
-1.339833372426826319e+00
6.412699569835034197e-03
1.050431686730411762e+00
1.717780699466978866e+00
1.960874169846947623e+00
1.762377125485628859e+00
1.136441509467026378e+00
1.276973595454764521e-01
-1.191929250914841809e+00
-2.728344642446403512e+00
-4.371996670339605373e+00
-6.005686197790075731e+00
-7.512923912569769769e+00
-8.786236604530170524e+00
-9.734830606197181879e+00
-1.029106594138752406e+01
-1.041527952783176403e+01
-1.009861349771045091e+01
-9.363646945748257622e+00
-8.262786043410731196e+00
-6.874527301016613912e+00
-5.297860419165849599e+00
-3.645209832188269328e+00
-2.034418249460219208e+00
-5.803438147479198506e-01
6.133299422716227411e-01
1.461487359478378600e+00
1.903649912873655481e+00
1.908288723697339151e+00
1.475072789453503397e+00
6.348926221642674506e-01
-5.523423949299259839e-01
-2.001975872496705389e+00
-3.610640893145658836e+00
-5.263630664916888691e+00
-6.843077777325926370e+00
-8.236358828586542558e+00
-9.344125122456224730e+00
-1.008738679719763986e+01
-1.041314524597209257e+01
-1.029817220452346760e+01
-9.750666036755401223e+00
-8.809667118144693276e+00
-7.542274007186412277e+00
-6.038858912107100352e+00
-4.406623621857006512e+00
-2.761955404257133484e+00
-1.222127942283883772e+00
1.030609195655349808e-01
1.119118342972599045e+00
1.753594315782445179e+00
1.961247683715919621e+00
1.727272032301534921e+00
1.068351402316993770e+00
3.147056765605782402e-02
-1.309435283350501411e+00
-2.858752560446397251e+00
-4.506007049232684913e+00
-6.133741306232149526e+00
-7.625889969300072124e+00
-8.876055780152739771e+00
-9.795096198305259350e+00
-1.031747964674901752e+01
-1.040595816353273939e+01
-1.005422328393705911e+01
-9.287355784731296637e+00
-8.160037230812704934e+00
-6.752650858392769351e+00
-5.165549828041125835e+00
-3.511901554098018519e+00
-1.949146632338297547e+00
