1.217253126511490535e+00
1.726615772095414503e+00
2.100946975192584887e+00
2.293913678252473165e+00
2.281636848479911439e+00
2.065644891707309583e+00
1.672681842811706510e+00
1.151394636088939327e+00
5.663099881288387039e-01
-1.015325259691202131e-02
-5.066474929187870790e-01
-8.617261861986663662e-01
-1.031447437893656893e+00
-9.948107452270341655e-01
-7.563544371078253503e-01
-3.455927530663704950e-01
1.866374804078442806e-01
7.744683193578036917e-01
1.345151759614477527e+00
1.828061859406719503e+00
2.163434197471736820e+00
2.309761477261194074e+00
2.248930336829946253e+00
1.988463815017315728e+00
1.560591908642968928e+00
1.018264972547993530e+00
4.286028630172618592e-01
-1.354100445545624032e-01
-6.039567438422838164e-01
-9.190290741088636972e-01
-1.041609521234973634e+00
-9.565046134837368319e-01
-6.742343169892203170e-01
-2.297420313045694940e-01
3.219257965140535083e-01
9.124412929314031917e-01
1.468674746036487289e+00
1.921777675113764516e+00
2.215723080013347612e+00
2.314238382640064096e+00
2.205272586259933831e+00
1.902448541934202098e+00
1.443329059699139716e+00
8.847228907252084884e-01
2.956234810333903673e-01
-2.513357434395302459e-01
-6.888466205476048154e-01
-9.632029570186230183e-01
-1.040871138263325779e+00
-9.125536740770722188e-01
-5.942584536843426024e-01
-1.252577638280871763e-01
4.367963109067375393e-01
1.022986730585388138e+00
1.561594401215178785e+00
1.986868174900460637e+00
2.247030507361359675e+00
2.310547557401174679e+00
2.169909951530815562e+00
1.842477553156474546e+00
1.368300326576176840e+00
8.051939563021566215e-01
2.216790311664418311e-01
-3.113530296958044730e-01
-7.292353897247950689e-01
-9.813444118076916078e-01
-1.037201774988396608e+00
-8.901307389899720812e-01
-5.580335940127142402e-01
-8.120392225444106327e-02
4.825573807849062313e-01
1.064931495565254238e+00
1.595335143187469606e+00
2.009446968678731960e+00
2.256983882866002933e+00
2.307794050078842751e+00
2.155533523662237272e+00
1.818480836921336774e+00
1.337384371510530245e+00
7.705910867041161350e-01
1.870306728734761337e-01
-3.421119276975551626e-01
-7.520411129945397954e-01
-9.922730783033463231e-01
-1.032875108223241689e+00
-8.682537136198426042e-01
-5.180099568946959776e-01
-2.472734129473619369e-02
5.510745412353039718e-01
1.138240474795716661e+00
1.663678954646743868e+00
2.061420958049129837e+00
2.280928006454905788e+00
2.293607206974238810e+00
2.096687453485618136e+00
1.713917103969948119e+00
1.192925638402866806e+00
5.995057290983055731e-01
9.467681582837061960e-03
-5.009547964075208304e-01
-8.649539839321370716e-01
-1.033988967577723184e+00
-9.844435068422850987e-01
-7.211710806740504465e-01
-2.773724259752314847e-01
2.892860492918143955e-01
9.039101687943000840e-01
1.484107411853992975e+00
1.950976622275784056e+00
2.239909836121872999e+00
2.309727651203447252e+00
2.148839575825836956e+00
1.777478589217156735e+00
1.245565438152683946e+00
6.263506556776222700e-01
6.582630443335957260e-03
-5.255260815617165404e-01
-8.928935230851490212e-01
-1.040932133621561118e+00
-9.459897260809625452e-01
-6.195276446545093796e-01
-1.072628298056941265e-01
5.167889151794882174e-01
1.160673998272533147e+00
1.727879100995650230e+00
2.131818982103514504e+00
2.309269720268693149e+00
2.230644537960658091e+00
1.905399486631439210e+00
1.381534683547294584e+00
7.390348357728824258e-01
7.804389411355572292e-02
-4.965543925107068768e-01
-8.918212900983725211e-01
-1.042068029094477488e+00
-9.202330506334582827e-01
-5.433054386044705586e-01
2.934483986220115526e-02
7.047422984309194005e-01
1.371006500567992337e+00
1.915737037430677248e+00
2.245104139029368895e+00
2.300398733891138470e+00
2.069075973277884284e+00
1.588140632189035673e+00
9.389625335881321977e-01
2.340825858911732005e-01
-4.019733702825648569e-01
-8.546788703629993877e-01
-1.040430485715660325e+00
-9.225546331606827577e-01
-5.192544677080609405e-01
9.830873708531184807e-02
8.178533862087350448e-01
1.505925593803711493e+00
2.032522423506427867e+00
2.295892984141997495e+00
2.242763471399802366e+00
1.879883983536773773e+00
1.274286406566315311e+00
5.417339387694667385e-01
-1.748432604868364049e-01
-7.330447277045181176e-01
-1.019523140113027804e+00
-9.736009891542601880e-01
-6.009670388622331272e-01
2.576705648760979628e-02
7.803059149402631345e-01
1.507515364354617304e+00
2.055137543575043857e+00
2.305955876888837963e+00
2.203581926892063336e+00
1.766075092675992053e+00
1.083958375883274261e+00
3.024278276401701215e-01
-4.089871438427067352e-01
-8.931245937596982154e-01
-1.040350832973621742e+00
-8.142473898100935914e-01
-2.616515176154404765e-01
4.958569629306901483e-01
1.287817053546804313e+00
1.932830875529569781e+00
2.280269105198903024e+00
2.246143487339421707e+00
1.834476044100338488e+00
1.138530042645523155e+00
3.208169352122421381e-01
-4.241497278090372580e-01
-9.160171949307188699e-01
-1.032775105840091356e+00
-7.420410550554253915e-01
-1.112230114159988847e-01
7.067848243729210056e-01
1.509733214589037642e+00
2.095704836631242518e+00
2.314263412858163171e+00
2.106049047549175768e+00
1.520192931776572554e+00
7.042000638269736434e-01
-1.321013319825422583e-01
-7.700554954979247357e-01
-1.039636414648406504e+00
-8.657288979830130016e-01
-2.904229668528518493e-01
5.355785122203744475e-01
1.391249349000091007e+00
2.043862497932803723e+00
2.312575177122964565e+00
2.119563263470036318e+00
1.514009964742088599e+00
6.612393433704899515e-01
-2.011997198654560393e-01
-8.292202061887837816e-01
-1.041665532038272168e+00
-7.737183521586689094e-01
-9.822207779416891604e-02
7.924314251089901173e-01
1.639932116301371146e+00
2.194633675717684973e+00
2.289689790536376002e+00
1.892594013087713023e+00
1.117854893227296031e+00
1.956314788806941540e-01
-5.956477204271334314e-01
-1.013298619923268529e+00
-9.257318491285230211e-01
-3.555077382190133806e-01
5.244115297782294682e-01
1.441613405101032308e+00
2.107905274836434639e+00
2.310253993398704075e+00
1.980218283636331567e+00
1.218877669671893926e+00
2.677459996162903089e-01
-5.666528023058728936e-01
-1.011420493081151228e+00
-9.174808338981538247e-01
-3.112631069052821386e-01
6.105370471745329430e-01
1.543185627244210156e+00
2.174023128225604395e+00
2.287823222887185093e+00
1.841753640720744656e+00
9.833699623825908898e-01
3.687685661799666725e-03
-7.604580562154897860e-01
-1.042398504658987424e+00
-7.400040386878582455e-01
4.536120306509716649e-02
1.502867034345290786e+00
3.332553714996725702e+00
4.206201566331913888e+00
3.803589744943759676e+00
2.259850711761258957e+00
1.248943536735509507e-01
-1.829187973528580091e+00
-2.886580194337877270e+00
-2.651990384127905998e+00
-1.202485250746684997e+00
9.327576310711491736e-01
2.962057186776860807e+00
4.123694426608365049e+00
3.973664951786657351e+00
2.559406436705580656e+00
4.101420779935522898e-01
-1.657440210671139447e+00
-2.848341856413622697e+00
-2.696729963257296081e+00
-1.252197406031147153e+00
9.311068452392601280e-01
3.003355257274317403e+00
4.148735519031027330e+00
3.908542493959183961e+00
2.369020373016882175e+00
1.355184036163896710e-01
-1.902000233297365561e+00
-2.922756433882606419e+00
-2.507986601655002090e+00
-8.170138863386343653e-01
1.469070269814809482e+00
3.418539259072676195e+00
4.228412428961275005e+00
3.557788598028903237e+00
1.675741105449702228e+00
-6.420523733799333721e-01
-2.430329215694650991e+00
-2.936498248344877826e+00
-1.940407493242892745e+00
1.454783988816236717e-01
2.442712273330716943e+00
3.974855752391535990e+00
4.083517764362331270e+00
2.714749547349651682e+00
4.497714124692545612e-01
-1.738297816173274501e+00
-2.901456622585199874e+00
-2.529326423146914582e+00
-7.768683699252852959e-01
1.595879103770379004e+00
3.550741577843756325e+00
4.225566644613573786e+00
3.316919336246860528e+00
1.220332071328252388e+00
-1.138302908169834371e+00
-2.709968208997468597e+00
-2.789960668910022701e+00
-1.336782932216984854e+00
1.003149418845956431e+00
3.180402015870548382e+00
4.212628270047383161e+00
3.629458546507973171e+00
1.689844992967941995e+00
-7.299378999880176133e-01
-2.530617931311492708e+00
-2.889753063921136622e+00
-1.639463753138472146e+00
6.524685943092670692e-01
2.938447101574384046e+00
4.169430636453945738e+00
3.777458572430814954e+00
1.939710613308181841e+00
-4.996778619794018939e-01
-2.416459758305532279e+00
-2.924784411791897298e+00
-1.787862684564509141e+00
4.703421331932262639e-01
2.805772001943174665e+00
4.137031371423803172e+00
3.846759029182610590e+00
2.068667531551846128e+00
-3.736172755395731349e-01
-2.348078463711892994e+00
-2.939302701095720227e+00
-1.873177468106578925e+00
3.559615335552955839e-01
2.714723521703166664e+00
4.109974627827798876e+00
3.895529998500083746e+00
2.171251548028759082e+00
-2.638137775273645680e-01
-2.282052391837440464e+00
-2.949543484312406427e+00
-1.958000252875838232e+00
2.332631891458709084e-01
2.610476681871823690e+00
4.074554667795776020e+00
3.949100143114752548e+00
2.292582219804822685e+00
-1.292235112416064702e-01
-2.197400723880718054e+00
-2.956811586455338148e+00
-2.057016428368171557e+00
8.622665018839403839e-02
2.483193555323147006e+00
4.027228777995371267e+00
4.005571781228209893e+00
2.428271938177902989e+00
2.349140974098706813e-02
-2.098589151426225374e+00
-2.958188373388244585e+00
-2.158247192034097761e+00
-6.790771611992874046e-02
2.347647391125406990e+00
3.972655214955771008e+00
4.056075191599985530e+00
2.558839256798055128e+00
1.724751693326486701e-01
-1.999910803910698753e+00
-2.953330543724694834e+00
-2.245946265375941664e+00
-2.042730679254333159e-01
2.226935722520484884e+00
3.921412548171145485e+00
4.093088891414433661e+00
2.661198825704318427e+00
2.890184143010955387e-01
-1.922672996126193468e+00
-2.946102671290253383e+00
-2.304407760678364170e+00
-2.946092872337422452e-01
2.148953295016068132e+00
3.888387303215746105e+00
4.112151869942207938e+00
2.714352835436264488e+00
3.458606597635921487e-01
-1.887874894042428586e+00
-2.942452403711827369e+00
-2.323252939695505503e+00
-3.183962059037646064e-01
2.134247322047010176e+00
3.885130259734564273e+00
4.111892652115455071e+00
2.706392757011911065e+00
3.273895364359457050e-01
-1.907288344993853801e+00
-2.945689301155459905e+00
-2.297419068126446362e+00
-2.662568870950640099e-01
2.191118472470224621e+00
3.915115349519984633e+00
4.090556341331362589e+00
2.632930034148091902e+00
2.301580793660221724e-01
-1.981240832633713644e+00
-2.953533526404745313e+00
-2.224680901519791920e+00
-1.388372422380950155e-01
2.315247161008515686e+00
3.972477309698358550e+00
4.044751577561981115e+00
2.496455755503224072e+00
6.283748191035654074e-02
-2.098573128826349166e+00
-2.958486580043429459e+00
-2.106465318001771170e+00
5.249305037924489881e-02
2.489906880703306680e+00
4.043576594884994435e+00
3.971973225947038166e+00
2.308618063879098958e+00
-1.531800312661327768e-01
-2.238507298788055433e+00
-2.951700486048789429e+00
-1.952010190026135739e+00
2.833764051530011652e-01
2.687088228644675336e+00
4.111381791447589862e+00
3.876353715487077523e+00
2.094519016783090493e+00
-3.832730233416495880e-01
-2.374486148534141527e+00
-2.929517480492608961e+00
-1.784470660326651803e+00
5.138622263475063345e-01
2.869805457679994731e+00
4.161661926634022457e+00
3.775754357963517549e+00
1.897262334943421447e+00
-5.797375824352416496e-01
-2.478810211337064473e+00
-2.900215155693089297e+00
-1.646508674360907420e+00
6.864328130779896453e-01
2.994239871302513123e+00
4.187758897723880658e+00
3.706706204304683894e+00
1.781032726794773424e+00
-6.812279997907800810e-01
-2.523912038136270741e+00
-2.885937048850301334e+00
-1.602212865134043707e+00
7.238623626414434353e-01
3.006782353249323858e+00
4.186923734070696845e+00
3.721583421894119059e+00
1.831686548571102691e+00
-6.067615877601367780e-01
-2.471463545202020384e+00
-2.910550995345791758e+00
-1.729175016369478346e+00
5.281237088493279108e-01
2.831779825635695413e+00
4.137878198281151221e+00
3.859590696188414771e+00
2.127550543733608190e+00
-2.744371677170450718e-01
-2.265534694055049147e+00
-2.953743783817746937e+00
-2.033672313315084246e+00
8.009384206782366178e-02
2.441215327227747256e+00
3.995501620738273196e+00
4.050781775358628600e+00
2.583935013052830687e+00
2.495745244527648454e-01
-1.912373745300714578e+00
-2.939616307640370518e+00
-2.375242980522454861e+00
-4.705737715075420935e-01
1.926725915087986074e+00
3.749542512151420759e+00
4.185964992126257833e+00
3.040893568002514868e+00
8.236687951345307290e-01
-1.477820908320043536e+00
-2.836764637598930605e+00
-2.645519962022359728e+00
-9.879232882491520984e-01
1.396441251408806039e+00
3.441308200527704475e+00
4.230223460898262289e+00
3.407771513121634843e+00
1.340847447821466698e+00
-1.043713892337928328e+00
-2.673937595176172355e+00
-2.814723673854903296e+00
-1.400334583858051651e+00
9.334760202754870395e-01
5.659231385770866929e+00
