-7.693694737266933981e-01
-5.137290164337097176e-01
-3.589608626715208306e-01
-3.326163402878637987e-01
-4.393852162376341575e-01
-6.602608393867335224e-01
-9.559236432802660222e-01
-1.273740688618790973e+00
-1.557135209453577751e+00
-1.755658226689296164e+00
-1.833969312723588985e+00
-1.778127780451288942e+00
-1.598074359445989412e+00
-1.325861579324640882e+00
-1.009947881744375886e+00
-7.065712048213192986e-01
-4.697376866664596529e-01
-3.416076667643903608e-01
-3.449904382393496061e-01
-4.792838110175080546e-01
-7.205813117627896114e-01
-1.025927937199211160e+00
-1.340966865331433278e+00
-1.609615881680708904e+00
-1.784050954329052807e+00
-1.833219713923639693e+00
-1.748369296373717185e+00
-1.544604499501760264e+00
-1.258198875624432889e+00
-9.401374306946058690e-01
-6.470404378884495600e-01
-4.310840790863530447e-01
-3.307122091610834591e-01
-3.637927048545899211e-01
-5.244366829563249510e-01
-7.840468203099620892e-01
-1.096408157100082770e+00
-1.405915135027619112e+00
-1.657470319557393212e+00
-1.806292667611073544e+00
-1.825889304507237298e+00
-1.712771700114104734e+00
-1.487076685738553783e+00
-1.188981760326620618e+00
-8.715528216106637194e-01
-5.912975460495040192e-01
-3.981060744140118013e-01
-3.263697297446805923e-01
-3.888587848821342119e-01
-5.744491396601814071e-01
-8.501025973595861540e-01
-1.166748217991571135e+00
-1.468017768857655003e+00
-1.700280215635322723e+00
-1.822188946232000228e+00
-1.812042161391677286e+00
-1.671646159044131830e+00
-1.425993782969956269e+00
-1.118815277313524259e+00
-8.047935694819994268e-01
-5.398297916751412240e-01
-3.710919415247364572e-01
-3.286181871991530334e-01
-4.199695695320658784e-01
-6.288840099057662059e-01
-9.181712330669482558e-01
-1.236333260046876159e+00
-1.526731912377041089e+00
-1.737671358050665082e+00
-1.831600836898418461e+00
-1.791799325871350490e+00
-1.625352161664933348e+00
-1.361889731919662561e+00
-1.048312769124897903e+00
-7.404432334025616846e-01
-4.930870671046574394e-01
-3.502778176191357895e-01
-3.374379272031440280e-01
-4.568531117599915481e-01
-6.872654650618990058e-01
-9.876577226931853026e-01
-1.304555023245103307e+00
-1.581544330771096352e+00
-1.769316901602281611e+00
-1.834446067951876813e+00
-1.765337745565927818e+00
-1.574294375229427390e+00
-1.295324881913892501e+00
-9.780905155794585859e-01
-6.790643155367718231e-01
-4.514779620260670479e-01
-3.358456440896069317e-01
-3.527518542332376272e-01
-4.991870034232525066e-01
-7.490831784249551983e-01
-1.057954667688499439e+00
-1.370817164322208015e+00
-1.631975895167118384e+00
-1.794940224786284455e+00
-1.830699768525752447e+00
-1.732888727677568630e+00
-1.518919108446038724e+00
-1.226881092729704470e+00
-9.087623467209734462e-01
-6.211933441493596719e-01
-4.153661918928308605e-01
-3.279215761257358031e-01
-3.744261054749441486e-01
-5.466011935300113533e-01
-8.137967861105012135e-01
-1.128447585112722917e+00
-1.434540469554557163e+00
-1.677585770818031286e+00
-1.814317347812834935e+00
-1.820394685947637647e+00
-1.694735917077585974e+00
-1.459710410184110074e+00
-1.157156648415062161e+00
-8.409342771783200332e-01
-5.673361836793473501e-01
-3.850674185972936536e-01
-3.265748799606377206e-01
-4.022712209506046355e-01
-5.986812229463676083e-01
-8.808406105074135795e-01
-1.387386299822152003e+00
-2.158248050553895681e+00
-2.737230127361764964e+00
-3.021264007243253502e+00
-2.959786894466457596e+00
-2.563742746480448975e+00
-1.903634065887330973e+00
-1.096971272189195767e+00
-2.873538756954681084e-01
3.810926444186764073e-01
7.893735933361274437e-01
8.648081125974804717e-01
5.939675922420690757e-01
2.506618866689458436e-02
-7.406221040800307076e-01
-1.566791924269961944e+00
-2.306371183616990006e+00
-2.827702366357498054e+00
-3.037979775816917360e+00
-2.899770505378761243e+00
-2.437678123857898616e+00
-1.733962827488128022e+00
-9.138977449490126581e-01
-1.234682188081257515e-01
4.966160345888210870e-01
8.359696152530340374e-01
8.341818926387456479e-01
4.915711113631366924e-01
-1.308722616745466860e-01
-9.223428636115234003e-01
-1.741945649144727382e+00
-2.443777572329391745e+00
-2.902900776509412140e+00
-3.037583628830273774e+00
-2.823850322063171880e+00
-2.299748970523444846e+00
-1.558578407405840860e+00
-7.322794272417371131e-01
3.205288904065528577e-02
5.983545662719447211e-01
8.658144053077962976e-01
7.868200677423076161e-01
3.754338709158080434e-01
-2.951105404890896899e-01
-1.105445011810097578e+00
-1.911316412522757302e+00
-2.569266113545912056e+00
-2.962168029961162130e+00
-3.020079029101869317e+00
-2.732689981573325433e+00
-2.151160959236796621e+00
-1.379013884127874290e+00
-5.537038895919638160e-01
1.778499994764020098e-01
6.854189178613445677e-01
8.786470828271155664e-01
7.231366393048563879e-01
2.465710551726780775e-01
-4.662130004601638955e-01
-1.288328007622641103e+00
-2.073423702773607324e+00
-2.681739880966817147e+00
-3.004986057027666746e+00
-2.985618988656723261e+00
-2.627086338936892584e+00
-1.993212934464733577e+00
-1.196838875455050522e+00
-3.797321048330540849e-01
3.126486639852650296e-01
7.570480383789328638e-01
8.743554742106680600e-01
6.436882798865415367e-01
1.061090857995401482e-01
-6.426839927702934219e-01
-1.469393225661406621e+00
-2.226850500077593331e+00
-2.780215713641201347e+00
-3.030980574770162583e+00
-2.934504731210405559e+00
-2.507962501648876241e+00
-1.827285558861174275e+00
-1.013645818084820682e+00
-2.118848032584038643e-01
4.352705741828004626e-01
8.126158000096852518e-01
8.529770934681708550e-01
5.491694671987641385e-01
-4.472422447404178492e-02
-8.229809409360742123e-01
-1.647057930182318497e+00
-2.370255662945363273e+00
-2.863832810019259600e+00
-3.039924358695520912e+00
-2.867183059098374009e+00
-2.376359760561836953e+00
-1.654829244554625323e+00
-8.310360477300067217e-01
-5.162917954320289660e-02
5.446438616980882053e-01
8.516364712392128222e-01
8.146988143002447114e-01
4.404064135033276539e-01
-2.046104044686826162e-01
-1.005527824849948848e+00
-1.819769110168979243e+00
-2.502385651466743077e+00
-2.931860252431182090e+00
-3.031739228981804146e+00
-2.784242447666420261e+00
-2.233428487705135357e+00
-1.477351474737556236e+00
-6.506058014473597995e-01
9.963393236678963483e-02
6.398124676399588040e-01
8.737689627529869885e-01
7.598552365892554672e-01
3.183498434870286609e-01
-3.721518496374102147e-01
-1.188728957160951394e+00
-1.986017054585154984e+00
-2.622085484812504141e+00
-2.983703396218861492e+00
-3.006496733867297877e+00
-2.686407901262486853e+00
-2.080418080599371500e+00
-1.261002308264594252e+00
-5.733113620298861957e-01
2.411393777728410015e-02
4.249218650465322877e-01
5.577618845435134975e-01
3.989862441984872721e-01
-2.314032829721268669e-02
-6.334722212052623647e-01
-1.323360118315079381e+00
-1.969992399991582932e+00
-2.458257671827543511e+00
-2.701236524021881191e+00
-2.655674644533358553e+00
-2.329682812282771742e+00
-1.781293042434070717e+00
-1.108127914117229329e+00
-4.300221135714631382e-01
1.323101504196875222e-01
4.787643008617363805e-01
5.476656866652711564e-01
3.267487052286268678e-01
-1.446597145242332072e-01
-7.826409652631040048e-01
-1.473623681222219206e+00
-2.094601346644050288e+00
-2.535029519211101423e+00
-2.716504595334273020e+00
-2.606720966935191619e+00
-2.225221961661112857e+00
-1.639920802693892288e+00
-9.550109156728819881e-01
-2.924177509233933936e-01
2.299059921914980986e-01
5.189779245988814793e-01
5.233383926960362142e-01
2.422111600080043559e-01
-2.743584096973731290e-01
-9.344122667492260614e-01
-1.620449751155634832e+00
-2.210344681339451611e+00
-2.599085863317019296e+00
-2.717470844954458009e+00
-2.544425113426878049e+00
-2.110753712059248333e+00
-1.493657425811672823e+00
-8.029897463924806633e-01
-1.617011077698641275e-01
3.160483537605491833e-01
5.452112190511952949e-01
4.849926535145063777e-01
1.461125720767342262e-01
-4.111026855222968956e-01
-1.087459455271734265e+00
-1.762554885212519018e+00
-2.316210663032529204e+00
-2.649866771837300128e+00
-2.704126826656107596e+00
-2.469331627433811072e+00
-1.987278658689015209e+00
-1.343781436051448619e+00
-6.533932608240264894e-01
-3.901481053953692602e-02
3.899842434910274491e-01
5.572348725195006569e-01
4.329636586876828286e-01
3.929296290176154116e-02
-5.536972265460640141e-01
-1.240444707595427465e+00
-1.898696907355416297e+00
-2.411273891057613028e+00
-2.686928356321691247e+00
-2.676589183795454296e+00
-2.382096919644378197e+00
-1.855876127456110636e+00
-1.191602936417745839e+00
-5.075291187568067297e-01
7.456870957385652865e-02
4.510673695290468022e-01
5.549437832823140848e-01
3.677062064961182930e-01
-7.731393095812832961e-02
-7.008955787040890284e-01
-1.392030741884629830e+00
-2.027685766579286231e+00
-2.494703394284257580e+00
-2.709946652316242321e+00
-2.635098629702932183e+00
-2.283483530162249586e+00
-1.717694740306181078e+00
-1.038452156721794362e+00
-3.666723546447983040e-01
1.780565909972564587e-01
4.987637891992526828e-01
5.383579783159211374e-01
2.897907284299874320e-01
-2.026888198741052527e-01
-8.514110448828329236e-01
-1.540892507213748708e+00
-2.148393939441041844e+00
-2.565769894840689958e+00
-2.718720451216505296e+00
-2.580017843548567669e+00
-2.174353462955150640e+00
-1.573942374836930558e+00
-8.856678257148928868e-01
-2.320542322158095638e-01
2.705442206262254068e-01
5.326565763294697220e-01
5.076224382336442797e-01
1.998983029066634387e-01
-3.357357710091607439e-01
-1.003927932256690969e+00
-1.685728766164312997e+00
-2.259766286020127968e+00
-2.623852182911754483e+00
-2.713173059081589233e+00
-2.511828300073895459e+00
-2.055660650865514860e+00
-1.425875605942044988e+00
-7.345854689298920714e-01
-1.048514816914768444e-01
3.512231412712838452e-01
5.524494657052376745e-01
4.630058299745298811e-01
9.881470179623974559e-02
-4.196890423683637961e-01
-1.164164831272004097e+00
-1.893724436586134541e+00
-2.478494009060469239e+00
-2.814374754369419307e+00
-2.841574264922715809e+00
-2.555250571527501791e+00
-2.006374095136318925e+00
-1.292654056809001695e+00
-5.411445971386351639e-01
1.143729923056451270e-01
5.572055832690379074e-01
7.085215453500952609e-01
5.413840987362623647e-01
8.554651291709913785e-02
-5.778444744425198509e-01
-1.330694138170149365e+00
-2.038982607890621246e+00
-2.576622653345792546e+00
-2.847905326691201111e+00
-2.804537760879850516e+00
-2.454240110184947810e+00
-1.859371233221670749e+00
-1.125827769946156298e+00
-3.841927631614453498e-01
2.335103138366192432e-01
6.173199504062221177e-01
6.989115922304187656e-01
4.637605582370141200e-01
-4.627232249644341877e-02
-7.403926405993219717e-01
-1.495035334494425383e+00
-2.175861344355847216e+00
-2.661672218506021981e+00
-2.865985471108321025e+00
-2.752429915524890802e+00
-2.341220345721781726e+00
-1.705558963808222916e+00
-9.586041599795807056e-01
-2.333264206536375118e-01
3.411626489001433615e-01
6.625943563476779374e-01
6.737484652432561560e-01
3.726393570757664531e-01
-1.871304953242649560e-01
-9.059126672140540570e-01
-1.655751873300989274e+00
-2.303164155175145833e+00
-2.732899265308327053e+00
-2.868457144617605259e+00
-2.685706216390271628e+00
-2.217179211783765425e+00
-1.546281797891961185e+00
-7.924449697420243854e-01
-8.986432953756073871e-02
4.363889818749384641e-01
6.926330463408352234e-01
6.332521214899278217e-01
2.688170081536445100e-01
-3.357967295246171435e-01
-1.072957702896209842e+00
-1.811438891671545814e+00
-2.419778255070600181e+00
-2.789681180563249985e+00
-2.855298741711102650e+00
-2.604949911792528106e+00
-2.083200982526531408e+00
-1.382932016477610659e+00
-6.288026377106668008e-01
4.493947265297171256e-02
5.183569158898884144e-01
7.071734447851705241e-01
5.777765495025763975e-01
1.532010482379493332e-01
-4.909714968649577793e-01
-1.240067565774917835e+00
-1.960735490966698302e+00
-2.524684291423517912e+00
-2.831521619540088519e+00
-2.826625283235101094e+00
-2.510866912514579052e+00
-1.940456794707750898e+00
-1.216937500306930486e+00
-4.691076018842427198e-01
1.699066326236717828e-01
5.863499490103840639e-01
7.060884504704407760e-01
5.078066749431398019e-01
2.680210495953438965e-02
-6.512983764186738300e-01
-1.405781507308888623e+00
-2.102336632777133563e+00
-2.616965254687330766e+00
-2.858054844638686198e+00
-2.782687410964563846e+00
-2.404279621265643208e+00
-1.790194410491399601e+00
-1.049749248400403845e+00
-3.147557959716079656e-01
2.839447815968725308e-01
6.397737373583980425e-01
6.893875475996376068e-01
4.239541217483135949e-01
-1.092749373327861484e-01
-8.153759113749938781e-01
-1.568650981049562354e+00
-2.235004546585878771e+00
-2.695814494194246791e+00
-2.869048922392111400e+00
-2.723869196681522276e+00
-2.286119743856140918e+00
-1.633727310451249970e+00
-8.828286945173042799e-01
-1.670964471903979565e-01
3.860570839764525530e-01
6.781612904190736923e-01
6.572167228852519028e-01
3.269518657740064782e-01
-2.538405956388998241e-01
-9.817698595191917121e-01
-1.727252304743208677e+00
-2.357579549426010779e+00
-2.760542769287757991e+00
-2.864407750854210288e+00
-2.210497980620314884e+00
