-3.946381794308668756e+00
-3.303222461249428310e+00
-3.053373438490124769e+00
-3.264659911554348870e+00
-3.884028125021724787e+00
-4.750841166559640172e+00
-5.638536188410411931e+00
-6.313841602190454871e+00
-6.598076675537467572e+00
-6.414425178807908523e+00
-5.808676891751632709e+00
-4.937841175013872430e+00
-4.029455680328194234e+00
-3.322134519539929443e+00
-3.002889491338674333e+00
-3.157688666297977953e+00
-3.748322547494722379e+00
-4.621798962971451097e+00
-5.549966841859929723e+00
-6.289108180564421779e+00
-6.643933284241889226e+00
-6.519175512810727824e+00
-5.945155202483335621e+00
-5.070456537026882593e+00
-4.123473154818491970e+00
-3.352773005383489213e+00
-2.961853336933989667e+00
-3.055411538303849817e+00
-3.611317190901112806e+00
-4.485785339289152240e+00
-5.450559532509585026e+00
-6.252490877341529085e+00
-6.679962203393828624e+00
-6.618728202674575734e+00
-6.082437423820536537e+00
-5.209684642547658839e+00
-4.228201048844927534e+00
-3.395432708019304080e+00
-2.931011707075643180e+00
-2.958832997742840032e+00
-3.474012374813953752e+00
-4.343535169214651326e+00
-5.340591239083130937e+00
-6.203735571933089332e+00
-6.705443599893900597e+00
-6.712084862333949076e+00
-6.219506890180888092e+00
-5.354756084257725313e+00
-4.343318661991086849e+00
-3.450326249612062135e+00
-2.911056004570267142e+00
-2.868943512820558706e+00
-3.337439453886709373e+00
-4.195851346752758282e+00
-5.220426220919183180e+00
-6.142671905309796898e+00
-6.719715994385918378e+00
-6.798264773455288790e+00
-6.355319250207520199e+00
-5.504835591759314362e+00
-4.468418413516416443e+00
-3.517581027946076411e+00
-2.902616333202387544e+00
-2.786712224712397656e+00
-3.202654050968189559e+00
-4.043600346549093949e+00
-5.090515067931534965e+00
-6.069216070999810420e+00
-6.722182067195673127e+00
-6.876312191594861289e+00
-6.488809364968589399e+00
-5.659026718541930734e+00
-4.603007091112202076e+00
-3.597236697493815250e+00
-2.906255866066272731e+00
-2.713079672254448127e+00
-3.070729038169785596e+00
-3.887707296072098195e+00
-4.951393153772078115e+00
-5.983373056601963391e+00
-6.712314105786404639e+00
-6.945303578724173477e+00
-6.618898436815757513e+00
-5.816377003798480771e+00
-4.746507694715079495e+00
-3.689243210256445415e+00
-2.922465592011372237e+00
-2.648950614111419632e+00
-2.942747309099044806e+00
-3.729150587042714626e+00
-4.803678496614584681e+00
-5.885238316080616983e+00
-6.689659054993483345e+00
-7.004354714502330381e+00
-6.744501324846730483e+00
-5.975883580124953021e+00
-4.898261869083846420e+00
-3.793459434411446729e+00
-2.951659477861936054e+00
-2.595186995868929536e+00
-2.819794387090468923e+00
-3.568956056600728566e+00
-4.648069035726051013e+00
-5.774998856538163139e+00
-6.653843133515287889e+00
-7.052627639093897116e+00
-6.864534001430863341e+00
-6.136499195133414020e+00
-5.057532915107934457e+00
-3.909652365310388067e+00
-2.994170081737520306e+00
-2.552601108932917917e+00
-2.702950915617421401e+00
-3.408190771614344250e+00
-4.485339335710598618e+00
-5.652933726709903794e+00
-6.604575982586819549e+00
-7.089337381040522246e+00
-6.977921103039625095e+00
-6.297138612182601847e+00
-5.223509366121406927e+00
-4.037496939769620319e+00
-3.050244650238878918e+00
-2.521948987265104858e+00
-2.593285078147896439e+00
-3.247956452269267213e+00
-4.316336733979718510e+00
-5.519413898072882851e+00
-6.541654315434125344e+00
-7.113758424691530635e+00
-7.083603527685160550e+00
-6.456685352800348277e+00
-5.395309111860340678e+00
-4.176576460909343425e+00
-3.120041729487183613e+00
-2.503924086844390828e+00
-2.491844995503935234e+00
-3.089382573599416038e+00
-4.141976950596340856e+00
-5.374901533182695701e+00
-6.464965038985855728e+00
-7.125230872978525198e+00
-7.180546030615943209e+00
-6.613998740953686450e+00
-5.571984049153519969e+00
-4.326383637042965802e+00
-3.203628317028263339e+00
-2.499151291325206525e+00
-2.399651149294363517e+00
-2.933619185927839101e+00
-3.963239183140000232e+00
-5.219948639631754261e+00
-6.374487822386671887e+00
-7.123166262875060717e+00
-7.267744769554113304e+00
-6.767921207133548833e+00
-5.752525234991596292e+00
-4.486322234320780034e+00
-3.300977578457310102e+00
-2.508181285672778760e+00
-2.317688880208903068e+00
-2.781829497256844697e+00
-3.781160712624007658e+00
-5.055195111831957355e+00
-6.270297090098155834e+00
-7.107052992704357308e+00
-7.344234750684751845e+00
-6.917285808266902869e+00
-5.935868514299687426e+00
-4.655709339014486581e+00
-3.411967149302716606e+00
-2.531485337613155640e+00
-2.246901009904129776e+00
-2.635182262491681637e+00
-3.596831049757815535e+00
-4.881366166646797566e+00
-6.152563420743306644e+00
-7.076461322482639815e+00
-7.409097126743219519e+00
-7.060923917676510619e+00
-6.120900591490848086e+00
-4.833778221503566286e+00
-3.536378039354457492e+00
-2.569450524789420598e+00
-2.188180635240815519e+00
-2.494844026405888648e+00
-3.411385654306298143e+00
-4.699269182767317865e+00
-6.021554335906331268e+00
-7.031047909652108352e+00
-7.461466297250402668e+00
-7.197673035745496328e+00
-6.306465510111455508e+00
-5.019681789819445683e+00
-3.673894155026907526e+00
-2.622375448213801530e+00
-2.142364151167696740e+00
-2.361971278366898019e+00
-3.225999271584619077e+00
-4.509789959972341222e+00
-5.877634458419364272e+00
-6.970559822413085804e+00
-7.500536724771604824e+00
-7.326384625688017849e+00
-6.491371462445808760e+00
-5.212496602912579213e+00
-3.824102486051931038e+00
-2.690466569902270511e+00
-2.110224724157162779e+00
-2.237702784779947773e+00
-3.041879119801256692e+00
-4.313888493644969735e+00
-5.721264882852149292e+00
-6.894837536484466511e+00
-7.525568633005825347e+00
-7.445930929906886320e+00
-6.674396968679134901e+00
-5.411227012476866882e+00
-3.986494565690507308e+00
-2.773837234504758609e+00
-2.092469802059596429e+00
-2.123156703707756776e+00
-2.860262292892246094e+00
-4.112596414601672912e+00
-5.552999358257272533e+00
-6.803808008103334082e+00
-7.535876657358068442e+00
-7.555189900159893668e+00
-6.854276132866371718e+00
-5.614798586886918130e+00
-4.160478521163208043e+00
-2.872548134797922259e+00
-2.089813879115900885e+00
-2.019527547647872012e+00
-2.682512051690611798e+00
-3.907070433927867015e+00
-5.373442113299520706e+00
-6.697299297623761305e+00
-7.530482920051259299e+00
-7.652575050245951083e+00
-7.029221665984829670e+00
-5.821771092717023421e+00
-4.345528997007256145e+00
-2.987420076708811489e+00
-2.104549703958451090e+00
-1.930255119709895606e+00
-2.512366633270395777e+00
-3.700029268233920199e+00
-5.182736618296308606e+00
-6.571517253486920396e+00
-7.501091257557895631e+00
-7.726313793897046089e+00
-7.187076124059144533e+00
-6.024169214449663912e+00
-4.542337082692593953e+00
-3.130268133922622376e+00
-2.158551357566002249e+00
-1.882386477202387276e+00
-2.374573916411356400e+00
-3.506359675273742926e+00
-4.981157008242584894e+00
-6.412300732920368063e+00
-7.424444253948108141e+00
-7.752009365728807389e+00
-7.308869593674766740e+00
-6.210987710006445006e+00
-4.746061402770306970e+00
-3.298125351836701746e+00
-2.246870798901820176e+00
-1.868077582467108311e+00
-2.261268086060483906e+00
-3.323560877229597921e+00
-4.776592258426582305e+00
-6.239460428559508998e+00
-7.328577214954769659e+00
-7.758251649131842953e+00
-7.415630737054553556e+00
-6.390339611994798830e+00
-4.951036482000567673e+00
-3.475015474106124103e+00
-2.349303775230894953e+00
-1.869179207120028607e+00
-2.160717920931382263e+00
-3.147688147487323285e+00
-4.571483286821444558e+00
-6.058882237391559400e+00
-7.219882334174061000e+00
-7.749959816734417473e+00
-7.509944674455720559e+00
-6.562559166071479488e+00
-5.156027001995322046e+00
-3.659036460826816217e+00
-2.464097695115937903e+00
-1.884626765554034744e+00
-2.072740917114285431e+00
-2.979326260485823941e+00
-4.366860478506729315e+00
-5.871642849513946771e+00
-7.099127544436887760e+00
-7.727371418118285540e+00
-7.591472841466943677e+00
-6.726855070222232058e+00
-5.360033149844192657e+00
-3.849270886410295578e+00
-2.590674723452630168e+00
-1.914338675787779387e+00
-1.997770058487287503e+00
-2.819301976927152342e+00
-4.163719644140615905e+00
-5.678639656247501222e+00
-6.966872698902928818e+00
-7.690560630584299950e+00
-7.659784760791697344e+00
-6.882406498428785824e+00
-5.562060625893482602e+00
-4.044813065417548259e+00
-2.728456151892921788e+00
-1.958215341621446282e+00
-1.936210997490217967e+00
-2.668419639809849642e+00
-3.963052640572583663e+00
-5.480791692826175954e+00
-6.823722818719506478e+00
-7.639659661110234978e+00
-7.714505048779493279e+00
-7.028428834856892848e+00
-5.761121283920535241e+00
-4.244730433356668442e+00
-2.876809581467015597e+00
-2.016090448626925546e+00
-1.888407237995977983e+00
-2.527442627884400661e+00
-3.765842656160384383e+00
-5.279044204078951807e+00
-6.670337335716609140e+00
-7.574869138727746254e+00
-7.755322799856131155e+00
-7.164181023238763935e+00
-5.956238112236425408e+00
-4.448066140210605646e+00
-3.035049223583902389e+00
-2.087729163034441449e+00
-1.854636599683911591e+00
-2.397088708337759222e+00
-3.573059322542815774e+00
-5.074364511097074093e+00
-6.507427621773278936e+00
-7.496457889583092005e+00
-7.781993685167162056e+00
-7.288969503623234480e+00
-6.146450052440408207e+00
-4.653843551338748163e+00
-3.202438942784308740e+00
-2.172828933769113569e+00
-1.835109565454331015e+00
-2.278026348718912963e+00
-3.385653941103015097e+00
-4.867737389523075997e+00
-6.335753721751318679e+00
-7.404761877787827018e+00
-7.794341380087326243e+00
-7.402151755760936425e+00
-6.330816733747569813e+00
-4.861070934836601687e+00
-3.378195670136561191e+00
-2.271020737425172964e+00
-1.829968030915315680e+00
-2.170871297552543933e+00
-3.204554789908766743e+00
-4.660160332303364683e+00
-6.156120813693116922e+00
-7.300182791313964970e+00
-7.792258647166685925e+00
-7.503139595954017693e+00
-6.508423120077808655e+00
-5.068746240917899826e+00
-3.561493061898768353e+00
-2.381870656653465534e+00
-1.839284388082005339e+00
-2.076183412901537295e+00
-3.030662528039869130e+00
-4.452638734344304794e+00
-5.969375436303756999e+00
-7.183186301726287581e+00
-7.775708084959703115e+00
-7.591402219319343558e+00
-6.678384048702448617e+00
-5.275861947326129453e+00
-3.751465381319896597e+00
-2.504881780287246951e+00
-1.863060945078534481e+00
-1.994463753126410666e+00
-2.864845719574267591e+00
-4.246181022907848934e+00
-5.776401502456200099e+00
-7.054300006292383074e+00
-7.744722538839443615e+00
-7.666468972259753656e+00
-6.839848638071240217e+00
-5.481409947230413415e+00
-3.947211585130218747e+00
-2.639496416735012119e+00
-1.901229685576920847e+00
-1.926151944781597347e+00
-2.707936499431535360e+00
-4.041793757355193861e+00
-5.578116117527514461e+00
-6.914111061535002989e+00
-7.699405170738110371e+00
-7.727931840764673765e+00
-6.992004542895163155e+00
-5.684386455886632383e+00
-4.147799595433294684e+00
-2.785098610844513711e+00
-1.953652370238103675e+00
-1.871623841384122411e+00
-2.560726402679364355e+00
-3.840476722052360348e+00
-5.375465222340729987e+00
-6.763263518777681504e+00
-7.639929186371528402e+00
-7.775447641480136340e+00
-7.134082035228770380e+00
-5.883796912184463324e+00
-4.352270736755571967e+00
-2.941016952937277384e+00
-2.020120980765940377e+00
-1.831189485418878160e+00
-2.423962378182897837e+00
-3.643218036356218548e+00
-5.169419081405034255e+00
-6.602455373721449305e+00
-7.566537220171799305e+00
-7.808739903896430690e+00
-7.265357891076972052e+00
-6.078660851146352684e+00
-4.559644317136795522e+00
-3.106527667251933522e+00
-2.100358505513927554e+00
-1.805091384503576535e+00
-2.298343006641233366e+00
-3.450989305598795021e+00
-4.960967637968954236e+00
-6.432435343524647742e+00
-7.479540379824245910e+00
-7.827600433473834940e+00
-7.385159062935314545e+00
-6.268016723511376398e+00
-4.768922331372473344e+00
-3.280857965628036776e+00
-2.194020063912812457e+00
-1.793503111137056738e+00
-2.184514942123628956e+00
-3.264740836858253115e+00
-4.751115758120606714e+00
-6.253999386233648039e+00
-7.379316953974285553e+00
-7.831890547051323814e+00
-7.492866119655577251e+00
-6.450926638718341266e+00
-4.979094263857161806e+00
-3.463189650921549401e+00
-2.300694365323697088e+00
-1.796528233904399752e+00
-2.083069595186432643e+00
-3.085396943070759956e+00
-4.540878386782125631e+00
-6.067986978716949586e+00
-7.266310788325498038e+00
-7.821541973457071251e+00
-7.587916436105661688e+00
-6.626481007900965281e+00
-5.189141967913466047e+00
-3.652662953373912558e+00
-2.419905496273865975e+00
-1.814199586418567822e+00
-1.994540074529237650e+00
-2.913851358673566594e+00
-4.331275638948661744e+00
-5.875277170486604028e+00
-7.141029336986838061e+00
-7.796557413851564533e+00
-7.669807116257874924e+00
-6.793803063921637353e+00
-5.398044598047798459e+00
-3.848380581965328950e+00
-2.551115028409526975e+00
-1.846478878649142175e+00
-1.919398402941671300e+00
-2.750962789507077400e+00
-4.123327849913072107e+00
-5.676784431940756548e+00
-7.004041397534818358e+00
-7.757010757978641813e+00
-7.738097634590879181e+00
-6.952053235997623482e+00
-5.604783571239173590e+00
-4.049411971675822564e+00
-2.693724437908941560e+00
-4.812537914433976383e+00
