2.133911512044959213e+00
3.497027651415061111e+00
4.277969804649689678e+00
4.327573184059580136e+00
3.636358264928048811e+00
2.336343756666292570e+00
6.758328904375902058e-01
-1.028011756719204861e+00
-2.449746992175684035e+00
-3.317810665931206771e+00
-3.466392913438617107e+00
-2.867108841104863970e+00
-1.634422351649400973e+00
-3.784464527857966942e-03
1.713338669190146657e+00
3.188958361824028920e+00
4.141213021712526476e+00
4.388207914320788383e+00
3.882760672207427710e+00
2.721415253747578422e+00
1.126002079094073238e+00
-5.987337846863248769e-01
-2.123342995495958174e+00
-3.156601853993089790e+00
-3.501141046945975610e+00
-3.091146993162232626e+00
-2.004933938871117149e+00
-4.499850897633312918e-01
1.276679949457290908e+00
2.845240926903112477e+00
3.956078266738088711e+00
4.397005455973622468e+00
4.083799979767879229e+00
3.076290659161289742e+00
1.566928541995563862e+00
-1.559752458975206535e-01
-1.763322157863040918e+00
-2.948089266650948836e+00
-3.483974612765559087e+00
-3.268622680902696143e+00
-2.343173565578763551e+00
-8.844022065204243388e-01
8.290500462724930131e-01
2.469900541490896995e+00
3.724739830439323995e+00
4.353894294157973022e+00
4.237202692565493756e+00
3.396963583112798446e+00
1.993671590882816869e+00
2.953582789898147043e-01
-1.373604930402149815e+00
-2.694461886222655256e+00
-3.414950986890703089e+00
-3.397481147171033111e+00
-2.645404235281685779e+00
-1.302367947195715026e+00
3.751251585601612648e-01
2.066709568057382818e+00
3.449341486679261770e+00
4.258990544457761374e+00
4.341057215635214739e+00
3.679888972606634390e+00
2.401760697356616792e+00
7.507528258771691831e-01
-9.578638567901193168e-01
-2.397833235156048293e+00
-3.294211299617322286e+00
-3.475860518792400988e+00
-2.908118997529602456e+00
-1.699408933913190367e+00
-8.052553944653162432e-02
1.639436186460871525e+00
3.132099595754922472e+00
4.112500104789072353e+00
4.393484989291576603e+00
3.921434843039862894e+00
2.786489550388830949e+00
1.205329708292202540e+00
-5.201962218486356759e-01
-2.060698377574559981e+00
-3.122123462909400793e+00
-3.501881297781904046e+00
-3.127507486476499565e+00
-2.070484709506119625e+00
-5.325876746306702492e-01
1.192638599584048720e+00
2.775911839509553669e+00
3.915060545314772433e+00
4.392691567109960005e+00
4.117672239844217152e+00
3.142512558221128405e+00
1.653333192145975516e+00
-6.566286634243034825e-02
-1.686432096492216370e+00
-2.899692773280127867e+00
-3.473941052709241806e+00
-3.299620058273998957e+00
-2.410015762041054721e+00
-9.748953030331598546e-01
7.318952687363913245e-01
3.302929092135861389e+00
5.195203772135020159e+00
6.181905799085434694e+00
6.074806851792177831e+00
4.894370383391303037e+00
2.865833878627473297e+00
3.762251355743689851e-01
-2.099483328761056811e+00
-4.088991221250904751e+00
-5.212770542604637569e+00
-5.256461152250750501e+00
-4.211753371636284271e+00
-2.277961872295899859e+00
1.760059427591869619e-01
2.682029196644161839e+00
4.762073169146802343e+00
6.019374422424722759e+00
6.214118470355540325e+00
5.309176396097575079e+00
3.477178791291259508e+00
1.067580260330282860e+00
-1.460001208013467888e+00
-3.623453852370044359e+00
-5.010128483484027839e+00
-5.355542751508804322e+00
-4.593822965310716988e+00
-2.870264076163877576e+00
-5.136136602511183202e-01
2.026632815394453502e+00
4.265965395406317029e+00
5.777270052651854115e+00
6.272291411346981427e+00
5.656611237825010186e+00
4.047657247937451963e+00
1.752307489107110872e+00
-7.916387074594689599e-01
-3.098960933256294403e+00
-4.729564164525761782e+00
-5.372420870871543741e+00
-4.904898566047220854e+00
-3.416156413010783766e+00
-1.190146743512597194e+00
1.348538601296593420e+00
3.715650517319875057e+00
5.459649103382871793e+00
6.247837317877900531e+00
5.929831921179397725e+00
4.566262700518115558e+00
2.417221982211907427e+00
-1.073368045359873735e-01
-2.525794238776736034e+00
-4.376740656073121905e+00
-5.307007418309042102e+00
-5.139058994696649840e+00
-3.904885428668682934e+00
-1.839923201025928989e+00
6.618429439304576167e-01
3.123038119149126324e+00
5.073980775755603467e+00
6.142314793978671972e+00
6.124085852510836148e+00
5.022693868476302725e+00
3.048279582589948244e+00
5.776518209174542617e-01
-1.917607220479669472e+00
-3.961145229340440999e+00
-5.162776919677430243e+00
-5.292995818003698005e+00
-4.326830244838855144e+00
-2.448659677715092187e+00
-1.705754987976249026e-02
2.503641621837860320e+00
4.631995926706284905e+00
5.961407974419099531e+00
6.237815607479652691e+00
5.408275158914006120e+00
3.631139930436305008e+00
1.245868533737767958e+00
-1.291789074020211370e+00
-3.496859006671909853e+00
-4.947833301749217760e+00
-5.367265163300831254e+00
-4.674853511510577597e+00
-3.002851952261355706e+00
-6.708369770308598712e-01
1.875357370603560447e+00
4.148872913317690703e+00
5.714932922744060839e+00
6.274009517057649532e+00
5.719136515454381176e+00
4.156393536228569552e+00
1.884632846408175855e+00
-6.616786366597110502e-01
-2.995567801038085953e+00
-4.670710121053085473e+00
-5.366802084138016404e+00
-4.950812725064451136e+00
-3.502395414163558929e+00
-1.298604963199744944e+00
1.239142476122921721e+00
3.552849629922452124e+00
5.291326502648397323e+00
6.104386557906073207e+00
5.836937229638125224e+00
4.540388088708409597e+00
2.462650643679993312e+00
5.013603278417044784e-04
-2.376205032040018761e+00
-4.213772978922522228e+00
-5.160562548889989998e+00
-5.034658960996621246e+00
-3.860130320736418597e+00
-1.863366454219677060e+00
5.711487117220529486e-01
2.977442815620238825e+00
4.899997514293121803e+00
5.981637982233243278e+00
6.029769988834579486e+00
5.048570319366109338e+00
3.232282282240447113e+00
9.228397627441515816e-01
-1.458119135121759502e+00
-3.488508196404002337e+00
-4.820895629123553405e+00
-5.240039245588815398e+00
-4.693811400435041747e+00
-3.294085812590519691e+00
-1.289801228757966101e+00
9.809656919739289105e-01
3.150200053432062663e+00
4.879826992502856342e+00
5.912679515158742127e+00
6.107411052412567543e+00
5.453474731910991302e+00
4.065731130666556226e+00
2.161294654808709748e+00
2.348477951050315093e-02
-2.040992851624485294e+00
-3.745266265335621902e+00
-4.860185874795710959e+00
-5.242437657309684695e+00
-4.850101553847336433e+00
-3.744651749372640559e+00
-2.080056661601951795e+00
-8.101881619665018963e-02
1.986598587732910204e+00
3.849515845707342621e+00
5.261110264722263175e+00
6.032129111055736459e+00
6.054790687693028417e+00
5.317682456659219348e+00
3.909689036078631830e+00
2.012125533667078248e+00
-1.207188466349725653e-01
-2.191329266995631908e+00
-3.896576969811908597e+00
-4.969627975766397476e+00
-5.221607809468078898e+00
-4.577822287146010360e+00
-3.102032901129937237e+00
-1.002282633047983929e+00
1.386841914426513167e+00
3.647783362046727262e+00
5.347273548759619466e+00
6.119493641342376833e+00
5.751375596670174950e+00
4.251430291361987912e+00
1.881609609740533706e+00
-8.653034059785286169e-01
-3.351161412426741038e+00
-4.934062127984054413e+00
-5.140629685164336493e+00
-3.825888429436512084e+00
-1.267933100225623555e+00
1.850244006439350386e+00
4.594993789725453581e+00
6.053390427856693456e+00
5.652790318949749704e+00
3.419672314163517690e+00
6.066896435783541985e-02
-3.211252982687862634e+00
-5.093851254828418718e+00
-4.730964768247150509e+00
-2.150351728374346738e+00
1.624931739824957422e+00
4.920127854880072427e+00
6.135521198493679940e+00
4.561447523822526939e+00
8.622230213024686396e-01
-3.108421358252500877e+00
-5.190831829982070822e+00
-4.120002793191705592e+00
-3.764395249615350991e-01
3.909101615470861990e+00
6.108582958758405290e+00
4.735472744389635835e+00
5.452636722092192301e-01
-3.754424721060934722e+00
-5.201780016471626134e+00
-2.670878492268180526e+00
1.675715645750761151e+00
4.285677406911525544e+00
4.011665309996080175e+00
9.786923766898395494e-01
-2.495735156687105327e+00
-3.624067884228187708e+00
-1.419285993754661579e+00
2.358922238645412506e+00
4.538895070093484918e+00
3.206197962249684341e+00
-5.441890593199069093e-01
-3.432095270091074735e+00
-2.850007354221815170e+00
7.282649208976177402e-01
4.062969470688851281e+00
4.063848651542885548e+00
6.928178876754712556e-01
-2.914850737074435205e+00
-3.351678005225570800e+00
-1.828687786671282511e-01
3.590502416995574819e+00
4.369486643044927732e+00
1.406795976795580216e+00
-2.468138590187145542e+00
-3.563547995273641078e+00
-8.528473581624921307e-01
3.080495716924549932e+00
4.538444948704896120e+00
2.192804244408049996e+00
-1.747429564542767988e+00
-3.674726446101701072e+00
-1.898099475017493099e+00
1.936686751868355927e+00
4.457703086080567090e+00
3.560785025280399196e+00
9.412604717380568253e-02
-3.051849745491474142e+00
-3.416923453423085455e+00
-8.398466130015492803e-01
2.647133910961345649e+00
4.528712541056227003e+00
3.618433379335549205e+00
6.801291743804813716e-01
-2.337000600432413755e+00
-3.669016697274432026e+00
-2.725868023607047608e+00
-1.991929323136010233e-01
2.548363765364565214e+00
4.286316975695956266e+00
4.440536889959452616e+00
3.166840899154592215e+00
1.091225301836153960e+00
-1.051215050739903401e+00
-2.692667484370279585e+00
-3.550906331660730775e+00
-3.610978102908192433e+00
-3.033970653037671994e+00
-2.053586152747825189e+00
-8.969271429931983119e-01
2.592519292464057767e-01
1.301748070656476131e+00
2.174727667937972342e+00
2.864899156282555648e+00
3.385494755224211172e+00
3.762962285891043202e+00
4.027633253531766044e+00
4.208128163725764814e+00
4.328636908126772376e+00
4.408118743521158400e+00
4.460614638453407998e+00
4.496074248583374455e+00
4.521282483427412124e+00
4.540598345381740231e+00
4.556293974100030120e+00
4.568318580593524914e+00
4.573327007881566431e+00
4.562827689054318903e+00
4.520360137970373060e+00
4.417794159406425614e+00
4.211323613454694303e+00
3.838799052524622724e+00
3.222083802770793426e+00
2.281310900583773282e+00
9.713674349535472707e-01
-6.492899522816050206e-01
-2.319056661739158365e+00
-3.497445918023647682e+00
-3.464223469024844793e+00
-1.733878642081462917e+00
1.296059561730876108e+00
4.008435127550080246e+00
4.291836708523706356e+00
1.406001682271103004e+00
-2.486060925710964042e+00
-3.484769810598205453e+00
-6.894577093015930025e-02
4.060113235656269914e+00
3.498702750518514648e+00
-1.375616164516379136e+00
-3.573013672687603837e+00
6.649749361097447853e-01
7.322811926300645702e+00
2.050398819413540963e+00
-6.144008343328529520e+00
-1.947149414716781379e+00
6.918084734879663245e+00
2.794646733786480208e+00
-6.167913668479958034e+00
-1.103519755808850977e+00
7.315041848546509407e+00
5.190904522901642615e-01
-6.416832331293721658e+00
2.416132978128569864e+00
6.641610975847141773e+00
-3.768105854741322425e+00
-4.068601395876132010e+00
6.547098011921790750e+00
2.262551477563688795e+00
-6.472303133640725292e+00
1.950203698332610980e+00
6.618939014039791680e+00
-4.161849591647298396e+00
-3.347131961343634554e+00
7.030490830126360891e+00
7.931221794432949945e-01
-6.312982139033566753e+00
3.660163990726351013e+00
5.534212775860830824e+00
-5.401848319884958727e+00
-1.647100411093115557e+00
7.361976786965156450e+00
-8.553507076938630105e-01
-5.850249887956839423e+00
4.686526802861916252e+00
4.858445698447213523e+00
-5.697831743016942951e+00
-1.442668039958131754e+00
7.346969716057992983e+00
-1.852045926749613658e-01
-6.247368456770901801e+00
3.201457092113251246e+00
6.364936246474083958e+00
-3.844774566465109622e+00
-4.493078984720561664e+00
5.726482265837963936e+00
4.528331429443495537e+00
-5.367590395896817412e+00
-3.078756126735100462e+00
6.477234334853982034e+00
3.846315443947520674e+00
-5.522002232112942721e+00
-3.279685839012461468e+00
6.056644556993633799e+00
4.939107678057819584e+00
-4.347530310560036249e+00
-5.088135940072733732e+00
3.773731280310343550e+00
6.986426735170962132e+00
-5.723699391881734710e-01
-6.461465740808294278e+00
-1.567186314311328932e+00
6.344910906867225364e+00
5.566181777922547091e+00
-2.473270414988852917e+00
-6.434124404667382890e+00
-1.213979249635313895e+00
6.093364475864646579e+00
6.338109436038448230e+00
-4.495320593115391672e-01
-6.128089826324362832e+00
-4.470458955063004503e+00
2.387322710861303765e+00
7.178370740261091676e+00
5.334780115146992685e+00
-1.043322212247269398e+00
-5.987618053003441076e+00
-5.363658924045855869e+00
-2.724554741852247552e-02
5.579467102942341938e+00
7.302091484895992579e+00
4.198817853993254801e+00
-1.326578184963920659e+00
-5.616029054948199928e+00
-6.202676499721319736e+00
-3.038812539091161558e+00
1.897161410246779756e+00
5.985544401830423134e+00
7.364351179668456204e+00
5.649786783294187487e+00
1.825281974097320514e+00
-2.424689000922287452e+00
-5.503549108984508109e+00
-6.466407592905624391e+00
-5.210320844754206426e+00
-2.331032090354405284e+00
1.207204675216535517e+00
4.426578356321019037e+00
6.599384428433031857e+00
7.371935166853195831e+00
2.321985439169143017e+00
