-2.423183416659448142e+00
-2.170219762970619470e+00
-1.888016830253495648e+00
-1.665663874760957119e+00
-1.614068405056645616e+00
-1.819731831351139029e+00
-2.283322898470912854e+00
-2.881607232107259886e+00
-3.392787308874869456e+00
-3.592046124392918482e+00
-3.372309831769274346e+00
-2.815595289329097639e+00
-2.163386104788902919e+00
-1.698613818752604532e+00
-1.609044648749470952e+00
-1.909486914973619776e+00
-2.456894552977539004e+00
-3.034812942074194719e+00
-3.451729971580684619e+00
-3.605038617178865312e+00
-3.493017564971074407e+00
-3.186668893578505468e+00
-2.786305415832209587e+00
-2.384371472696735328e+00
-2.044724870429782015e+00
-1.798152516108121990e+00
-1.648382413478463260e+00
-1.582123304938307218e+00
-1.578561484809201554e+00
-1.616184872394478722e+00
-1.676549042346682894e+00
-1.745495762406544582e+00
-1.813010825257018066e+00
-1.872542265587138210e+00
-1.920186998512843246e+00
-1.953951610957691543e+00
-1.973167039294524194e+00
-1.978067186419188994e+00
-1.969508820296419493e+00
-1.948798789593619185e+00
-1.917594260562911934e+00
-1.877846172540579062e+00
-1.831762203857302707e+00
-1.781771761334637549e+00
-1.730481297093939164e+00
-1.680613458348160449e+00
-1.634928148926338087e+00
-1.596127475058489065e+00
-1.566749668255901673e+00
-1.549059304878249055e+00
-1.544942368998974525e+00
-1.555814881952357398e+00
-1.582552984381153660e+00
-1.625450639582877610e+00
-1.684208756669234308e+00
-1.757956800590736890e+00
-1.845305183968376728e+00
-1.944424230003571452e+00
-2.053143511551193789e+00
-2.169064082852817599e+00
-2.289675605460577579e+00
-2.412470610189715092e+00
-2.535049030856466601e+00
-2.655207530889537537e+00
-2.771009825725481601e+00
-2.880835982602161227e+00
-2.983410374872251136e+00
-3.077809437366425982e+00
-3.163451516740539926e+00
-3.240071889422159845e+00
-3.307686427983303368e+00
-3.366547469046424990e+00
-3.417095231947698597e+00
-3.459907730864131281e+00
-3.495651590902696171e+00
-3.525035592887234781e+00
-3.548768193949568328e+00
-3.567519749704576082e+00
-3.581889732574657703e+00
-3.592378920016144228e+00
-3.599366324656957605e+00
-3.603090555095645797e+00
-3.603635323829764481e+00
-3.600918944971760460e+00
-3.594687872851670907e+00
-3.584514603896529650e+00
-3.569800575552346977e+00
-3.549785020581341932e+00
-3.523561040686183699e+00
-3.490100411575809858e+00
-3.448288776707007397e+00
-3.396972876559429366e+00
-3.335021236808865641e+00
-3.261399243112985236e+00
-3.175258708237572947e+00
-3.076040848723400334e+00
-2.963590018856202768e+00
-2.838273624841036735e+00
-2.701101441985308771e+00
-2.553835230755003405e+00
-2.399077319503321704e+00
-2.240324996484629683e+00
-2.081976502462352663e+00
-1.929274548519602561e+00
-1.788175006344345341e+00
-1.665132065088228863e+00
-1.566796906226676889e+00
-1.499634768959618558e+00
-1.469474806515598919e+00
-1.481017648386307339e+00
-1.537336875641923450e+00
-1.639430509982918061e+00
-1.785872748922153530e+00
-1.972593682579582675e+00
-2.192820438732681954e+00
-2.437207034704711006e+00
-2.694167817017575572e+00
-2.950413887983101002e+00
-3.191674449349177323e+00
-3.403566975967174280e+00
-3.572563239499022991e+00
-3.686984187367872146e+00
-3.737947204061809359e+00
-3.720185719100618016e+00
-3.632664405069705893e+00
-3.478923666107387014e+00
-3.267104410571979312e+00
-3.009627190797111496e+00
-2.722526989531009356e+00
-2.424474023838671499e+00
-2.135539371553691890e+00
-1.875789346142278324e+00
-1.663811848585191155e+00
-1.515289312893043361e+00
-1.441734873063573730e+00
-1.449500359212637202e+00
-1.539146931621917291e+00
-1.705242755282083023e+00
-1.936619117266837664e+00
-2.217079486244526887e+00
-2.526518343199033456e+00
-2.842371472142476208e+00
-3.141289943693347020e+00
-3.400908968432467816e+00
-3.601572158716416894e+00
-3.727872640958955319e+00
-3.769885021079265819e+00
-3.723985510819582512e+00
-3.593189704621614133e+00
-3.386975896774630623e+00
-3.120603231201980243e+00
-2.813974894887435685e+00
-2.490133551063823170e+00
-2.173506150478076382e+00
-1.888035658771887615e+00
-1.655346418258770935e+00
-1.493087105885042121e+00
-1.413580849387739313e+00
-1.422887286633746529e+00
-1.520348315602522593e+00
-1.698650759136065336e+00
-1.944398346911075937e+00
-2.239145622718445860e+00
-2.560810802187560853e+00
-2.885356016718998440e+00
-3.188603944107690324e+00
-3.448050922467732704e+00
-3.644538773887880279e+00
-3.763660338097685631e+00
-3.796795909431603722e+00
-3.741707445277173694e+00
-3.602652097595080427e+00
-3.390013514629039548e+00
-3.119485579378882267e+00
-2.810876044492751191e+00
-2.486624487463754640e+00
-2.170148264925232606e+00
-1.884140458232471227e+00
-1.648944661031719994e+00
-1.481123080538154557e+00
-1.392317711079122944e+00
-1.388480784952828451e+00
-1.469522260130056157e+00
-1.629391005303034268e+00
-1.856574940422611286e+00
-2.134975968421962023e+00
-2.445090142577213577e+00
-2.765403833222847219e+00
-3.073903888924444328e+00
-3.349594589019033286e+00
-3.573916648912280003e+00
-3.731973212229057424e+00
-3.813483701425951278e+00
-3.813407258130336430e+00
-3.732201657835885644e+00
-3.575709244174103851e+00
-3.354686783316272347e+00
-3.084019477460625325e+00
-2.781679199870117358e+00
-2.467502130292054119e+00
-2.161870558141986365e+00
-1.884387269299429013e+00
-1.652628643837257050e+00
-1.481054763431660870e+00
-1.380142202565757703e+00
-1.355788780640124536e+00
-1.409020604050241321e+00
-1.536011556702795211e+00
-1.728405347833465111e+00
-1.973911568069211420e+00
-2.257131058450946082e+00
-2.560553168342576402e+00
-2.865658812281541845e+00
-3.154058991479451013e+00
-3.408598687799209603e+00
-3.614360550069665834e+00
-3.759511105635933603e+00
-3.835943665912153744e+00
-3.839685819428034996e+00
-3.771054489454288117e+00
-3.634557011730291443e+00
-3.438551623244761490e+00
-3.194694288607634824e+00
-2.917210197026847585e+00
-2.622036974500827622e+00
-2.325892294228316448e+00
-2.045320953825705779e+00
-1.795775638739590896e+00
-1.590781710224600687e+00
-1.441229808775526422e+00
-1.354831347139720865e+00
-1.335761673857496890e+00
-1.384504467955235629e+00
-1.497899443701371736e+00
-1.669384345218301924e+00
-1.889412081937886345e+00
-2.146015199739251145e+00
-2.425483093656027211e+00
-2.713112718031283510e+00
-2.993991180613957415e+00
-3.253768530269916859e+00
-3.479381153236658974e+00
-3.659690260701415454e+00
-3.786005670803309187e+00
-3.852472082121506602e+00
-3.856302879863336308e+00
-3.797854767025173217e+00
-3.680544731786086654e+00
-3.510618636894196953e+00
-3.296787680331710657e+00
-3.049754839069087176e+00
-2.781657925315787594e+00
-2.505457917424342540e+00
-2.234304813201611228e+00
-1.980912351986592324e+00
-1.756970417279299701e+00
-1.572621429801500659e+00
-1.436022999281790780e+00
-1.353014195019339949e+00
-1.326897308516600038e+00
-1.358341202403985370e+00
-1.445406551180622667e+00
-1.583687747071381269e+00
-1.766561206822522934e+00
-1.985525473819373499e+00
-2.230615022084551313e+00
-2.490867144136780009e+00
-2.754819803335327499e+00
-3.011017864202629291e+00
-3.248505646168366567e+00
-3.457285200623742227e+00
-3.628721976270322003e+00
-3.755882473664378551e+00
-3.833791936733872419e+00
-3.859603915211274661e+00
-3.832677482000676150e+00
-3.754561832036072300e+00
-3.628891763567132500e+00
-3.461201005129636687e+00
-3.258663379293158080e+00
-3.029774290160319516e+00
-2.783986915200307166e+00
-2.531318731073174622e+00
-2.281944593143335975e+00
-2.045792531268220138e+00
-1.832157756107874125e+00
-1.649349147521633974e+00
-1.504380793780110803e+00
-1.402719054769147267e+00
-1.348093230573513601e+00
-1.342375330095991082e+00
-1.385531754738888788e+00
-1.475647038701011660e+00
-1.609017212818305342e+00
-1.780307495182267274e+00
-1.982766038422205890e+00
-2.208487629427271948e+00
-2.448718115086285785e+00
-2.694188267141387705e+00
-2.935464930777143877e+00
-3.163306713109972801e+00
-3.369011311820256704e+00
-3.544741871246986697e+00
-3.683820479434857020e+00
-3.780978066210510136e+00
-3.832551496006015856e+00
-3.836620522407716116e+00
-3.793079423907343539e+00
-3.703640500401219615e+00
-3.571769096801469257e+00
-3.402552346291098928e+00
-3.202506300228113112e+00
-2.979328442995445414e+00
-2.741604689640403159e+00
-2.498481749708220345e+00
-2.259317139650510065e+00
-2.033320078693435562e+00
-1.829196964648106771e+00
-1.654815070066959937e+00
-1.516897517936921513e+00
-1.420761502520560438e+00
-1.370110148166656883e+00
-1.366886399787095030e+00
-1.411194984342422520e+00
-1.501295860124689963e+00
-1.633669779781004028e+00
-1.803153742968423678e+00
-2.003141319298406664e+00
-2.225840421964471183e+00
-2.462579409123417218e+00
-2.704147488639502939e+00
-2.941155551159729153e+00
-3.164403365014552438e+00
-3.365238611653913026e+00
-3.535893636261218109e+00
-3.669786744489922370e+00
-3.761776348260776004e+00
-3.808358186754730035e+00
-3.807798141582037665e+00
-3.760195732602404473e+00
-3.667476118627625681e+00
-3.533311225829215196e+00
-3.362973376054491315e+00
-3.163127381101587421e+00
-2.941569408793031748e+00
-2.706922925988348716e+00
-2.468304316643153751e+00
-2.234971603288637976e+00
-2.015965828898788725e+00
-1.819758857311067235e+00
-1.653924023281698297e+00
-1.524843515625488255e+00
-1.437462714567108835e+00
-1.395100889052470317e+00
-1.399325467960734315e+00
-1.449894601622873092e+00
-1.544770059663889361e+00
-1.680199772818527171e+00
-1.850866626813312266e+00
-2.050097560194839019e+00
-2.270124703355904661e+00
-2.502388311164446932e+00
-2.737869661367294150e+00
-2.967440974018363598e+00
-3.182218794012105612e+00
-3.373907190184216365e+00
-3.535117560897962363e+00
-3.659652777973871007e+00
-3.742744809466521883e+00
-3.781236780819196674e+00
-3.773702591765105474e+00
-3.720499619021285564e+00
-3.623752609261378765e+00
-3.487269576133806837e+00
-3.316393268794757709e+00
-3.117793641417947459e+00
-2.899209145791706188e+00
-2.669146776156533729e+00
-2.436552383674011057e+00
-2.210463940111615511e+00
-1.999661110150757537e+00
-1.812324661023470007e+00
-1.655718888132424738e+00
-1.535909376902913515e+00
-1.457527084906184767e+00
-1.423587963386978572e+00
-1.435375209645811889e+00
-1.492388831611808797e+00
-1.592364605181599613e+00
-1.731361813272297212e+00
-1.903916477018885889e+00
-2.103254228313098384e+00
-2.321554629259597657e+00
-2.550256710658000969e+00
-2.780393859380364319e+00
-3.002944999852558361e+00
-3.209188336656930929e+00
-3.391043782923106154e+00
-3.541390601195333332e+00
-3.654347717029147624e+00
-3.725505596816025999e+00
-3.752100456524076755e+00
-3.733123815517307875e+00
-3.669362942484910572e+00
-3.563370459972725168e+00
-3.419364173174681554e+00
-3.243060956732114697e+00
-3.041451160016553690e+00
-2.822522371355707715e+00
-2.594943418686660674e+00
-2.367721095068321180e+00
-2.149843215783770578e+00
-1.949922192195433057e+00
-1.775853320280759595e+00
-1.634501425693269283e+00
-1.531428402015738932e+00
-1.470672566655889746e+00
-1.454588702403630363e+00
-1.483755233217878722e+00
-1.556952296729046781e+00
-1.671211630996015662e+00
-1.821936304057095279e+00
-2.003085498973172562e+00
-2.207416939193446392e+00
-2.426777206861170377e+00
-2.652428266189861716e+00
-2.875397035698348258e+00
-3.086833918241843389e+00
-3.278365836035799674e+00
-3.442429545358664189e+00
-3.572571814154914982e+00
-3.663704403068398285e+00
-3.712303641368242424e+00
-3.716546657962655154e+00
-3.676378920806643080e+00
-3.593510548322892184e+00
-3.471341767497776232e+00
-3.314820784190750658e+00
-3.130240081683549835e+00
-2.924979659142732391e+00
-2.707207858671537792e+00
-2.485552119275614036e+00
-2.268753168566643996e+00
-2.065316770524976864e+00
-1.883177166303559913e+00
-1.729385776128900432e+00
-1.609837600129117474e+00
-1.529046114603273221e+00
-1.489975379786378840e+00
-1.493935646111891336e+00
-1.540546087039286194e+00
-1.627765900450048653e+00
-1.751992104164559416e+00
-1.908218275462329139e+00
-2.090246509897431881e+00
-2.290943102626230576e+00
-2.502526898553537826e+00
-2.716878199062388699e+00
-2.925855583040628094e+00
-3.121608002415428018e+00
-3.296870028733966507e+00
-3.445229117831053234e+00
-3.561355166402055072e+00
-3.641184384535083751e+00
-3.682051518015217795e+00
-3.682766632523800432e+00
-3.643634924851423484e+00
-3.566420261211795228e+00
-3.454255271894650203e+00
-3.311502775306355062e+00
-3.143574994476355577e+00
-2.956718410189667523e+00
-2.757773126666475783e+00
-2.553916283393446562e+00
-2.352399321328455528e+00
-2.160288809517694641e+00
-1.984220079638151280e+00
-1.830172134164042674e+00
-1.703271232429999671e+00
-1.607629269854451426e+00
-1.546221606901934109e+00
-1.520807437264104278e+00
-1.531894171333472165e+00
-1.578745711899464776e+00
-1.659432970981141509e+00
-1.770923571092321680e+00
-1.909206435125733847e+00
-2.069445932206654071e+00
-2.246159438913321704e+00
-2.433411613231792447e+00
-2.625018369943700414e+00
-2.814753488978664286e+00
-2.996550972083436459e+00
-3.164696669689711861e+00
-3.314003304176850406e+00
-3.439963787537156925e+00
-3.538878636483078211e+00
-3.607954289452773189e+00
-3.645370189798713856e+00
-2.595193360861457688e+00
