6.408418968936673288e-01
1.035559803757437614e+00
8.051423079927706450e-01
7.965229971179760282e-02
-7.723416618798961686e-01
-1.335952293396249546e+00
-1.350367375829422789e+00
-8.222384688181945123e-01
-7.265276426176608959e-03
7.198562780584112364e-01
1.038920374570409644e+00
8.209666393045929045e-01
1.725644850765028493e-01
-6.228038259233374951e-01
-1.232526490717779311e+00
-1.413236452950952904e+00
-1.103148740910870451e+00
-4.359950728529586872e-01
3.218436787765272533e-01
8.801783482612508536e-01
1.034931923789935926e+00
7.385069862717994482e-01
1.085107362986462154e-01
-6.230024597081664783e-01
-1.196958464084523888e+00
-1.418158686826031634e+00
-1.218500976438855021e+00
-6.735985547863627687e-01
2.905399128514438156e-02
6.563855542873093807e-01
1.006810135867985956e+00
9.729982980782299062e-01
5.718082675790303604e-01
-6.568408053880060715e-02
-7.385783812928619074e-01
-1.239660899342862388e+00
-1.418158842252276397e+00
-1.223342190042658206e+00
-7.171519804207517890e-01
-5.347291673662210587e-02
5.688088764268381947e-01
9.647739715134844296e-01
1.017418106405050038e+00
7.114054516486365554e-01
1.373562069008136266e-01
-5.344705515545588037e-01
-1.103800142815301921e+00
-1.399308323897848760e+00
-1.330024614020074214e+00
-9.139671138658074234e-01
-2.748856644373297575e-01
3.930138466728773650e-01
8.829728155265244016e-01
1.039515576853355272e+00
8.087706226902215967e-01
2.588423462144032738e-01
-4.378428151595152307e-01
-1.056706268665387194e+00
-1.392764328995543144e+00
-1.329472028354138580e+00
-8.814330654033413204e-01
-1.947710256601226930e-01
4.977922338742939989e-01
9.545493975240109119e-01
1.009898654034785181e+00
6.369103407890452928e-01
-3.694871544357164472e-02
-7.699971664715299369e-01
-1.291319568651542182e+00
-1.401505495084422348e+00
-1.051634726455254798e+00
-3.683865334606408748e-01
3.882008717720145108e-01
9.219745772974732301e-01
1.017377079380147320e+00
6.294115452330248939e-01
-9.173738822701568707e-02
-8.555274632891138875e-01
-1.346899798547083638e+00
-1.357483724321696839e+00
-8.769681329992771168e-01
-1.033182977044480449e-01
6.364295051122406122e-01
1.024155472178253978e+00
8.891662825074211352e-01
2.859723997838065079e-01
-5.253521677192167783e-01
-1.190462282637291924e+00
-1.416245320388794582e+00
-1.101539547627789828e+00
-3.837771847506054046e-01
4.205544829127047524e-01
9.558752722366661292e-01
9.854839154191279427e-01
4.966841574864295228e-01
-2.940122412754982428e-01
-1.037585217192711795e+00
-1.407354455434095986e+00
-1.242640995000134030e+00
-6.177786506092617369e-01
1.928698463162808463e-01
8.367715169912623985e-01
1.037044960006079375e+00
7.107088229315066119e-01
1.101627596291621103e-03
-7.872323000294465523e-01
-1.320668028971936581e+00
-1.377593407623452171e+00
-9.387469403295900516e-01
-1.907108015913884513e-01
5.558404101767948635e-01
9.963208106455259117e-01
9.557793173628796879e-01
4.559882526992788399e-01
-2.985712786497153326e-01
-1.006795621180244460e+00
-1.391957855427819579e+00
-1.308686944234010996e+00
-7.950839082131759827e-01
-5.254042189937579987e-02
6.355799151604841768e-01
1.012756771959986146e+00
9.436563484511497624e-01
4.598939641648809862e-01
-2.570125418594569888e-01
-9.460549859871034695e-01
-1.362484227286035798e+00
-1.363618714626636086e+00
-9.551603708820104455e-01
-2.840875885691641622e-01
4.165278925251896802e-01
9.094144224883473626e-01
1.032729368505979517e+00
7.510838849342249546e-01
1.627571180076202717e-01
-5.368460436750024378e-01
-1.121343212938676670e+00
-1.406456053454966382e+00
-1.306623967662167152e+00
-8.583794835510174526e-01
-2.050335968511008133e-01
4.506256189676277057e-01
9.096674406166183058e-01
1.036609848749465268e+00
7.977843913310558310e-01
2.682407311988286303e-01
-3.933212392351158604e-01
-9.929145330219253385e-01
-1.358073568499997830e+00
-1.386605049278181845e+00
-1.073844365760627584e+00
-5.116151864026826646e-01
1.397480334985862216e-01
6.975840366404228998e-01
1.007941203900722948e+00
9.873340423732128723e-01
6.441597369712763754e-01
7.462080553171640540e-02
-5.649698565553813445e-01
-1.101384151412070800e+00
-1.391212585311175198e+00
-1.358630472256549648e+00
-1.014447607543524477e+00
-4.518997762296574905e-01
1.791478932001326352e-01
7.123415450254304560e-01
1.008553457555218413e+00
3.564648082516978622e+00
2.534949046625603941e+00
8.007589084465198681e-01
-1.186478068126030294e+00
-2.913752630980070091e+00
-3.938651096812419983e+00
-4.001702292706185382e+00
-3.090699612695896992e+00
-1.441449093289596251e+00
5.242997731443908016e-01
2.307194173577220564e+00
3.456997506236382467e+00
3.685627930970638566e+00
2.938355462403046570e+00
1.405843051148828682e+00
-5.253059619731637042e-01
-2.370502028673922457e+00
-3.668745155049278672e+00
-4.097375225727231118e+00
-3.551581125826370755e+00
-2.169273469824700484e+00
-2.956219577653521613e-01
1.603495374389476202e+00
3.057371747051922384e+00
3.706883659381168261e+00
3.392741304072585340e+00
2.194026426418578257e+00
4.078339379947285015e-01
-1.524647301266354837e+00
-3.127175268568592958e+00
-4.005678744830578175e+00
-3.944871896471838113e+00
-2.960663156855641187e+00
-1.295694672797205849e+00
6.406836761062140173e-01
2.373121095744832321e+00
3.476883271280807097e+00
3.681810172570860740e+00
2.938228727441142940e+00
1.428800103064658211e+00
-4.764761203124865396e-01
-2.310996311486504862e+00
-3.625781286698050998e+00
-4.099262491846610068e+00
-3.615818714696918956e+00
-2.293918494418281551e+00
-4.570420952050427976e-01
1.445474308408431829e+00
2.948314690061827115e+00
3.683934947234849933e+00
3.472408339703456193e+00
2.365421132782987712e+00
6.336665569570985035e-01
-1.299297340260632483e+00
-2.960585026960069310e+00
-3.943631418289069490e+00
-4.007688087818391587e+00
-3.136827061591306975e+00
-1.543984042522102085e+00
3.810056792299104100e-01
2.166727869897335790e+00
3.375589062157182241e+00
3.711066064950273802e+00
3.090522686338286196e+00
1.665696172967994881e+00
-2.142569334258770941e-01
-2.088196186740467919e+00
-3.496045864094186495e+00
-4.091766408360926199e+00
-3.728510833717161077e+00
-2.494989199819442671e+00
-6.939967291191007082e-01
1.231747536665562803e+00
2.808333522081326805e+00
3.647288898123882905e+00
3.541406451329462080e+00
2.516109308518454046e+00
8.235765339357770110e-01
-1.119076182947811748e+00
-2.832460851906419386e+00
-3.893195119489682110e+00
-4.038621416253780794e+00
-3.232045345133904402e+00
-1.672242603101326219e+00
2.552860073140485464e-01
2.073420872399560189e+00
3.331473433870102863e+00
3.716988366683170675e+00
3.133546347930895593e+00
1.725147068703823505e+00
-1.590579595664296242e-01
-2.051116174451779184e+00
-3.480406841737177182e+00
-4.090759966787006263e+00
-3.729403551409776085e+00
-2.485480864843031767e+00
-6.683592940293758833e-01
1.269069219607744214e+00
2.843143356852285475e+00
3.660204349143808322e+00
3.515222885719726964e+00
2.443529247810453775e+00
7.125264721218222963e-01
-1.244758025663259993e+00
-2.937840923155245587e+00
-3.941693669796659361e+00
-4.003598077006698119e+00
-3.107045320461722326e+00
-1.476453866945679039e+00
4.787052473549643916e-01
2.266542069549697391e+00
3.436465880263851691e+00
3.692881777428203893e+00
2.970145355899814099e+00
1.449703023098910526e+00
-4.851375866921038837e-01
-2.345616626395131910e+00
-3.660920472739027431e+00
-4.097433990773893697e+00
-3.543615938024107681e+00
-2.138840993685057867e+00
-2.386672484811864503e-01
1.674905056337972598e+00
3.115599352925737531e+00
3.716516548913143758e+00
3.323814463685106357e+00
2.036434158005158146e+00
1.815303318951703715e-01
-1.768387871019467372e+00
-3.315692601179003329e+00
-4.064688807152879946e+00
-3.823031240386062901e+00
-2.651457810327992881e+00
-8.488956759625663206e-01
1.123508597315122204e+00
2.760206682280241797e+00
3.640854709174266013e+00
3.538475487799578989e+00
2.478292885215013897e+00
7.319042477565700366e-01
-1.251976252485288432e+00
-2.962627452178638432e+00
-3.958803205947889925e+00
-3.982737788828056402e+00
-3.027171450424032351e+00
-1.337885141013775536e+00
6.491788614224387466e-01
2.420212839118313308e+00
3.516383773313608518e+00
3.652879399471645527e+00
2.793229801189708095e+00
1.159429044913898643e+00
-8.250399913195238799e-01
-2.644748183026583987e+00
-3.826154482835809389e+00
-4.060992616242118380e+00
-3.287020729875170577e+00
-1.704901887026414098e+00
2.734565704785998363e-01
2.131901843645834127e+00
3.384642767200560787e+00
3.703377321618112283e+00
3.003636256990550812e+00
1.467555815325029434e+00
-5.031565702410019103e-01
-2.392017921752551235e+00
-2.784445046151890146e+00
-3.071120697678895617e+00
-2.599957811325631862e+00
-1.494083029380819827e+00
-4.399820004897161962e-02
1.368532771405606807e+00
2.370927938327370477e+00
2.698152422165872366e+00
2.263012667333078820e+00
1.179679353900847216e+00
-2.659807045989990848e-01
-1.691632264845546185e+00
-2.719517829132328313e+00
-3.076636703692054109e+00
-2.667468751590323262e+00
-1.599813941308179333e+00
-1.566831283389902296e-01
1.278510031397898317e+00
2.323739333529448281e+00
2.700135829315702729e+00
2.306605788764298115e+00
1.247274768892833841e+00
-1.957679747468514253e-01
-1.637371450728633437e+00
-2.692041460374262840e+00
-3.077103028274348340e+00
-2.688679220775473944e+00
-1.630007746592413653e+00
-1.842999005687206704e-01
1.260805001762310695e+00
2.317097679345226702e+00
2.700165734132803141e+00
2.306190754725551795e+00
1.240381493060946472e+00
-2.108213926047381448e-01
-1.656508859721743221e+00
-2.706523261834785643e+00
-3.076834909465159917e+00
-2.666593346315261570e+00
-1.585892342424304990e+00
-1.265262060228786456e-01
1.316578480265502948e+00
2.352160392532529620e+00
2.698791053844671328e+00
2.261581564375746201e+00
1.158460890831136902e+00
-3.113312874358106774e-01
-1.748203547551293813e+00
-2.760779548843226738e+00
-3.072595599148838730e+00
-2.597816197341851208e+00
-1.465168930012789250e+00
1.665605975772513347e-02
1.442926081733151733e+00
2.423349386813828055e+00
2.688980225111708755e+00
2.166235616963393618e+00
9.975888787344660003e-01
-4.969611911633234902e-01
-1.907309209831000940e+00
-2.845725389669173655e+00
-3.053564702554450339e+00
-2.472804275076837310e+00
-1.262555256921279012e+00
2.442315866567589255e-01
1.632169648606610179e+00
2.517911346141308737e+00
2.656157673931608620e+00
2.007852225667676294e+00
7.515307816370841998e-01
-7.655523597113007561e-01
-2.123224881574414358e+00
-2.944745850917052099e+00
-3.001492794473944681e+00
-2.276857190270377362e+00
-9.714167380587812595e-01
5.522973554688341835e-01
1.870309864187357896e+00
2.615169951428226724e+00
2.578556337534033016e+00
1.769823848986721071e+00
4.139598148150113732e-01
-1.110728510300774019e+00
-2.378016388192032426e+00
-3.032930288013846454e+00
-2.891360161786030947e+00
-1.992112169548407863e+00
-5.866040241526788712e-01
9.311608262507453659e-01
2.134912470518754546e+00
2.685876032928543378e+00
2.428317255968470700e+00
1.433869083899230068e+00
-1.806192508680964925e-02
-1.518546425495432839e+00
-2.644197779520526481e+00
-3.076706052148631354e+00
-2.693074315165708388e+00
-1.600914087777825179e+00
-1.085840723646903649e-01
1.361635935537428344e+00
2.392955597351737573e+00
2.692326366485115585e+00
2.173958318902463827e+00
9.842307579414872887e-01
-5.393258683376351836e-01
-1.963574808910091285e+00
-2.882860532961057487e+00
-3.034675520414373384e+00
-2.374890223373165021e+00
-1.090911155511889774e+00
4.512440960506822196e-01
1.811097506594016693e+00
2.599505469313476702e+00
2.590178169631373262e+00
1.784919969590381461e+00
4.137000218044028510e-01
-1.130732343706932763e+00
-2.405182123764433744e+00
-3.043209325976157675e+00
-2.860683338597725278e+00
-1.909231381285702023e+00
-4.619790379234824940e-01
1.064582967613945996e+00
2.230333269652565509e+00
2.698470343504670854e+00
2.333044606627598050e+00
1.238764527220611145e+00
-2.686702702159861067e-01
-1.753403355244542494e+00
-2.785360012030259735e+00
-3.064925903096123339e+00
-2.510193192692281361e+00
-1.281295165006126169e+00
2.654945137178720826e-01
1.680836966514160924e+00
2.552819535390676187e+00
2.626980482762061975e+00
1.880852777713300839e+00
5.311074617167090839e-01
-1.029059628229170631e+00
-2.344294785529788427e+00
-3.029993837646554056e+00
-2.884956318060019953e+00
-1.950735266212824115e+00
-5.000859477816878007e-01
1.042386113216638543e+00
2.224375870115051335e+00
2.698567219570179532e+00
2.324917799869746116e+00
1.212351002487450646e+00
-3.126525678012436749e-01
-1.801611321420469869e+00
-2.815852973889678257e+00
-3.055864406340905504e+00
-2.450008833245789219e+00
-1.176253888191575614e+00
3.897775276145903356e-01
1.785368236026509514e+00
2.597399540501956317e+00
2.584803811144496866e+00
1.750433700486601962e+00
3.408333309458073113e-01
-1.226308692125770428e+00
-2.485768370970796060e+00
-3.062925358360367056e+00
-2.602822138130945540e+00
