3.137627399300858322e+00
4.433554719102124508e+00
4.989592213292894485e+00
4.681954149971407908e+00
3.595804868268427601e+00
1.998416056353888859e+00
2.706417623577317411e-01
-1.185213007149783060e+00
-2.038652870322429589e+00
-2.103980317410259815e+00
-1.377494692753428840e+00
-3.237171234186120294e-02
1.625477578355054131e+00
3.228850590431061818e+00
4.431018064287599145e+00
4.979620934039141744e+00
4.767301190116747911e+00
3.849546210348361530e+00
2.427701006819896978e+00
8.024809836735858903e-01
-6.909254819941961223e-01
-1.751994919425225117e+00
-2.174087475586269580e+00
-1.882439239008607768e+00
-9.445199787078157883e-01
4.478371905827147614e-01
2.019607382429769338e+00
3.467939063644816411e+00
4.520457935061596544e+00
4.985386551252950937e+00
4.784561091504968999e+00
3.964129221308398510e+00
2.682113509043782873e+00
1.176266740922591314e+00
-2.810233632007632654e-01
-1.432124693826406947e+00
-2.078949370386445672e+00
-2.115570236064673981e+00
-1.543639204709313262e+00
-4.688128909569913016e-01
9.202909618914543177e-01
2.386241391848317406e+00
3.683752720135125447e+00
4.600391922689924584e+00
4.990404468389690429e+00
4.796500791253717644e+00
4.056648509604909414e+00
2.895448369013561063e+00
1.502115363812960513e+00
9.906884997321996345e-02
-1.093615043564255540e+00
-1.892258452052447915e+00
-2.177008032268493487e+00
-1.908738633210163016e+00
-1.133287858714116414e+00
2.719988148634566727e-02
1.394131121565546971e+00
2.760245842140464312e+00
3.921002079580679922e+00
4.704858304134578617e+00
4.998057875686146900e+00
4.760447430053740270e+00
4.030252645749717644e+00
2.917377310790190137e+00
1.586445219370961501e+00
2.322368476621490263e-01
-9.488094347458737587e-01
-1.786888193135203640e+00
-2.162887066292918270e+00
-2.024875304776241336e+00
-1.394813257301242615e+00
-3.646919675016806472e-01
9.171910453297583699e-01
2.267745252698609271e+00
3.495261264834982118e+00
4.426516370466595518e+00
4.931008509758289193e+00
4.938969373023450515e+00
4.450716586879822856e+00
3.536137345507638141e+00
2.324477199200416955e+00
9.859465105891309644e-01
-2.922293244401108492e-01
-1.331950661497351973e+00
-1.988941664891280325e+00
-2.172604921455596916e+00
-1.858328779530961761e+00
-1.090604126205934499e+00
2.341691910086907136e-02
1.328972980734881570e+00
2.645234118862302530e+00
3.790333926755081073e+00
4.606436303675699229e+00
4.981396028144411403e+00
4.864057776681981693e+00
4.271124151688305837e+00
3.284686513173934674e+00
2.040793064456242423e+00
7.106518859474346694e-01
-5.229336114890066334e-01
-1.490657903260808492e+00
-2.059898839807641657e+00
-2.152830485451769693e+00
-1.757000124309425093e+00
-9.269413347148311999e-01
2.233783359103780342e-01
1.536225721885017936e+00
2.831732123220437991e+00
3.932521720704838408e+00
4.687971003823019345e+00
4.994787318964059253e+00
4.811101093744085233e+00
4.162154206960900105e+00
3.136815074841080797e+00
1.875402823979804845e+00
5.504879842127873291e-01
-6.567057809957210779e-01
-1.581075446054356792e+00
-2.096205051951979925e+00
-2.131643739940504378e+00
-1.682536182064142238e+00
-8.102898019571798116e-01
3.658135854256068242e-01
1.684917867019138260e+00
2.966579926585883431e+00
4.035441921764665096e+00
4.745217928720971479e+00
4.998715852755740485e+00
4.761154885257946390e+00
4.064952897860618641e+00
3.005322636807326031e+00
1.727271696433678949e+00
4.057775327156178946e-01
-7.781556337675947788e-01
-1.662284542000994403e+00
-2.125366156019404151e+00
-2.103799933864369365e+00
-1.600386942720189332e+00
-6.839963054614979221e-01
5.198264293840878514e-01
1.846032880303887236e+00
3.112682423649152152e+00
4.145895475965833299e+00
4.803728739115369351e+00
4.995693874842928928e+00
4.695233442328071938e+00
3.943430224837031872e+00
2.843427068327651241e+00
1.546309711302006340e+00
2.303797928009385654e-01
-9.233423882028404250e-01
-1.756021807016078018e+00
-2.152893260881324267e+00
-2.059109185466519776e+00
-1.487358390888161797e+00
-5.161921681448700117e-01
7.207278024126978488e-01
2.052993794008500128e+00
3.296910177673014086e+00
4.280819082078554771e+00
4.868802708457693029e+00
4.979487891180008674e+00
4.597347480965382260e+00
3.774923596341350773e+00
2.625648468897708199e+00
1.308237339981980440e+00
4.795278702152572237e-03
-1.104345932510243600e+00
-1.865585374810581509e+00
-2.173350006217420471e+00
-1.984774924079936387e+00
-1.325720302650815086e+00
-2.872740630634815773e-01
9.867938403693011784e-01
2.319903808760868102e+00
3.527123502564223134e+00
4.440824351308981122e+00
4.933978114876055088e+00
4.937853129207111280e+00
4.451640111073803752e+00
3.542653085238816946e+00
2.337058126984409512e+00
1.002400003247648552e+00
-2.756588113488374070e-01
-1.319160711146576848e+00
-1.982646451529925358e+00
-2.173463383128479531e+00
-1.864748781395189514e+00
-1.099262792350278684e+00
1.648281761400016698e-02
1.327001329670031593e+00
2.649469382586368660e+00
3.799219929263770723e+00
4.615536868410599070e+00
4.984147311352591814e+00
4.853260050288226601e+00
4.240893440981732709e+00
3.232448897412395716e+00
1.968848805841241001e+00
6.268796149317098498e-01
-6.055231497963586840e-01
-1.555595488348801236e+00
-2.089984848123336292e+00
-2.133505496555736514e+00
-1.679766268936865536e+00
-7.921615938058526041e-01
4.049341058922555359e-01
1.743552909954137364e+00
3.035676216353175416e+00
4.099637699995378526e+00
4.785679601143424833e+00
4.997065160678809015e+00
4.703766234558209192e+00
3.946782859643971353e+00
2.832466057325585318e+00
1.517622157225984258e+00
1.874783791225975715e-01
-9.703985562099965989e-01
-1.792560152104642590e+00
-2.162777018409630880e+00
-2.028514078232098505e+00
-1.408438689648396913e+00
-3.898812902697585958e-01
8.834143441647835937e-01
2.231540108287436208e+00
3.463824679579804666e+00
4.405803091981843167e+00
4.923939832168521491e+00
4.944598873384606463e+00
4.464560193506528663e+00
3.551573644839747690e+00
2.334849915658436359e+00
9.868156142978907752e-01
-3.012972837352201338e-01
-1.346575385613166809e+00
-2.000414692337465272e+00
-2.169682817108951944e+00
-1.830033982596310782e+00
-1.029466268212432922e+00
1.184062295423609079e-01
1.450431298222889964e+00
2.777077948256817308e+00
3.909394111589539644e+00
4.685929938052305843e+00
4.995788937985672362e+00
4.794511477663387922e+00
4.110509131800882621e+00
3.041111017056033372e+00
1.738763894908447849e+00
3.893355274259597820e-01
-6.841986245647055931e-01
-1.518257583607707684e+00
-1.933631853871737416e+00
-1.870655432617975400e+00
-1.338058938565893197e+00
-4.118144089986963685e-01
7.756524325756639637e-01
2.054357780818651058e+00
3.241072467601591178e+00
4.165577310210368367e+00
4.695098967972368698e+00
4.753415598367356054e+00
4.331877787602922858e+00
3.490744283052223729e+00
2.350619501026115721e+00
1.075201978992741614e+00
-1.521945041312715574e-01
-1.154983260611448070e+00
-1.788725857035548206e+00
-1.961970352029680953e+00
-1.649495466588745352e+00
-8.960359438393683540e-01
1.900685857692905323e-01
1.452407378583684405e+00
2.708994223199056250e+00
3.778493812569053478e+00
4.506400791396865557e+00
4.787390540189164767e+00
4.580604139450750623e+00
3.915642907961939923e+00
2.888385538385421114e+00
1.647210759262538682e+00
3.715983657348072011e-01
-7.538101053248960071e-01
-1.565944305718906637e+00
-1.946960254198068174e+00
-1.841382544619790451e+00
-1.264233899108947234e+00
-2.989532816667554993e-01
9.146174956805686040e-01
2.200456279423151251e+00
3.371873200038568719e+00
4.258618363572834298e+00
4.731648246085901732e+00
4.721944749308286227e+00
4.230636701165598978e+00
3.328932141795470923e+00
2.147849163210110213e+00
8.592186589142382092e-01
-3.492923247317014646e-01
-1.301509442145798889e+00
-1.858452666921111884e+00
-1.938658386769269271e+00
-1.530145035004968346e+00
-6.922575181313757042e-01
4.529008083918913963e-01
1.738219468343491059e+00
2.975941098036874344e+00
3.985083351735157819e+00
4.617918367728473861e+00
4.781633340181080882e+00
4.451991204118844969e+00
3.676973767634089896e+00
2.569851960323005891e+00
1.292675900948913492e+00
3.258454863673443391e-02
-1.025606052401624613e+00
-1.726522076571494591e+00
-1.967077589548061667e+00
-1.711682780688862149e+00
-9.975642705766945006e-01
7.060566608390406174e-02
1.336004459410643275e+00
2.612651127755981850e+00
3.712728581599983979e+00
4.474224292000942960e+00
4.784820166368255023e+00
4.598504599447591268e+00
3.942443129348933706e+00
2.913073890889609441e+00
1.661980485415105013e+00
3.736044463096093171e-01
-7.619308837867455608e-01
-1.576883137421963621e+00
-1.950697298163981408e+00
-1.827883238425145773e+00
-1.226306879849679010e+00
-2.346483031482213821e-01
1.000620429163507019e+00
2.296833052975758793e+00
3.462123325880697156e+00
4.323829192954791623e+00
4.754101366599373435e+00
4.688914498612866133e+00
4.137647767925240139e+00
3.181793473450219345e+00
1.962961970210849838e+00
6.619407560778556299e-01
-5.281014284185225893e-01
-1.430296896446503485e+00
-1.910388687006382646e+00
-1.896750593905075277e+00
-1.391126188372918016e+00
-4.684689699561703780e-01
7.341158653638941711e-01
2.037704543448896288e+00
3.248153345861682695e+00
4.185011984878675761e+00
4.708445846096400267e+00
4.740147335503236192e+00
4.275103315963596273e+00
3.382442620929793531e+00
2.195213801017879884e+00
8.905965478906089361e-01
-3.365163414197682723e-01
-1.302631078579524537e+00
-1.863110855337469562e+00
-1.933867991226054350e+00
-1.504031232372098348e+00
-6.376723031480886483e-01
5.356901691972354440e-01
1.840410233872989743e+00
3.080982438103329279e+00
4.071333406226836260e+00
4.662749202137447924e+00
4.766244234053948148e+00
4.366001488156701527e+00
3.521846498480099008e+00
2.360360103444501867e+00
1.055941801411028891e+00
-1.953500488802339952e-01
-1.205261286580787239e+00
-1.821681467176967661e+00
-1.951591124888377937e+00
-1.575149497192617432e+00
-7.487815704920000037e-01
4.032240144420280448e-01
1.707363569803306946e+00
2.967022218961059998e+00
3.992109846483698377e+00
4.627763047810650399e+00
4.777776927461168555e+00
4.419215970160648155e+00
3.605977457201103853e+00
2.460745561168851125e+00
1.156528657276655769e+00
-1.094486192929393642e-01
-1.145563032231575296e+00
-1.794813154903990515e+00
-1.958645201549570114e+00
-1.611963228853166008e+00
-8.070300633475739893e-01
3.343556838388486163e-01
1.639244132959332800e+00
2.909712142134634583e+00
3.952876797186119617e+00
4.610194172590974304e+00
4.781590606676802579e+00
4.440748248737898862e+00
3.639202609886749151e+00
2.498605861927666982e+00
1.192308748970323906e+00
-8.095733959481843378e-02
-1.127306903358284096e+00
-1.787239175830199756e+00
-1.959986666425812096e+00
-1.618951149562898095e+00
-8.158550537249484869e-01
3.270479535101611379e-01
1.635538633848837353e+00
2.909961550527458751e+00
3.955682608349251339e+00
4.612829450619734928e+00
4.780767962318121178e+00
4.433562163679763302e+00
3.624034993196020515e+00
2.475785990957048988e+00
1.164363715965523349e+00
-1.095458611555613082e-01
-1.150824121879720163e+00
-1.799820772873870212e+00
-1.956866372398359477e+00
-1.597627387148965461e+00
-7.769307444132138585e-01
3.795512916441430296e-01
1.694503031161584961e+00
2.966126587462733610e+00
3.999105681549468994e+00
4.634621568648475076e+00
4.774805649666781449e+00
4.397858466624168017e+00
3.561492105796968399e+00
2.394144583133790860e+00
1.075295805604554289e+00
-1.921042454294203949e-01
-1.212862940596990402e+00
-1.829623451123460587e+00
-1.947156413716032652e+00
-1.547109359728113809e+00
-6.909222723988910353e-01
4.895613644439494871e-01
1.812360606320751133e+00
3.073390540437037188e+00
4.077947669150058907e+00
4.670789624256562966e+00
4.760159136810354852e+00
4.332029061166014827e+00
3.452350038922063824e+00
2.256933762952702871e+00
9.305171129257273632e-01
-3.217702270856364066e-01
-1.306130044060460182e+00
-1.870104785222621580e+00
-1.926221488670201154e+00
-1.465598268992321263e+00
-5.593904046151749743e-01
6.521653949124042171e-01
1.981427271951174962e+00
3.222398206225396855e+00
4.182653492241958482e+00
4.713195918102850435e+00
4.731602964901004071e+00
4.234864926208750546e+00
3.299908581182506850e+00
2.071711020079092247e+00
7.408360861843319434e-01
-4.861280819027051781e-01
-1.418644257352110305e+00
-1.911831851897867640e+00
-1.888999234221749202e+00
-1.353593730052396804e+00
-3.887027434683332228e-01
8.558258093650157328e-01
2.186649301759710173e+00
3.396970234982433112e+00
4.298681065894073505e+00
4.751614214524386703e+00
4.685343751686147584e+00
4.110144609355756984e+00
3.115403223692287060e+00
1.855725694618234334e+00
5.269037888717699181e-01
-6.645230515727038600e-01
-1.533375680894636162e+00
-1.944620135918843307e+00
-1.834354157466667523e+00
-1.219733782746322159e+00
-1.962989522049076729e-01
1.076883477326097349e+00
2.133523537291630578e+00
