-3.558320333809892766e+00
-2.480231314102133933e+00
-2.180555431513571563e+00
-2.737226150748246489e+00
-3.977874130986495782e+00
-5.536918420848484068e+00
-6.965735449419705461e+00
-7.862147072885889543e+00
-7.981874511032334141e+00
-7.301709118715071334e+00
-6.019208618076160811e+00
-4.492008239481705800e+00
-3.136102951420347562e+00
-2.312441538761471183e+00
-2.232647121440371141e+00
-2.907869737627581497e+00
-4.152089576416677197e+00
-5.636376885350548704e+00
-6.977675167744939344e+00
-7.837795118818489115e+00
-8.007118896904618310e+00
-7.452819302140452962e+00
-6.321384821347818317e+00
-4.897084545933219957e+00
-3.528660249053896081e+00
-2.543495381402911537e+00
-2.170383859803716842e+00
-2.488743792556888490e+00
-3.414859015510178786e+00
-4.726489082495674232e+00
-6.118261963555884364e+00
-7.273680922587701936e+00
-7.936657171443921577e+00
-7.966600196326499628e+00
-7.365696936208966150e+00
-6.273803247159071006e+00
-4.933698117515646686e+00
-3.635680738753048757e+00
-2.654368091052651479e+00
-2.191432612902434407e+00
-2.335952213731986582e+00
-3.049689363873059555e+00
-4.179051415266037850e+00
-5.489945133063390159e+00
-6.717346981779266812e+00
-7.618960449162370807e+00
-8.022159319601126271e+00
-7.855378026106763834e+00
-7.158657780311917129e+00
-6.072380783050484787e+00
-4.807436114540430516e+00
-3.603369875241928533e+00
-2.682927236331825949e+00
-2.211562778252522232e+00
-2.269077163454298773e+00
-2.837914072704114332e+00
-3.809388458604874295e+00
-5.005848512915874515e+00
-6.214079054996856755e+00
-7.223562467113177732e+00
-7.862742509662341561e+00
-8.027174773877025160e+00
-7.695177853157964876e+00
-6.928954629949814148e+00
-5.861692529506705718e+00
-4.673440650662586293e+00
-3.560243178310543488e+00
-2.701853781941447430e+00
-2.233289883835537726e+00
-2.224585491942159265e+00
-2.671569249175626659e+00
-3.498615614513402861e+00
-4.572407764941583075e+00
-5.724106550773504054e+00
-6.776172627364233314e+00
-7.569577596294275068e+00
-7.987297719880889879e+00
-7.970742051659141403e+00
-7.526974284796739134e+00
-6.726038942900775197e+00
-5.689172452146833869e+00
-4.569956616339915456e+00
-3.531386989967964851e+00
-2.722275183774535812e+00
-2.256348245800494645e+00
-2.196887403726368593e+00
-2.548861023452251295e+00
-3.259394162263504313e+00
-4.226242220795515259e+00
-5.312859714231074726e+00
-6.367815124881152755e+00
-7.245798121855139939e+00
-7.827345916374467194e+00
-8.034678613284304660e+00
-7.841628018507637243e+00
-7.276483573024083995e+00
-6.417535141701916857e+00
-5.382030605632609266e+00
-4.310109903931021336e+00
-3.345903250660655637e+00
-2.618312237110902441e+00
-2.223995239460300422e+00
-2.214758625916598778e+00
-2.590958193568399182e+00
-3.301720256190702862e+00
-4.251901616426839503e+00
-5.314835798268019218e+00
-6.349169626774479269e+00
-7.217572951087315225e+00
-7.804870178883501097e+00
-8.033224220557269035e+00
-7.872390472779940751e+00
-7.343701094510615590e+00
-6.517256044609005095e+00
-5.502682802356975600e+00
-4.434667675212964788e+00
-3.455149375451104010e+00
-2.694510218799422763e+00
-2.254242477540703504e+00
-2.193386214469877249e+00
-2.520551130232765225e+00
-3.192608972467811057e+00
-4.120267647522364740e+00
-5.179826918954177906e+00
-6.229588352092530812e+00
-6.743845949848081389e+00
-7.252221771885574597e+00
-7.471846674217905715e+00
-7.372618230353150892e+00
-6.967309288206461559e+00
-6.310039945532714967e+00
-5.489153828544420577e+00
-4.615419229722276029e+00
-3.807118502444284847e+00
-3.174027050557359786e+00
-2.802453645893732137e+00
-2.743389560369751123e+00
-3.005408010061839885e+00
-3.553319588788832029e+00
-4.312808225471756352e+00
-5.180451726621998709e+00
-6.037784278872173616e+00
-6.767489944562052884e+00
-7.269507373964367858e+00
-7.474822680222810156e+00
-7.355033420316194004e+00
-6.926342187236517844e+00
-6.247405260245476377e+00
-5.411313989985062634e+00
-4.532804859685712451e+00
-3.732462912092584517e+00
-3.120107189445255447e+00
-2.779664863392541818e+00
-2.757634914404579973e+00
-3.056740761076662594e+00
-3.635644691024942698e+00
-4.414748230297128373e+00
-5.287253132119668741e+00
-6.133933556898202077e+00
-6.839525324270500306e+00
-7.308436093490348284e+00
-7.477632580267816742e+00
-7.324980841860028846e+00
-6.871965790743876923e+00
-6.180497170381089589e+00
-5.344310934150565906e+00
-4.476188830934360041e+00
-3.692752806342727290e+00
-3.098880047309429564e+00
-2.773799262231956497e+00
-2.760675878376382286e+00
-3.061013828471101927e+00
-3.634561950945462527e+00
-4.404698336790117352e+00
-5.268566789996435240e+00
-6.110641372301934382e+00
-6.817968339651748089e+00
-7.295127906877001855e+00
-7.476992678305022011e+00
-7.337628645455338550e+00
-6.894155396122827462e+00
-6.204999590919324959e+00
-5.362682793884804511e+00
-4.481965439699290066e+00
-3.684666019562240713e+00
-3.083030165983255522e+00
-2.763848469146792830e+00
-2.775555574130652570e+00
-3.120272031374537569e+00
-3.752177356067355696e+00
-4.582778427240716823e+00
-5.492658012670728063e+00
-6.348287625139928281e+00
-7.021622027686063916e+00
-7.409612379161890416e+00
-7.450605056053257513e+00
-7.134902094620445112e+00
-6.507540004777323972e+00
-5.662505164154765680e+00
-4.728976850024462664e+00
-3.851548547122472854e+00
-3.167481186274179628e+00
-2.784671736109411544e+00
-2.764032199471023965e+00
-3.109329790933334614e+00
-3.766324771254713877e+00
-4.631459576531404387e+00
-5.568685283578525436e+00
-6.431571719261293119e+00
-7.086913961913124282e+00
-7.435805422611640125e+00
-7.428646048034149629e+00
-7.071695209649819347e+00
-6.424335219801101005e+00
-5.587874667307704435e+00
-4.688167325025252019e+00
-3.855282492515980763e+00
-3.203775956956618653e+00
-2.816754003201458190e+00
-2.736040324203556917e+00
-2.959637174601323917e+00
-3.446012156142354677e+00
-4.123563290414368865e+00
-4.903069151457542851e+00
-5.690825210338219975e+00
-6.400477190884058309e+00
-6.962141397745475579e+00
-7.328086000302185710e+00
-7.474892284049104774e+00
-7.402521324627160837e+00
-7.131031411484791249e+00
-6.695822898345621610e+00
-6.142260851178934722e+00
-5.520389997495136036e+00
-4.880262477790449083e+00
-4.268191562811124662e+00
-3.724056628721462481e+00
-3.279635698065062499e+00
-2.957839251927859792e+00
-2.772661340106663985e+00
-2.729644249903732778e+00
-2.826661642109022043e+00
-3.054852478055071430e+00
-3.399575951046826638e+00
-3.841299804047282329e+00
-4.356376923603662910e+00
-4.917706015031396483e+00
-5.495311053588292083e+00
-6.056911459376130402e+00
-6.568590934719955143e+00
-6.879321635276468783e+00
-7.168863248659862464e+00
-7.317491801616105462e+00
-7.300511527890508390e+00
-7.101511315141792124e+00
-6.716602580705174574e+00
-6.159281038374728290e+00
-5.465322127605639402e+00
-4.696601709347557829e+00
-3.942094190405541987e+00
-3.313691393633551918e+00
-2.934156520129511669e+00
-2.913794009338621649e+00
-3.316354880855467702e+00
-4.121128476370842009e+00
-5.194724340444802024e+00
-6.291002995200376979e+00
-7.095796031040947582e+00
-7.319982255304565477e+00
-6.819577712411383885e+00
-5.695168467486885433e+00
-4.313718844045785872e+00
-3.211762274201437783e+00
-2.886699322540196899e+00
-3.549083279189003015e+00
-4.959628163990805305e+00
-6.469541534810201888e+00
-7.299796701570196333e+00
-6.957185423678772906e+00
-5.565633147800667757e+00
-3.881831619271722822e+00
-2.912195008457076018e+00
-3.300428593941721722e+00
-4.858390642326775755e+00
-6.597654754796833387e+00
-7.331179906440556948e+00
-6.501769710541227987e+00
-4.651922103755115501e+00
-3.118473696949385143e+00
-3.076686948011350786e+00
-4.606055772406037363e+00
-6.540686647097050610e+00
-7.326850056335175054e+00
-6.285479100917947370e+00
-4.244445179255532885e+00
-2.923062532688270654e+00
-3.485103751338901823e+00
-5.475746542355574675e+00
-7.142691227492511175e+00
-6.966558346651577693e+00
-5.075325813750438897e+00
-3.200942075224767702e+00
-3.111152205918912728e+00
-4.919643014340118192e+00
-6.910845217636266469e+00
-7.147447605585703911e+00
-5.373305004566845788e+00
-3.324707689143276745e+00
-3.050426520996028401e+00
-4.847427516252460045e+00
-6.908402252337204175e+00
-7.122446563525024033e+00
-5.251152335131130222e+00
-3.221242056287533906e+00
-3.154495947661521527e+00
-5.136413232591793943e+00
-7.085638633631076821e+00
-6.929756748313980808e+00
-4.821911240643013130e+00
-3.011977408756627117e+00
-3.451320800392795540e+00
-5.676248731270453263e+00
-7.280820627295010006e+00
-6.515694326990513652e+00
-4.206950687517384324e+00
-2.876383420100851573e+00
-3.987101831442863453e+00
-6.324726217959817376e+00
-7.317031960247682321e+00
-5.866024239744917601e+00
-3.570506987599632254e+00
-2.968857090012143818e+00
-4.729622769919008540e+00
-6.903788594373159171e+00
-7.080682031742152382e+00
-5.063063000265369595e+00
-3.088924348344761928e+00
-3.348489045186851421e+00
-5.553292354247967744e+00
-7.257766894551185288e+00
-6.573484920722298952e+00
-4.260406349166724560e+00
-2.879365675477625786e+00
-3.955265311950296514e+00
-6.296701184443962873e+00
-7.320693808220658738e+00
-5.902979501743072177e+00
-3.606435840119873504e+00
-2.951542092876522805e+00
-4.650810647657818819e+00
-6.841985914860775786e+00
-7.136045129671432008e+00
-5.219239659577470825e+00
-3.177195629409761413e+00
-3.218636440678870336e+00
-5.291326895459331325e+00
-7.158847041853475091e+00
-6.819954744242700428e+00
-4.645871669121768299e+00
-2.960242918337933293e+00
-3.550393400903331109e+00
-5.781607271376301149e+00
-7.294186398944797034e+00
-6.503078045324509837e+00
-4.247483811321188796e+00
-2.885578767294462832e+00
-3.826243564757914939e+00
-6.084638844648276645e+00
-7.328788804086379116e+00
-6.289332634194952476e+00
-4.040217208208490618e+00
-2.873285414570049046e+00
-3.961870576839899183e+00
-6.196422676939863372e+00
-7.331596499901555042e+00
-6.655389347560364044e+00
-3.635666932189870693e+00
-2.068257190905342657e+00
-3.481960520760760680e+00
-6.475469666670772284e+00
-8.129729384071453069e+00
-6.856075696875007175e+00
-3.899727387403065570e+00
-2.098110471697973267e+00
-3.154366030100192120e+00
-6.048742360092491666e+00
-8.048360530376355015e+00
-7.293102227907115598e+00
-4.506007019225237720e+00
-2.274947165869486199e+00
-2.641212138103159912e+00
-5.249411625038369777e+00
-7.718600337818724455e+00
-7.827952068447983969e+00
-5.500088743015004944e+00
-2.824286444714912303e+00
-2.165100446413954050e+00
-4.082352205829420377e+00
-6.883095140891988706e+00
-8.136784973525172049e+00
-6.780844124469331824e+00
-3.996492578315840483e+00
-2.155983635163236656e+00
-2.798412699261315417e+00
-5.363161897965406766e+00
-7.704795324847728111e+00
-7.898025856888983398e+00
-5.806469597279313000e+00
-3.149622952340775051e+00
-2.072047275751602857e+00
-3.418365577942760414e+00
-6.095860965008976784e+00
-7.983910561000893580e+00
-7.616917615605835579e+00
-5.303354827747040368e+00
-2.842273671686711189e+00
-2.111587083059246250e+00
-3.644792538247721758e+00
-6.266502126747370838e+00
-8.013783681063051390e+00
-7.607177083330036282e+00
-5.368916801614997958e+00
-2.944498858217199810e+00
-2.080699001386580704e+00
-3.375466992512359710e+00
-5.887287634713660012e+00
-7.840102268607200386e+00
-7.883103890638206934e+00
-6.009928404115806089e+00
-3.523504197038665353e+00
-2.114545797070656707e+00
-2.714783103289983401e+00
-4.899859314204955574e+00
-7.210254532231822999e+00
-8.136408956468056175e+00
-7.097323829307327969e+00
-4.784274182318438484e+00
-2.681874558232462125e+00
-2.108902217803896306e+00
-3.401659017281718711e+00
-5.737857821113165002e+00
-7.676692367347926371e+00
-8.051164978364079516e+00
-6.658645534673844679e+00
-4.349284003466513226e+00
-2.491413417093394589e+00
-2.158172578933394536e+00
-3.519498725456255528e+00
-5.776007772393177753e+00
-7.643235669837333823e+00
-8.085597430659859697e+00
-6.879949420012353656e+00
-4.709102176527133032e+00
-2.760385562489921174e+00
-2.072126232313468819e+00
-2.989133291855491592e+00
-5.007129844607431934e+00
-7.064975804778544699e+00
-8.108953374300311268e+00
-7.626606271295308659e+00
-5.883465634592079496e+00
-3.762250676991624410e+00
-2.306922043168459613e+00
-2.210687964558855523e+00
-3.497391846123441006e+00
-5.536088156033220464e+00
-7.361846682966939781e+00
-8.135221631327178571e+00
-7.521055490095293727e+00
-5.819811267178594427e+00
-3.807957139378514100e+00
-2.376291106797598029e+00
-2.137173164969222938e+00
-3.172395976938330975e+00
-5.020344086339662226e+00
-6.892437560247460127e+00
-8.013823656703916498e+00
-7.940049414551590523e+00
-6.722663927647030135e+00
-4.867353364750926836e+00
-3.115054161324540161e+00
-2.143534222945147505e+00
-2.309997286238414826e+00
-3.529948722103187997e+00
-5.328479502404969814e+00
-7.032984983395224710e+00
-8.026888614441910264e+00
-7.968436380019118914e+00
-6.899077510529330048e+00
-5.211225472241636680e+00
-3.496700660610837730e+00
-2.336334024309856261e+00
-2.105980063710060968e+00
-2.862233374189117274e+00
-4.339401012397175350e+00
-6.050390200835949805e+00
-7.451539006571199053e+00
-8.114774095972030921e+00
-7.853254923293619072e+00
-5.831836644346142684e+00
