-3.175634405731735388e-01
2.980862644301902620e-01
1.660009152156050050e-01
-6.560553844947359936e-01
-1.808577565134704468e+00
-2.787539846141137367e+00
-3.164818400235744456e+00
-2.775420247666938067e+00
-1.789638639074813575e+00
-6.385796497497294721e-01
1.743709481144475326e-01
2.936904034380731776e-01
-3.328024337000807797e-01
-1.431127156028443759e+00
-2.520960103290427856e+00
-3.125691426294306297e+00
-2.980857887784983618e+00
-2.149798787189419524e+00
-9.959560118548439478e-01
-2.393218078634973267e-02
3.411839893336556795e-01
-6.028114725350963710e-02
-1.052757342504770488e+00
-2.202211620702675177e+00
-3.005961093901608372e+00
-3.112507784975807823e+00
-2.475256617118099634e+00
-1.372892265772258868e+00
-2.875037771794002328e-01
3.062440091720926016e-01
1.486920426379338966e-01
-6.912584171282043499e-01
-1.846278133106074248e+00
-2.811251346690560649e+00
-3.164174130031775611e+00
-2.750705862651817046e+00
-1.751665502587260281e+00
-6.039552377517943826e-01
1.905064800531446334e-01
2.842846781764154507e-01
-3.636315714459008586e-01
-1.469894491723398922e+00
-2.550711850616675047e+00
-3.133419615546102932e+00
-2.963187756868171263e+00
-2.114462484229284289e+00
-9.584090772928675062e-01
-5.934423959825796402e-04
3.401122574291985945e-01
-8.528922158672203047e-02
-1.090760970455392886e+00
-2.236589893604613799e+00
-3.021682205719330661e+00
-3.102701684653955017e+00
-2.444217189525823564e+00
-1.334197110233556582e+00
-2.580749194765541432e-01
3.135404133723036502e-01
1.306707271688545280e-01
-7.267113101173581224e-01
-1.883656044611542013e+00
-2.834209629435919808e+00
-3.162677227427150406e+00
-2.725414035988277917e+00
-1.713643607442654426e+00
-5.698320067788231746e-01
2.058109031825303692e-01
2.740824076375367735e-01
-3.948736639575669560e-01
-1.508510504668849173e+00
-2.579814525994031271e+00
-3.140285251958757406e+00
-2.944818930192764306e+00
-2.078896634965853085e+00
-9.212017017816274134e-01
2.198532943011555219e-02
3.381921660943689734e-01
-1.108639037573133646e-01
-1.128802667539411164e+00
-2.270461602082394670e+00
-3.036573281656452572e+00
-3.092103727073659325e+00
-2.412768553782227432e+00
-1.295652904387574189e+00
-2.292909229828119511e-01
3.199787169967212019e-01
1.119508127905763928e-01
-7.624004437385365485e-01
-1.920706021917595763e+00
-2.856418640012201138e+00
-3.160334711267079211e+00
-2.699546276468803629e+00
-1.675564104900524764e+00
-5.361936401418796461e-01
2.202981234264385080e-01
2.630836495970494404e-01
-4.265481980111974769e-01
-1.547009174461531966e+00
-2.608301375782128950e+00
-3.146302107966649775e+00
-2.925733353840441531e+00
-2.043053532932751715e+00
-8.842748770225724586e-01
4.384663906222097118e-02
3.354252609666708018e-01
-1.370525980031747082e-01
-1.166963606068307513e+00
-2.303907350431314782e+00
-3.050675070274235345e+00
-3.080689225818233901e+00
-2.380823164996696661e+00
-1.257142548313620711e+00
-2.010570965626670148e-01
3.255832213875895498e-01
9.246574690856035339e-02
-7.984629944371520738e-01
-1.957579670217611589e+00
-2.877974696204463889e+00
-3.157135846238096732e+00
-2.672977533090415303e+00
-1.637233338468074173e+00
-5.028609053747333801e-01
2.340476221290004322e-01
2.512204146921543924e-01
-4.588543395538802194e-01
-1.629192638242162872e+00
-2.943007039611811315e+00
-3.587138371195278896e+00
-3.279885848268651927e+00
-2.155618722057695891e+00
-7.060145387471551404e-01
4.349661488682172727e-01
7.683320087110714347e-01
1.482883820117295581e-01
-1.153999402653167028e+00
-2.568994333444024392e+00
-3.477866111507230684e+00
-3.483129172334288537e+00
-2.582479844452326923e+00
-1.169805863003076984e+00
1.370746858368261378e-01
7.666094736105391050e-01
4.434757251213599094e-01
-6.910082674175356265e-01
-2.140685963770167177e+00
-3.271551848587800126e+00
-3.589029118101842109e+00
-2.954270231199857655e+00
-1.644882061708186516e+00
-2.335170845762848391e-01
6.625725230226184870e-01
6.514868432002400844e-01
-2.619260969723209431e-01
-1.678190329531866531e+00
-2.977910671117387498e+00
-3.592662072251619154e+00
-3.253587199392867113e+00
-2.108979194225680587e+00
-6.594256300362276724e-01
4.611212590735902506e-01
7.625996452492382893e-01
1.131622906662241856e-01
-1.203163004736934161e+00
-2.610692829614484012e+00
-3.493859444418732085e+00
-3.466422719544782538e+00
-2.540385450880810136e+00
-1.120740239530715110e+00
1.716520587948748844e-01
7.715878885696043632e-01
4.167014791421188580e-01
-7.377992076578497871e-01
-2.187015618561201968e+00
-3.297169241324346523e+00
-3.582769474190335757e+00
-2.918924617826431422e+00
-1.595951407810672684e+00
-1.924085509748598710e-01
6.779160847018323999e-01
6.344189627707734758e-01
-3.038802263781585911e-01
-1.726654396479758047e+00
-3.011702676155875835e+00
-3.597040048712413007e+00
-3.226666097557607582e+00
-2.062542837596230250e+00
-6.137848358209364585e-01
4.860043534498510454e-01
7.558657018658392346e-01
7.784126810850788836e-02
-1.251491102073670536e+00
-2.650816506110538207e+00
-3.508360902831093142e+00
-3.449371322721360489e+00
-2.499825044741568192e+00
-1.074870470457657490e+00
2.028019287000246695e-01
7.751282579669185324e-01
3.923769805378714004e-01
-7.780252884377494293e-01
-2.224911048568388061e+00
-3.316754264432148602e+00
-3.577329835013253856e+00
-2.893307803291233160e+00
-1.563334658439572422e+00
-1.674380459847968350e-01
6.860416154056774296e-01
6.255230709347250340e-01
-3.222260083276859977e-01
-1.744172632748362872e+00
-3.021217301252918208e+00
-3.597799789327143394e+00
-3.223474291360680866e+00
-2.061456471411711178e+00
-6.172008792889577267e-01
4.816238374758412544e-01
7.579117999093933911e-01
9.210475760563907599e-02
-1.226336126058210407e+00
-2.625012639267080505e+00
-3.497202969002307871e+00
-3.464977701613532357e+00
-2.542745663880271678e+00
-1.130553077982608734e+00
1.596454948290393361e-01
7.692142899967993053e-01
4.345937054693751467e-01
-6.989773182486862524e-01
-2.140737944631862621e+00
-3.267010845768374416e+00
-3.590976333167655188e+00
-2.972937787470360416e+00
-1.680337111542244299e+00
-2.718382495640654373e-01
6.442012068301719019e-01
6.724262750810012790e-01
-1.990475598975294247e-01
-1.593816302923038997e+00
-2.909882373950068324e+00
-3.579494221755530337e+00
-3.313984434910318910e+00
-2.228075593295130830e+00
-7.901948250964446752e-01
3.796349520312392034e-01
7.771168705455053782e-01
2.309933851554861750e-01
-1.023241201172401471e+00
-2.444914760773380991e+00
-3.421220103621396280e+00
-3.531309697047278373e+00
-2.865082873917000228e+00
-1.350930192852866307e+00
1.370932173798480314e-01
9.573341213091426383e-01
7.558795610466253478e-01
-3.806616173189163455e-01
-1.962217552194430947e+00
-3.306370966108974407e+00
-3.832698256031100037e+00
-3.313465572870705422e+00
-1.972415282708789963e+00
-3.887060327998446141e-01
7.529140515017846980e-01
9.581007936035770278e-01
1.372100776951514778e-01
-1.355055490849866651e+00
-2.872369365037744871e+00
-3.756376229901544406e+00
-3.622413692709359090e+00
-2.527398920882709454e+00
-9.464363021594434100e-01
4.326038717106635012e-01
1.008076741415177668e+00
5.273742076290433012e-01
-8.013051360816768609e-01
-2.398012639056727568e+00
-3.563357147845348294e+00
-3.784759235312216585e+00
-2.962692028181491466e+00
-1.456770895679586175e+00
7.019874885817722898e-02
9.432524549478102927e-01
7.739781938351844026e-01
-3.653724613307318680e-01
-1.970956847352792085e+00
-3.328801634935967257e+00
-3.831976745977975440e+00
-3.252794879208683376e+00
-1.847606862022232566e+00
-2.452154057949273991e-01
8.334254814412429546e-01
8.998225458167183888e-01
-7.934175735006609997e-02
-1.663561068596104420e+00
-3.134926280470837767e+00
-3.822880600324459532e+00
-3.410712316462858773e+00
-2.083329361014632841e+00
-4.465074583707246969e-01
7.482100508898312796e-01
9.486946107677902695e-01
5.893850027681812875e-02
-1.512750576586010087e+00
-3.039157276980577471e+00
-3.809930516968010217e+00
-3.463041918263253471e+00
-2.156878883064157204e+00
-5.002405596098635776e-01
7.299961914525834317e-01
9.532975934327563294e-01
6.099521573962407572e-02
-1.528586497447384174e+00
-3.064313912021040309e+00
-3.816542723220719857e+00
-3.424715779984356168e+00
-2.072213702964994297e+00
-4.027123380448827117e-01
7.849114303218662769e-01
9.191026310859702342e-01
-6.772877282092237827e-02
-1.703121649223174883e+00
-3.199139061330427136e+00
-3.831639851024425170e+00
-3.291817206792575057e+00
-1.838805532137524956e+00
-1.770414114683145357e-01
8.844555692946123315e-01
8.264247601278613686e-01
-3.251929377523596898e-01
-2.009126083485517356e+00
-3.401310845394307947e+00
-3.818208476901546966e+00
-3.053387056168818781e+00
-1.481055052866280031e+00
1.260540890338948117e-01
9.762659996460691936e-01
6.495336463174488095e-01
-6.941211644098316258e-01
-2.392271311560775437e+00
-3.606512367756384396e+00
-3.736758054630260339e+00
-2.718305146457782318e+00
-1.054218556339736157e+00
4.332259373057776308e-01
1.009050565631247398e+00
3.888502901037889092e-01
-1.120807444861504631e+00
-2.774078423640236934e+00
-3.754408722028857781e+00
-3.577760096979762050e+00
-2.331464534768971308e+00
-6.309935764375181888e-01
6.839531953085669080e-01
9.640380479671981639e-01
7.091464492302579359e-02
-1.554408119414976808e+00
-3.109282698604272532e+00
-3.825783755534624131e+00
-3.349997216137145184e+00
-1.916871662922308595e+00
-2.342238978832398288e-01
8.668441071806469722e-01
8.424596222142870516e-01
-2.953552096248188708e-01
-1.984595597427287306e+00
-3.390863232719647069e+00
-3.819522281915068707e+00
-3.058828620863002890e+00
-1.484529913082670349e+00
1.257377768760650216e-01
9.765739997874907097e-01
6.477098771826015344e-01
-6.984028033139967340e-01
-2.396846269049289546e+00
-3.608683164671365962e+00
-3.732346871468899430e+00
-2.712609898294954913e+00
-1.050328353482984367e+00
4.334509122603056319e-01
1.005869693897897932e+00
3.842212492423904280e-01
-1.124439030865700850e+00
-2.774973068272904353e+00
-3.752195712293979746e+00
-3.573484282631932629e+00
-2.327120451538169377e+00
-6.286665381989504642e-01
6.830602827588796444e-01
9.602540716497505180e-01
6.603514233859275606e-02
-1.557968913678287937e+00
-3.109737319930989230e+00
-3.822938432238930151e+00
-3.345373127947156355e+00
-1.912892834502260442e+00
-2.329146074684551593e-01
8.649328109031952927e-01
8.385048314400940228e-01
-2.991397137991056443e-01
-1.986196751192997656e+00
-3.389556152006982348e+00
-3.816211413991397183e+00
-3.055476743267559137e+00
-1.483021542932861259e+00
1.246468972003558218e-01
9.736372734301195209e-01
6.447083012797900636e-01
-6.997074621276279105e-01
-2.395718254624050303e+00
-3.605812793793242932e+00
-3.732433005058565012e+00
-2.713053571109289130e+00
-1.051056198499320526e+00
4.328463472850909710e-01
1.005886817600757599e+00
3.850914024697296156e-01
-1.122984688838185363e+00
-2.773636871662687575e+00
-3.751753842020084662e+00
-3.574328775797289914e+00
-2.328974838203921038e+00
-6.306625782880979081e-01
6.819587032971603513e-01
9.606967824512939735e-01
6.790432632996501461e-02
-1.555546074128184131e+00
-3.107968869545091550e+00
-3.822749744983501952e+00
-3.346914137298302450e+00
-1.915435686414765026e+00
-2.352054917879586871e-01
8.640426222042654203e-01
8.394726736299360503e-01
-2.967858288408065093e-01
-1.983623317023337052e+00
-3.388036398293141627e+00
-3.816485710537977027e+00
-3.057386943592045547e+00
-1.485601786083864395e+00
1.226754081777443606e-01
9.732243301796121848e-01
6.460117608547344403e-01
-6.973776044845676481e-01
-2.393532242452204528e+00
-3.604827167916273556e+00
-3.733074814959090215e+00
-2.714936937292814711e+00
-1.053208803338813837e+00
4.314778112433457213e-01
1.005916747375797726e+00
3.864197056886307102e-01
-1.121080610788395937e+00
-2.772109649940134091e+00
-3.751306229211218035e+00
-3.575089672843532629e+00
-2.330480773774529446e+00
-6.321313005753701475e-01
6.812207399510272765e-01
9.609659179856055999e-01
6.894620032616693983e-02
-1.554310120656620553e+00
-3.107143326415262585e+00
-3.822668545802786255e+00
-3.347512021152689421e+00
-1.916332746096829354e+00
-2.359368211002457194e-01
8.637867475983314058e-01
8.397198880696632450e-01
-2.962542961651075668e-01
-1.983116969180228839e+00
-3.387780493368196311e+00
-3.816523958949483486e+00
-3.057602132338493650e+00
-1.485822307208680693e+00
1.225601717234288124e-01
9.732112821723140073e-01
6.460177395110564547e-01
-6.974297359900063498e-01
-2.393640473071677821e+00
-3.604902999076189385e+00
-3.733007805055454931e+00
-2.714687100380912543e+00
-1.052861451795055192e+00
4.317388607309919912e-01
1.005910289665031598e+00
3.860853792508154303e-01
-1.121621110597745385e+00
-2.772594217902840885e+00
-3.751463961301920946e+00
-3.574794100142324904e+00
-2.329837495408331627e+00
-6.314436925376828436e-01
6.815985837259010971e-01
9.608155897614780727e-01
6.831080184823346002e-02
-1.555132823901422823e+00
-3.107743626121302061e+00
-3.822733188139474159e+00
-3.346990181594287073e+00
-1.866541200161909053e+00
