-3.955655544873147855e-01
1.067657454910531101e-01
3.986999905092847296e-01
4.254331203263836958e-01
1.819465936717459265e-01
-2.860504939909623845e-01
-8.907022606521590724e-01
-1.518498995099803128e+00
-2.051586041222476897e+00
-2.389888347572972638e+00
-2.469897297764942934e+00
-2.276593018655838740e+00
-1.846264022257932513e+00
-1.259694857299192394e+00
-6.270006349749581709e-01
-6.695540412017519927e-02
3.153049935706326856e-01
4.480198029949362670e-01
3.062748164683730678e-01
-8.332054654894627266e-02
-6.476285568979065488e-01
-1.280713132322347958e+00
-1.863726944010124065e+00
-2.287222318033588664e+00
-2.471697563906530171e+00
-2.382521621175038185e+00
-2.036435258765345147e+00
-1.498408373761307644e+00
-8.694433607781770768e-01
-2.676141938331265679e-01
1.940992952011315609e-01
4.290208280225031867e-01
3.930491932919530917e-01
9.293725289664012124e-02
-4.149757553345845285e-01
-1.035340636933120395e+00
-1.651697898287986410e+00
-2.148340385964150112e+00
-2.432034691146743199e+00
-2.449523616173729046e+00
-2.197524010414149576e+00
-1.723343107638726224e+00
-1.115997661463360657e+00
-4.895030605835910542e-01
3.853048505372669297e-02
3.689766045681592832e-01
4.398015031949296105e-01
2.377094060219078209e-01
-1.993614605978818455e-01
-7.893609140888475650e-01
-1.421529884067667560e+00
-1.977192925962768744e+00
-2.352036855071155230e+00
-2.475693190742180860e+00
-2.324948249124286548e+00
-1.928100987953444534e+00
-1.359650516459957936e+00
-7.263105704092513992e-01
-1.469764186801841843e-01
2.695950378400415737e-01
4.452019177778014924e-01
3.468779960633379122e-01
-6.918631959198728865e-03
-5.497706409979519204e-01
-1.179769828390876629e+00
-1.778648077235488234e+00
-2.233979523876579609e+00
-2.460285974312689472e+00
-2.415083504323650487e+00
-2.106857856608701063e+00
-1.593471434272125009e+00
-9.713009416463990187e-01
-3.571448350273761507e-01
1.337029492314822932e-01
4.090968269901513743e-01
4.173378183439453437e-01
1.568788633151263490e-01
-3.233847525815340962e-01
-9.332943837389889863e-01
-1.558353273651565285e+00
-2.081220734676420214e+00
-2.403740211626694823e+00
-2.465365957830655930e+00
-2.254529131451517898e+00
-1.810809584223290969e+00
-1.217505638324261286e+00
-5.859967079449215355e-01
-3.483433013112069432e-02
3.325132084336279714e-01
4.470847050934758649e-01
2.873719493113027212e-01
-1.166425966341164688e-01
-6.891143276919118321e-01
-1.322574607446373562e+00
-1.898105577083870621e+00
-2.307664297247963958e+00
-2.474365369410992166e+00
-2.366914432746978658e+00
-2.005482973494260079e+00
-1.457921584051273811e+00
-8.270225468746600361e-01
-2.312229053378290766e-01
2.176294158859339856e-01
4.352725322406665320e-01
3.808488647910943659e-01
6.457522776966717615e-02
-4.541751475164118590e-01
-1.078018595730305451e+00
-1.689842600953461726e+00
-2.174791026191614129e+00
-2.441825758705122418e+00
-2.440817059291263469e+00
-2.171954288480312467e+00
-1.685710358373293083e+00
-1.073366583485876324e+00
-4.498766758261760756e-01
6.771321794049978138e-02
3.822372866694137006e-01
4.346507409807305322e-01
2.151141387516639636e-01
-2.351594818799883635e-01
-8.316414194989792952e-01
-1.462355663754448809e+00
-2.008899861969767997e+00
-2.368672686364805990e+00
-2.474134915770136445e+00
-2.305488398813964501e+00
-1.894392709638140992e+00
-1.318021777984958343e+00
-6.845762271060927828e-01
-1.129711508014810128e-01
2.894875093669302402e-01
4.472472307582868734e-01
3.306921891852212525e-01
-3.829703906235404354e-02
-5.904510611734103964e-01
-1.222115431647067485e+00
-1.814709433070855749e+00
-2.256986927293171519e+00
-2.465920305014241976e+00
-2.402287043990192217e+00
-2.078032851619180832e+00
-1.554029128209131194e+00
-9.286457365436227018e-01
-3.192842821397290365e-01
1.596613863000559963e-01
4.182800380336850754e-01
4.080218629209837466e-01
1.308126016259172353e-01
-3.613079686940650070e-01
-9.759553270658735125e-01
-1.597743315715950851e+00
-2.109945284829785273e+00
-2.416406884412847234e+00
-2.459596871550992159e+00
-2.231407301741929139e+00
-1.774675612331867436e+00
-1.175142861273216210e+00
-5.453577802278499753e-01
-3.548292467790759019e-03
3.485731091663513137e-01
4.449035852968370452e-01
2.673592649596097104e-01
-1.507299161038059276e-01
-7.308771580194263207e-01
-1.364172920583750948e+00
-1.931730229369454044e+00
-2.327003019734591671e+00
-2.475787753778206035e+00
-2.350153458458901667e+00
-1.973685134873695457e+00
-1.417056207044158356e+00
-7.847611829398718486e-01
-1.954991709471425310e-01
2.401091965345532042e-01
4.402882881076102262e-01
3.674590010091081105e-01
3.529338881126253824e-02
-4.938519578100331042e-01
-1.120641952453163448e+00
-1.727410931664596916e+00
-2.200251725399946068e+00
-2.450399155244960880e+00
-2.430893691619619545e+00
-2.145397044726794711e+00
-1.647504761172994714e+00
-1.030684870718513224e+00
-4.107313749619263543e-01
9.597346088518388108e-02
3.943072494289245888e-01
4.282645606853610065e-01
1.914706764997140542e-01
-2.716217001133409692e-01
-8.740774358553077272e-01
-1.502799074714934013e+00
-2.039758330669314113e+00
-2.384153232341501116e+00
-2.471331416194094466e+00
-2.284927147404646419e+00
-1.859933616906530141e+00
-1.276133760223462588e+00
-6.431228134756659109e-01
-7.973428335434895597e-02
3.082683595276540789e-01
4.480463832400161106e-01
3.133596211608877802e-01
-7.050752945723981480e-02
-6.314926819433230865e-01
-1.264283545547698839e+00
-1.850087929217986593e+00
-2.278934292170761822e+00
-2.470316416617400090e+00
-2.388306631665525259e+00
-2.048300421988672682e+00
-1.514126273334632788e+00
-8.860633160952329224e-01
-2.820161836975806358e-01
1.846189190716975848e-01
4.262417921020114076e-01
3.974931988011258799e-01
1.037700381830766183e-01
-3.997878010155860862e-01
-1.018648708936832348e+00
-1.636635529055562532e+00
-2.137735195087552498e+00
-2.427877563661170246e+00
-2.452594958862676311e+00
-2.207247248063780809e+00
-1.737892922010473074e+00
-1.132642653562643709e+00
-5.051185091237407887e-01
2.687602781168263455e-02
3.634709997185023855e-01
4.414783036866258836e-01
2.462538304384900290e-01
-1.855534349377114811e-01
-7.728814321047027258e-01
-1.405472596260709528e+00
-1.964572225413952378e+00
-2.345221993229937407e+00
-2.475963503983969360e+00
-2.332252992243818213e+00
-1.941068860430807064e+00
-1.375847093158061973e+00
-7.426953099040919382e-01
-1.604734562329404035e-01
2.615194661564526069e-01
4.440638181345837321e-01
3.528910209608990822e-01
5.116707877854453912e-03
-4.534275819563270415e-01
-1.188206248808459931e+00
-1.890280229742234308e+00
-2.427850993405688662e+00
-2.700001771662311700e+00
-2.655642403283235531e+00
-2.303100357684551014e+00
-1.708557440646806036e+00
-9.836256552056138469e-01
-2.643945691931521846e-01
3.141164271077938608e-01
6.433049616480670529e-01
6.613733228352540738e-01
3.649295839877391145e-01
-1.903756390482937988e-01
-9.002963339781550056e-01
-1.631560926140094736e+00
-2.246891006286679371e+00
-2.630772251052552413e+00
-2.711139627908860206e+00
-2.472905977203008199e+00
-1.960794285592133868e+00
-1.270941955508799515e+00
-5.328531794225119800e-01
1.149125470333081100e-01
5.507518405608267109e-01
6.928457186134813206e-01
5.145192652279677592e-01
4.924924395866137061e-02
-6.156204083007645878e-01
-1.355275432529150281e+00
-2.030862305383211108e+00
-2.515554851757575427e+00
-2.718362994389448950e+00
-2.601214085565078271e+00
-2.186100186736434026e+00
-1.550949555744161712e+00
-8.149973766647711226e-01
-1.164020473054594440e-01
4.136909392385799134e-01
6.757685985756833880e-01
6.206317700207806265e-01
2.586311476948361943e-01
-3.422758284930492723e-01
-1.069282447154278337e+00
-1.785909637386250193e+00
-2.357626831521771660e+00
-2.677107040408679861e+00
-2.684375071302626203e+00
-2.378066515574780215e+00
-1.815683885612494608e+00
-1.102801816995097051e+00
-3.732478154022343952e-01
2.360208346589398598e-01
6.106277064049976389e-01
6.802488213503716796e-01
4.318143877778184425e-01
-8.803764108930167698e-02
-7.817167893386578470e-01
-1.519000465830910418e+00
-2.161480314195771246e+00
-2.588545255348499108e+00
-2.720023493204408283e+00
-2.531232958459187721e+00
-2.057614809578090398e+00
-1.388080155844838792e+00
-6.483190049334963678e-01
2.279519692512610440e-02
4.992759175755545620e-01
6.916746645445783770e-01
5.638729190249089918e-01
1.398625719299508852e-01
-5.007580116922587532e-01
-1.237726787715017762e+00
-1.932694515218200237e+00
-2.455196701414122273e+00
-2.707145363214224609e+00
-2.641242830425450272e+00
-2.269860814961092377e+00
-1.662717901383394814e+00
-9.337914574675938439e-01
-2.199209579423657690e-01
3.448805359366369228e-01
6.545843015273800081e-01
6.510504524823683692e-01
3.349423891366107853e-01
-2.343977399203222012e-01
-9.500891858110940280e-01
-1.677777045731938754e+00
-2.280854361121714469e+00
-2.646106988430659168e+00
-2.704966997270977114e+00
-2.446384750522942575e+00
-1.918903224113037931e+00
-1.221545159780848211e+00
-4.852237820602270935e-01
1.518332025362103543e-01
5.700327351037901558e-01
6.908672997662610449e-01
4.916529364402730806e-01
9.787641951775061244e-03
-6.642692591154992776e-01
-1.403978809300006070e+00
-2.070477249241660544e+00
-2.538644551823404427e+00
-2.720592881029451959e+00
-2.582165547931670524e+00
-2.149349157498609664e+00
-1.503395210502709745e+00
-7.655669695729997448e-01
-7.437502075235580268e-02
4.404249603314933648e-01
6.821909056208774746e-01
6.055367199387076127e-01
2.248524951687846940e-01
-3.883969044493453815e-01
-1.119087756320809701e+00
-1.830049357977975744e+00
-2.387814728033260447e+00
-2.687676017159279951e+00
-2.673341041641286164e+00
-2.347500869331877293e+00
-1.771324632448023628e+00
-1.052976404696259971e+00
-3.273098396630714779e-01
2.694475565483676061e-01
6.252680624584758817e-01
6.733544154177455443e-01
4.046794888409448454e-01
-1.303190686828660239e-01
-8.312073626183875685e-01
-1.566409447565157986e+00
-2.197907738946203171e+00
-2.607152696947187209e+00
-2.717317824799305725e+00
-2.507722108177268705e+00
-2.017712408492557064e+00
-1.339276978437261567e+00
-5.997767453875044730e-01
6.196382586071935705e-02
5.217178905658299559e-01
6.931770080838142167e-01
5.441536020487880432e-01
1.026234507773633453e-01
-5.485261331885522562e-01
-1.287056523738707270e+00
-1.974325322099398816e+00
-2.481313335524793828e+00
-2.712845016427139377e+00
-2.625455521594610708e+00
-2.235550254712994622e+00
-1.616325122391861324e+00
-8.840256560600607827e-01
-1.761245392146204569e-01
3.744857836495349979e-01
6.644406616957947431e-01
6.393076161218291809e-01
3.038048085246018992e-01
-2.790846873649044380e-01
-9.999365351021475279e-01
-1.723427083000476534e+00
-2.313737323021547887e+00
-2.660049841631133116e+00
-2.697352286027263624e+00
-2.418641964868635252e+00
-1.876240445395903844e+00
-1.171971361030763159e+00
-4.380453242110740053e-01
1.877596296984596069e-01
5.879627563917688704e-01
6.874349586895707187e-01
4.675025775057244370e-01
-3.054705046310834948e-02
-7.132163575968486491e-01
-1.452349601733420092e+00
-2.109191211955631751e+00
-2.560434012796085401e+00
-2.721367361147294162e+00
-2.561779656046619280e+00
-2.111629884332071327e+00
-1.455423497582221781e+00
-7.163484224060902017e-01
-3.314930981247588004e-02
4.659186390288150292e-01
6.871666897558394993e-01
5.890605184338428835e-01
1.900173426893780881e-01
-4.350514948877903798e-01
-1.168803439205392314e+00
-1.873493136833551898e+00
-2.416831014695278945e+00
-2.696817659231836917e+00
-2.660891902318264446e+00
-2.315797993317856296e+00
-1.726319518604549241e+00
-1.003117746564186952e+00
-2.819574740907105914e-01
3.017797473518444296e-01
6.385104399948740017e-01
6.650210224257164793e-01
3.763347316185958746e-01
-1.733541022233069384e-01
-8.808538170124758926e-01
-1.613347322423095198e+00
-2.233325508504204748e+00
-2.624401474993484751e+00
-2.713159542874080898e+00
-2.482937389783975490e+00
-1.976954024668073462e+00
-1.290196395087193526e+00
-5.515877333950818251e-01
1.002148679955636723e-01
5.428501937034972968e-01
6.932234596502839796e-01
5.231054818117337746e-01
6.443206787271305025e-02
-5.966912092940062085e-01
-1.336153387967276007e+00
-2.015137147200575463e+00
-2.506178623200390199e+00
-2.717095870577472816e+00
-2.608293940372009345e+00
-2.200197937343237875e+00
-1.569418667916868904e+00
-8.343706917763638042e-01
-1.330426630516566844e-01
4.029069225831083401e-01
6.728656365467464706e-01
6.261548281667093097e-01
2.715433966045051051e-01
-3.243983718882700318e-01
-1.049795871512937184e+00
-1.768472107118782999e+00
-2.345511849054027209e+00
-2.672588920043616145e+00
-2.688301988082700156e+00
-2.389701279576408766e+00
-1.832842332702473431e+00
-1.122262836310173428e+00
-3.913580401549580090e-01
2.226611900890551610e-01
6.045266135160025645e-01
6.825516225196015530e-01
4.420887841018212860e-01
-7.172043544047779218e-02
-7.624199611498396756e-01
-1.500346558714331424e+00
-2.146971177854903878e+00
-2.580904652396527332e+00
-1.663534394318683107e+00
