1.208877877705221060e+01
1.425610224652303515e+01
1.264818961036062106e+01
8.139983028282163247e+00
3.188877899332693389e+00
4.953996312033739358e-01
1.529472446505240057e+00
5.727302772436687839e+00
1.079858231275117930e+01
1.397685350894138523e+01
1.352966270100281676e+01
9.702919630488185732e+00
4.584050678645222199e+00
9.607784702504078567e-01
8.014532656740680494e-01
4.187220659089089025e+00
9.275061021391479699e+00
1.330551539985561860e+01
1.410106951921219576e+01
1.123990467073757848e+01
6.273349070413786421e+00
1.878535961547623145e+00
4.127997145787194455e-01
2.652298502001860570e+00
7.388485413539251923e+00
1.208805116514420952e+01
1.425167425862049519e+01
1.274048619343022537e+01
8.367490933499329486e+00
3.451217007900881040e+00
5.813191047483048379e-01
1.256210818995013412e+00
5.108628587992740222e+00
1.011509960207635750e+01
1.366534002813679294e+01
1.392294608296259284e+01
1.076822534149356869e+01
5.842940055585003734e+00
1.688080569010030452e+00
4.314563635001329445e-01
2.703611846724160550e+00
7.331290073978105504e+00
1.195192591727810338e+01
1.422308019320377426e+01
1.300621804310080165e+01
8.928771392333951340e+00
4.051769930362905114e+00
8.232693309191727593e-01
8.511695342026603939e-01
4.109408751867281495e+00
8.965552968260347200e+00
1.300438566658291428e+01
1.422940440348440205e+01
1.204480411974003928e+01
7.537865688230089845e+00
2.931984302878292148e+00
4.881479012379097426e-01
1.397971132152931339e+00
5.208241598110856074e+00
1.005170528460737067e+01
1.356426766316247168e+01
1.403747651170687050e+01
1.124582504227172741e+01
6.550638511517327345e+00
2.234741874277094809e+00
3.934626396353966271e-01
1.919530874412787469e+00
6.071798132651985647e+00
1.083491439872124218e+01
1.389569806516929695e+01
1.376480686963023636e+01
1.050166343967612193e+01
5.690475072408581525e+00
1.675371195022550275e+00
4.211822219840959391e-01
2.550863591640814221e+00
7.030428451352680241e+00
1.166278408687046131e+01
1.415921915336072345e+01
1.327042240831474018e+01
9.419719503172725439e+00
4.514913688832793426e+00
1.014643762582562836e+00
6.987847102185709147e-01
3.754105700613584062e+00
8.647419542727551089e+00
1.287569796575954229e+01
1.423792789589720975e+01
1.198982284505479967e+01
7.274186772112649635e+00
2.569281552149129233e+00
4.031619497893208504e-01
1.988038342710712669e+00
6.511410797179795651e+00
1.150976822418067158e+01
1.418502114151602456e+01
1.298125037766063272e+01
8.529494151034073823e+00
3.363825486658726049e+00
4.976383354239244383e-01
-7.918312129083853179e-01
5.672590110747130154e+00
1.313457426077549073e+01
1.713461971863131694e+01
1.527474954741244417e+01
8.679919944434971057e+00
1.299960580190166581e+00
-2.505517620255953481e+00
-5.744688565855939899e-01
5.864354564901161915e+00
1.306634617132436027e+01
1.705146591676672330e+01
1.582693307545622474e+01
1.027240196060668254e+01
3.369396299875494716e+00
-1.537021054591053648e+00
-2.369104185869560730e+00
9.394849435165273377e-01
6.737681917867976544e+00
1.261274131803716614e+01
1.644082106997367987e+01
1.709191264479488126e+01
1.462182359923044750e+01
1.002999744310622532e+01
4.788769813247227169e+00
3.545031238386462391e-01
-2.197785225231313255e+00
-2.361465734946185613e+00
-2.198504024795626677e-01
3.647404298954469493e+00
8.324428660764835897e+00
1.275800204029824947e+01
1.596822364038982300e+01
1.724254397451835885e+01
1.628355061324705133e+01
1.328210888321871508e+01
8.894338895160304403e+00
4.115538504962649391e+00
6.600408721239947596e-02
-2.271309078566402739e+00
-2.300598412120284486e+00
1.873248904144997340e-02
4.142401692008240488e+00
9.064555778114128159e+00
1.356502851624212092e+01
1.651766823943141915e+01
1.717882871842874692e+01
1.537942418528344035e+01
1.156948206224782005e+01
6.703590599483121082e+00
1.997866132158162777e+00
-1.377606736101728124e+00
-2.591273422961847039e+00
-1.353599686761001841e+00
2.017801511742232101e+00
6.684457982322821401e+00
1.149964356046352876e+01
1.529192426673061789e+01
1.714893562041769925e+01
1.663317024968094415e+01
1.388024211056815282e+01
9.559694704625837147e+00
4.710408994080866663e+00
4.908834751226978099e-01
-2.096047582176058022e+00
-2.439363873674081695e+00
-4.620413238518183974e-01
3.363209672077672074e+00
8.127500901373213793e+00
1.270140398844540996e+01
1.600183489623270816e+01
1.724756879146319477e+01
1.614351296096805299e+01
1.295050677984105292e+01
8.424138624271609643e+00
3.636715739142125425e+00
-2.760056701498809772e-01
-2.383848120371832913e+00
-2.183489840796835502e+00
2.806285791595959367e-01
4.424995549287979557e+00
9.264031358639607916e+00
1.364361467720158139e+01
1.651609232301240482e+01
1.719135373858373939e+01
1.550369392536640945e+01
1.185382936885371308e+01
7.115053584446557444e+00
2.425127779994385335e+00
-1.086734060954456460e+00
-2.572294931642875149e+00
-1.670217373085775669e+00
1.404885763455952841e+00
5.912557845061055417e+00
1.076425105319937003e+01
1.478612639716139121e+01
1.700340538852405459e+01
1.687724514503083029e+01
1.443638266598829922e+01
1.027120432178457854e+01
5.400767942933496712e+00
1.011838029484485091e+00
-1.844023386925143448e+00
-2.472507144873291374e+00
-7.201062563565381325e-01
2.988096872942670679e+00
7.751390073702984829e+00
1.241221336105179418e+01
1.583758470709661736e+01
1.719468168200540958e+01
1.615347473019820512e+01
1.296705611578979145e+01
8.410094532475170581e+00
3.590402018605702850e+00
-3.205028220219352519e-01
-2.372245733832865078e+00
-2.066554698112518018e+00
5.218199867738997355e-01
4.763550301871349646e+00
9.627941002371219525e+00
1.393354261610959810e+01
1.663517119958356361e+01
1.707757180462869329e+01
1.515416437993602194e+01
1.133245424006816648e+01
6.540119729958378869e+00
1.939610613557655405e+00
-1.353911379887953181e+00
-2.542818001002459916e+00
-1.339966028045169288e+00
1.962268994376366926e+00
6.563392236509421274e+00
1.134910023303292093e+01
1.516126619849542223e+01
1.707815123634683019e+01
1.663705566516375356e+01
1.394568270358077555e+01
9.655495001198991289e+00
4.803740843654857429e+00
5.625282634012869210e-01
-2.044315457046518070e+00
-2.388212443179443589e+00
-3.871091223849694174e-01
3.475269714967042400e+00
8.266618485752287526e+00
1.283123998823724499e+01
1.606880331000899531e+01
1.719944430176799344e+01
1.595138775065160885e+01
1.262602619253137348e+01
8.024934718188417193e+00
3.256535790773852135e+00
-5.309377118816911434e-01
-2.425857246002570911e+00
-1.972480428766869132e+00
7.196037210393955164e-01
5.002107190337211406e+00
9.844250044942775446e+00
1.408088904421998855e+01
1.669284208750125131e+01
1.705198317921579587e+01
1.507219392366559063e+01
1.122992226856432296e+01
6.449461752920201185e+00
1.880584030640183535e+00
-1.377979932863786949e+00
-2.542719199571950917e+00
-1.333680164826916759e+00
1.958293297575935732e+00
6.541554862057274988e+00
1.131403628678851625e+01
1.512823248043693525e+01
1.706708577915418346e+01
1.666445180553178318e+01
1.401715486229576690e+01
9.761700957437509985e+00
4.921248462202487239e+00
6.596223309990003614e-01
-1.998496806212348709e+00
-2.413943288194569270e+00
-4.867648927810552806e-01
3.319710561804011029e+00
8.090240388912121716e+00
1.267770483001608461e+01
1.597892637770340230e+01
1.719995818016093381e+01
1.604704818137618005e+01
1.279734395175572104e+01
8.232311439619527604e+00
3.449851617280526916e+00
-3.997243462867885455e-01
-2.390375933080204796e+00
-2.043122745577753641e+00
5.586615606732925343e-01
4.789213400911715546e+00
9.630834580799570332e+00
1.391867717083397693e+01
1.662098936918786762e+01
1.708740166927652737e+01
1.520549951576849779e+01
1.015612471144974904e+01
6.870091243089064825e+00
3.694347465200090941e+00
1.393280854687704462e+00
5.208459869512100937e-01
1.287175372840066778e+00
3.507925158147029876e+00
6.648576801324964869e+00
9.953058842490438707e+00
1.262574658066767697e+01
1.402303276331527115e+01
1.380834098474167604e+01
1.203323981589132785e+01
9.125099290297107757e+00
5.784233499834749992e+00
2.815275927213880536e+00
9.333853404168754864e-01
5.919580288010442004e-01
1.873357793789740100e+00
4.469007275966106363e+00
7.753662848116815276e+00
1.093600335918732469e+01
1.324926823616516813e+01
1.413601779108176437e+01
1.338249063275712736e+01
1.117016663801710585e+01
8.032088836661978704e+00
4.724449289616336145e+00
2.044371044258180170e+00
6.377952620972440201e-01
8.437784837694257689e-01
2.612738542356099813e+00
5.518368919610820100e+00
8.860363955090177157e+00
1.183320380542562589e+01
1.372031772700004737e+01
1.406681983366074817e+01
1.278917109664615026e+01
1.019532582992019876e+01
6.910504224331434742e+00
3.726484462223895733e+00
1.410745494679007450e+00
5.214694408836599848e-01
1.272998144746822824e+00
3.484173796694892022e+00
6.622012415888892001e+00
9.930178889726779090e+00
1.261129270284617832e+01
1.401912218748572592e+01
1.381434369322771616e+01
1.204632424225006204e+01
9.141217503052240900e+00
5.799244173608458119e+00
2.825916517333724620e+00
9.378872707921512841e-01
5.902184539773127625e-01
1.866702092336792518e+00
4.459667262237319463e+00
7.744139309709281882e+00
1.092847611098301996e+01
1.324517386176622935e+01
1.413585358068794307e+01
1.338584254452123190e+01
1.117591394797147686e+01
8.038714932220317522e+00
4.730385299491432605e+00
2.048309979479885357e+00
6.389310506755991881e-01
8.419408014912308502e-01
2.608408583360812827e+00
5.512574529342757046e+00
8.854467494396697447e+00
1.182861401265115298e+01
1.371817572088615833e+01
1.406772386183305201e+01
1.279300834494111072e+01
1.020126445111470304e+01
6.917162605610909232e+00
3.732248756005940749e+00
1.414163448747398633e+00
5.216221000852341305e-01
1.269750587908255568e+00
3.478233705649401486e+00
6.614774334870251238e+00
9.923389095349298472e+00
1.260661851158182500e+01
1.401773480340041722e+01
1.381662042755246667e+01
1.205174643200045992e+01
9.148491246010280520e+00
5.806614769677777232e+00
2.831598620592592930e+00
9.405036251971754524e-01
5.891380204303562351e-01
1.862193765808616064e+00
4.452831659078878346e+00
7.736636491988953424e+00
1.092211764116335893e+01
1.324148065171487509e+01
1.413568854168159739e+01
8.812449396223538400e+00
8.272063425305802298e+00
7.504296293367097803e+00
6.694203201041053042e+00
6.037041868665400379e+00
5.691209287154141094e+00
5.740062792364502897e+00
6.171827892078334266e+00
6.882435856642688421e+00
7.700607292453240049e+00
8.429135881469424163e+00
8.892421626151925551e+00
8.978796507619351885e+00
8.667440576350665893e+00
8.033400654951481812e+00
7.229501823697768614e+00
6.449511512553195658e+00
5.881434851874848491e+00
5.662198723254763699e+00
5.844647304785720365e+00
6.384804457042243087e+00
7.152473280213272666e+00
7.962618064398675699e+00
8.619964513257873051e+00
8.966067987612987622e+00
8.917504581746625192e+00
8.485979527497518049e+00
7.775505989151950459e+00
6.957334194831481966e+00
6.228673862337985589e+00
5.765159326645770577e+00
5.678515052155291620e+00
5.989625754020000414e+00
6.623502281735375696e+00
7.427356720275039237e+00
8.207429963633840586e+00
8.775694945208403652e+00
8.995178283013210319e+00
8.812976094640919911e+00
8.273005897273703724e+00
7.505420877270465141e+00
6.695238073150241220e+00
6.037742261398262755e+00
5.691414903059480501e+00
5.739734071720415720e+00
6.171053043535491334e+00
6.881407584001012268e+00
7.699575273828165756e+00
8.428346622914764552e+00
8.892060059579488751e+00
8.978943048785602343e+00
8.668053515704050582e+00
8.034327667612814139e+00
7.230517502622125114e+00
6.450371760974175750e+00
5.881935117640048283e+00
5.662222290101789568e+00
5.844192321341701302e+00
6.383983480951029854e+00
7.151485643368928891e+00
7.961701783159352175e+00
8.619339265325644206e+00
8.965882735144580451e+00
8.917802263809948116e+00
8.486687156046377467e+00
7.776452432352881416e+00
6.958291351789363866e+00
6.229411380143607069e+00
5.765499798158421285e+00
5.678376522731317877e+00
5.989041386115205867e+00
6.622612464997925663e+00
7.426375483503901975e+00
8.206593684159157576e+00
8.775205598320660272e+00
8.995154811223390112e+00
8.813425574600598722e+00
8.273821482211765499e+00
7.506407105162318238e+00
6.696157574254701927e+00
6.038372740482593315e+00
5.691602753445288876e+00
5.739431717955111090e+00
6.170330948771839630e+00
6.880437895361791512e+00
7.698590879647570162e+00
8.427585332328723311e+00
8.891707255828064760e+00
8.979086621939035950e+00
8.668662016331598608e+00
8.035257104828154695e+00
7.231545345952432591e+00
6.451250137754676928e+00
5.882450510162273716e+00
5.662247373706638776e+00
5.843717371091676327e+00
6.383119607709677901e+00
7.150438859417507231e+00
7.960723932790272350e+00
1.041163792944612076e+01
