5.361726947054619608e+00
6.555813138631576109e+00
5.920469427582767175e+00
3.771917902688722180e+00
1.197281789921217809e+00
-4.954706759155849127e-01
-4.420014891453041272e-01
1.337070344224714713e+00
3.943323060733646912e+00
6.054218045783752444e+00
6.594221089386703483e+00
5.282798400326335297e+00
2.780080316424808462e+00
3.545954666687283208e-01
-7.596963922821684534e-01
8.821897834095260293e-03
2.276222695756809244e+00
4.894781621142929140e+00
6.533935732348044034e+00
6.356382405275050829e+00
4.445771426803132087e+00
1.767532948760857314e+00
-3.189451517499959365e-01
-7.503028739527879409e-01
6.988618764494787250e-01
3.298305560538033809e+00
5.730094958598608734e+00
6.756810449698906318e+00
5.851210272623537101e+00
3.466948580020986270e+00
8.113602267477970642e-01
-7.659064174838783323e-01
-4.588258021407707332e-01
1.583117748628488641e+00
4.327564009328181527e+00
6.381210383802349284e+00
6.697171886078734815e+00
5.108647376342144497e+00
2.416848598349385924e+00
-1.309752917717732501e-02
-9.444704716473300010e-01
1.016115483341133441e-01
2.600001773606937405e+00
5.285124606613848641e+00
6.792065929714580008e+00
6.350400866742113237e+00
4.178060752012690671e+00
1.373887738920438473e+00
-6.381965458484537557e-01
-8.322502251821828345e-01
8.965725359334841826e-01
3.675578923492366812e+00
6.095056496541221058e+00
6.923392406374846431e+00
5.734021301104231583e+00
3.125052834937219526e+00
4.185175256129323174e-01
-1.009549517504030547e+00
-4.287136331983001369e-01
1.872265751542743661e+00
4.728927975113760951e+00
6.690417618495230201e+00
6.756367675355688718e+00
4.887091669743354849e+00
2.026883216684108646e+00
-3.730069869701746477e-01
-1.090743189725110085e+00
2.440218635083253318e-01
2.959094034222239600e+00
5.678243629068706610e+00
7.018811999885095965e+00
6.294796288214921987e+00
3.867883207869962092e+00
9.668098447229194203e-01
-9.347541625800817044e-01
-8.668145814126311244e-01
1.142145231596484400e+00
4.076573651475478677e+00
6.447229584032370120e+00
7.047006453015262295e+00
5.565590994131778046e+00
2.749963922245888703e+00
2.775196666919699240e-02
-1.216656181159740946e+00
-3.461694081365287445e-01
2.202847677708140051e+00
5.139290611911246032e+00
6.971295197192236337e+00
6.764212317243983641e+00
4.617455633865130693e+00
1.616933922300951565e+00
-7.142573996227019606e-01
-1.189009913459099899e+00
4.392650861287834552e-01
3.348614552763114816e+00
6.063470531383510220e+00
7.203066831247097568e+00
6.183726342625996075e+00
3.517802641056750890e+00
5.561686878030016601e-01
-1.196329600744380883e+00
-8.455487255349769526e-01
1.435733751815198023e+00
4.492843342243116211e+00
6.773677198718303316e+00
7.116759793567381642e+00
5.342738220522717185e+00
2.348072977599636069e+00
-3.479855764260397777e-01
-1.374193276645903516e+00
-2.047894274938530934e-01
2.571138413569050041e+00
5.546408345812961826e+00
7.209127777184114017e+00
6.711025715602923825e+00
4.300242568519420772e+00
1.197752020808990014e+00
-1.021063010113043124e+00
-1.226426477144213933e+00
6.905238887055338282e-01
3.760123398467757561e+00
6.424707959492701903e+00
7.329121609688345806e+00
6.009988547687632021e+00
3.133131122733789908e+00
1.574826654651904079e-01
-1.404851177737233670e+00
-7.570659909053620851e-01
1.775924333303738889e+00
4.910445921813840542e+00
7.054676534232656948e+00
7.117124297919310116e+00
5.062303198147080963e+00
1.930676845379487361e+00
-6.882408010158020950e-01
-1.462774803396820644e+00
3.686165284125575425e-03
2.969580878967481574e+00
5.930209158495205912e+00
7.381223187383452178e+00
6.583125910266282688e+00
3.938205915291468795e+00
7.877464363535540137e-01
-1.268263032702927617e+00
-1.183826721653944425e+00
1.000815954975396549e+00
4.178280695186924909e+00
6.735455107988185475e+00
7.372575630357983911e+00
5.763996430488692368e+00
2.724665830646426645e+00
-2.028165967855293239e-01
-1.531289421893131220e+00
-5.846618046579190597e-01
2.157930796135111517e+00
5.304679879209653670e+00
7.257563929671306369e+00
7.024056412886480416e+00
4.721685888794720398e+00
1.518883895785777316e+00
-9.581156555188568014e-01
-1.451202919532523339e+00
2.904254152998886340e-01
3.382652958236612939e+00
6.255361202834200718e+00
7.449888412873781895e+00
6.359898131100756302e+00
3.539253316964320106e+00
4.205064777950533461e-01
-1.412888862563444370e+00
-1.030761868196728326e+00
1.371734413897718774e+00
4.573825602122187917e+00
6.949598317960836269e+00
7.293797649166288366e+00
5.433411339082104163e+00
2.314634990600707098e+00
-4.784882006392945364e-01
-1.528801828356843195e+00
-3.052216163816572347e-01
2.568680528329961188e+00
5.632540822544624959e+00
7.331442793706056449e+00
6.805200120377918438e+00
4.323960789050314446e+00
1.149506326810720402e+00
-1.106526213453681073e+00
-1.301006094799321389e+00
6.613714663373277958e-01
3.781442211428481137e+00
6.474396581127431105e+00
7.374903336322402581e+00
6.029440749903377750e+00
3.124717169804697381e+00
1.371322848283798024e-01
-1.417754524011610506e+00
-7.541548245992713007e-01
1.786795733179082468e+00
4.912408323408216759e+00
7.036175453902863808e+00
7.083159141171617712e+00
5.034126433325905481e+00
1.932962826632840247e+00
-6.451999852719829676e-01
-1.394112824248857407e+00
6.169948876953901262e-02
2.978704674938773778e+00
5.874141801655055062e+00
7.279811327569210455e+00
6.486631880900935343e+00
3.902347349547943267e+00
8.419284823360051462e-01
-1.141588988083432454e+00
-1.045274614513396649e+00
1.076551304922601648e+00
4.142655769316068159e+00
6.595904330129317650e+00
7.194120395990172057e+00
5.639088412470442790e+00
2.725172784330855968e+00
-6.648788000620520222e-02
-1.320892274107674957e+00
-4.064373564987442400e-01
2.207069988682550221e+00
5.189763947724992832e+00
7.028451004740886354e+00
6.794331632119113173e+00
4.612186744214923806e+00
1.594014491344809326e+00
-7.276548424513054059e-01
-1.177964679402049519e+00
4.657261058860684422e-01
3.363843776774563477e+00
6.043446556604566311e+00
7.146862433919937807e+00
6.119600071149170262e+00
3.488969896808258753e+00
5.934276853020001852e-01
-1.098445989829103908e+00
-7.328094842009647003e-01
1.498536914411813692e+00
4.458664481353990183e+00
6.644817990791723972e+00
6.951328007685965815e+00
5.228813946305187699e+00
2.356857178487752336e+00
-2.051407307284427439e-01
-1.159570257746800337e+00
-2.783267035268366385e-02
2.609705154479235567e+00
5.411304152326792405e+00
6.956409054172472572e+00
6.465942395182647573e+00
4.195111708232299286e+00
1.300691111061684113e+00
-7.482390382674957152e-01
-9.159276766542823189e-01
8.764828866113409944e-01
3.714112010190511626e+00
6.155296986561840100e+00
6.964022075037069825e+00
5.735718520888223537e+00
3.099600033722003101e+00
3.963692675794900921e-01
-1.003633389199620751e+00
-3.950719326782090590e-01
1.907063765222928531e+00
4.730435216128585196e+00
6.642334239582438293e+00
6.676679460549847178e+00
4.822144908756697212e+00
2.024803463521858582e+00
-2.944753172079819237e-01
-9.617045590644228703e-01
3.559989836074763936e-01
2.984402034039677964e+00
5.587107258404486743e+00
6.845001066308857851e+00
6.124770995288128184e+00
3.797714545683501974e+00
1.048376870872414157e+00
-7.283799786283631228e-01
-6.350046586976225704e-01
1.275380818266667937e+00
4.028855735401830174e+00
6.227166462291418014e+00
6.757724193710719085e+00
5.356643480001515911e+00
2.739918828603215228e+00
2.375727125089510672e-01
-8.823044066263183716e-01
-5.610720896499588051e-02
2.291691522012798909e+00
4.966574350867348997e+00
6.611664894169162920e+00
6.395948537331795691e+00
4.433995178072057897e+00
1.725228228897877525e+00
-3.551221380599973720e-01
-7.541320270456872699e-01
7.259792611581037391e-01
3.329891264349984059e+00
5.734576288576160863e+00
6.721427206999406323e+00
5.793708714427909356e+00
3.426527829949683746e+00
8.235679593249969344e-01
-6.948756363575623318e-01
-3.614756248585981879e-01
1.650448264182934111e+00
4.316974383151984895e+00
6.284590488584933077e+00
6.557102410267614090e+00
4.999896938098283172e+00
2.406363107623566755e+00
9.374175352292546393e-02
-7.657582999815555347e-01
2.610090199097832020e-01
2.649911997309482903e+00
5.187035857585327037e+00
6.585393007779332564e+00
6.137605731467518311e+00
4.073641383855534315e+00
1.442742748158446275e+00
-4.198378158084508094e-01
-5.703357981765417861e-01
1.065462751508269301e+00
3.655679574189886871e+00
5.885280429166023453e+00
6.623514663201748753e+00
5.497198941655176085e+00
3.079289102252620758e+00
5.974990329003944112e-01
-6.888831893039415455e-01
-1.277496571580392093e-01
1.995372889945763006e+00
4.602548196618072573e+00
6.370524126352481886e+00
6.402124918340749815e+00
4.681398186038228104e+00
2.081677729282179534e+00
-7.752501625333385604e-02
-7.000548405675401931e-01
5.305566178057961046e-01
2.990244889116878468e+00
5.430791037440765301e+00
6.613085666789390693e+00
5.936090254743007222e+00
3.742317552207148346e+00
1.144598131095174054e+00
-5.382831986109248845e-01
-4.509420532420271854e-01
1.363916903812745218e+00
3.986335229542839365e+00
6.085323352721941248e+00
6.594253234156681742e+00
5.252774088440789413e+00
2.739973309192538675e+00
3.306834055469303202e-01
-7.511611522671199914e-01
4.582040851639002099e-02
2.319481554976237536e+00
4.917016021107732726e+00
6.519357162533792049e+00
6.310910444130690244e+00
4.394628771887890473e+00
1.741218128608821969e+00
-3.024981006686036089e-01
-6.971004610143198832e-01
7.608593233270548595e-01
3.333997910250518615e+00
5.716980245437229158e+00
6.698616142726994127e+00
5.777389300073467737e+00
3.417643975339454077e+00
8.155788513546107232e-01
-7.070511265009820079e-01
-3.742606643662877985e-01
1.648743386237903508e+00
4.337519052203101744e+00
6.327099965220090105e+00
6.604852109147888228e+00
5.025819550501426036e+00
2.388316489720512692e+00
3.037237855151975197e-02
-8.489967730514487165e-01
2.005671320920177081e-01
2.650153112564272107e+00
5.258075333926994333e+00
6.699221830508008679e+00
6.238302008110421681e+00
4.104964559885264208e+00
1.379431174790850090e+00
-5.544287431036325486e-01
-7.116950937098449614e-01
9.920196044124427459e-01
3.695419958984803355e+00
6.026906154551361361e+00
6.800422483169521470e+00
5.618778149384537457e+00
3.077563604326154056e+00
4.649890434898895641e-01
-8.911019973281080198e-01
-2.980707580151022995e-01
1.947774377977343763e+00
4.709179331580235939e+00
6.583791930174167639e+00
6.616295126630645562e+00
4.785213819757331066e+00
2.016344307489194687e+00
-2.852965456919966947e-01
-9.483894932367080699e-01
3.686251637286188654e-01
3.001652123517336790e+00
5.615774271247355287e+00
6.882010875149303430e+00
6.152923064071438297e+00
3.793627315500061936e+00
9.989942440718302397e-01
-8.114685735958779844e-01
-7.146154338704153730e-01
1.245654695265657974e+00
4.078006101489138224e+00
6.344972509690768092e+00
6.892471066399915358e+00
5.437308296159129029e+00
2.713608707002797882e+00
1.024790115004035052e-01
-1.068287506430589673e+00
-1.993903450279286282e-01
2.273231911507267888e+00
5.097080160973263219e+00
6.837523525899779742e+00
6.606631796012360169e+00
4.516153821211331909e+00
1.623564620934556668e+00
-6.028411969469922305e-01
-1.029246803139872046e+00
5.662983436021464811e-01
3.378421487912638632e+00
5.980926103797333582e+00
7.050085874337434610e+00
6.037923599257143614e+00
3.453036723743695191e+00
6.050673050028438915e-01
-1.058817423644655698e+00
-6.892752219210489528e-01
1.531677642537014217e+00
4.480230563381317310e+00
6.659414977002139580e+00
6.959097397715670930e+00
5.221495755524060201e+00
2.324144787069955864e+00
-2.632629282675615912e-01
-1.224373215726797248e+00
-6.585924089487527056e-02
2.629392297585597227e+00
5.495522394234477304e+00
7.075858188486341405e+00
6.563238339870504312e+00
4.212254131299379978e+00
1.212871862381203369e+00
-9.118642164546315598e-01
-1.079204464259124308e+00
8.015578061674308863e-01
3.780116323985631244e+00
6.345304160009836103e+00
7.191774613713493913e+00
5.884243762202846284e+00
3.081290627357775591e+00
2.036671976768493764e-01
-1.285840320760136990e+00
-6.259851155532336620e-01
1.853907077397916714e+00
4.898250124642252068e+00
6.960900154029375564e+00
6.990397549270410238e+00
4.965948894997813667e+00
1.910937565096543667e+00
-6.243963732359012475e-01
-1.349608375915680725e+00
1.091420709385779730e-01
3.016424576885997855e+00
5.898285614130063692e+00
7.289518785542895785e+00
6.478606218020454222e+00
3.871589432943998599e+00
7.887958821401057641e-01
-1.203836622967922487e+00
-1.090192292862662171e+00
1.077879398525055654e+00
4.203918564297287830e+00
6.701358374042286847e+00
7.298757863732745932e+00
5.687083813604834504e+00
2.679517735827449787e+00
-1.988240583358913405e-01
-1.484264674082801605e+00
-5.188643208319563271e-01
2.950216015774343781e+00
