1.589012818482200107e+00
3.621670395344629423e+00
4.583297157933397870e+00
4.254005039364153973e+00
2.709817861626143909e+00
3.049406304540094315e-01
-2.409623690736208523e+00
-4.812378152611022308e+00
-6.353593553958544859e+00
-6.680977681305032334e+00
-5.720057477078949404e+00
-3.690976742300172919e+00
-1.057961071882700388e+00
1.576925056413361226e+00
3.611411928216983203e+00
4.580605464972745011e+00
4.263121972125908599e+00
2.731584989974222388e+00
3.359948781850157218e-01
-2.376212193396636696e+00
-4.785173173644355238e+00
-6.340165405324004411e+00
-6.685446398518314126e+00
-5.741651486180121111e+00
-3.724142899440194832e+00
-1.094055133317056727e+00
1.546881575897354200e+00
3.593819650946215472e+00
4.577237684019232589e+00
4.270715482532095209e+00
2.743327239442900467e+00
3.445550503851833035e-01
-2.375191537366664996e+00
-4.790701256147634979e+00
-6.345937198156146763e+00
-6.682591411809687187e+00
-5.723207301463835606e+00
-3.689242643458044313e+00
-1.049616325970082809e+00
1.588320285778754393e+00
3.619781176606516215e+00
4.582208449063550404e+00
4.260581561954484897e+00
2.734251313975341269e+00
3.553976173747004363e-01
-2.334607434299107442e+00
-4.730376715652930386e+00
-6.299644807063810248e+00
-6.700932330827031436e+00
-5.855767319569002538e+00
-3.960677391963389748e+00
-1.438231461366578756e+00
1.159995697300614914e+00
3.275585381666089813e+00
4.463113560418543457e+00
4.481968946162824707e+00
3.341694109539239843e+00
1.293201490462123626e+00
-1.229968796825646526e+00
-3.705948528531872288e+00
-5.633396661517847903e+00
-6.632063930505156080e+00
-6.515169858167379147e+00
-5.320483083325209250e+00
-3.295961617744418426e+00
-8.449945920512772490e-01
1.556141311183739884e+00
3.451392244293282285e+00
4.490401259185055949e+00
4.490677208344644455e+00
3.466081391292997527e+00
1.618094700861085755e+00
-7.066687323917417718e-01
-3.083354964357255756e+00
-5.087030509607062712e+00
-6.367764363403301431e+00
-6.709671076496602993e+00
-6.064479185175194687e+00
-4.555081646090105352e+00
-2.449851952904863683e+00
-1.133516015511295549e-01
2.057345438235700374e+00
3.699616162729860935e+00
4.544475831164973556e+00
4.458713431207408817e+00
3.463842548565670310e+00
1.729656476814914523e+00
-4.557698415050198681e-01
-2.734218421527300436e+00
-4.735607962601811494e+00
-6.137134610049052696e+00
-6.714135794204274532e+00
-6.375040720803241356e+00
-5.175425931619225040e+00
-3.309059593558654644e+00
-1.077078237464972332e+00
1.160071627935326699e+00
3.040492773734350340e+00
4.259350460562901119e+00
4.618520454352516680e+00
4.059001166724875986e+00
2.670783143739877019e+00
6.785248413500815090e-01
-1.594706859906430463e+00
-3.779789757671432771e+00
-5.521508558462695504e+00
-6.536375095450607020e+00
-6.658877198652255913e+00
-5.868590058997577685e+00
-4.293688732415776421e+00
-2.190242704208079427e+00
9.937339865408501005e-02
2.202201396134676692e+00
3.775480738028215821e+00
4.562574135444355861e+00
4.434899797831786117e+00
3.413005417227962024e+00
1.663318339361744336e+00
-5.289226074159432134e-01
-2.806154558266347188e+00
-4.796819556252112093e+00
-6.176014582603938763e+00
-6.718555016840168648e+00
-6.335776886336336844e+00
-5.090056072853688107e+00
-3.872073308703904093e+00
-8.924912105699447373e-01
2.061592629017782397e+00
4.507903033394422110e+00
6.047045512758769448e+00
6.427732389740114627e+00
5.587820119601074609e+00
3.664453367637496850e+00
9.716603759719282252e-01
-2.050936942356174963e+00
-4.909915726589559881e+00
-7.138617508249867072e+00
-8.373326264004630204e+00
-8.412620447750049024e+00
-7.250213332251023601e+00
-5.075929879270491440e+00
-2.244673944138642518e+00
7.815341120640044714e-01
3.508976050478274100e+00
5.492793783889940329e+00
6.409539243618016968e+00
6.109884350109307860e+00
4.642904905287410955e+00
2.247995887960429595e+00
-6.842417710126122987e-01
-3.675743846353308975e+00
-6.238945344423044048e+00
-7.956244226632959382e+00
-8.548014409460552798e+00
-7.918094218123608030e+00
-6.169357158796033858e+00
-3.586853037355182572e+00
-5.912922395312713020e-01
2.329527014815647945e+00
4.700164947869092558e+00
6.134917992680023247e+00
6.400536351998429296e+00
5.454088845205978586e+00
3.449837237652829902e+00
7.140303360359645524e-01
-2.308252997985788646e+00
-5.125542133212690032e+00
-7.279899376684813461e+00
-8.421332584516802555e+00
-8.364607699725109313e+00
-7.119246802880502045e+00
-4.887863997691056284e+00
-2.033139782878291779e+00
9.811727991352254818e-01
3.665606786544957085e+00
5.584455663878189924e+00
6.426460419592087803e+00
6.055246875505119419e+00
4.531349233259756915e+00
2.102274061343578637e+00
-8.377538028846376328e-01
-3.811807642153191011e+00
-6.337636588102915525e+00
-8.005849357961771773e+00
-8.546231676093130503e+00
-7.871461440381624541e+00
-6.091158831041502353e+00
-3.494021108467918246e+00
-5.009629520192435681e-01
2.403124800980909637e+00
4.747931051007224568e+00
6.153869125190180256e+00
6.393486818223561130e+00
5.428214259185594415e+00
3.414521446285801343e+00
6.785113387073402613e-01
-2.336919035651972010e+00
-5.143783658198508135e+00
-7.287970208978940434e+00
-8.422686311397635350e+00
-8.364515338561519187e+00
-7.123027085112264345e+00
-4.899169311724791420e+00
-2.052715504094352106e+00
9.559542802885530044e-01
3.640316932342786860e+00
5.566371015198757988e+00
6.422786346652259226e+00
6.071203907863834459e+00
4.568563947821678184e+00
2.157863240586057163e+00
-7.711550411852634568e-01
-3.745017880608034755e+00
-6.283056406234177160e+00
-7.975087570139892890e+00
-8.547691850151808879e+00
-7.908380884701687208e+00
-6.160523280114654554e+00
-3.586622160502447532e+00
-6.026509435858429242e-01
2.309171452112186440e+00
4.678303042779756282e+00
6.121909233577802922e+00
6.406718544193990894e+00
5.486711484443643982e+00
3.510554730171399296e+00
7.975800685357223863e-01
-2.213811324335711372e+00
-5.036984369458272326e+00
-7.215702171488665329e+00
-8.397851372581486729e+00
-8.392349001727342994e+00
-7.200034716427602177e+00
-5.013553788547211454e+00
-2.186245124129031936e+00
8.249437952237832494e-01
3.533295694735379744e+00
5.500987500557222631e+00
6.409868218650721872e+00
6.112909980106040919e+00
4.658011059141164978e+00
2.280294898564434458e+00
-6.358606855445704253e-01
-3.618936992042148582e+00
-6.186498387799716170e+00
-7.923208799382116752e+00
-8.548026833327115881e+00
-7.959708432740246309e+00
-6.253247293643694249e+00
-3.704578407484217628e+00
-8.948215102941382559e-01
5.019854662948797230e-01
1.647822775872766599e+00
2.357135976258671217e+00
2.514982274911444993e+00
2.095677501362859907e+00
1.167002392925754695e+00
-1.207250882203544373e-01
-1.558954795155591766e+00
-2.914661726083757287e+00
-3.968095081374582556e+00
-4.548405571639042577e+00
-4.561374276209911649e+00
-4.004739787321794253e+00
-2.968625578192575887e+00
-1.620982636018052592e+00
-1.803928071083890083e-01
1.119368133261128495e+00
2.067265734528479282e+00
2.509285336867391525e+00
2.373483969472718780e+00
1.681736500837791581e+00
5.462523378250934147e-01
-8.485895433464972770e-01
-2.276152891610858209e+00
-3.504355816635873477e+00
-4.333405020716225131e+00
-4.628317047170859233e+00
-4.340929783006075127e+00
-3.517809438210886430e+00
-2.292748153453569415e+00
-8.650537376119989963e-01
5.328517891325963429e-01
1.673261567065938760e+00
2.370285525601546261e+00
2.510177603194851503e+00
2.069936557863077731e+00
1.121132301567923761e+00
-1.816858711713523755e-01
-1.626128967321273988e+00
-2.976572372406795175e+00
-4.012589783789655584e+00
-4.564948318493025070e+00
-4.543284310997369957e+00
-3.950928614002068517e+00
-2.884442224557663081e+00
-1.517917512313146533e+00
-7.459037281641234252e-02
1.209612832799310755e+00
2.124643432456249315e+00
2.520708122760405345e+00
2.332826165545105024e+00
1.591534274212495603e+00
4.179684774609053743e-01
-9.958925567208406493e-01
-2.418606867027727425e+00
-3.617146351646230773e+00
-4.395074173124525529e+00
-4.624766023207394383e+00
-4.268385602735529361e+00
-3.384160560260703221e+00
-2.116910781162317789e+00
-6.743627709495170208e-01
7.068814366029532170e-01
1.800148639202599377e+00
2.425908021129822956e+00
2.481281718691571214e+00
1.956996502479756650e+00
9.389768873745798494e-01
-4.057003171315718415e-01
-1.856200144659335916e+00
-3.174184872453356565e+00
-4.142980117928212636e+00
-4.603214360014771245e+00
-4.479066178746968774e+00
-3.790791145024853037e+00
-2.651452574679029617e+00
-1.248377683395607507e+00
1.876241018535740324e-01
1.420225225578743977e+00
2.246482234287308088e+00
2.530270204948904311e+00
2.224737046662405682e+00
1.380068586929842578e+00
1.352722337853067280e-01
-1.304680140605641636e+00
-2.702594554516921654e+00
-3.828128676722081902e+00
-4.495758951780688406e+00
-4.595379962826269704e+00
-4.110485001438187069e+00
-3.120921532735196902e+00
-1.789757940023358973e+00
-3.364193081449925460e-01
9.994827196119082657e-01
1.997662546604980882e+00
2.493497343291689372e+00
2.405190613576650538e+00
1.747277045902758452e+00
6.282362961823788616e-01
-7.673938199353419476e-01
-2.209455009066256359e+00
-3.460134624473995668e+00
-4.313194286075047401e+00
-4.627986422044475745e+00
-4.352645026844109033e+00
-3.532625048284665503e+00
-2.303184586842726311e+00
-8.670554765742387593e-01
5.390074498380610368e-01
1.683273988188330073e+00
2.377237953031655415e+00
2.506667491581124008e+00
2.050390121648991926e+00
1.083724626330197172e+00
-2.339920106004826916e-01
-1.685710216417899865e+00
-3.032454754484265713e+00
-4.052684174263924355e+00
-4.578733750236466449e+00
-4.524344001299516194e+00
-3.898756235766493550e+00
-2.805077909875889119e+00
-1.423215699630145714e+00
1.978594074631923050e-02
9.631369338530100244e-01
1.724453012641971927e+00
2.030974623475731100e+00
1.832854045227052531e+00
1.162968765780201252e+00
1.313699645318500142e-01
-1.092894834514005487e+00
-2.309565253447008359e+00
-3.319974987533265587e+00
-3.959495382720915391e+00
-4.124311917196655131e+00
-3.788181564329010875e+00
-3.006478325061844536e+00
-1.906924810547520721e+00
-6.685843770029928912e-01
5.074059591484612053e-01
1.430556611562183278e+00
1.951863327686317540e+00
1.987765035539998504e+00
1.533359296449516851e+00
6.628155378788254115e-01
-4.829410515074608057e-01
-1.719172179844593806e+00
-2.847126809199282960e+00
-3.685891320260668458e+00
-4.101219187202490346e+00
-4.026806233140300506e+00
-3.474710917231564000e+00
-2.533344471934643405e+00
-1.353399790606095721e+00
-1.239524884260256865e-01
9.575261113106496857e-01
1.716575596074064958e+00
2.029683984877046043e+00
1.844382956721142719e+00
1.188317574510769248e+00
1.657500055492344693e-01
-1.058238905264324847e+00
-2.283657234749934428e+00
-3.307746716259953867e+00
-3.958359442539205908e+00
-4.123167010637066809e+00
-3.769753344536594941e+00
-2.952919829443006794e+00
-1.807483173940300780e+00
-5.271981597482970905e-01
6.671745710753693714e-01
1.565612675710145840e+00
2.006062237334886422e+00
1.904565488694913711e+00
1.272583179475888837e+00
2.177763455235999235e-01
-1.072705263917854479e+00
-2.364226189572187664e+00
-3.416785628472511771e+00
-4.029865693151471362e+00
-4.081645338999857486e+00
-3.554780794029423152e+00
-2.543073305926413674e+00
-1.236736378142685666e+00
1.119312145569872907e-01
1.236630144014068122e+00
1.909927997295562729e+00
1.990409819969596761e+00
1.454153111964641809e+00
4.032314477493716964e-01
-9.516585818793220630e-01
-2.332038910893905026e+00
-3.448395144309379656e+00
-4.061402009489544440e+00
-4.034597400672573109e+00
-3.366641740044941322e+00
-2.195184941358519826e+00
-7.702787795911725244e-01
5.979931363491850504e-01
1.606938235338745358e+00
2.029070652311957712e+00
1.764908782471006354e+00
8.681424163324109600e-01
-4.635507067100979040e-01
-1.931005197694884545e+00
-3.200495724296712918e+00
-3.980133450800709571e+00
-4.088044663041308979e+00
-3.496070344424288656e+00
-2.338125947494951618e+00
-8.805604110163229858e-01
5.390719206557375021e-01
1.590680055459427589e+00
2.029162145774051407e+00
1.752242617653079648e+00
8.246650079986832527e-01
-5.371488803796015121e-01
-2.016297255743293437e+00
-3.270094156456173629e+00
-4.010274549733177096e+00
-4.069546501214052370e+00
-3.438859561947758436e+00
-2.267045432667732285e+00
-8.238180347547812143e-01
5.641123791391551290e-01
1.588113932374284332e+00
2.026246639038120190e+00
1.790070934092071298e+00
9.400669145204216814e-01
-3.322929698513945596e-01
-1.750190891606057786e+00
-3.013407089718842080e+00
-3.862306069790972352e+00
-4.130135614502679964e+00
-3.773376148965539745e+00
-2.875259617982955707e+00
-1.623526733271285938e+00
-2.686845356047029565e-01
9.275511544210159887e-01
1.742812983107138169e+00
2.033964984395685072e+00
1.759566045881940433e+00
9.820993469725829428e-01
-1.487986514629858759e-01
-1.427500435263348466e+00
-2.631181714704012631e+00
-3.558808191603728410e+00
-4.063599303798627105e+00
-8.293487298433239729e+00
