2.738280815541880742e+00
4.091760516458749386e+00
5.092809902352963825e+00
5.619547738350581412e+00
5.607842351852333707e+00
5.059119628518953249e+00
4.040189155842592861e+00
2.675109756113283943e+00
1.130084855873607630e+00
-4.067732594763160403e-01
-1.748346570095589136e+00
-2.731293363520783224e+00
-3.235935494425427716e+00
-3.200829608891882838e+00
-2.630248297213802822e+00
-1.593660389097770302e+00
-2.172736597610638309e-01
1.331330748207574244e+00
2.863601696070323221e+00
4.192975168391777530e+00
5.157589999013548088e+00
5.639996284106546298e+00
5.581456588845220779e+00
4.989098353953460574e+00
3.935046349494811579e+00
2.547640622767518348e+00
9.958092145880880208e-01
-5.315014197482976765e-01
-1.848333410613829386e+00
-2.794360203625995354e+00
-3.254407200722865046e+00
-3.172473053230835394e+00
-2.558544986776414287e+00
-1.487379095497725956e+00
-8.939503363237122358e-02
1.465205366285810662e+00
2.987161220276296714e+00
4.291194020304318180e+00
5.218562133832250538e+00
5.656382904893689556e+00
5.551370809106623838e+00
4.916320159494828701e+00
3.828544180768632899e+00
2.420461317815393087e+00
8.634752631870841189e-01
-6.528888846744287378e-01
-1.944052915154389272e+00
-2.852850884285155875e+00
-3.268657841930703523e+00
-3.140854353416114630e+00
-2.484988533435998903e+00
-1.380885798013204990e+00
3.706383051219419578e-02
1.596259393861233722e+00
3.106894239205312491e+00
4.385057426717748008e+00
5.275120643778169693e+00
5.668686498234880133e+00
5.517792039484472610e+00
4.840760011176188371e+00
3.719983127691935287e+00
2.291907733974983152e+00
7.304328207706968223e-01
-7.742575747542312925e-01
-2.038853530186141239e+00
-2.909250889467891898e+00
-3.279335283518429289e+00
-3.103928583751740522e+00
-2.404317219008983209e+00
-1.265684242199599741e+00
1.732471195359326366e-01
1.737101439668816916e+00
3.235216605251546529e+00
4.484885419316659849e+00
5.333640911950336516e+00
5.677867091547623701e+00
5.475462524700192901e+00
4.751007401498362981e+00
3.592797766722467756e+00
2.142102255196312033e+00
5.759460882135796211e-01
-9.144816307362173546e-01
-2.147164914290209392e+00
-2.971494133347559963e+00
-3.286679297302498970e+00
-3.054090879277481019e+00
-2.302015103707963029e+00
-1.122235789319951493e+00
3.411469887549253288e-01
1.909301859980599758e+00
3.390510864957414050e+00
4.603606807338824325e+00
5.400138386732480811e+00
5.682550612911704491e+00
5.416152383916388757e+00
4.633400751774585657e+00
3.429970005529914268e+00
1.953078672606086696e+00
3.834959552636245661e-01
-1.086575231523770224e+00
-2.277033828544315686e+00
-3.041953010079029074e+00
-3.287483395339945158e+00
-2.983388779375850230e+00
-2.166793878213295166e+00
-9.376766232507702803e-01
5.533507590722797076e-01
2.123481258255205173e+00
3.580117668985272061e+00
4.744497489192696982e+00
5.473640213694778822e+00
5.677921422138197727e+00
5.332111572635419350e+00
4.478517163066463525e+00
3.221830134074832763e+00
1.716309413533350980e+00
1.468613553797910587e-01
-1.293662474277491814e+00
-2.428163866570205887e+00
-3.117080590553598096e+00
-3.275572651658511081e+00
-2.883993640872428710e+00
-1.990351908749679932e+00
-7.044501446248820908e-01
8.155844427816152375e-01
2.382729678199626555e+00
3.804072266545992065e+00
4.904557345337209995e+00
5.548559696775157590e+00
5.656617148819069740e+00
5.215259312569246575e+00
4.278712990546853945e+00
2.962265238213425356e+00
1.428093193064267741e+00
-1.347003185903241640e-01
-1.533389572322091610e+00
-2.595396353736352690e+00
-3.189595813060212226e+00
-3.242525941301800163e+00
-2.747494467805593921e+00
-1.765451199373372138e+00
-4.175091140430506886e-01
1.129971260769825792e+00
2.685899868507060528e+00
4.058048693216209202e+00
5.076804960949948153e+00
5.616150321999873185e+00
5.609269507841835534e+00
5.056852657968690323e+00
4.027056602392078410e+00
2.647120808842674755e+00
1.087666191409351502e+00
-4.583882347238885657e-01
-1.799687227066958162e+00
-2.770128776833913786e+00
-3.249447771882910896e+00
-3.178141344859054751e+00
-2.564881003979129215e+00
-1.485485104843153437e+00
-7.356986163406142865e-02
1.495971368540133906e+00
3.028620265657536059e+00
4.334338064367239340e+00
5.251135736079445948e+00
5.665185638003478630e+00
5.524975795940289203e+00
4.847744061311268560e+00
3.717385323282202947e+00
2.274082456297701782e+00
6.969396032519689088e-01
-8.182329739784108824e-01
-2.083228309433683645e+00
-2.940828603964745103e+00
-3.284360718553224867e+00
-3.070986874093317720e+00
-2.327071866515995069e+00
-1.144951182661394284e+00
3.285070889332539767e-01
1.910132486924241757e+00
3.403213769310727610e+00
4.621964485955746937e+00
5.414649619723569174e+00
5.682493329396962167e+00
5.392009566783906749e+00
4.579213475640980135e+00
3.345180826760729254e+00
1.843499864917600428e+00
2.611707335811951358e-01
-1.204673974255362268e+00
-2.371330330412802834e+00
-3.093305451831420694e+00
-3.280478937406726470e+00
-2.909374099329877783e+00
-2.026126506070978106e+00
-7.407715011339999212e-01
7.864449056532257787e-01
2.365031125806038581e+00
3.798005138121602453e+00
4.906477842892595476e+00
5.551996080939959555e+00
5.653853185193199238e+00
5.199200475158191281e+00
4.244690121631101931e+00
2.909436587311045486e+00
1.360168524570829485e+00
-2.095799772376514269e-01
-1.603642867580937104e+00
-2.647741085556947649e+00
-3.211281518212743880e+00
-3.223707666743028444e+00
-2.683352594478306763e+00
-1.657680797791620808e+00
-2.748820701570504621e-01
1.292137353386715093e+00
2.847368568637766995e+00
4.196217508418354392e+00
5.169859142891445103e+00
5.646379221435250173e+00
5.566054229152880950e+00
4.938852320779675509e+00
3.843210963664733804e+00
2.416239175250724625e+00
8.365667961575882217e-01
-6.980145361578817820e-01
-1.995319934611302415e+00
-2.892846820309683320e+00
-3.278140029907719022e+00
-3.102892496586874049e+00
-2.389011604601804173e+00
-1.225887849528918494e+00
2.407947172048625628e-01
1.827305955255468906e+00
3.334889067795084205e+00
4.574666853934871824e+00
5.391312234896789235e+00
5.682514864783083652e+00
5.411802517001586210e+00
4.613109299709059030e+00
3.386518027061131697e+00
1.885711285389091163e+00
2.987058433456266648e-01
-1.175712566430622719e+00
-2.352898206234390610e+00
-3.085474438824808541e+00
-3.281783810258227074e+00
-2.917348177193290315e+00
-2.037905950841862879e+00
-7.536508641970218747e-01
7.745995913713354941e-01
2.355566441437881409e+00
3.778221942170585379e+00
4.883862452097552875e+00
5.528456046801471402e+00
5.631619387294101386e+00
5.180699767495470454e+00
4.232288236371299917e+00
2.905071505212694305e+00
1.364931110019792948e+00
-1.958326524248019673e-01
-1.582542875680029493e+00
-2.622442192692167051e+00
-3.186206261484515689e+00
-3.203993760784540346e+00
-2.674042542129630995e+00
-1.662759042359799544e+00
-2.963141324417790656e-01
1.255180813481991065e+00
2.798921559103247247e+00
4.143417253062414929e+00
5.122257021250553599e+00
5.614681449837597427e+00
5.560414998889870120e+00
4.966942105385053097e+00
3.908359016432238597e+00
2.515985266647382979e+00
9.619411491733873554e-01
-5.622368890600559777e-01
-1.869269108905124988e+00
-2.799154591837378359e+00
-3.238705412107183879e+00
-3.135208653509665933e+00
-2.502576642113069294e+00
-1.419286585657178357e+00
-1.842891794694012653e-02
1.528851997912698213e+00
3.034433585739895634e+00
4.316169904291880854e+00
5.219908650259583283e+00
5.637908445731591556e+00
5.521471150794271310e+00
4.886337643866879077e+00
3.810291179276935836e+00
2.423358015855591407e+00
8.918754197200152722e-01
-6.015917368556089606e-01
-1.880043688775592248e+00
-2.792943947328576648e+00
-3.233768392873610065e+00
-3.152186074644693914e+00
-2.559515815784538351e+00
-1.526911030392472668e+00
-1.765809503349844434e-01
1.332840506213654796e+00
2.825008042042639111e+00
4.126447662334410182e+00
5.086615207396752325e+00
5.595132987425479598e+00
5.594262023664112959e+00
5.085236423263047811e+00
4.127800792792099216e+00
2.833068483605549304e+00
1.350570140216122983e+00
-1.489943668989370806e-01
-1.493321122721987138e+00
-2.528164029063261431e+00
-3.134880302811585029e+00
-3.243897873426805578e+00
-2.842607636120068282e+00
-1.976808780543897637e+00
-7.455521538173763840e-01
7.100430098240227972e-01
2.222758016852750096e+00
3.618258218307489837e+00
4.734981551247452458e+00
5.442711648778548295e+00
5.657743852450684230e+00
5.352908465710967789e+00
4.561262872328731177e+00
3.372946984041510721e+00
1.925444801786119875e+00
3.882310445704092450e-01
-1.056571855776803126e+00
-2.235414743703892260e+00
-3.004038424682607289e+00
-3.265284389790945152e+00
-2.981843170106020846e+00
-2.182302972164048338e+00
-9.595235808722990534e-01
5.388969879601597235e-01
2.127334335918673602e+00
3.604354673747841797e+00
4.777953066659727632e+00
5.490759122212155674e+00
5.641928520101380684e+00
5.202622669702151370e+00
4.222596865028266144e+00
2.826434233360448633e+00
1.199281229481172772e+00
-4.365941183225117150e-01
-1.851684709076379498e+00
-2.841681773778824027e+00
-3.257901187296157186e+00
-3.031077936267597916e+00
-2.184555457352906682e+00
-8.342194930811768216e-01
8.256160123332862977e-01
2.549016816965325560e+00
4.074464231728978980e+00
5.164931251848832616e+00
5.645806765447822784e+00
5.434426162372467672e+00
4.555966523276984148e+00
3.142430430056267987e+00
1.414108778393319499e+00
-3.541380247564105410e-01
-1.876716438727861203e+00
-2.904197770948075519e+00
-3.265374698220166128e+00
-2.897098355384477575e+00
-1.856397999157833656e+00
-3.123424924611084563e-01
1.481364348302354417e+00
3.228594573369156340e+00
4.640608855438056679e+00
5.484791307898193580e+00
5.623734402866968907e+00
5.037804676949346749e+00
3.827312155734710952e+00
2.194121188259810840e+00
4.062608422921920592e-01
-1.247900431264609367e+00
-2.507631131883790054e+00
-3.181552521698319591e+00
-3.176128591367084919e+00
-2.506647537063204201e+00
-1.289758048370249544e+00
2.800480362034494242e-01
1.964945368372659429e+00
3.522672696855625674e+00
4.743006501108687267e+00
5.476050602509200615e+00
5.648572188923818516e+00
5.267067558694582985e+00
4.408595664139923542e+00
3.201991405731821949e+00
1.804061022318729224e+00
3.759931987308097190e-01
-9.363390207244934871e-01
-2.016126550736747181e+00
-2.782890956013674089e+00
-3.193928249005349773e+00
-3.241311103427964024e+00
-2.946097323741674767e+00
-2.351304492397189971e+00
-1.514903907852409137e+00
-5.036883615885663357e-01
6.114530238734290357e-01
1.758214086888637340e+00
2.864860042743388568e+00
3.862454391439570589e+00
4.687352116675706171e+00
5.284070797006748421e+00
5.608520962291455803e+00
5.631435475197781315e+00
5.341696124882121310e+00
4.749129133485657128e+00
3.886251592450294723e+00
2.808424081288631413e+00
1.591926759814172199e+00
3.296457414339218905e-01
-8.756632951069711623e-01
-1.920204476191493370e+00
-2.709403784515830083e+00
-3.167955705285100176e+00
-3.248191286443322223e+00
-2.935971250239247876e+00
-2.253339025445168620e+00
-1.257509504206873352e+00
-3.618377276819639832e-02
1.300395030224191339e+00
2.629848858826699942e+00
3.829451045510873897e+00
4.788048267412821524e+00
5.416861714435755815e+00
5.658043315483265445e+00
5.490120883283497122e+00
4.929815058956439344e+00
4.030106697625980061e+00
2.874828217455168478e+00
1.570401726975786394e+00
2.356139969121434641e-01
-1.009520843650846711e+00
-2.054716072926224157e+00
-2.809159266982786729e+00
-3.209193240143233705e+00
-3.223313251985180816e+00
-2.854145891458427453e+00
-2.137369563101565451e+00
-1.137812882721641383e+00
5.679892228278715649e-02
1.343805879983857920e+00
2.614535975277989976e+00
3.763409537930022974e+00
4.696481480190513480e+00
5.338762783369640275e+00
5.639849701035384300e+00
5.577531778359761105e+00
5.159122921520193472e+00
4.420462575112388492e+00
3.422711150033687755e+00
2.247224649451855072e+00
9.889304211277436529e-01
-2.512699105007416556e-01
-1.374479730702317770e+00
-2.291557362700704648e+00
-2.930048682377616398e+00
-3.239780663111449410e+00
-3.196697938457001786e+00
-2.804658426259548865e+00
-2.095058481628416125e+00
-1.124321820185302467e+00
3.055226669288479968e-02
1.278038853915008488e+00
2.519271000485215239e+00
3.655804884313447189e+00
4.597367653220491235e+00
5.268987460238111709e+00
5.616948961222588466e+00
5.613104172316862872e+00
5.257192045649752288e+00
4.576971584009855931e+00
3.626141656095096533e+00
2.480193264026015143e+00
1.230503633443948974e+00
-2.287667862079389991e-02
-1.179183863044885872e+00
-2.145022075139846773e+00
-2.841921863810505489e+00
-3.212764783312479278e+00
-3.226545268113387710e+00
-2.881066685614103395e+00
-2.203328923500179837e+00
-1.247547794045764658e+00
-9.093769328141343422e-02
1.172426961150317970e+00
2.439194111417604116e+00
3.605156924441299093e+00
4.573834980166305186e+00
5.264507498406219455e+00
5.596002946624341945e+00
