3.851766680048246183e+00
4.529712908581094766e+00
5.040258422053923049e+00
5.324226775720772409e+00
5.348693379621453303e+00
5.110805686292349215e+00
4.638118577103131024e+00
3.985405121618693425e+00
3.228311494662997827e+00
2.454590854638095898e+00
1.753931945245660096e+00
1.207561453057028444e+00
8.788257409046145163e-01
8.058443345590453610e-01
9.970875436720842977e-01
1.430391639952378169e+00
2.055526388046891917e+00
2.800017664662353578e+00
3.577550226565027192e+00
4.297976244292494918e+00
4.877768786077864682e+00
5.249707686195922207e+00
5.370674201298699657e+00
5.226650244215496954e+00
4.834342334524738050e+00
4.239242069570257065e+00
3.510348424241053866e+00
2.732164516878736737e+00
1.994897654924205455e+00
1.383999787088158850e+00
9.702617632020533733e-01
8.016102074084923146e-01
8.975578837953670508e-01
1.246950221311849738e+00
1.809268196301595966e+00
2.519334695213148123e+00
3.294876144847625365e+00
4.046060843879281776e+00
4.685907173496061340e+00
5.140355138883082375e+00
5.356834936837136851e+00
5.310341574852190050e+00
5.006314450584132381e+00
4.479991471848183693e+00
3.792315701339603162e+00
3.022871311831595520e+00
2.260668710787396396e+00
1.593846455256847428e+00
1.099481549888465581e+00
8.346857921741572817e-01
8.300158510227979569e-01
1.085956296854775349e+00
1.572879044830562290e+00
2.234480836710950324e+00
2.994298911183239653e+00
3.764550202146687674e+00
4.456272094207148093e+00
4.989593629039852374e+00
5.302952101692322451e+00
5.360192624023225605e+00
5.154733151728176921e+00
4.710316315258777919e+00
4.078263049104847049e+00
3.331546120613868123e+00
2.556367837869849780e+00
1.842213388448920686e+00
1.271526474652312499e+00
9.101971058891207278e-01
7.999577008032123793e-01
9.535638739126381935e-01
1.353315727453380246e+00
1.953090981844599616e+00
2.683657022173803419e+00
3.460651338012324274e+00
4.194312258971223173e+00
4.799839688963345452e+00
5.207192003517641332e+00
5.369188949395535815e+00
5.266984108014632682e+00
4.912272176167227222e+00
4.345971499580997488e+00
3.633528011874608499e+00
2.857376450777713295e+00
2.107423900247290760e+00
1.470650727255654378e+00
1.021025581541770144e+00
8.109021850126612030e-01
8.648995101692458221e-01
1.176983471143690840e+00
1.711100404000622133e+00
2.405302114920639944e+00
3.178896398235413034e+00
3.941802805984020885e+00
4.605032617866912759e+00
5.091075460326484503e+00
5.342979692436726324e+00
5.331060029134037315e+00
5.056437868909787525e+00
4.550986539362799732e+00
3.873672886242634839e+00
3.103709482356785010e+00
2.331308527833929389e+00
1.647114541830304590e+00
1.131553813264353670e+00
8.453543827845457770e-01
8.223581679893250396e-01
1.065481332564251371e+00
1.546310701975506463e+00
2.208395972740504920e+00
2.973860127067506909e+00
3.752555813873800439e+00
4.452690736292392870e+00
4.991667119862372104e+00
5.305851025218296435e+00
5.358110842298433596e+00
5.142226676325407198e+00
4.683642683753912017e+00
4.036468782305524527e+00
3.277084685764183991e+00
2.495104371135832722e+00
1.782774142077871993e+00
1.224064402810359997e+00
8.847514716503286358e-01
8.046667846571504690e-01
9.930309663168750411e-01
1.314499402468938705e+00
1.986416297803131892e+00
2.787058990244764889e+00
3.622263586147133729e+00
4.394042734499599590e+00
5.012121389397639959e+00
5.404508686216176194e+00
5.525861211498749981e+00
5.362663889931861050e+00
4.934639893429991986e+00
4.292253104739462088e+00
3.510630691939304437e+00
2.680644760795654058e+00
1.898234701470351560e+00
1.253287615191172488e+00
8.193702656833652398e-01
6.454704935468313920e-01
7.506450759663882977e-01
1.122118001525102882e+00
1.716973963747117748e+00
2.467192975371972352e+00
3.287416298799500591e+00
4.084556482997577120e+00
4.768189538702212182e+00
5.260607351313495883e+00
5.505463388093096100e+00
5.474103817406119177e+00
5.168919830814393990e+00
4.623359685898220661e+00
3.898571919593631474e+00
3.076989391659211037e+00
2.253482560999430895e+00
1.524874112320288910e+00
9.788439441063649937e-01
6.834163185485953029e-01
6.782381981433118767e-01
9.687551756584293905e-01
1.524157131246213215e+00
2.279607236254301839e+00
3.142808103158025723e+00
4.004436911031387325e+00
4.751451342090088126e+00
5.281795598493771671e+00
5.518691183555557878e+00
5.422547553694143652e+00
4.998626264079934600e+00
4.298966933666950041e+00
3.417727258965396864e+00
2.479953226677541700e+00
1.624786173737286399e+00
9.850975985729863993e-01
6.663614230874270739e-01
7.280622421546665279e-01
1.170954875835661602e+00
1.932946435267560270e+00
2.895260554024554178e+00
3.898960827349172042e+00
4.770062064126715740e+00
5.349643134970311742e+00
5.523949792993141372e+00
5.248792328522682737e+00
4.562875850354307872e+00
3.586169979468783797e+00
2.501932015250330377e+00
1.524198873778874530e+00
8.558880374987092310e-01
6.453795459830522496e-01
9.508613323578316567e-01
1.721241455511653751e+00
2.799832228179176763e+00
3.952533401476915120e+00
4.916642276038016846e+00
5.460893979590132119e+00
5.443303064464886987e+00
4.852147097965830547e+00
3.817822902682766362e+00
2.589309694650768545e+00
1.477579038871805084e+00
7.775552831582128732e-01
6.876423433014582365e-01
1.248942930939560991e+00
2.323466211314967111e+00
3.621697556470326873e+00
4.776581877516541397e+00
5.446631381961312357e+00
5.419836397065862954e+00
4.686381780574158995e+00
3.454217585094155663e+00
2.096851937619327533e+00
1.043661529413496325e+00
6.433187934748350045e-01
1.043523043646887860e+00
2.129522840988809840e+00
3.548188409525003806e+00
4.817083902738739098e+00
5.487398921993027479e+00
5.306607802249331485e+00
4.321071130233760549e+00
2.875068948298933780e+00
1.497692509542786876e+00
7.114529062643484281e-01
8.305148540533981993e-01
1.827292596243321743e+00
3.326300258833726708e+00
4.737907130759181129e+00
5.488057984887518614e+00
5.255811531069843667e+00
4.119229758928840468e+00
2.540581095423251501e+00
1.185524324482259084e+00
6.434034890348141467e-01
1.165374678461678748e+00
2.538690028218304473e+00
4.163129582222931724e+00
5.307905119474371602e+00
5.441891489088918732e+00
4.487574908483209057e+00
2.874274398044027734e+00
1.353352483797737094e+00
6.505330587605966386e-01
1.114968192080990628e+00
2.536795908617629713e+00
4.232256914118505797e+00
5.367637771823104309e+00
5.371081548169708952e+00
4.297198445793092958e+00
2.468261623547715278e+00
9.476813477013941167e-01
5.181342560147887966e-01
1.411593589787850433e+00
3.175943394290641208e+00
4.897058534541320896e+00
5.670910394858998060e+00
5.082309994771923911e+00
3.434250019052244696e+00
1.597590538763918433e+00
5.524777641688483065e-01
8.626606547219721755e-01
2.366804868606812828e+00
4.258777204074312372e+00
5.519087684880736866e+00
5.466236112772698164e+00
4.127697314146650420e+00
2.226458873366507163e+00
7.890995241530798232e-01
5.893543522796624856e-01
1.731132361660749908e+00
3.597004716382276257e+00
5.186437893601953064e+00
5.655510142856725153e+00
4.763976182769732226e+00
2.992214438616344285e+00
1.274323945530400737e+00
5.001703591479316202e-01
1.055862116303659004e+00
2.640443128348401114e+00
4.440971173652181747e+00
5.558484013164804338e+00
5.456407573615240203e+00
4.207401253437789812e+00
2.430995555164040312e+00
9.736927284230469937e-01
5.024689797390831103e-01
1.208245770276276110e+00
2.746350975591443255e+00
4.420359442419426799e+00
5.506047240843935597e+00
5.561713204835567304e+00
4.594143349091080353e+00
3.025557990184799095e+00
1.495723452963496403e+00
5.959393371778896054e-01
6.463411979685540487e-01
1.596673273500732515e+00
3.073245357994179194e+00
4.537626721654151929e+00
5.487100423297142093e+00
5.622165914519829499e+00
4.928562309740308400e+00
3.657701361164450216e+00
2.225002957479159882e+00
1.068773827184555714e+00
5.178982454066911600e-01
7.063889706764236998e-01
1.553064233911622960e+00
2.803099572513725324e+00
4.111549338529270514e+00
5.140840925823210839e+00
5.645156289327649901e+00
5.522401158007759214e+00
4.825656058251328595e+00
3.737067611914306031e+00
2.515402430252599686e+00
1.432594404521770670e+00
7.145199371779415998e-01
4.978605721985958077e-01
8.096893992368885407e-01
1.570823891040239451e+00
2.619201216306791036e+00
3.746482026947187016e+00
4.739777617518469377e+00
5.420541938334585197e+00
5.674167152896448130e+00
5.466170204836606317e+00
4.843541055944585949e+00
3.922374848955276327e+00
2.864965614142234607e+00
1.850865753694723059e+00
1.046919639344598973e+00
5.809939698895170146e-01
5.231859535711271825e-01
8.768953961420353771e-01
1.580534679325364289e+00
2.519058548632002292e+00
3.543133456647256097e+00
4.492795126966842467e+00
5.221961924424778800e+00
5.620211518619071533e+00
5.628754193801817962e+00
5.248455564947920315e+00
4.538938499314800978e+00
3.609066972570166509e+00
2.600315402026102785e+00
1.665501023449714069e+00
9.459805254393578444e-01
5.506071102056031563e-01
5.394865364635914595e-01
9.148942080025768142e-01
1.620707829870876582e+00
2.550503689997933865e+00
3.563220204484476739e+00
4.504180197993655987e+00
5.228441244137242094e+00
5.623035308068924820e+00
5.624737019842537933e+00
5.230571742526413104e+00
4.499278395487960935e+00
3.543250837049087387e+00
2.511917075555952561e+00
1.568869748530044461e+00
8.661249680944154150e-01
5.194802004566927423e-01
5.889448536684276370e-01
1.067591729325839012e+00
1.880981099538147294e+00
2.897694704659155018e+00
3.949716818906279237e+00
4.859695627093205239e+00
5.470800520148873858e+00
5.674210239376034970e+00
5.555951977382420637e+00
4.864410155098251920e+00
3.855651629045677264e+00
2.705106676815622446e+00
1.617755415837218713e+00
7.919157774795193561e-01
3.826866729216256147e-01
4.717863291188142405e-01
1.049769338210509773e+00
2.014661370018552056e+00
3.188184040067386427e+00
4.347426056119800819e+00
5.266658846414689954e+00
5.761634781492654511e+00
5.727689001504966626e+00
5.163620603984937496e+00
4.175675035149298608e+00
2.959656930655599982e+00
1.763620632229007557e+00
8.378441984011528731e-01
3.819650597696444549e-01
5.004537062048677321e-01
1.176567614609030255e+00
2.271573313719926546e+00
3.550885253936427510e+00
4.732842975142760977e+00
5.550415189710855124e+00
5.812482042153875206e+00
5.450520124371708519e+00
4.538952492824741114e+00
3.282845901495306862e+00
1.974006064618533562e+00
9.242221636598042522e-01
3.905798050334392535e-01
5.107261703033394440e-01
1.264700442982959361e+00
2.474380765827592032e+00
3.842789225958023636e+00
5.025430229745659005e+00
5.717033416735372242e+00
5.731960998996269652e+00
5.056800707964164587e+00
3.859689899977227334e+00
2.451560087278188860e+00
1.207230138693735189e+00
4.657663932809832374e-01
4.364622103374555806e-01
1.136843657590529411e+00
2.381707887895843090e+00
3.828865707227891768e+00
5.071368892069221701e+00
5.751983315928427487e+00
5.667783973178119439e+00
4.833803468042782825e+00
3.485023579585416975e+00
2.013237614173601919e+00
8.547064284898153730e-01
3.603091870758610149e-01
6.869302292926957598e-01
1.744324235546627522e+00
3.216270486267247986e+00
4.652580321840583899e+00
5.606063198913190604e+00
5.773049052249096036e+00
5.092946056931472398e+00
3.773376635111455268e+00
2.229951130368999834e+00
9.570128085180069633e-01
3.689954780483795105e-01
6.634040389380166935e-01
1.751387066778276269e+00
3.281213388045100210e+00
4.749839985379090912e+00
5.667912072973327220e+00
5.724175912415146783e+00
4.893566000874129962e+00
3.450571163358945981e+00
1.880740987514436746e+00
7.180907775795470904e-01
3.626545173986888138e-01
9.408901764915778010e-01
2.258397232871467875e+00
3.863363001494705351e+00
5.200717891254463154e+00
5.804547387577695616e+00
5.461737717665193337e+00
4.288811914503327216e+00
2.693681833285885396e+00
1.234405438648306763e+00
4.237502852098864459e-01
5.482134528211273228e-01
1.565765014930940557e+00
3.119206562788644277e+00
4.661204894897908346e+00
5.647270665953908697e+00
5.728476859034543622e+00
4.875442805647757005e+00
3.389295955470718269e+00
1.795425591840421831e+00
6.575634813206683305e-01
3.781420400875812327e-01
1.055810256892767196e+00
2.450659523667834350e+00
4.069397002012158815e+00
5.340095662424275247e+00
5.814438573220912509e+00
5.325809086941834636e+00
4.047465251403517428e+00
2.430608480513887670e+00
1.044687770708970564e+00
3.766676581320056449e-01
6.601311965990266373e-01
1.794153209215862743e+00
3.379929104556492536e+00
4.861612968629906106e+00
5.721389000126913871e+00
5.660200984495624255e+00
4.701123632733293256e+00
3.179873098659723674e+00
1.626575086133809966e+00
5.806959546890571033e-01
4.038767791473478752e-01
1.155546665431098186e+00
2.573861492921298844e+00
4.219751996816185624e+00
