-1.380935198368923755e+00
-1.152904720448529208e+00
-1.002303880130359204e+00
-9.525464473596424453e-01
-1.011368163062508208e+00
-1.169624070834059282e+00
-1.402710274645507571e+00
-1.674389083246803356e+00
-1.942422849688926867e+00
-2.165140618273553308e+00
-2.307916668550928474e+00
-2.348553743269230942e+00
-2.280734034926914067e+00
-2.115001409318648662e+00
-1.877122160710871457e+00
-1.604079150486557470e+00
-1.338322116728430933e+00
-1.121168053661714126e+00
-9.863776977110768618e-01
-9.549067777980601024e-01
-1.031648048021852393e+00
-1.204670615815529811e+00
-1.447074826508541801e+00
-1.721174327150064132e+00
-1.984355128093264753e+00
-2.195700759587600803e+00
-2.322353516561285858e+00
-2.344622814895096052e+00
-2.259046467877934727e+00
-2.078928949094276835e+00
-1.832272958522398909e+00
-1.557425869302195398e+00
-1.297117897968459665e+00
-1.091818878174450891e+00
-9.734464540002596422e-01
-9.604038740706484223e-01
-1.054718855929019039e+00
-1.241728338712265511e+00
-1.492358135329448388e+00
-1.767643068780115456e+00
-2.024784851301835609e+00
-2.223805893615886653e+00
-2.333764582852411174e+00
-2.337565745785122218e+00
-2.234618419214594365e+00
-2.040927726456916336e+00
-1.786606575987092604e+00
-1.511194036091371373e+00
-1.257508233385288055e+00
-1.064989459240272218e+00
-9.635684250550535790e-01
-9.690129629147813395e-01
-1.080476615677275820e+00
-1.280630234862872863e+00
-1.538356126948642544e+00
-1.813585891695409069e+00
-2.063529818366852453e+00
-2.249329361513109582e+00
-2.342098442212145581e+00
-2.327414339389305642e+00
-2.207559976596807694e+00
-2.001168998052218484e+00
-1.740328813627916249e+00
-1.465591999642060772e+00
-1.219671628243252703e+00
-1.040800706555571109e+00
-9.567881272879701360e-01
-9.806952465346195913e-01
-1.108805247118991311e+00
-1.321200988638491891e+00
-1.584861506410736087e+00
-1.858795749564314370e+00
-2.100415420877459027e+00
-2.272156138993361107e+00
-2.347317537196276227e+00
-2.314214344125389289e+00
-2.177993081841114176e+00
-1.959831940916854309e+00
-1.693648227217551927e+00
-1.420825270494590509e+00
-1.183778597321348380e+00
-1.019361629366885236e+00
-9.531361168488257096e-01
-9.953980774475961191e-01
-1.139577084193445167e+00
-1.363257763521739330e+00
-1.631664692161796104e+00
-1.903068899241970424e+00
-2.135275429851519746e+00
-2.292183354699585784e+00
-2.349398347385239116e+00
-2.298025247208645538e+00
-2.146050981376628641e+00
-1.917102844997696343e+00
-1.646775187899106596e+00
-1.377095594786020838e+00
-1.149990896469820445e+00
-1.000768845208871882e+00
-9.526288519201281391e-01
-1.013055195746029646e+00
1.480669762697913949e+00
-5.117158960886136754e-02
-1.831727985442739737e+00
-3.584178009076546267e+00
-5.036069915837588340e+00
-5.961679446694967410e+00
-6.217102964930489861e+00
-5.762630018185888048e+00
-4.668917084864139255e+00
-3.106002678381299731e+00
-1.316871620602708015e+00
4.203215781768303572e-01
1.835497137388330646e+00
2.708639053764529070e+00
2.904000780895900302e+00
2.391209616176710018e+00
1.249988716100062458e+00
-3.422373873418504964e-01
-2.137926810531236121e+00
-3.857905420317158107e+00
-5.234769771970023022e+00
-6.054460069360715124e+00
-6.189539838636262559e+00
-5.619008356059726594e+00
-4.431565610630721963e+00
-2.811822200841749719e+00
-1.011598099854809307e+00
6.892275571187016503e-01
2.026229016774910185e+00
2.791543929032090698e+00
2.866189509641544841e+00
2.238560680914982726e+00
1.006234302156461702e+00
-6.392010121965101543e-01
-2.441930992923183386e+00
-4.121686918063449667e+00
-5.417318725557318082e+00
-6.127395765945683692e+00
-6.141523034579689622e+00
-5.457504178390854221e+00
-4.181682960821435202e+00
-2.512410097686222699e+00
-7.092058593282060119e-01
9.475872999077923353e-01
2.200389317419157997e+00
2.854428250612627505e+00
2.808021286267163408e+00
2.068383271157478553e+00
7.505050266623483068e-01
-9.407241652776529017e-01
-2.742370504684568999e+00
-4.374333742287372928e+00
-5.582894099872553362e+00
-6.180157843795294426e+00
-6.073268945714133338e+00
-5.278845321333148988e+00
-3.920395258793485382e+00
-2.209115702143940041e+00
-4.110576625656507943e-01
1.194236480244890597e+00
2.357193166971509601e+00
2.897008623467003385e+00
2.729758252202096447e+00
1.881444309922381652e+00
4.839533614299176278e-01
-1.245447999679909268e+00
-3.037891382457408085e+00
-4.614707312578934406e+00
-5.730749711471084140e+00
-6.212508524863386228e+00
-5.985085166519443334e+00
-5.083836930470183368e+00
-3.648880026013111788e+00
-1.903305843417323340e+00
-1.184971468644284709e-01
1.428063546754800850e+00
2.495933911818397188e+00
2.919093154510715937e+00
2.631753108327063995e+00
1.678586257983937902e+00
2.077805505484593418e-01
-1.551999244279030687e+00
-3.327161829243323155e+00
-4.841724359282688184e+00
-5.860219232947416756e+00
-6.224302017284873756e+00
-5.877369106794013476e+00
-4.873357832338951035e+00
-3.368360875426990475e+00
-1.596358686917210612e+00
1.671572319706366994e-01
1.648014732313958230e+00
2.615986301693378646e+00
2.920582317401076988e+00
2.514447525489291291e+00
1.460723317230997687e+00
-7.676880315267520238e-02
-1.858996392527895392e+00
-3.608878216291308672e+00
-5.054361805370371385e+00
-6.498149598131973903e+00
-6.772800696202921245e+00
-6.251161529553931118e+00
-5.014330845154388427e+00
-3.254597537571806143e+00
-1.245545676733460949e+00
7.004793481959916690e-01
2.280930870510839537e+00
3.250097589564409528e+00
3.457304073861357185e+00
2.870336127622739486e+00
1.580449101279621793e+00
-2.118194913909920984e-01
-2.227827350517520788e+00
-4.154147644472418577e+00
-5.691297182403735277e+00
-6.600296782146907404e+00
-6.739825137235541774e+00
-6.088189906511551897e+00
-4.746700201850655887e+00
-2.923916156532760269e+00
-9.032242789382394221e-01
1.001220379392540050e+00
2.493335611950230568e+00
3.341143677355175701e+00
3.412836659003703144e+00
2.697268516970311669e+00
1.305687952273539398e+00
-5.455573232595209987e-01
-2.568655960755059198e+00
-4.449078731991177094e+00
-5.894478090483708854e+00
-6.680139167529144828e+00
-6.683915979917841810e+00
-5.905221350206414144e+00
-4.465118194638428406e+00
-2.587497986266870775e+00
-5.642725597830446915e-01
1.290009144827339416e+00
2.687063707938933010e+00
3.409692380377887577e+00
3.345548767153553538e+00
2.504605215035864862e+00
1.017602421251994738e+00
-8.842766988304266995e-01
-2.905348800502530082e+00
-4.731399719146743621e+00
-6.078535048682315534e+00
-6.737316935879411162e+00
-6.605325184952119955e+00
-5.703080428350780551e+00
-4.170853803478822286e+00
-2.246859131872142257e+00
-2.302180420799035954e-01
1.565544186498762258e+00
2.861242101728072473e+00
3.455434776441914213e+00
3.255743638518738603e+00
2.293214479957866647e+00
7.174907970140727009e-01
-1.226451142373262027e+00
-3.236388526833732016e+00
-4.999838295684165601e+00
-6.242638584285687742e+00
-6.771572409361752420e+00
-6.504406930309235335e+00
-5.482678111008727484e+00
-3.865233162876788864e+00
-1.903534719419248677e+00
9.743382113048881799e-02
1.826583775753793049e+00
3.015085839429523684e+00
3.478164722461070557e+00
3.143825989685340883e+00
2.064048967090500675e+00
4.067055652567796997e-01
-1.570538607518021434e+00
-3.560283273193541209e+00
-5.253184713943063855e+00
-6.386049146850600877e+00
-6.782751211956737691e+00
-6.381616015087116622e+00
-5.245007665210883019e+00
-3.549633585511085876e+00
-1.559071977738315962e+00
4.172064310668774922e-01
2.071951509273495695e+00
3.147901607495817711e+00
3.477779783459810314e+00
3.010300189718341013e+00
1.818141435758729330e+00
8.664731345126175377e-02
-1.914988426654358644e+00
-3.875573372656687443e+00
-5.490297240716706106e+00
-6.508120441068825812e+00
-6.770802965173837507e+00
-6.237505809909112742e+00
-4.991140178687790474e+00
-3.225477355225312870e+00
-1.483708199882366685e+00
-7.384224042174877267e-01
-1.350054191242282542e-01
2.327300884815461934e-01
3.076126276733630593e-01
7.800028103661582612e-02
-4.204093374620072598e-01
-1.110128956693277491e+00
-1.883928520986461130e+00
-2.621506145280302569e+00
-3.208191335203842254e+00
-3.552772700182397436e+00
-3.601678501904420404e+00
-3.347305401715974682e+00
-2.829200544476837109e+00
-2.127913201421365752e+00
-1.352471851282459392e+00
-6.234336260111890127e-01
-5.414140770375608369e-02
2.668974818818559136e-01
2.897714307762271346e-01
1.092424781853651439e-02
-5.262919596732686944e-01
-1.238356696949653557e+00
-2.014565934010116077e+00
-2.734243156251510598e+00
-3.285500827848794714e+00
-3.582635440932726123e+00
-3.579451758751589718e+00
-3.276444745357416810e+00
-2.720722614013913798e+00
-1.998682957916894321e+00
-1.222580598244353389e+00
-5.130754334732072763e-01
1.952644070805598098e-02
2.924219155775193979e-01
2.631841902342817452e-01
-6.364117386620882222e-02
-6.372429470445712951e-01
-1.368443805130450164e+00
-2.143564643553171223e+00
-2.842098160014459474e+00
-3.355444010592677273e+00
-3.603792802309729648e+00
-3.548533983835666650e+00
-3.198258591319180333e+00
-2.607423608137845683e+00
-1.867885589292172854e+00
-1.094619809836437030e+00
-4.078451678089989318e-01
8.566613393473154758e-02
3.091883609301526725e-01
2.279707243406337014e-01
-1.453599468295203589e-01
-7.527622868760008856e-01
-1.499804029524708149e+00
-2.270343302891529191e+00
-2.944585096256455259e+00
-3.417705676870311571e+00
-3.616149436361708602e+00
-3.509064511474228709e+00
-3.113099294013789820e+00
-2.489814121149457105e+00
-1.736110548124178754e+00
-9.691661552782238065e-01
-3.082170606634444532e-01
1.439796062504761220e-01
3.171212581290094867e-01
1.842897264117868694e-01
-2.338637965271928021e-01
-8.723293786902354130e-01
-1.631845380984637606e+00
-2.394330570199120878e+00
-3.041242096445181176e+00
-3.472005237706381475e+00
-3.619649656572482055e+00
-3.461221215140105389e+00
-3.021350633082806603e+00
-2.368424173001809407e+00
-1.603951692977583443e+00
-8.467850051176443182e-01
-2.146400969443531537e-01
1.942040616457718638e-01
3.161848567094940332e-01
1.323380496188617528e-01
-3.287538707283816919e-01
-9.954053803749622897e-01
-1.763972800789364692e+00
-2.514967683361698736e+00
-3.131633565289686505e+00
-3.518097986220322326e+00
-3.614277688818726020e+00
-3.405219705855220269e+00
-2.923426083852120438e+00
-2.243800820707676280e+00
-1.472004612116524447e+00
-7.280278833272162409e-01
-1.275359914231464220e-01
2.361131581462774243e-01
3.063833766665147174e-01
6.441394383020271341e-01
-2.436095848562658261e-02
-9.457446222171307371e-01
-1.976764907732104781e+00
-2.957130068165862546e+00
-3.734423660952551405e+00
-4.187800587731776325e+00
-4.246774767286083829e+00
-3.902177539800056216e+00
-3.207583109714225778e+00
-2.270979414923871786e+00
-1.237979344396621162e+00
-2.691824402973412855e-01
4.847933606592937927e-01
9.067281551143815399e-01
9.310241403704320184e-01
5.539040426209007606e-01
-1.660016338702048344e-01
-1.116769835712120074e+00
-2.150585531447360310e+00
-3.106722374432804745e+00
-3.836530675659163947e+00
-4.226547830051309518e+00
-4.216138240169310158e+00
-3.806920275088705008e+00
-3.062514664093665573e+00
-2.098653442177999651e+00
-1.065187200223831177e+00
-1.227879556261206595e-01
5.820303740104204593e-01
9.396903508148306550e-01
8.945869170873974596e-01
4.537322609328091616e-01
-3.143343619803005140e-01
-1.290202361554828370e+00
-2.322154464562621090e+00
-3.249754055356223859e+00
-3.928788104484677746e+00
-4.253687831736098879e+00
-4.173941384367488183e+00
-3.701946866988927720e+00
-2.911084819987663330e+00
-1.924309816444198074e+00
-8.950348311591906914e-01
1.671972917561892480e-02
6.692042469811632088e-01
9.609775725237534871e-01
8.466779833457107607e-01
3.440755282741205789e-01
-4.686906652327533784e-01
-1.465260607191839926e+00
-2.490698513008275050e+00
-3.385580523099333217e+00
-4.010780179285111657e+00
-4.269098283414768602e+00
-4.120374364603741846e+00
-3.587730389589039337e+00
-2.753976012469265378e+00
-1.748734236246633822e+00
-7.282890473723876434e-01
1.487119075432603577e-01
7.459221210254667334e-01
9.704938870597024092e-01
7.875132459694165199e-01
2.254280246449702485e-01
-6.283749201476864776e-01
-1.641155653586839014e+00
-2.655458114686402027e+00
-3.513589660902599832e+00
-4.082137393851959395e+00
-4.272709736209641562e+00
-4.055678586482642345e+00
-3.464785571875120151e+00
-2.591896269478452197e+00
-1.572717952046049916e+00
-5.657013068857281723e-01
2.725937423594833042e-01
8.118382586944088430e-01
9.681964081155354229e-01
7.173593372866893247e-01
9.832444793354477852e-02
-7.926674922511920407e-01
-1.817094810569821250e+00
-2.815690762520538737e+00
-3.633204581654719156e+00
-4.142538169131539050e+00
-4.264505914715646995e+00
-3.980145608569309434e+00
-3.333666478048876058e+00
-2.425576021016858874e+00
-1.397054200383816447e+00
-4.080043290468486905e-01
3.878069466532494403e-01
8.666556017396440659e-01
9.540954895301618777e-01
6.365324135220684632e-01
-3.666239575862562106e-02
-9.608279791863357788e-01
-1.992285189181617122e+00
-4.324308380551489250e+00
