-2.767168426607378162e+00
-1.693047113822168326e+00
-7.924414786144415856e-01
-1.744110421792643972e+00
-4.731947245884546405e+00
-5.191243088312528897e+00
-1.351716418331837755e+00
-2.698780877644791687e+00
-5.405563041688351333e+00
-8.501316578380455624e-01
-5.174158410096787009e+00
-1.732370390862532306e+00
-4.611336700257790078e+00
-1.639317038146849148e+00
-5.283321171887616075e+00
-8.445913444639878698e-01
-5.303316101848853492e+00
-2.612761546278449920e+00
-1.771911630010469363e+00
-5.590571081237065698e+00
-2.723542965528232163e+00
-1.109539179696505506e+00
-4.534140477349956733e+00
-5.209634783946605729e+00
-2.159141382561094336e+00
-9.601901879436032239e-01
-3.101111959805767260e+00
-5.326611657930056865e+00
-5.172178102622678963e+00
-3.223203439242332546e+00
-1.405998384934748824e+00
-9.367740458160445094e-01
-1.788494030973876381e+00
-3.242290252787159766e+00
-4.566071604495930636e+00
-5.352478697536378505e+00
-5.531060389829834278e+00
-5.234667779270862020e+00
-4.661122440703776348e+00
-3.986870340364257359e+00
-3.333315538239148612e+00
-2.766356148810736215e+00
-2.310119376024979410e+00
-1.962980023497782556e+00
-1.710524574345069881e+00
-1.534186343365607108e+00
-1.416136816455185077e+00
-1.341544446548007974e+00
-1.299223525482196440e+00
-1.281417130081845324e+00
-1.283185690122676137e+00
-1.301670578058129246e+00
-1.335373444729921033e+00
-1.383519031603478666e+00
-1.445531582012588245e+00
-1.520636622340475697e+00
-1.607590124903358841e+00
-1.704529983614842426e+00
-1.808937915847026678e+00
-1.917693180892686700e+00
-2.027193868464158832e+00
-2.133518245350933373e+00
-2.232598729794898151e+00
-2.320384835848004812e+00
-2.392978559911514314e+00
-2.446735320031352856e+00
-2.478334616519452194e+00
-2.484835999603581591e+00
-2.463746827892652647e+00
-2.413137946553027824e+00
-2.331850946957052972e+00
-2.219844605498908496e+00
-2.078725645668474620e+00
-1.912495281041772133e+00
-1.728510638703006475e+00
-1.538599243684933171e+00
-1.360164601536556717e+00
-1.216974551166314367e+00
-1.139136802402534787e+00
-1.161569425697101199e+00
-1.320143661759072051e+00
-1.644748257386784651e+00
-2.148995331542303155e+00
-2.817374770696841946e+00
-3.592492210171726708e+00
-4.367418875510781895e+00
-4.990383675227644034e+00
-5.289491411967256695e+00
-5.121621497468494155e+00
-4.440121012568782888e+00
-3.360479342557488813e+00
-2.186814190498417076e+00
-1.356229705546886599e+00
-1.278544793502397026e+00
-2.105177962560015104e+00
-3.539713762299864008e+00
-4.853763627648927326e+00
-5.219835234679797153e+00
-4.274040132861840036e+00
-2.550579408604423115e+00
-1.320371237762109295e+00
-1.681649290922144990e+00
-3.465593565977449941e+00
-5.059947009060412171e+00
-4.774569791392512030e+00
-2.766435488905233608e+00
-1.289803941634383833e+00
-2.257477037771323580e+00
-4.547446651376144899e+00
-4.994167745088697430e+00
-2.807700821691680115e+00
-1.288757622075731524e+00
-3.003565802133021378e+00
-5.125439986986133789e+00
-3.787816016832356691e+00
-1.398148942746719747e+00
-2.695183923677461291e+00
-5.110925506340680435e+00
-3.436704521794760936e+00
-1.328233072384869651e+00
-3.711741231851048983e+00
-4.906331596079389179e+00
-1.891483736586984765e+00
-2.418288007411898199e+00
-5.118711475815521439e+00
-2.573874968326688606e+00
-1.970622700580789033e+00
-5.062510123867958178e+00
-2.612617404426837098e+00
-2.150985802825581494e+00
-5.093518129767593550e+00
-1.994425173251010319e+00
-3.070417265542940921e+00
-4.642327548098288403e+00
-1.397248747435592131e+00
-4.625185439372510920e+00
-2.835378582045209761e+00
-2.574784378750846869e+00
-4.679696940492181767e+00
-1.442537026723643034e+00
-4.969440890379052789e+00
-1.853155726897406819e+00
-4.122082493783286949e+00
-2.873635092363606258e+00
-3.126768918146985765e+00
-3.727213398975997904e+00
-2.462661505275757001e+00
-4.199051381079971001e+00
-2.164295150146406499e+00
-4.346648538978829635e+00
-2.151956208475667154e+00
-4.226737978742759694e+00
-2.414056156404142062e+00
-3.803753497606035427e+00
-3.015997767171755495e+00
-3.020666642452280559e+00
-3.945883339436958348e+00
-2.037181949244351031e+00
-4.816014056668422860e+00
-1.513438684733006800e+00
-4.742299104590969705e+00
-2.355282519580927048e+00
-3.175701617205509919e+00
-4.277712226871208223e+00
-1.583526512921499929e+00
-4.758864475095859525e+00
-2.653926544964225087e+00
-2.490245578352657141e+00
-4.877011905859273355e+00
-1.854668145609208896e+00
-3.248531945537681320e+00
-4.650956623833415904e+00
-1.682843158870543920e+00
-3.348401488433881745e+00
-4.726785855235686284e+00
-1.856153351546931285e+00
-2.769565925418341568e+00
-4.962257028887075982e+00
-2.676734662070208604e+00
-1.770763264060649878e+00
-4.433686022872618260e+00
-4.304743263108320228e+00
-1.747637370072322005e+00
-2.422060848615303463e+00
-4.809594096796321772e+00
-4.038452629811379424e+00
-1.716479625152848243e+00
-2.198478394469969288e+00
-4.511541385780672542e+00
-4.671910032570496973e+00
-2.527723813641237438e+00
-1.476113675775138967e+00
-2.984342341103838336e+00
-4.826668448537342115e+00
-4.578293772368224879e+00
-2.678347363711083950e+00
-1.451303915400579569e+00
-2.199711771370563618e+00
-4.007077668020022188e+00
-5.035964435396901528e+00
-4.407136844608263715e+00
-2.791462064627372452e+00
-1.563959654616780659e+00
-1.609127752646925202e+00
-2.783123531956785968e+00
-4.221153160287625106e+00
-5.030602519164944830e+00
-4.818349762442540651e+00
-3.795290491664923938e+00
-2.535014005590350727e+00
-1.621969895492269664e+00
-1.394103950366425648e+00
-1.864055504654242634e+00
-2.791916130259273210e+00
-3.829466197987001497e+00
-4.658496092752237416e+00
-5.077964849160816918e+00
-5.030113714127719682e+00
-4.579442522831262075e+00
-3.867043812887771104e+00
-3.060701214788069002e+00
-2.314290802716204354e+00
-1.742407835462804533e+00
-1.410265055370027776e+00
-1.335527701098687903e+00
-1.497570370057293765e+00
-1.849939410900297787e+00
-2.332842928736146515e+00
-2.883711146889182952e+00
-3.444941205004240725e+00
-3.968720827118025873e+00
-4.419299621594981353e+00
-4.773296876280524792e+00
-5.018675543596952338e+00
-5.152945681944124168e+00
-5.181043890162933430e+00
-5.113207189532173125e+00
-4.963043270917470551e+00
-4.745904781636392400e+00
-4.477606055862213275e+00
-4.173474415921060832e+00
-3.847700738719285418e+00
-3.512940673054522733e+00
-3.180114331423378626e+00
-2.858354845538281452e+00
-2.555062120355920730e+00
-2.276025510293653298e+00
-2.025586710468323393e+00
-1.806821158228901547e+00
-1.621722297777429489e+00
-1.471378041752809729e+00
-1.356132689043567430e+00
-1.275730532931593331e+00
-1.229439561235759815e+00
-1.216155162361002073e+00
-1.234484751615148479e+00
-1.282814847066241271e+00
-1.359362459266703738e+00
-1.462212799401953367e+00
-1.589345322039850128e+00
-1.738650051568997323e+00
-1.907936032111253732e+00
-2.094933614792753751e+00
-2.297292170972858649e+00
-2.512574705976578837e+00
-2.738250750806202394e+00
-2.971688831081766402e+00
-3.210149752256059585e+00
-3.450781894770149627e+00
-3.690619677498536255e+00
-3.926586316316934777e+00
-4.155501969547518826e+00
-4.374098315094311573e+00
-4.579040536238323078e+00
-4.766957594768022943e+00
-4.934481531625998230e+00
-5.078296347025181845e+00
-5.195196765127202632e+00
-5.282156875361229353e+00
-5.336408257792657039e+00
-5.355526741115281375e+00
-5.337526410266265842e+00
-5.280958882754886119e+00
-5.185015221033818733e+00
-5.049627162127364954e+00
-4.875563652597385556e+00
-4.664518012455247664e+00
-4.419180459835493124e+00
-4.143290260994386465e+00
-3.841661485782884355e+00
-3.520176309722229391e+00
-3.185740073741873513e+00
-2.846192951715222019e+00
-2.510174135791080285e+00
-2.186935966803582154e+00
-1.886107426856638458e+00
-1.617408859711335634e+00
-1.390322642816415932e+00
-1.213727712601960995e+00
-1.095509207346744507e+00
-1.042157859443050061e+00
-1.058376918547651702e+00
-1.146717061098050383e+00
-1.307261659298869283e+00
-1.537385658021995782e+00
-1.831610872378445221e+00
-2.181578546884154868e+00
-2.576156356493163102e+00
-3.001691628996919103e+00
-3.442415503665166465e+00
-3.880994236449319512e+00
-4.299214299784843263e+00
-4.678777843106305845e+00
-5.002175155502348147e+00
-5.253593348684329811e+00
-5.419807903831605600e+00
-5.490989636122244555e+00
-5.461384177465230749e+00
-5.329818890695632305e+00
-5.099996836836513836e+00
-4.780547181125010425e+00
-4.384813792980529534e+00
-3.930378142454087342e+00
-3.438328111938841136e+00
-2.932300081319954010e+00
-2.437336582774807248e+00
-1.978614923143781068e+00
-1.580112466220713774e+00
-1.263280923544937151e+00
-1.045804402353444296e+00
-9.405137631136120113e-01
-9.545230366224588536e-01
-1.088642598680680251e+00
-1.337102885461232571e+00
-1.687432071167113135e+00
-2.121100876186583051e+00
-2.614885669387823519e+00
-3.142137332338331479e+00
-3.674223078014982935e+00
-4.182092762878721892e+00
-4.637885955198868260e+00
-5.016490359961718326e+00
-5.296962294499144797e+00
-5.463725812039976759e+00
-5.507478446606997480e+00
-5.425747706526458103e+00
-5.223062369147106310e+00
-4.910725076355071828e+00
-4.506196286528916239e+00
-4.032122819301328320e+00
-3.515065573723456627e+00
-2.983999163487307982e+00
-2.468670052252876168e+00
-1.997908419507038014e+00
-1.597991903034156280e+00
-1.291156369418929639e+00
-1.094340150987528126e+00
-1.018234304007473057e+00
-1.066693255068691393e+00
-1.236538837733553109e+00
-1.517767494891127500e+00
-1.894146752135781320e+00
-2.344164385775716841e+00
-2.842273371712999097e+00
-3.360358905359962733e+00
-3.869341494239062040e+00
-4.340823023525466340e+00
-4.748681136616539789e+00
-5.070521274165548320e+00
-5.288904958093926467e+00
-5.392286765540667659e+00
-5.375610021193446997e+00
-5.240531449929431318e+00
-4.995266645932600724e+00
-4.654069942844873964e+00
-4.236382846320444706e+00
-3.765703445559279494e+00
-3.268244146732754984e+00
-2.771455879296656821e+00
-2.302503085328992505e+00
-1.886775064009813319e+00
-1.546515649083778587e+00
-1.299645065755414164e+00
-1.158835715597017479e+00
-1.130888355212428475e+00
-1.216437607382677477e+00
-1.409997013377776609e+00
-1.700334980726154743e+00
-2.071155055639034792e+00
-2.502037923126886110e+00
-2.969589244358961544e+00
-3.448727535553679502e+00
-3.914040222535476232e+00
-4.341133990702904732e+00
-4.707907581739871894e+00
-4.995681034753346239e+00
-5.190124598873234518e+00
-5.281942555517552762e+00
-5.267281250327535247e+00
-5.147845930720359675e+00
-4.930726660927700955e+00
-4.627948798116815254e+00
-4.255777471552086411e+00
-3.833817517689417365e+00
-3.383959821925773159e+00
-2.929231589978170902e+00
-2.492611474883569933e+00
-2.095870650432102966e+00
-1.758497950570595769e+00
-1.496761347648680296e+00
-1.322949719295364313e+00
-1.244828565085655203e+00
-1.265331671373935984e+00
-1.382498324106162579e+00
-1.589653185436156857e+00
-1.875814009559092943e+00
-2.226301552822732344e+00
-2.623516830183075577e+00
-3.047843681041271680e+00
-3.478629713033254856e+00
-3.895196248144874751e+00
-4.277827930505706533e+00
-4.608695075585149681e+00
-4.872666440099743035e+00
-5.057976567375295218e+00
-5.156719832793362990e+00
-5.165152340979227930e+00
-5.083792441001511619e+00
-4.917320350260441231e+00
-4.674286749131993268e+00
-4.366648800320654722e+00
-4.009159487504351027e+00
-3.618642155265051397e+00
-3.213186445017627069e+00
-2.811304325461531750e+00
-2.431085565851336394e+00
-2.089390838179848053e+00
-1.801117783187615284e+00
-1.578571029495296596e+00
-1.430961568856610189e+00
-1.364054362249307317e+00
-1.379975909171698989e+00
-1.477186097251090624e+00
-1.650611299475325477e+00
-1.891928722865078960e+00
-2.189985725067286282e+00
-2.531332451864950706e+00
-2.900841905650100028e+00
-3.282388572089447010e+00
-3.659555088757516117e+00
-4.016336153756815186e+00
-4.337809903921518995e+00
-4.610749246570300386e+00
-4.824148918958784726e+00
-4.969648382550660770e+00
-5.041836049349467608e+00
-5.038424800105672396e+00
-4.960294471278278827e+00
-4.811402680819277577e+00
-4.598570732063777200e+00
-4.331156270018566623e+00
-4.020628678659505795e+00
-3.680066746634899744e+00
-3.323600773837232403e+00
-2.965822964525259398e+00
-2.621190617571309556e+00
-2.303446286139488208e+00
-2.025077782647143110e+00
-1.796838731861795324e+00
-1.627347439074758872e+00
-1.522778281578911930e+00
-1.486655810075575568e+00
-1.519757435066016127e+00
-1.620126150246892882e+00
-1.783190387412969313e+00
-2.001983973943843864e+00
-2.267455428519132177e+00
-2.568852616973109626e+00
-2.894166207321286599e+00
-3.230613492019772437e+00
-3.565143037475253962e+00
-3.884940295567558266e+00
-4.177914758686986474e+00
-4.433150418392446390e+00
-4.641303131487844347e+00
-4.794930916069471749e+00
-4.888746084838954786e+00
-4.919781350550572085e+00
-4.887465476511279938e+00
-4.793607557669222530e+00
-4.642292470502143331e+00
-4.439693294779887722e+00
-4.193809470546513651e+00
-3.914142007682825497e+00
-3.611319129961833685e+00
-3.296687248200388165e+00
-2.981883078101236428e+00
-2.678403030993388612e+00
-2.397185716244299769e+00
-3.236100910406010556e+00
