-4.681733487402932603e+00
-4.627870576195690866e+00
-4.577896611657521930e+00
-4.533571556696002425e+00
-4.496453656767632978e+00
-4.467844981711453833e+00
-4.448746136565766562e+00
-4.439821696472218804e+00
-4.441377537136962594e+00
-4.453350810188788422e+00
-4.475312867183410148e+00
-4.506484982650364124e+00
-4.545766281275342102e+00
-4.591772852430467289e+00
-4.642886651219793492e+00
-4.697312451962105229e+00
-4.753140848678008901e+00
-4.808415096541537537e+00
-4.861199464748684029e+00
-4.909646728503192392e+00
-4.952062466694925114e+00
-4.986963950437361959e+00
-5.013131601343538968e+00
-5.029651260161582371e+00
-5.035945826839462569e+00
-5.031795201029998665e+00
-5.017343854772289724e+00
-4.993095792831125479e+00
-4.959897086591794846e+00
-4.918906590040384330e+00
-4.871555847128432148e+00
-4.819499565477702419e+00
-4.764558349934744363e+00
-4.708655650580205965e+00
-4.653751075033773610e+00
-4.601772338078445657e+00
-4.554548168948488573e+00
-4.513744466758494056e+00
-4.480805888672876769e+00
-4.456904877143585075e+00
-4.442899887800132674e+00
-4.439304276129967697e+00
-4.446266906229657145e+00
-4.463565069314854306e+00
-4.490610156127454289e+00
-4.526466111610496057e+00
-4.569880185845569542e+00
-4.619325064025052718e+00
-4.673051051189488270e+00
-4.729146617077161885e+00
-4.785605286413788129e+00
-4.840396602760517197e+00
-4.891538710337719920e+00
-4.937169996554584550e+00
-4.975617224217268486e+00
-5.005457659571443507e+00
-5.025572870332807973e+00
-5.035192123283386501e+00
-5.033923647199192608e+00
-5.021772433995376872e+00
-4.999143716260628700e+00
-4.966831767449813029e+00
-4.925994204438520541e+00
-4.878112511888741842e+00
-4.824940034005194001e+00
-4.768439171671121635e+00
-4.710709962113641680e+00
-4.653912585986946127e+00
-4.600186627008860718e+00
-4.551570088789167023e+00
-4.509921242437322952e+00
-4.476846331088511377e+00
-4.453635992147406242e+00
-4.441212977907267323e+00
-4.440093367982418826e+00
-4.450362984925282817e+00
-4.471670163900998141e+00
-4.503235408459612010e+00
-4.543877810375531290e+00
-4.592057447482007504e+00
-4.645932325890507641e+00
-4.703427828585430959e+00
-4.762316096817358790e+00
-4.820302327627195460e+00
-4.875114640749897532e+00
-4.924593967510061177e+00
-4.966780354643026030e+00
-4.999992163174902693e+00
-5.022894876460146207e+00
-5.034556605862690049e+00
-5.034487884870813446e+00
-5.022663954332599268e+00
-4.999528439459375306e+00
-4.965978075404276382e+00
-4.923328921476827880e+00
-4.873265281336373711e+00
-4.817773284205113526e+00
-4.759061747584670599e+00
-4.699473504915115285e+00
-4.641390815718572149e+00
-4.512075477051133099e+00
-4.439754616661183206e+00
-4.379330545996521273e+00
-4.333221892385393126e+00
-4.303269918637758984e+00
-4.290663593819487254e+00
-4.295891653274714450e+00
-4.318723701371766310e+00
-4.358221161925279752e+00
-4.412777590834584096e+00
-4.480186591507171912e+00
-4.557734374353308304e+00
-4.642312932403383385e+00
-4.730548915666831000e+00
-4.818942618873387929e+00
-4.904011082130921295e+00
-4.982429161323105760e+00
-5.051162561303120135e+00
-5.107587233250436398e+00
-5.149590197909639677e+00
-5.175647736536475918e+00
-5.184877948269090098e+00
-5.177065854808661882e+00
-5.152660483277742287e+00
-5.112744615459066111e+00
-5.058979095927651493e+00
-4.993524685703173205e+00
-4.918945380942299828e+00
-4.838097845595411783e+00
-4.754012101494088149e+00
-4.669768860065119043e+00
-4.588378764262371234e+00
-4.512664492064041966e+00
-4.445156190656520678e+00
-4.388014405810212182e+00
-4.342975658110145964e+00
-4.311319621030180294e+00
-4.293856172470125188e+00
-4.290929674736485566e+00
-4.302437262104390037e+00
-4.327857662922813375e+00
-4.366287117599624956e+00
-4.416479226302190142e+00
-4.476886018964994385e+00
-4.545698136301881576e+00
-4.620882702634045991e+00
-4.700218228353933547e+00
-4.781326681601600903e+00
-4.861703704864294373e+00
-4.938748818965304821e+00
-5.009798351771390656e+00
-5.072163024557416300e+00
-5.123171328515875977e+00
-5.160252362929472092e+00
-5.181055536767508407e+00
-5.183600118993096473e+00
-5.166451461808728496e+00
-5.128916688239307575e+00
-5.071247674166309061e+00
-4.994833519165150726e+00
-4.902358863831959290e+00
-4.797899136721567537e+00
-4.686920174482078316e+00
-4.576149006372395078e+00
-4.473286452823453274e+00
-4.386542044616934533e+00
-4.323988754637925425e+00
-4.292759493007305416e+00
-4.298138315341017091e+00
-4.342634145839194382e+00
-4.425158755858317861e+00
-4.540456917494870126e+00
-4.678946652033173947e+00
-4.827112502839330688e+00
-4.968547477059108708e+00
-5.085656421475043487e+00
-5.161918545911762912e+00
-5.184471989730512043e+00
-5.146651058754256880e+00
-5.050007876592234268e+00
-4.905319602109781130e+00
-4.732151380819735742e+00
-4.556731501546432028e+00
-4.408192456682112237e+00
-4.313601729663978368e+00
-4.292578334024335973e+00
-4.352570292637090610e+00
-4.485954348756973964e+00
-4.669935467047528377e+00
-4.869747452647175123e+00
-5.044942790288001078e+00
-5.157749721765026329e+00
-5.181772990249352340e+00
-5.108943785196398579e+00
-4.952751761578443990e+00
-4.746524725061896710e+00
-4.536714147717730405e+00
-4.372442057834022400e+00
-4.293670601418577704e+00
-4.320933063911359895e+00
-4.413945439831022277e+00
-4.638169138402561842e+00
-4.887906381530013000e+00
-5.101098433351419104e+00
-5.223707435732777959e+00
-5.223798854557115234e+00
-5.100285694243520851e+00
-4.883831876179801412e+00
-4.629441252543479379e+00
-4.402491509319516716e+00
-4.261791467075674689e+00
-4.244125764622419084e+00
-4.354432565519025466e+00
-4.564301770215206666e+00
-4.819269357035623536e+00
-5.053020442198320694e+00
-5.204749176449946724e+00
-5.235071107450711025e+00
-5.136275810614361781e+00
-4.934232514307598017e+00
-4.681496831194802866e+00
-4.443500892186198925e+00
-4.281512861434775274e+00
-4.236850913562549614e+00
-4.320437982815223954e+00
-4.510319274257116540e+00
-4.757647209886163076e+00
-4.999441281740160115e+00
-5.174728688982122016e+00
-5.239891325635809949e+00
-5.179355907468877085e+00
-5.009048284748348401e+00
-4.771926928273255264e+00
-4.526911160239461829e+00
-4.334119639090268983e+00
-4.240151191396805963e+00
-4.267004822650586782e+00
-4.407224589573819351e+00
-4.626255635838279368e+00
-4.871226303620170839e+00
-5.083863335721229504e+00
-5.214350905917877199e+00
-5.232842108756909028e+00
-5.136007541951869371e+00
-4.947261598956175455e+00
-4.710821160973567068e+00
-4.481160859867951984e+00
-4.310416851237693692e+00
-4.236654975537790691e+00
-4.275610265044445413e+00
-4.417627697163578837e+00
-4.630313608197710096e+00
-4.866130172277525645e+00
-5.073113868847326735e+00
-5.206289202330675714e+00
-5.237289521914575197e+00
-5.160172267373266841e+00
-4.992298864518465606e+00
-4.770235129303716626e+00
-4.541671512521559428e+00
-4.355159393201038398e+00
-4.249865683091354818e+00
-4.247483711091823544e+00
-4.347934963915133011e+00
-4.529671902828201979e+00
-4.754425191458517830e+00
-4.975330228007758038e+00
-5.146700307267304986e+00
-5.233415143106073586e+00
-5.218013942788994441e+00
-5.104086399224599724e+00
-4.915331808975680339e+00
-4.690543606023428680e+00
-4.475593792405941684e+00
-4.314077344847019546e+00
-4.238518868707879861e+00
-4.263901422666154239e+00
-4.384786466647523362e+00
-4.576558376524607397e+00
-4.800497168560347028e+00
-5.011624880987207042e+00
-5.167733138091180400e+00
-5.237784414672432831e+00
-5.208024818211914209e+00
-5.084617838135517154e+00
-4.892309035008687523e+00
-4.669420257050880707e+00
-4.460192703962950311e+00
-4.306010519849932550e+00
-4.237242731955230823e+00
-4.267304481928470672e+00
-4.390089235603423568e+00
-4.581253163218513613e+00
-4.803074363852855022e+00
-5.011911932802248337e+00
-5.166788475731400432e+00
-5.237410435763665717e+00
-5.210061671464909949e+00
-5.090230740637312401e+00
-4.901476183710832046e+00
-4.701145592945597862e+00
-4.566761168975201457e+00
-4.465755627184070597e+00
-4.417781061638005546e+00
-4.432124527877058462e+00
-4.505927915121768379e+00
-4.624773785368357260e+00
-4.765514354710700395e+00
-4.900786501949101037e+00
-5.004331399173631567e+00
-5.056085167442819106e+00
-5.046055380071309493e+00
-4.976236902968820708e+00
-4.860202466386277287e+00
-4.720454118102025198e+00
-4.584054029843467326e+00
-4.477383711066156735e+00
-4.421046216710043275e+00
-4.425895186779582602e+00
-4.490954226292649842e+00
-4.603623390143730454e+00
-4.742127542857103251e+00
-4.879729475297405195e+00
-4.989891962113864210e+00
-5.051392286987317348e+00
-5.052404381670751121e+00
-4.992764778344175092e+00
-4.883989831872121989e+00
-4.747045173317479438e+00
-4.608300574741980959e+00
-4.494451312016916056e+00
-4.427384119022494957e+00
-4.419974504577512064e+00
-4.473621370725216373e+00
-4.577989707612882597e+00
-4.713007333910190333e+00
-4.852728910947162078e+00
-4.970322802921410599e+00
-5.043222201446763364e+00
-5.057452024759849785e+00
-5.010302779098526393e+00
-4.910840834009927214e+00
-4.778160106973129650e+00
-4.637713172007014606e+00
-4.516427324863910187e+00
-4.437542894650750469e+00
-4.416162964529778634e+00
-4.456366049414453911e+00
-4.550432855436840285e+00
-4.680332793970990224e+00
-4.821183204716660065e+00
-4.946017090117208248e+00
-5.030945629820595677e+00
-5.059727347414119336e+00
-5.026870490598234653e+00
-4.938676736992293037e+00
-4.812028671395939483e+00
-4.671155053905713395e+00
-4.542994178347977474e+00
-4.452042862002815404e+00
-4.415675924232346006e+00
-4.440830054225365586e+00
-4.522684372508467554e+00
-4.645587949753603674e+00
-4.786055172448370421e+00
-4.917255177274483025e+00
-5.014136907735876392e+00
-5.058210867463332150e+00
-5.041075134843178596e+00
-4.966013737065163802e+00
-4.847363947353396263e+00
-4.707775017237161741e+00
-4.573882970319070651e+00
-4.471227705410440123e+00
-4.419382390945572503e+00
-4.428223763735847029e+00
-4.496053580015081153e+00
-4.609927937734540571e+00
-4.748130033694499375e+00
-4.884313474154707180e+00
-4.992525334902181200e+00
-5.052151233578040745e+00
-5.051840362475991775e+00
-4.991663541086778011e+00
-4.883094525411432407e+00
-4.746819690786410639e+00
-4.608794707137604085e+00
-4.495300229723119934e+00
-4.427938556428386185e+00
-4.419523660412811417e+00
-4.471646197413933876e+00
-4.574375707208901076e+00
-4.708155203355430807e+00
-4.847526200262930907e+00
-4.965974321208565634e+00
-5.040973062479918276e+00
-5.058266340603096545e+00
-5.014575964338237490e+00
-4.918220294965242267e+00
-4.787527872577761912e+00
-4.660640546139307006e+00
-4.555741633499600596e+00
-4.485408339490487784e+00
-4.462999879724065977e+00
-4.492765548081970373e+00
-4.569041206293367630e+00
-4.677329340074646957e+00
-4.797056316104052698e+00
-4.905482114301247698e+00
-4.982019370022216620e+00
-5.012141414479975410e+00
-4.990137653467580314e+00
-4.920193989566224779e+00
-4.815594296801162244e+00
-4.696195694871373227e+00
-4.584657812276804023e+00
-4.502142276660969777e+00
-4.464298635734309961e+00
-4.478297965004626846e+00
-4.541476133099590307e+00
-4.641843006847600428e+00
-4.760359856452582861e+00
-4.874552036515707343e+00
-4.962771197279320923e+00
-5.008298666403926624e+00
-5.002512347857323682e+00
-4.946517542543087842e+00
-4.850933620918817191e+00
-4.733878124753446492e+00
-4.617531345983766577e+00
-4.523933048602858165e+00
-4.470807956760754820e+00
-4.468210595438436350e+00
-4.516624328278968648e+00
-4.606873623752693270e+00
-4.721865029333127239e+00
-4.839826143745106002e+00
-4.938428578813985226e+00
-4.999014051034387229e+00
-5.010123801083869566e+00
-4.969663948991540181e+00
-4.885297956957273868e+00
-4.772993056365707254e+00
-4.653996731047255864e+00
-4.550816071295829879e+00
-4.482960960046257881e+00
-4.463256151770339741e+00
-4.495419156426037510e+00
-4.573361035902637539e+00
-4.682341213728251184e+00
-4.801756888933720546e+00
-4.909038895143080339e+00
-4.983917157619460525e+00
-5.012249607790161043e+00
-4.988691474177924690e+00
-4.917701445497177914e+00
-4.812695692948782522e+00
-4.693510660950996005e+00
-4.582654778138151919e+00
-4.501057556097364909e+00
-4.464118915024389622e+00
-4.478804316609659608e+00
-4.542333347134266397e+00
-4.642708268154238205e+00
-4.760981660677783722e+00
-4.874834222759199420e+00
-4.962786915412673139e+00
-5.008252479344382557e+00
-5.002662221888454219e+00
-4.947078933375089527e+00
-4.851992704070486440e+00
-4.735339260412047224e+00
-4.619115529224013805e+00
-4.525231308949805964e+00
-4.471379450822113633e+00
-4.467702894918801348e+00
-4.514886171483601274e+00
-4.604030109307486462e+00
-4.718332260073696993e+00
-4.836255356651435910e+00
-4.935586058744289240e+00
-4.997618992701927887e+00
-5.010678052883623224e+00
-4.972312300839909938e+00
-4.889753829782871541e+00
-4.778552465594755994e+00
-4.659645429019500185e+00
-4.555414465037027405e+00
-4.485473099438647360e+00
-4.462976926033941361e+00
-4.492150840342356233e+00
-4.567497682039110884e+00
-4.674836116205119296e+00
-4.793971411479483358e+00
-4.902495816392144157e+00
-4.980003181124361689e+00
-5.011925102542593713e+00
-4.992267603368764739e+00
-4.924734565019571519e+00
-4.843716322880748493e+00
