1.185824578789837824e+00
1.200041618117843711e+00
1.211010374169970705e+00
1.217545571519639935e+00
1.218939250778044547e+00
1.215037893337732156e+00
1.206259787349932555e+00
1.193550619466581475e+00
1.178281954167700540e+00
1.162103457274228147e+00
1.146764759306166059e+00
1.133926186801974323e+00
1.124978847475922139e+00
1.120893593805707855e+00
1.122115305545431596e+00
1.128514052297951320e+00
1.139398546988191541e+00
1.153590544774352855e+00
1.169552213264529961e+00
1.185552721485694905e+00
1.199855999476481916e+00
1.210909280675395605e+00
1.217511916486865964e+00
1.218946066110645488e+00
1.215054989926100948e+00
1.206260365584742589e+00
1.193516683857358318e+00
1.178207642088288765e+00
1.161995786386455398e+00
1.146641765047009986e+00
1.133812883340402644e+00
1.124901826665789528e+00
1.120875313719785771e+00
1.122169172994345487e+00
1.128641261791278882e+00
1.139587323219070525e+00
1.153817997404298135e+00
1.169788523892752563e+00
1.185766926411809141e+00
1.200022289202156367e+00
1.211012573581043084e+00
1.217551518467964833e+00
1.218936504341702864e+00
1.215023574357972036e+00
1.206241619230620010e+00
1.193544399941685041e+00
1.178305735513840435e+00
1.162168000003944490e+00
1.146863776634870158e+00
1.134033363472897182e+00
1.125056188057073525e+00
1.120911482460390296e+00
1.122076448874683496e+00
1.128468902345807878e+00
1.139443496058972771e+00
1.153844646344128977e+00
1.170114141292094789e+00
1.186446086598630378e+00
1.200976534306522181e+00
1.211990375801733189e+00
1.218124447656023346e+00
1.218543897236159745e+00
1.213069221408062948e+00
1.202234412061928825e+00
1.187262457387658676e+00
1.169952867014118159e+00
1.152486327091293283e+00
1.137163047784699454e+00
1.126102463432546719e+00
1.120941041765940227e+00
1.122570331464940452e+00
1.130957482589449059e+00
1.145084245751988083e+00
1.163027609640990168e+00
1.182186524692261376e+00
1.199636507672015684e+00
1.212570381097681560e+00
1.218762884170462302e+00
1.216983651878317474e+00
1.207280961738003366e+00
1.191070312602013237e+00
1.170987858184872721e+00
1.150506775252487124e+00
1.133359654880651712e+00
1.122854219458379266e+00
1.121203780470619416e+00
1.129008667475709160e+00
1.145013400438556594e+00
1.166224039769111931e+00
1.188404375874724694e+00
1.206888554605191732e+00
1.217567361503168355e+00
1.217844968641003778e+00
1.207340934657542775e+00
1.188141339621893611e+00
1.164485393204937047e+00
1.141898458428723728e+00
1.125924401141230158e+00
1.120734883036517360e+00
1.127963682693945202e+00
1.146101062556087236e+00
1.170675254152726108e+00
1.195259280745174957e+00
1.213112274283023373e+00
1.219056019353339293e+00
1.211066126692690315e+00
1.191075257767652662e+00
1.164661396939908000e+00
1.139598272461121775e+00
1.123601092507750865e+00
1.121900585612923162e+00
1.135412625760392480e+00
1.160166927025308770e+00
1.188313698046467248e+00
1.210523883504490250e+00
1.219090593538238787e+00
1.210709380121489875e+00
1.187911894853383776e+00
1.158502480708412108e+00
1.133015882482422132e+00
1.120963673001614591e+00
1.127186877287691402e+00
1.149735668965835789e+00
1.180247594733830452e+00
1.206897452098123935e+00
1.245987582869667154e+00
1.233966628098580598e+00
1.195506727260331470e+00
1.146104887335265721e+00
1.106463876992946016e+00
1.093825804392326129e+00
1.114253759093317475e+00
1.159387076069618105e+00
1.209495011109436247e+00
1.241920125605023406e+00
1.241401016534304347e+00
1.207555791938435874e+00
1.155745770703661801e+00
1.110416751060180340e+00
1.093629778277618758e+00
1.114113527885146393e+00
1.162353445209578062e+00
1.214615819706457378e+00
1.244444385210544679e+00
1.236167615573281253e+00
1.193476909436174127e+00
1.138229001457361500e+00
1.099512479748854021e+00
1.098296943128084679e+00
1.135775013410020851e+00
1.192023824130449716e+00
1.236301264181181914e+00
1.243831757059615351e+00
1.209928979317475006e+00
1.153267884077996852e+00
1.105895140816027356e+00
1.095141054181314910e+00
1.127624206062342260e+00
1.184843062555513304e+00
1.233445077076194440e+00
1.244636901628542125e+00
1.211447286480013430e+00
1.153361934482374895e+00
1.105088228231087655e+00
1.095800003357457308e+00
1.131316442499699315e+00
1.190261091299887886e+00
1.236866617875187258e+00
1.242771904389242454e+00
1.204404089182551818e+00
1.145143801563601516e+00
1.100930528267951125e+00
1.098303376045608903e+00
1.138490705263701441e+00
1.197165389274147840e+00
1.239568608210427803e+00
1.241309365522223818e+00
1.202148245001238624e+00
1.145065722553311183e+00
1.102164783286756045e+00
1.096430821681037893e+00
1.129855948815426503e+00
1.183795210407099230e+00
1.230107184302843049e+00
1.246089034263475170e+00
1.225178838884497967e+00
1.178668813497638634e+00
1.128803571074544321e+00
1.097697867269904037e+00
1.097715527617156628e+00
1.127312922850835841e+00
1.173234751869411729e+00
1.217090587812552194e+00
1.242930428433846712e+00
1.242728816830941385e+00
1.218139075435633156e+00
1.178615844567243887e+00
1.137278921744880655e+00
1.106351874370971267e+00
1.093714279708595027e+00
1.101375004271051949e+00
1.125880992263238678e+00
1.160099775296507651e+00
1.195570804736561188e+00
1.224681515606407922e+00
1.242174410257601558e+00
1.245798692250263073e+00
1.236180686859890576e+00
1.216147588775320143e+00
1.189791836340160724e+00
1.161532562075515029e+00
1.135352698683617545e+00
1.114300084499816768e+00
1.100262906054103595e+00
1.093976441077415540e+00
1.095191424557204529e+00
1.102929924062711065e+00
1.115764947083423664e+00
1.132077604066328957e+00
1.150264562070742791e+00
1.168884927576498756e+00
1.186747779571779349e+00
1.202949032631045023e+00
1.216869767444221040e+00
1.228148663235928861e+00
1.236639624069992394e+00
1.242363364665144854e+00
1.245462788610187443e+00
1.246164238721354955e+00
1.244744913376947038e+00
1.241506791280969635e+00
1.236756742654693930e+00
1.230792129600981610e+00
1.223891031774086757e+00
1.216306204805028157e+00
1.208261933916579878e+00
1.199953044648618405e+00
1.191545449973725690e+00
1.183177731383342923e+00
1.174963360924143219e+00
1.166993266734662527e+00
1.159338524667536285e+00
1.152053023350695371e+00
1.145176000906219516e+00
1.138734390381780592e+00
1.132744939767303727e+00
1.127216093196131919e+00
1.122149634293745368e+00
1.117542102118742386e+00
1.113385995965695097e+00
1.123703378940818176e+00
1.121182273128749740e+00
1.118978686366552067e+00
1.117081008925397745e+00
1.115477260596417608e+00
1.114155361642937381e+00
1.113103341891825915e+00
1.112309498027231891e+00
1.111762507842363856e+00
1.111451508990620507e+00
1.111366148674415966e+00
1.111496609725382223e+00
1.111833617662817186e+00
1.112368432563109799e+00
1.113092828923374134e+00
1.113999066148189110e+00
1.115079851819140266e+00
1.116328299512868716e+00
1.117737882605045030e+00
1.119302385226367491e+00
1.121015851314345113e+00
1.122872532524145317e+00
1.124866835616942451e+00
1.126993269829409172e+00
1.129246394638630857e+00
1.131620768268561950e+00
1.134110897233724602e+00
1.136711187180235116e+00
1.139415895260672551e+00
1.142219084265860607e+00
1.145114578731105892e+00
1.148095923235598947e+00
1.151156343119769110e+00
1.154288707855501528e+00
1.157485497317009004e+00
1.160738771214956611e+00
1.164040141972339182e+00
1.167380751336698941e+00
1.170751251039071184e+00
1.174141787824581007e+00
1.177541993192527281e+00
1.180940978194243485e+00
1.184327333644567437e+00
1.187689136106614640e+00
1.191013960009399852e+00
1.194288896252809762e+00
1.197500577644190045e+00
1.200635211494682331e+00
1.203678619680891293e+00
1.206616286448112030e+00
1.209433414194465595e+00
1.212114987430770174e+00
1.214645845058106133e+00
1.217010761043736400e+00
1.219194533505913558e+00
1.221182082139069758e+00
1.222958553822811822e+00
1.224509436161154818e+00
1.225820678592617341e+00
1.226878820597590458e+00
1.227671126407192448e+00
1.228185725488339930e+00
1.228411757943825178e+00
1.228339523824877766e+00
1.227960635208225293e+00
1.227268169741586812e+00
1.226256824212533347e+00
1.224923066547680017e+00
1.223265284504437611e+00
1.221283929178473171e+00
1.218981651319211768e+00
1.216363428326111329e+00
1.213436679692961651e+00
1.210211368579493074e+00
1.206700087122343446e+00
1.202918123054474320e+00
1.198883505186947973e+00
1.194617025323078119e+00
1.190142234225896045e+00
1.185485409348859820e+00
1.180675492170095042e+00
1.175743993144911181e+00
1.170724862512582565e+00
1.165654325463307384e+00
1.160570680491538997e+00
1.155514060133317811e+00
1.150526153707866595e+00
1.145649892157013960e+00
1.140929095598043785e+00
1.136408084773784077e+00
1.132131258194216672e+00
1.128142637411536420e+00
1.124485383549064688e+00
1.121201288906144233e+00
1.118330248176996777e+00
1.115909714541303721e+00
1.113974146596198311e+00
1.112554452790609716e+00
1.111677440679314399e+00
1.111365278920521948e+00
1.111634980481288837e+00
1.112497915972810336e+00
1.113959366395536277e+00
1.116018124814760482e+00
1.118666156593730143e+00
1.121888327766825011e+00
1.125662210924324613e+00
1.129957977588509355e+00
1.134738385475889011e+00
1.139958868252304525e+00
1.145567734389212999e+00
1.151506480516938158e+00
1.157710223244034609e+00
1.164108251775548997e+00
1.170624701826077585e+00
1.177179349300221611e+00
1.183688520023393753e+00
1.190066109475056644e+00
1.196224704035953046e+00
1.202076792747678757e+00
1.207536056040059647e+00
1.212518715357456367e+00
1.216944925162626312e+00
1.220740186473997957e+00
1.223836758960208826e+00
1.241437167979783762e+00
1.243381917850726603e+00
1.244248977687062885e+00
1.244003373116769673e+00
1.242626504601120896e+00
1.240117217550039896e+00
1.236492627780120701e+00
1.231788669808925540e+00
1.226060338410408956e+00
1.219381597676551188e+00
1.211844936541233597e+00
1.203560555304481916e+00
1.194655174106222129e+00
1.185270461471773951e+00
1.175561088893984474e+00
1.165692425810786803e+00
1.155837898137411113e+00
1.146176042549739371e+00
1.136887297796175256e+00
1.128150583225064674e+00
1.120139723221188932e+00
1.113019784101700216e+00
1.106943396974892524e+00
1.102047145856944521e+00
1.098448104719369711e+00
1.096240609861597326e+00
1.095493354847004941e+00
1.096246894012201878e+00
1.098511637100384242e+00
1.102266411766530174e+00
1.107457662494059303e+00
1.113999343848532719e+00
1.121773553039527416e+00
1.130631931604499485e+00
1.140397848880752907e+00
1.150869361083714848e+00
1.161822919627859552e+00
1.173017781251415537e+00
1.184201051046211761e+00
1.195113268218716218e+00
1.205494423935335124e+00
1.215090281588240506e+00
1.223658852928984908e+00
1.230976869428050069e+00
1.236846077580004533e+00
1.241099180292312143e+00
1.243605244510328056e+00
1.244274398288305328e+00
1.243061648948014852e+00
1.239969667966251743e+00
1.235050407835634800e+00
1.228405441210050242e+00
1.220184942849527499e+00
1.210585269696267563e+00
1.199845133123976115e+00
1.188240399093960731e+00
1.176077595531683118e+00
1.163686250453919158e+00
1.151410227845114154e+00
1.139598269520551543e+00
1.128593988688056049e+00
1.118725593088657932e+00
1.110295640968429476e+00
1.103571150324409222e+00
1.098774389660185369e+00
1.096074675891574479e+00
1.095581491354615578e+00
1.097339206718627169e+00
1.101323660010026684e+00
1.107440794337941181e+00
1.115527499148930568e+00
1.125354733239134042e+00
1.136632934067340672e+00
1.149019639298667350e+00
1.162129165483242632e+00
1.175544108149400024e+00
1.188828350388283273e+00
1.201541196357575947e+00
1.213252185161127983e+00
1.223556092261456563e+00
1.232087592682054478e+00
1.238535045086643027e+00
1.242652860186207242e+00
1.244271941978399409e+00
1.243307736475732783e+00
1.239765489408388710e+00
1.233742400594902699e+00
1.225426466063840092e+00
1.215091916510945502e+00
1.203091288404762427e+00
1.189844297414554442e+00
1.175823817667165372e+00
1.161539399099954073e+00
1.147518873154320884e+00
1.134288698611187085e+00
1.122353779203519863e+00
1.112177538047067316e+00
1.104163057063627829e+00
1.098636079683916966e+00
1.095830630768843239e+00
1.095877928904896770e+00
1.098799154609452211e+00
1.104502496728917427e+00
1.112784733196467979e+00
1.123337417550198447e+00
1.135757546652246264e+00
1.149562386311658857e+00
1.164207939027738670e+00
1.179110361071610491e+00
1.193669483607750825e+00
1.207293472815047730e+00
1.219423584124262661e+00
1.229557931274094962e+00
1.237273205457344538e+00
1.242243344669356819e+00
1.244254267308513739e+00
1.243213943404513078e+00
1.239157275382755108e+00
1.232245489557493912e+00
1.222759989192694796e+00
1.211090870070405057e+00
1.197720261662014618e+00
1.183201315068191484e+00
1.168134488162988704e+00
1.157026342343925540e+00
