7.368507921597633903e+00
9.704174173434459760e+00
1.038627335292720311e+01
9.214347372229051203e+00
6.531685304522389046e+00
3.124764569087499666e+00
-7.321125708897646689e-03
-1.945850115648191547e+00
-2.121957399788922061e+00
-4.835688903568637897e-01
2.489201683915372776e+00
5.924745307326224619e+00
8.815511132022418650e+00
1.031349334488074021e+01
9.978993420740431830e+00
7.909683543871693701e+00
4.712087661471402456e+00
1.323807094159324294e+00
-1.261403141960425245e+00
-2.285094327925641267e+00
-1.446637804071287725e+00
1.008488589871710417e+00
4.360568869336524322e+00
7.626631578412789381e+00
9.848698127361199539e+00
1.037477050572936577e+01
9.050140966908838180e+00
6.262889274736570755e+00
2.830187216818980556e+00
-2.412806958644857502e-01
-2.050540460078376981e+00
-2.066617748738224236e+00
-2.843670069898340813e-01
2.773892177336995779e+00
6.211449020336554661e+00
9.020125363577541577e+00
1.037595777477380388e+01
9.880919095696141241e+00
7.679766669618574682e+00
4.417714011179362465e+00
1.051302753954526548e+00
-1.432087092441626908e+00
-2.303839557809029159e+00
-1.307876025839536993e+00
1.264121142909523599e+00
4.658131892936844487e+00
7.878851291890613062e+00
9.981566585803205882e+00
1.034926408255033969e+01
8.873683470356468206e+00
5.987191503214619459e+00
2.536091153345409133e+00
-4.675108363121553978e-01
-2.142526091489084017e+00
-1.997346451271344137e+00
-7.412709484876600641e-02
3.063454825371559664e+00
6.495411062371969635e+00
9.215199356493785743e+00
1.042492822709788669e+01
9.769429251402915071e+00
7.440528569030864681e+00
4.120906685068795205e+00
7.839782910709853780e-01
-1.591543632208922254e+00
-2.308700299444006454e+00
-1.156765653126035964e+00
1.526838828446039908e+00
4.955382969641867419e+00
8.123467189078169781e+00
1.010184774393400176e+01
1.030999404974903122e+01
8.686435835474618727e+00
5.706916101494408977e+00
2.244989791679193658e+00
-6.840857530334929493e-01
-2.221084437818446666e+00
-1.914858693274609003e+00
1.452337776353394005e-01
3.355395207060491547e+00
6.774344184023249227e+00
9.399307464007215174e+00
1.046012906265044862e+01
9.645238105892850911e+00
7.193174203675932965e+00
3.822780018386848777e+00
5.224834108539995192e-01
-1.739568163818216107e+00
-2.299518869476264271e+00
-9.926448821572337877e-01
1.798165501885487405e+00
5.254567089684160308e+00
8.362703506920723839e+00
1.021059484967289599e+01
1.025573826665898380e+01
8.484397143011257469e+00
5.415802097516971614e+00
1.949973005810523130e+00
-8.962443491160270170e-01
-2.287514196282227630e+00
-1.815188908865316364e+00
3.826373908595344098e-01
3.661477024965463123e+00
7.059418036237477878e+00
9.579312920311100044e+00
1.048140501931588986e+01
9.500514703008636985e+00
6.924015193242979649e+00
3.507661874259504486e+00
2.539219012377058604e-01
-1.882181110794551415e+00
-2.273392142584064857e+00
-8.044322862324824186e-01
2.094014202716690143e+00
5.571559264711154036e+00
8.607606238536755328e+00
1.031088165794038858e+01
1.018109179437230516e+01
8.255882811490838691e+00
5.099930497687137354e+00
1.639318264028443828e+00
-1.110218428930251022e+00
-2.341432140177240662e+00
-1.692572577932395461e+00
6.463257159868653901e-01
3.989107535850378472e+00
7.354805907981720736e+00
9.755528759012319640e+00
1.048642962381267907e+01
9.332643312411528669e+00
6.632430938253362385e+00
3.177981247928196140e+00
-1.703163120211126369e-02
-2.014919911551584342e+00
-2.229177781924859048e+00
-5.966314915178276834e-01
2.403981176616774462e+00
5.892453864454823886e+00
8.845358872220277391e+00
1.039631289799953606e+01
1.009015436325673321e+01
8.016462416258827162e+00
4.783263636652463902e+00
1.338666419579742417e+00
-1.307221670488305065e+00
-2.378498539268088408e+00
-1.560932141059032219e+00
9.059744082820855304e-01
4.299250430610303653e+00
7.624402521002026312e+00
9.906880560472259845e+00
1.047764579151418474e+01
9.169190561130287520e+00
6.364619136676809674e+00
2.885443661101772417e+00
-2.490289153897968788e-01
-2.120261119742633760e+00
-2.179587124328037362e+00
-4.090600453765560474e-01
2.673079041191731342e+00
6.163976354973773830e+00
9.040492176421988546e+00
1.045895971586756090e+01
1.000262203839798403e+01
7.804222249892653451e+00
4.507718936630335627e+00
1.079998976899987806e+00
-1.472667298952038628e+00
-2.400339330869812215e+00
-1.430192079094215529e+00
1.152966388150818311e+00
4.590505382172302973e+00
7.873511582307239465e+00
1.003992878647564879e+01
1.045708163073324037e+01
9.006059428648381271e+00
6.114228865293675597e+00
2.627452339183913299e+00
-4.390902113501944370e-01
-2.197343989925517604e+00
-2.143050898322617748e+00
-2.984585073439580682e-01
2.798803212518278016e+00
6.255248490931895944e+00
9.081225782282462688e+00
1.047459207268202519e+01
1.004683624234639439e+01
7.928284329576647416e+00
4.724837633918168578e+00
1.341410151324327948e+00
-1.275516437966242478e+00
-2.402387488713661590e+00
-1.736222430944136974e+00
5.279069236306890289e-01
3.758137142264830199e+00
7.065618599805222999e+00
9.550748427418856323e+00
1.054714291684103955e+01
9.797370695846788990e+00
7.514949704064317615e+00
4.319101352994080933e+00
1.063173857898753738e+00
-1.394810236351475830e+00
-2.417381894560648448e+00
-1.749772297306085633e+00
4.213558342389069900e-01
3.524660465594930070e+00
6.758203026155255699e+00
9.298421029202160071e+00
1.050913944952683465e+01
1.009782375726941694e+01
8.181566010620159091e+00
5.249314133717181363e+00
2.033159816863063796e+00
-6.765575825768159746e-01
-2.225184786844653040e+00
-2.249283219147595325e+00
-7.575417371391583998e-01
1.879706501604672564e+00
5.026621867717844694e+00
7.937839437153828115e+00
9.935484974677326164e+00
1.056516101373367533e+01
9.695541281406407919e+00
7.540758423330562010e+00
4.603363807554021747e+00
1.553793723826738749e+00
-9.241052773049940328e-01
-2.285665537445241924e+00
-2.242321481040299602e+00
-8.185066288838287463e-01
1.661557446760477230e+00
4.651543034267353605e+00
7.505875502248766651e+00
9.619703580672734233e+00
1.055560549816602744e+01
1.013090378104816836e+01
8.448964977998731030e+00
5.870303546220577928e+00
2.931923721758555423e+00
2.335095726667830718e-01
-1.685114003441364972e+00
-2.450278182248607273e+00
-1.924041951453575372e+00
-2.248589544410508623e-01
2.302613869873498142e+00
5.160504127214687209e+00
7.797580397995918844e+00
9.715710251150669663e+00
1.056243810547359629e+01
1.019288039778365373e+01
8.690784246600744112e+00
6.346414703522255785e+00
3.597349587072431909e+00
9.448744122241210519e-01
-1.137863408617729277e+00
-2.289142369943134803e+00
-2.319041844642518058e+00
-1.237380577986154861e+00
7.541094404382504557e-01
3.302321824458757327e+00
5.967529387386852235e+00
8.300210686574585495e+00
9.916456363674772234e+00
1.055946485749576347e+01
1.013765421198922212e+01
8.734299936213197668e+00
6.588536666674976061e+00
4.052190143069961614e+00
1.530510144206489453e+00
-5.830459773215768138e-01
-1.967491047124199532e+00
-2.421282923121300890e+00
-1.889086241473593830e+00
-4.652837029445606731e-01
1.625102789207995446e+00
4.064076271451007472e+00
6.490392961985642195e+00
8.553455575188861459e+00
9.963347683245533659e+00
1.053003305484164720e+01
1.018672083760558955e+01
8.994946519974181598e+00
7.131632404066114539e+00
4.860875006060183523e+00
2.495132822849244647e+00
3.516354315334488945e-01
-1.289889901422117013e+00
-2.222641373442445278e+00
-2.337040945861319052e+00
-1.631361990978488663e+00
-2.080740075319544857e-01
1.742838218790382587e+00
3.970753455883574645e+00
6.197567934846588855e+00
8.152679355157394170e+00
9.605424281846200785e+00
1.039119239567189723e+01
1.042845433581149805e+01
9.725208047210859519e+00
8.374697437530496558e+00
6.541519447972558687e+00
4.440270306636630693e+00
2.309588043190801798e+00
3.847735441921447119e-01
-1.127887172254944836e+00
-2.072380583223028871e+00
-2.357756767940779596e+00
-1.965250500066675343e+00
-9.474348207998275484e-01
5.800250620902480669e-01
2.452714010779471820e+00
4.476061995440052677e+00
6.446043525353392312e+00
8.169772981761433073e+00
9.483956043195894026e+00
1.026951673297581280e+01
1.046121598220912219e+01
1.005164903777958330e+01
9.089592471363111770e+00
7.673209185172423119e+00
5.939064310022621029e+00
4.048222780830866618e+00
2.170872732891024448e+00
4.709452650434817755e-01
-9.079079048817400022e-01
-1.853839004873575114e+00
-2.294994693285770104e+00
-2.203886890182999991e+00
-1.597820939948942254e+00
-5.355998905707393121e-01
8.889825688694212857e-01
2.556122476412145517e+00
4.330576224631517590e+00
6.072877997504756209e+00
7.650281404209058778e+00
8.946595090675874218e+00
9.870231614034000955e+00
1.035997802799769829e+01
1.038820676465823389e+01
9.961458239190463360e+00
9.118525687778699762e+00
7.926344493347236231e+00
6.474122655165403195e+00
4.866240020642031539e+00
3.214489213372253573e+00
1.630232229981527059e+00
2.170078440992075919e-01
-9.359470067727775344e-01
-1.758895457316056010e+00
-2.205264690223579294e+00
-2.253640874157442298e+00
-1.908077444426633740e+00
-1.196806879399950674e+00
-1.695385407348934947e-01
1.106402088039724951e+00
2.550786853103526042e+00
4.075717620523452212e+00
5.591039565015512025e+00
7.009611601373165080e+00
8.252143075336071831e+00
9.251352115669948972e+00
9.955256990274346407e+00
1.032947326188042680e+01
1.035845252711063047e+01
1.004565944779244546e+01
9.412739581923691645e+00
8.497778768299758312e+00
7.352793777868305014e+00
6.040622574623041530e+00
4.631400452513073418e+00
3.198821629773676012e+00
1.816379928502193764e+00
5.537340796066096971e-01
-5.266324444046039943e-01
-1.372309710137704641e+00
-1.943298360675917991e+00
-2.213695477386045773e+00
-2.172671400654896168e+00
-1.824712970518061361e+00
-1.189141856631659167e+00
-2.989484109678892665e-01
8.009894348797526042e-01
2.056207387203541348e+00
3.405360654982334090e+00
4.783203779028086799e+00
6.123704433270741987e+00
7.363148057831227611e+00
8.443093205187828687e+00
9.313046437292713975e+00
9.932740035635600151e+00
1.027391499820603826e+01
1.032153493255393428e+01
1.007438249817527520e+01
9.545017880314897951e+00
8.759107202427490080e+00
7.754156600401370447e+00
6.577713714033275316e+00
5.285121504780008195e+00
3.936928611568602410e+00
2.596075099827932053e+00
1.324981831277205924e+00
1.826753945877706009e-01
-7.779215591706352129e-01
-1.512412539356348340e+00
-1.986953135507281587e+00
-2.179789743777368116e+00
-2.082242195312353772e+00
-1.699086424416989871e+00
-1.048320320416215701e+00
-1.603236925186939388e-01
9.235493824195044610e-01
2.152881875161007486e+00
3.470521946775688260e+00
4.815222034553377384e+00
6.124468649409839927e+00
7.337373672846895900e+00
8.397494761566301591e+00
9.255455266130603320e+00
9.871242759060987026e+00
1.021607949524007353e+01
1.027377728929513090e+01
1.004151255878427307e+01
9.529983623275150251e+00
8.762940593182715787e+00
7.776107055665353762e+00
6.615540953267517565e+00
5.335508256927862902e+00
3.995966037570621410e+00
2.659770252180066130e+00
1.389737078199415610e+00
2.456942801937973542e-01
-7.183395363266420475e-01
-1.456714963125425477e+00
-1.934329568518119657e+00
-2.128318911411285264e+00
-2.029178368177678493e+00
-1.641259495244409727e+00
-9.826136742953268666e-01
-8.418635927904105642e-02
1.011604055600039409e+00
2.252839344914829844e+00
3.580536472022095573e+00
4.931431800291322887e+00
6.240984251433408403e+00
7.446455662533122855e+00
8.489921726049963979e+00
9.321068976061884115e+00
9.899642291875407452e+00
1.019742297820518928e+01
1.019963898118539802e+01
9.905735250708723072e+00
9.329462450098770177e+00
8.498274735293430027e+00
7.452060636955387452e+00
6.241263579925259819e+00
4.924478681630629850e+00
3.565638694625882454e+00
2.230922976054502627e+00
9.855380907333848306e-01
-1.094737117849602370e-01
-1.000241824067211738e+00
-1.642741658569576657e+00
-2.005002268715037950e+00
-2.068735086805827628e+00
-1.830299088185564749e+00
-1.300949603131980936e+00
-5.063528682639431011e-01
5.146154483068672292e-01
1.711733872786043165e+00
3.025873661854479479e+00
4.391895606045951084e+00
5.741864531838206887e+00
7.008423748972929523e+00
8.128162189983424213e+00
9.044805749075162993e+00
9.712071516075432953e+00
1.009603896619621288e+01
1.017691504098686295e+01
9.950099385244701722e+00
9.426490392800985774e+00
8.632010488900727196e+00
7.606368370301917814e+00
6.401114763823456677e+00
5.077084671635452295e+00
3.701351163655562271e+00
2.343841862914604057e+00
1.073787939506468003e+00
-4.381436785193937311e-02
-9.515485788086115448e-01
-1.602556191566720578e+00
-1.962992483379805364e+00
-2.013829429158594309e+00
-1.751907634822086557e+00
-1.190176969313384348e+00
-3.571069113876497170e-01
7.047095903949993634e-01
1.940692914192574836e+00
3.287049299942491842e+00
4.064568934130265987e+00
