-3.277963222241568886e-01
3.786153738458042373e-01
9.005175224234016618e-01
1.178915917569761884e+00
1.184894449134971772e+00
9.219256450688462223e-01
4.243216961437197288e-01
-2.477831409157139619e-01
-1.016153825687656997e+00
-1.793856104140598262e+00
-2.495192159404768795e+00
-3.045039606076531236e+00
-3.386603482966844769e+00
-3.486830016118534825e+00
-3.339033997066523263e+00
-2.962620078482255614e+00
-2.400094420144459839e+00
-1.711834123437804056e+00
-9.692829392731574512e-01
-2.473577978140978351e-01
3.831228533002435377e-01
8.622359638625283207e-01
1.146352296818973215e+00
1.211693609544322925e+00
1.055816061849280008e+00
6.970033470040799539e-01
1.717533041149841289e-01
-4.692916615637894306e-01
-1.166500015722776062e+00
-1.856955716072708817e+00
-2.480163971040977078e+00
-2.983249681944676990e+00
-3.325222337399861061e+00
-3.479994574793136675e+00
-3.437973211364544923e+00
-3.206177907983283504e+00
-2.806971351210433507e+00
-2.275595477273212985e+00
-1.656793038665765216e+00
-1.000848003576900069e+00
-3.594002657445941606e-01
2.186187933659431426e-01
6.906194776995953077e-01
1.023303015355849777e+00
1.194746798453341974e+00
1.195525801594162107e+00
1.028851180551328071e+00
7.097821261876013921e-01
2.636311811979381581e-01
-2.762673532284214417e-01
-8.712238158569121094e-01
-1.480077445262904412e+00
-2.062083655467196852e+00
-2.579606637327720442e+00
-3.000449036777524725e+00
-3.299688837767503991e+00
-3.460937279419660229e+00
-3.476977086191705091e+00
-3.349784196015855642e+00
-3.089975728372801100e+00
-2.715759957586650231e+00
-2.251489057289898454e+00
-1.725931581401342729e+00
-1.170388940023118662e+00
-6.167790054564668001e-01
-9.580142077200015649e-02
3.647154821355189647e-01
7.412054526912106311e-01
1.015434160819880915e+00
1.175212808434523915e+00
1.214743260656207191e+00
1.134603892706231854e+00
9.414041389704408402e-01
6.471510870663401693e-01
2.683829005078002261e-01
-1.748688181774418204e-01
-6.602223351300421372e-01
-1.164129868255006750e+00
-1.663041358578986273e+00
-2.134493385567053814e+00
-2.558077303935839097e+00
-2.916250695995840747e+00
-3.194966973158173129e+00
-3.384108798881559022e+00
-3.477721393376370873e+00
-3.474051261490393117e+00
-3.375404107333415116e+00
-3.187842418333809213e+00
-2.920748278968656741e+00
-2.586280369440644655e+00
-2.198755862123274785e+00
-1.773988165284421603e+00
-1.328610351785256993e+00
-8.794118619682602667e-01
-4.427129203448785244e-01
-3.379729971941802802e-02
3.335801547477665885e-01
6.475992382637902889e-01
8.986857253374429533e-01
1.079724924271752595e+00
1.186177899548845005e+00
1.216104230038470568e+00
1.170098062272429296e+00
1.051146540052936729e+00
8.644214284864100151e-01
6.170159116636393382e-01
3.176391593875704800e-01
-2.371862287693704552e-02
-3.961382653977538748e-01
-7.881291197508172308e-01
-1.187981237043547633e+00
-1.584102727350932049e+00
-1.965334152794785405e+00
-2.321233258193154292e+00
-2.642324822554947161e+00
-2.920311869729776078e+00
-3.148245863446367032e+00
-3.320654795669172099e+00
-3.433629231168592533e+00
-3.484867377171366964e+00
-3.473681094297208727e+00
-3.400965449900576587e+00
-3.269134939579100507e+00
-3.082029874145821857e+00
-2.844796659011389117e+00
-1.762514859603836470e+00
-1.623141243452038029e+00
-1.471337720880583788e+00
-1.310984127219313233e+00
-1.146164492449174066e+00
-9.810733080704305831e-01
-8.199176720837439980e-01
-6.668171367038275843e-01
-5.257033273971001286e-01
-4.002216133259349773e-01
-2.936372729866841835e-01
-2.087486998289098672e-01
-1.478102171445978552e-01
-1.124670076595433166e-01
-1.037045019623716868e-01
-1.218143056982989858e-01
-1.663783772398020888e-01
-2.362726992443896501e-01
-3.296911285054637819e-01
-4.441894738410113730e-01
-5.767491620465956537e-01
-7.238591328603474206e-01
-8.816138854208122044e-01
-1.045824913889642716e+00
-1.212142153350219687e+00
-1.376181552675608932e+00
-1.533656854912626821e+00
-1.680510511626238213e+00
-1.813029317387254924e+00
-1.927945107892673260e+00
-2.022518408186619876e+00
-2.094602846562160892e+00
-2.142688972808088010e+00
-2.165926947951663628e+00
-2.164128370313527228e+00
-2.137748237629751635e+00
-2.087848690827100118e+00
-2.016046721683083742e+00
-1.924448440665557758e+00
-1.815572785999523875e+00
-1.692267710042610673e+00
-1.557621909642418645e+00
-1.414875083416110124e+00
-1.267329514804212964e+00
-1.118265512065005129e+00
-9.708629035731990431e-01
-8.281304080437088544e-01
-6.928442935664871349e-01
-5.674973245304163472e-01
-4.542585878722990023e-01
-3.549444036844336958e-01
-2.710001716341045030e-01
-2.034926928149757286e-01
-1.531122428028814930e-01
-1.201834594763790953e-01
-1.046839498412661662e-01
-1.062694127999543880e-01
-1.243040168645745958e-01
-1.578947591127738415e-01
-2.059285590284850587e-01
-2.671109023258125825e-01
-3.400049390904629210e-01
-4.230700511530883778e-01
-5.146990292470478012e-01
-6.132531352752349507e-01
-7.170944635177731730e-01
-8.246151520970612658e-01
-9.342631284377141965e-01
-1.044564196525605171e+00
-1.154140386942848373e+00
-1.261724591118205119e+00
-1.366171587841563673e+00
-1.466465642311506112e+00
-1.561724915808685665e+00
-1.651202967952537737e+00
-1.734287664201227930e+00
-1.810497819867409763e+00
-1.879477919711521450e+00
-1.940991250531284518e+00
-1.994911774539439575e+00
-2.041215055162905134e+00
-2.079968525615798924e+00
-2.111321365524633897e+00
-2.135494223241429346e+00
-2.152768992365940104e+00
-2.163478821372676109e+00
-2.167998505919473740e+00
-2.166735385077603215e+00
-2.160120835906848225e+00
-2.148602435911551201e+00
-2.132636840245334398e+00
-2.112683400267180378e+00
-2.089198532281031806e+00
-2.062630830027138540e+00
-2.033416901682728817e+00
-2.001977901666501580e+00
-1.968716719279775207e+00
-1.934015779981285377e+00
-1.898235410688433600e+00
-1.861712717718820631e+00
-1.824760924624014624e+00
-1.787669117015205922e+00
-1.750702342339010897e+00
-1.714102014242525840e+00
-1.678086573495480849e+00
-1.642852360254801969e+00
-1.608574655621081817e+00
-1.575408853821552491e+00
-1.543491729852765282e+00
-1.512942770935649994e+00
-1.483865543600799697e+00
-1.456349071570713472e+00
-1.430469202790399130e+00
-1.406289946942803404e+00
-1.383864767545294416e+00
-1.363237815242820172e+00
-1.344445091184550911e+00
-1.327515531393864023e+00
-1.312472004821274574e+00
-1.299332219317248738e+00
-1.288109531090454896e+00
-1.278813654344352457e+00
-1.271451268731142337e+00
-1.266026523047839358e+00
-1.262541434247836936e+00
-1.624154136684601291e+00
-1.625687133764087022e+00
-1.634767214003066238e+00
-1.651376365944579927e+00
-1.675489924045877377e+00
-1.707075697225347799e+00
-1.746092709446271929e+00
-1.792489560939756199e+00
-1.846202420568562541e+00
-1.907152662096870843e+00
-1.975244159828424273e+00
-2.050360262271242018e+00
-2.132360466233776286e+00
-2.221076818102369899e+00
-2.316310074019344967e+00
-2.417825656296472836e+00
-2.525349449656046907e+00
-2.638563487770828164e+00
-2.757101588034051254e+00
-2.880545000461522065e+00
-3.008418145013701750e+00
-3.140184520300421056e+00
-3.275242875435429912e+00
-3.412923745545165755e+00
-3.552486459877453040e+00
-3.693116739331634868e+00
-3.833925007234601168e+00
-3.973945542979416601e+00
-4.112136612348460396e+00
-4.247381710558840950e+00
-4.378492053871758216e+00
-4.504210452559878952e+00
-4.623216691687193958e+00
-4.734134536093018042e+00
-4.835540461780155397e+00
-4.925974197221027140e+00
-5.003951134616166030e+00
-5.067976642646687679e+00
-5.116562278646430428e+00
-5.148243859400244204e+00
-5.161601306125479738e+00
-5.155280130967639707e+00
-5.128014380088083968e+00
-5.078650792910883283e+00
-5.006173879325682030e+00
-4.909731557851313433e+00
-4.788660939426831575e+00
-4.642513785317170516e+00
-4.471081115514545345e+00
-4.274416398077857338e+00
-4.052856712307452369e+00
-3.807041251806621229e+00
-3.537926519645596013e+00
-3.246797569252551696e+00
-2.935274663370000869e+00
-2.605314761223083586e+00
-2.259207302342340462e+00
-1.899563835173468274e+00
-1.529301139969102774e+00
-1.151617618076108851e+00
-7.699628623652681192e-01
-3.880004841062952847e-01
-9.564447039470014289e-03
3.613906541902063285e-01
7.208447415354592991e-01
1.064772004266069771e+00
1.389204243028648644e+00
1.690296622934539528e+00
1.964394496809501511e+00
2.208099832267906404e+00
2.418335682822880806e+00
2.592407090165149697e+00
2.728056797461270389e+00
2.823514196198292581e+00
2.877536024323529507e+00
2.889437481923623263e+00
2.859112631120267700e+00
2.787043195686177199e+00
2.674295167312667587e+00
2.522502951517261227e+00
2.333841136896122048e+00
2.110984335138658796e+00
1.857055902987304830e+00
1.575566707447531467e+00
1.270345418170105933e+00
9.454620926888814836e-01
6.051470489205181824e-01
2.537071846883778292e-01
-1.045580018588598836e-01
-4.654384191074794064e-01
-8.248912040412119673e-01
-1.179112282846876525e+00
-1.524599798837948939e+00
-1.858207802787931406e+00
-2.177188915720541296e+00
-2.479225022952934232e+00
-2.762445424002068606e+00
-3.025432228021492698e+00
-3.267213130755370454e+00
-3.487242019364710011e+00
-3.685368110421363141e+00
-3.861794521062238861e+00
-4.017027294498102918e+00
-4.151815943950591503e+00
-4.267086544144040872e+00
-4.363868293498033069e+00
-4.443214307453425604e+00
-4.506117207294799698e+00
-4.553419874034536186e+00
-4.585721592212571807e+00
-4.603279780804673038e+00
-4.605907687960925756e+00
-4.592868932342472732e+00
-4.562770761336784275e+00
-4.513459561488664562e+00
-4.441924738292652108e+00
-4.344220857215417730e+00
-4.215423196586669974e+00
-4.049638862246917270e+00
-3.840104480627719585e+00
-3.579412055798519621e+00
-3.259916128559414705e+00
-2.874386253365832644e+00
-2.416975880157754997e+00
-1.884576725418662946e+00
-1.330726621688568478e+00
-4.144358745149007150e-01
5.669641537585916602e-01
1.572514331008781685e+00
2.541720004730523286e+00
3.393846418154683686e+00
4.030640849091851052e+00
4.344028578341818658e+00
4.230031564991749704e+00
3.609228111837694097e+00
2.452339910306866599e+00
8.070234461261467374e-01
-1.180962316388683542e+00
-3.261465418514652104e+00
-5.098360922787716021e+00
-6.319668223752294978e+00
-6.598922981211531535e+00
-5.755567412895016943e+00
-3.848505767751175366e+00
-1.226738484366154180e+00
1.498969211334406193e+00
3.583263432123734216e+00
4.359039432226667898e+00
3.480704971601344955e+00
1.108658282528140138e+00
-2.058920147147468072e+00
-4.961458896491316217e+00
-6.533209786486638748e+00
-6.124806963995904852e+00
-3.812998476509966483e+00
-4.388213287723310430e-01
2.683270475358927154e+00
4.291249298903215603e+00
3.715034999911895230e+00
1.179467568588385973e+00
-2.281520190926711322e+00
-5.268394000832342883e+00
-6.611376548966015676e+00
-5.838023371096229042e+00
-3.314545830832216211e+00
-3.566024732247097262e-02
2.805665247887050295e+00
4.266269476573055996e+00
3.946413866370516832e+00
2.051164689289596943e+00
-7.557553158664376269e-01
-3.614230337147030347e+00
-5.739179001682995107e+00
-6.619666758448126131e+00
-6.108247380457209275e+00
-4.404431742495383162e+00
-1.962924840072181709e+00
6.341560392307930005e-01
2.810698426322832066e+00
4.112093462886070583e+00
4.285935360162939745e+00
3.318891974151580104e+00
1.428013678137471931e+00
-9.888471174787546447e-01
-3.433500666792307143e+00
-5.404714945361840606e+00
-6.495837667479449351e+00
-6.475785919639452715e+00
-5.338348951997794245e+00
-3.309192364023683997e+00
-8.067377142540721469e-01
1.638492748497833773e+00
3.492713113455873764e+00
4.335175559585177751e+00
3.957177234191526782e+00
2.419926630166066239e+00
5.409342492789370738e-02
-2.604233813254009711e+00
-4.931410872070056683e+00
-6.363411605766463808e+00
-6.537484712598837788e+00
-5.391019944089554983e+00
-3.188498734550508473e+00
-4.656183436995408043e-01
2.098908569275069080e+00
3.853491440417479819e+00
4.342536138309890603e+00
3.429198980193611579e+00
1.337735798728882486e+00
-1.398385207468466174e+00
-4.071378079267533145e+00
-5.982960996591096148e+00
-6.628838379137006243e+00
-5.834278092067162191e+00
-3.803516645697863741e+00
-1.068508107007878571e+00
1.650329932345955708e+00
3.634687965009384403e+00
4.359333717983393086e+00
3.632141329184352063e+00
1.645436709468478753e+00
-1.075180418491623824e+00
-3.810720869586704751e+00
-5.839747397285766084e+00
-6.629195035537501113e+00
-5.974264608636845608e+00
-4.050614509375908057e+00
-1.365806467160950000e+00
1.376135064100955763e+00
3.460377511751917989e+00
4.347770268141530892e+00
3.813365537881452827e+00
2.001573790712320999e+00
-6.150389743619553151e-01
-3.361014996387697185e+00
-5.533541177643231279e+00
-6.582259359404876164e+00
-6.247308359582619985e+00
-4.621316371807114187e+00
-2.121236083698436303e+00
6.209198588752313785e-01
2.919206295879005264e+00
4.205292967826339989e+00
4.167532552213680574e+00
2.823911751798552139e+00
5.125265596725854245e-01
-2.196053483703046094e+00
-4.641219840931020357e+00
-6.233630321820772480e+00
-5.987578202071956568e+00
