2.273392854863994117e+00
3.751740886287370902e+00
3.492788361683679010e+00
1.607297461223328838e+00
-1.098247757268489000e+00
-3.466600082518537906e+00
-4.484740362240781764e+00
-3.717177815745060343e+00
-1.492223206547318881e+00
1.238440048972898389e+00
3.306820961133064340e+00
3.828207633015611844e+00
2.579586504208687625e+00
9.503229997382239835e-02
-2.562732610660981347e+00
-4.256898164411501817e+00
-4.262816201966663776e+00
-2.577955391597056778e+00
7.701604024989616715e-02
2.566482889468410633e+00
3.825621493484014035e+00
3.315858470434758676e+00
1.255235578707093236e+00
-1.474853635348676306e+00
-3.706663717729615559e+00
-4.485578949476640709e+00
-3.478432664737477698e+00
-1.116013165031749299e+00
1.591198054374343585e+00
3.485241180954803397e+00
3.755974099440056779e+00
2.287595782822478441e+00
-2.918219479630637658e-01
-2.878980594980435903e+00
-4.367270625733537415e+00
-4.120103349749516752e+00
-2.243200023836639634e+00
4.606284712640679180e-01
2.834869221138758277e+00
3.863984408158428696e+00
3.107788936868896901e+00
8.897315134111830615e-01
-1.841454590193754015e+00
-3.917554745610518641e+00
-4.450555291578178974e+00
-3.212475046628219921e+00
-7.328800668029593623e-01
1.927628495908907613e+00
3.631067031503958820e+00
3.648821033220548848e+00
1.973296553326772784e+00
-6.788316253925199550e-01
-3.173164448068493293e+00
-4.442796921467242477e+00
-3.944667104084159881e+00
-1.891840864520736520e+00
8.376231254527329861e-01
3.076246839936456645e+00
3.866500154144521861e+00
2.870366745963267796e+00
5.139243614953736827e-01
-2.194902105114648894e+00
-4.097461949054306274e+00
-4.379970185829060725e+00
-2.921589112585232240e+00
-3.461144132574276444e-01
2.244841973410508285e+00
3.743046101628712652e+00
3.507668708057402718e+00
1.639388144122914781e+00
-1.062672937294300901e+00
-3.442757600480139235e+00
-4.482828401358383452e+00
-3.738014182124459683e+00
-1.526895527657862850e+00
1.204762220849942445e+00
3.288542697630078671e+00
3.833147125202232441e+00
2.605630975141100425e+00
1.310417061777104930e-01
-2.532160630463527351e+00
-4.244840212520414546e+00
-4.274429845553315843e+00
-2.608273108196261347e+00
4.096209635984793263e-02
2.540114129741711135e+00
3.820216669962869016e+00
3.333729396983719617e+00
1.288738295147529911e+00
-1.440049299847359521e+00
-3.685444677613991971e+00
-4.487021258930490752e+00
-3.501919402416490801e+00
-1.151498310823124482e+00
1.558892618998389157e+00
3.469933511867961951e+00
3.764211770580728089e+00
2.315855281853920200e+00
-2.556281020493698652e-01
-2.850333654156356644e+00
-4.358423792109191730e+00
-4.134840693711255177e+00
-2.275217917529802403e+00
4.250250930463478349e-01
2.810909048670302113e+00
3.861915964576561944e+00
3.128496960876321342e+00
9.243585285666052753e-01
-1.807719652819939515e+00
-3.899141385082536271e+00
-4.455339484233585168e+00
-3.238410442041652182e+00
-7.688732765474652897e-01
1.896972905373701668e+00
3.618861425262240417e+00
3.660286134876773456e+00
2.003528376494792873e+00
-6.427641870989375672e-01
-3.146688578086390464e+00
-4.437237186280828638e+00
-3.962401578173891714e+00
-1.925283952738034987e+00
8.027760890625722512e-01
3.054901034339995380e+00
3.867785855128651473e+00
4.900218498200140438e+00
1.087566241223666186e+00
-3.322834862470891437e+00
-6.444516849619766674e+00
-6.942237659059300015e+00
-4.603106367814123523e+00
-4.276433682599536934e-01
3.798173829790337575e+00
6.266829634148498585e+00
5.922401923956587488e+00
2.912213318101381621e+00
-1.476183365699204053e+00
-5.365732150121737654e+00
-7.092750072811853101e+00
-5.918536977811313271e+00
-2.345340922311087262e+00
2.098469193292030965e+00
5.512135315293701154e+00
6.435524538539197259e+00
4.473674104240654259e+00
4.657294565436107536e-01
-3.873984789023841468e+00
-6.689235672805180499e+00
-6.775851402725701078e+00
-4.096783693205992449e+00
2.020455120129628357e-01
4.281891077393102485e+00
6.397674092150847258e+00
5.644407281724100223e+00
2.344286671428885693e+00
-2.091121838070113537e+00
-5.764653825571183887e+00
-7.105023540977421170e+00
-5.538912488398729295e+00
-1.736195869237512568e+00
2.676584215968060398e+00
5.811942238363021040e+00
6.328786464214432250e+00
4.006046280863158948e+00
-1.627689142785035681e-01
-4.394525087479405734e+00
-6.879166359150728383e+00
-6.553933118769646349e+00
-3.557937903754464060e+00
8.273374300872270437e-01
4.726172005474179372e+00
6.470911033735996298e+00
5.315274481903600190e+00
1.753564632456979577e+00
-2.690762627611111846e+00
-6.116728045561961480e+00
-7.058937918586857485e+00
-5.114379301073314288e+00
-1.114801380539638842e+00
3.229049941162797754e+00
6.059172146143454896e+00
6.165032508173305281e+00
3.501351204203702938e+00
-7.925310740368587403e-01
-4.879985148049613031e+00
-7.012677707406568928e+00
-6.278388730815755103e+00
-2.991196824179134239e+00
1.442862127065260403e+00
5.127200950440163219e+00
6.485911470545335789e+00
4.937830249574403751e+00
1.145120560034681656e+00
-3.269955777650275675e+00
-6.418931054856213514e+00
-6.954889007531335210e+00
-4.648583477875472880e+00
-4.864942424220110029e-01
3.751121570661859028e+00
6.251701728588061613e+00
5.945669055360118804e+00
2.963923398901992634e+00
-1.418148371597314661e+00
-5.326195644161517251e+00
-7.088623068327418508e+00
-5.951584725073794324e+00
-2.401427855188762894e+00
2.043333228878987384e+00
5.481533714153068004e+00
6.442546572784485726e+00
4.515316227861143616e+00
5.241800169740675752e-01
-3.823726944080998003e+00
-6.668667412264648320e+00
-6.793770421776083701e+00
-4.145525460985685307e+00
1.433293902932477604e-01
4.238315342988739687e+00
6.387877464080133016e+00
5.672580087480601385e+00
2.398378511458153728e+00
-2.034247753572465012e+00
-5.729324340314370545e+00
-7.106350192558370082e+00
-5.576327826001276300e+00
-1.793696170283509250e+00
2.623593647800098516e+00
5.786127144091544494e+00
6.341188775665408173e+00
4.051361137396340517e+00
-1.039241091888924717e-01
-4.347320117033676823e+00
-6.863792281340788115e+00
-6.576965912643950141e+00
-3.609525715314531258e+00
7.692603385180544207e-01
4.686447041756292009e+00
6.466529820543525098e+00
5.348111002607637054e+00
1.809573669201633095e+00
-2.635537910267487405e+00
-6.085909004860769578e+00
-7.065706832414937466e+00
-5.155840891023433237e+00
-1.173221214004080970e+00
3.178659873587212470e+00
6.038365269170767213e+00
6.182708580782732000e+00
3.549949611405808447e+00
-7.337974071807240595e-01
-5.117012552272211856e+00
-7.417788315252755282e+00
-6.678303929907158043e+00
-3.214860242686554237e+00
1.491118403158595118e+00
5.426736186485370261e+00
6.908604977883361364e+00
5.302882653925131251e+00
1.296387408880342651e+00
-3.397176097052384325e+00
-6.770222390508743970e+00
-7.379992950981064226e+00
-4.965669635124298154e+00
-5.599348410336599802e-01
3.952739396144850037e+00
6.642139661138699580e+00
6.357924449621997098e+00
3.221661591502416488e+00
-1.425170152646279220e+00
-5.594973961149220187e+00
-7.504192939090997605e+00
-6.336193779871631904e+00
-2.590566643928100987e+00
2.130565344751959245e+00
5.807824801303252293e+00
6.868331619292249002e+00
4.858473510420779462e+00
6.379303187548891474e-01
-3.988038222757321449e+00
-7.040759143686967647e+00
-7.214487210727657640e+00
-4.434913438123363250e+00
1.090506102424598778e-01
4.473807877792637555e+00
6.792413712767595868e+00
6.073127109240877175e+00
2.623609683935152148e+00
-2.080670922324593608e+00
-6.027545193600450268e+00
-7.528810244772593308e+00
-5.942327558999166648e+00
-1.946685929140186566e+00
2.749052418899623706e+00
6.136371763040678218e+00
6.766408547831673559e+00
4.369676125178121318e+00
-2.866728788967320973e-02
-4.547311183528276679e+00
-7.253488734842617802e+00
-6.989682261823667808e+00
-3.868730131810808714e+00
7.744377770003775252e-01
4.953791781121333671e+00
6.881690065092529451e+00
5.733509592678856848e+00
2.000363445508936966e+00
-2.720963765847677962e+00
-6.411011153616009928e+00
-7.491428808959052610e+00
-5.500087949067897775e+00
-1.288748005295931254e+00
3.341267809444378400e+00
6.409555378031690509e+00
6.603711119899972282e+00
3.840688487058057543e+00
-6.976804022626215129e-01
-5.070191717869492187e+00
-7.406584156546425213e+00
-6.707508819735490846e+00
-3.271982326513993122e+00
1.430512046193941345e+00
5.388568811002721226e+00
6.909201976833840853e+00
5.341988671986565684e+00
1.357275566000504696e+00
-3.340549590326827190e+00
-6.742078481048096705e+00
-7.392369678480635642e+00
-5.013273082008558923e+00
-6.224035083421466386e-01
3.902125332032383209e+00
6.625029435335759054e+00
6.381636646552591330e+00
3.276053755005497337e+00
-1.363363270218119538e+00
-5.552189117104127547e+00
-7.498730563640794600e+00
-6.370390303660007802e+00
-2.649795132790768726e+00
2.071638787693078410e+00
5.774404927149799249e+00
6.874713164610020577e+00
4.901926886558979568e+00
6.998691431934102036e-01
-3.934107143095096237e+00
-7.017903836314936861e+00
-7.232483613056817973e+00
-4.486063920017975271e+00
4.662472673741885343e-02
4.426808116312298758e+00
6.780943356942882971e+00
6.102092392831802492e+00
2.680621239567502645e+00
-2.019998739109816643e+00
-5.989163793390387625e+00
-7.529136565659531932e+00
-5.981222023224873396e+00
-2.007512144915114760e+00
2.692311746757506619e+00
6.107986413559159722e+00
6.778519832234637832e+00
4.417103664293172471e+00
3.379024829023835608e-02
-4.496538712768042068e+00
-7.236118320146202265e+00
-7.013143778629371994e+00
-3.922988347770433926e+00
7.125908159356381111e-01
4.910809975159360796e+00
6.875958091282893925e+00
5.767479197405596558e+00
2.059504755063275461e+00
-2.661947358997940327e+00
-6.377362832168183004e+00
-7.497541023607873889e+00
-4.158205593371828712e+00
-1.075197618700316715e+00
2.335143976340757987e+00
4.614108291864587486e+00
4.786910252868323390e+00
2.779636998422001515e+00
-5.491372513524102050e-01
-3.775590528453598438e+00
-5.519666779222227149e+00
-5.035369461573163008e+00
-2.529847846731129390e+00
9.252072719864404826e-01
3.851959607238236050e+00
4.998544671633949221e+00
3.874531789984669405e+00
9.606968014202624806e-01
-2.496620964160380929e+00
-5.018617413830965823e+00
-5.526554946654229639e+00
-3.803172624116562428e+00
-5.856155410712078346e-01
2.749865432226130668e+00
4.776579650125801990e+00
4.627637377915146288e+00
2.366745933431051441e+00
-1.039039946544661364e+00
-4.132957985462840433e+00
-5.591641640427270410e+00
-4.791165803736602058e+00
-2.073919293500893435e+00
1.397845666654155217e+00
4.139145462011941667e+00
4.977439518584247935e+00
3.554162970197337845e+00
4.780961858627422734e-01
-2.935029837379745210e+00
-5.225313211687331538e+00
-5.413127342823544907e+00
-3.418138190163625634e+00
-9.366567519914414941e-02
3.138308222022676564e+00
4.895366104112478745e+00
4.425958774924079187e+00
1.930866586950398478e+00
-1.522680662032943388e+00
-4.457491648233760095e+00
-5.618254944519474492e+00
-4.508475397752945923e+00
-1.602840799823728624e+00
1.855817085654916543e+00
4.388120954115789729e+00
4.910924395791173680e+00
3.200607853045302154e+00
-1.127222629019664080e-02
-3.350893205894394544e+00
-5.389793628556068583e+00
-5.255871334584242049e+00
-3.006409122346870522e+00
3.964269152798211016e-01
3.497136242563598785e+00
4.969447467903262527e+00
4.183606540985857158e+00
1.475742466406896103e+00
-1.995905696514056249e+00
-4.746404290928769143e+00
-5.599278125721889765e+00
-4.189726102713020595e+00
-1.120658177582130710e+00
2.295188285943869033e+00
4.596747781720774917e+00
4.799570561925570189e+00
2.816902912308581808e+00
-5.032055419682098796e-01
-3.740639467559967901e+00
-5.510646040354487241e+00
-5.056137499887353393e+00
-2.571521515769979338e+00
8.804531177607372028e-01
3.823267734250947125e+00
4.998187500901660307e+00
3.902662094719622221e+00
1.005282361098073451e+00
-2.454650802747446292e+00
-4.997214615381128766e+00
-5.534874164599348667e+00
-3.837655465973984548e+00
-6.315126053881174872e-01
2.712185770647743244e+00
4.763234173584045550e+00
4.644334368572708982e+00
2.406343560597742570e+00
-9.934788396749780759e-01
-4.100921324468960627e+00
-5.586832517883429716e+00
-4.815641233369671426e+00
-2.117210360397161040e+00
1.354255920221770548e+00
4.113901748448700602e+00
4.981339372125979992e+00
3.585538300211255081e+00
5.235267719388454477e-01
-2.894976092950910296e+00
-5.207768561482509995e+00
-5.425596188315769730e+00
-3.455287212000089259e+00
-1.396050624729949785e-01
3.103228197376194597e+00
4.886150277501798200e+00
4.446549046699594498e+00
1.972455847022540176e+00
-1.477881454819078400e+00
-4.428644530890501585e+00
-5.617698740981380112e+00
-4.536448013854840866e+00
-1.647377463454659186e+00
1.813766113318492579e+00
4.366542203158182645e+00
4.919047780093610989e+00
3.234958744364337502e+00
3.461321000879991061e-02
-3.313099876142877154e+00
-5.376257807120494725e+00
-5.272382720155120772e+00
-3.045905273396496860e+00
-1.004702057757985156e-01
