-1.271266899950703744e+00
-1.144164268307915844e+00
-1.036665238163257730e+00
-9.567406625967358469e-01
-9.103168023360308503e-01
-9.008359040016722386e-01
-9.290009631991876793e-01
-9.927235978876407518e-01
-1.087278897213352247e+00
-1.205655764150568743e+00
-1.339076774777753220e+00
-1.477649007655423619e+00
-1.611097585555856027e+00
-1.729527538797611674e+00
-1.824157499412039751e+00
-1.887970824030750894e+00
-1.916235865865076882e+00
-1.906856818482580929e+00
-1.860529116863561594e+00
-1.780687872936575378e+00
-1.673253168912540279e+00
-1.546191094374752772e+00
-1.408923075368761824e+00
-1.271627292635824746e+00
-1.144483987558532201e+00
-1.036920615043042782e+00
-9.569128139411423595e-01
-9.103930268702804529e-01
-9.008106192989722150e-01
-9.288761143766893769e-01
-9.925085081361173511e-01
-1.086989571641355123e+00
-1.205313698926687938e+00
-1.338707360175097616e+00
-1.477279643630081463e+00
-1.610755649706114179e+00
-1.729238357387933966e+00
-1.823942471810229282e+00
-1.887845839431657735e+00
-1.916210129418292052e+00
-1.906932173524294338e+00
-1.860699913134136851e+00
-1.780941390177765093e+00
-1.673570564083737056e+00
-1.546548801955407670e+00
-1.409294556694475231e+00
-1.271985004427740762e+00
-1.144801423654134176e+00
-1.037174270010625454e+00
-9.570839231468222241e-01
-9.104689542214807751e-01
-9.007857900706051080e-01
-9.287524242900768723e-01
-9.922951787001483837e-01
-1.086702462800650082e+00
-1.204974130252315589e+00
-1.338340528203939339e+00
-1.476912752818717367e+00
-1.610415895607290926e+00
-1.728950911522695533e+00
-1.823728617498629578e+00
-1.887721396582573874e+00
-1.916184284804687277e+00
-1.907006802980777627e+00
-1.860869445641378350e+00
-1.781193223647105750e+00
-1.673886001799350209e+00
-1.546904440095191235e+00
-1.409664019985244154e+00
-1.272340901261908463e+00
-1.145117375803589077e+00
-1.037426866612080945e+00
-9.572544543000378603e-01
-9.105447959121816259e-01
-9.007613379872964066e-01
-9.286295075303481195e-01
-9.920829228811578471e-01
-1.086416612848442487e+00
-1.204635883129445695e+00
-1.337974962087462805e+00
-1.476546969081236949e+00
-1.610077011178294049e+00
-1.728664050249302697e+00
-1.823515049171843261e+00
-1.887596961346776681e+00
-1.916158219538052432e+00
-1.907081056486970461e+00
-1.861038533329946398e+00
-1.781444632475505330e+00
-1.674201115553576980e+00
-1.547259916605753460e+00
-1.410033518453535306e+00
-1.272697031977114035e+00
-1.145433728073999236e+00
-1.037679964931547572e+00
-9.574254980478963395e-01
-9.106210538532607535e-01
-9.007370943181552958e-01
-9.285064893279598719e-01
-9.918701771071654072e-01
-1.059059127210281170e+00
-1.187146983086248220e+00
-1.331651369830096909e+00
-1.481857541227354025e+00
-1.626627979572433880e+00
-1.755228223069258409e+00
-1.858122806549497685e+00
-1.927682297913736686e+00
-1.958749004884728695e+00
-1.949019406093793538e+00
-1.899214950130219792e+00
-1.813028558373675159e+00
-1.696850798771347701e+00
-1.559296034698717914e+00
-1.410563684445824695e+00
-1.261681953020545865e+00
-1.123690112293168175e+00
-1.006819961883430370e+00
-9.197371637815687784e-01
-8.688987040227136305e-01
-8.580741240096078082e-01
-8.880660207852261179e-01
-9.566505401073377435e-01
-1.058742274148719575e+00
-1.186771336545467737e+00
-1.331244655093793083e+00
-1.481449863170511527e+00
-1.626249597714560124e+00
-1.754907308322987580e+00
-1.857883345701337952e+00
-1.927542301579438622e+00
-1.958719152830977972e+00
-1.949102231966000742e+00
-1.899404628105773707e+00
-1.813311309925351500e+00
-1.697205891678663869e+00
-1.559697302262708973e+00
-1.410981453855557621e+00
-1.262085240895574501e+00
-1.124048924933981342e+00
-1.007107529287264214e+00
-9.199319407206769661e-01
-8.689859881876057512e-01
-8.580471692069865375e-01
-8.879265604148932622e-01
-9.564086798836002323e-01
-1.058415760036102826e+00
-1.186384250638097493e+00
-1.330825635173340293e+00
-1.481029977682308374e+00
-1.625860034167198931e+00
-1.754577047622745578e+00
-1.857636996534518081e+00
-1.927398257474283172e+00
-1.958688210773964489e+00
-1.949186777153874672e+00
-1.899598447128241885e+00
-1.813600047554495331e+00
-1.697568118031638207e+00
-1.560106111060169942e+00
-1.411406472313308180e+00
-1.262494900525558794e+00
-1.124412822593796824e+00
-1.007398700754233989e+00
-9.201288754541596671e-01
-8.690742333357117655e-01
-8.580204018734087779e-01
-8.877870474002974577e-01
-9.561670905138901499e-01
-1.058090346760457878e+00
-1.185999460080912060e+00
-1.330410255535051878e+00
-1.480614963057395483e+00
-1.625476171845780859e+00
-1.754252647081017136e+00
-1.857395776443912627e+00
-1.927257591099904577e+00
-1.958657861681550649e+00
-1.949268218510376460e+00
-1.899784812197460759e+00
-1.813876709942420451e+00
-1.697913851757389292e+00
-1.560494736464806298e+00
-1.411808857615491020e+00
-1.262881163252980166e+00
-1.124754562023174032e+00
-1.007671092700270776e+00
-9.203124739888066674e-01
-8.691563489781199969e-01
-8.579959602404296781e-01
-8.876588733152699362e-01
-9.559456067621472375e-01
-1.057792720528164310e+00
-1.185648270239077373e+00
-1.330031787419897249e+00
-1.480237262364105355e+00
-1.625127002115333008e+00
-1.753957497204106986e+00
-1.857176057154790172e+00
-1.927129142398446016e+00
-2.273854963925086459e+00
-2.259245609168169633e+00
-2.181558114321613395e+00
-2.046553163811682730e+00
-1.864241436909532368e+00
-1.648141276049852166e+00
-1.414276267348881566e+00
-1.179987068886686030e+00
-9.626456027951704186e-01
-7.783669573115596929e-01
-6.408145113620921096e-01
-5.601868782342752651e-01
-5.424617793149852929e-01
-5.889529044376554667e-01
-6.962126053890699273e-01
-8.562876248962337788e-01
-1.057308886624098498e+00
-1.284371603367711057e+00
-1.520640437114023635e+00
-1.748597761618223334e+00
-1.951342472179317333e+00
-2.113843044311269459e+00
-2.224051939976728676e+00
-2.273798744576203124e+00
-2.259395826941145380e+00
-2.181911631146449260e+00
-2.047091352301573686e+00
-1.864930891378506761e+00
-1.648935688368081909e+00
-1.415119393101363920e+00
-1.180816617361059029e+00
-9.633977911654927340e-01
-7.789813992740511894e-01
-6.412390638316004532e-01
-5.603820520640073743e-01
-5.424043350538069186e-01
-5.886383025151949999e-01
-6.956560594493197414e-01
-8.555236119796996164e-01
-1.056389090615472037e+00
-1.283361398661569508e+00
-1.519614146689803658e+00
-1.747633036307627563e+00
-1.950514225297236948e+00
-2.113217429239709677e+00
-2.223680871644272639e+00
-2.273715436303683113e+00
-2.259611742793483646e+00
-2.182415145495592679e+00
-2.047848271023776423e+00
-1.865886834129090177e+00
-1.650020171832360827e+00
-1.416251305012473205e+00
-1.181910644034188218e+00
-9.643712693275982017e-01
-7.797610153051580673e-01
-6.417668257057538295e-01
-5.606200124788541794e-01
-5.423376450715149399e-01
-5.882763156753290090e-01
-6.950313750654207867e-01
-8.546891285855490183e-01
-1.055413320001430844e+00
-1.282322451122143381e+00
-1.518592923763572244e+00
-1.746706245936038293e+00
-1.949747855293568088e+00
-2.112661280534282149e+00
-2.223364677956440882e+00
-2.273646942692232553e+00
-2.259776922671561827e+00
-2.182780522765856990e+00
-2.048365100458924282e+00
-1.866496701125137214e+00
-1.650661422723736615e+00
-1.416865627968348473e+00
-1.182449099167135032e+00
-9.647991190273761397e-01
-7.800608282851431152e-01
-6.419395096376305787e-01
-5.606836526485134975e-01
-5.423242675792412371e-01
-5.882269280263502376e-01
-6.949898391730453540e-01
-8.546955684524005781e-01
-1.055497840952803967e+00
-1.282499938861819455e+00
-1.518859597616947443e+00
-1.747038468362551278e+00
-1.950103466784604000e+00
-2.112983452312166222e+00
-2.223587969285094168e+00
-2.273704991793608965e+00
-2.259610991483325115e+00
-2.182347979628826096e+00
-2.047646879895845373e+00
-1.865502834048686553e+00
-1.649433881832120807e+00
-1.415477970097326788e+00
-1.181002688417575053e+00
-1.097244759708610573e+00
-9.681851253097171206e-01
-8.718193028733876027e-01
-8.153047463745695111e-01
-8.028404901485306500e-01
-8.353548884255391771e-01
-9.104361863650564102e-01
-1.022511137144528570e+00
-1.163258458044831078e+00
-1.322226471642794055e+00
-1.487609102580896625e+00
-1.647122624194729212e+00
-1.788918048736182875e+00
-1.902461388937197295e+00
-1.979316387132564525e+00
-2.013771537001051826e+00
-2.003264776828019400e+00
-1.948574255024728030e+00
-1.853760943338121248e+00
-1.725867310285885914e+00
-1.574394396893197490e+00
-1.410596111137262909e+00
-1.246643151479255085e+00
-1.094718671991132819e+00
-9.661128893342263435e-01
-8.703839254921611479e-01
-8.146472711756563845e-01
-8.030467066549800137e-01
-8.364460380045481980e-01
-9.123645984756192373e-01
-1.025161346264779283e+00
-1.166453908222279345e+00
-1.325741448393890076e+00
-1.491185080275781338e+00
-1.650487820349604284e+00
-1.791808670440857121e+00
-1.904642869805743599e+00
-1.980602865024998938e+00
-2.014041921250841582e+00
-2.002473994340357333e+00
-1.946758630562744230e+00
-1.851037132564876231e+00
-1.722424727596112204e+00
-1.570481620588867644e+00
-1.406502260414414840e+00
-1.242675668730036875e+00
-1.091179271058627442e+00
-9.632736153082426256e-01
-8.684652956842172644e-01
-8.138003247891111291e-01
-8.033404913055557373e-01
-8.378616273242567303e-01
-9.147962013060851882e-01
-1.028424478491183125e+00
-1.170300002881888179e+00
-1.329877729553810450e+00
-1.495298069587268852e+00
-1.654268523182498507e+00
-1.794977331119417707e+00
-1.906971208889923108e+00
-1.981931916423150586e+00
-2.014293957870699536e+00
-2.001657537714266688e+00
-1.944966139574267894e+00
-1.848435607175283879e+00
-1.719240088821626378e+00
-1.566978281739514589e+00
-1.402959735964122823e+00
-1.239364335382667326e+00
-1.088337473803453914e+00
-9.610881894277051307e-01
-8.670572617374724400e-01
-8.132170332688285486e-01
-8.035548885697970656e-01
-8.387786386681926887e-01
-9.162655426813188786e-01
-1.030258579831748067e+00
-1.172295214211068082e+00
-1.331836645952073406e+00
-1.497050803863527291e+00
-1.655690609261947666e+00
-1.796001983110383060e+00
-1.907594319799017057e+00
-1.982209025107807499e+00
-2.014329404820409231e+00
-2.001587050327551687e+00
-1.944935001415310172e+00
-1.848575244604094392e+00
-1.719646247019991581e+00
-1.567693893873496780e+00
-1.403965097410352136e+00
-1.240576318361652941e+00
-1.089618349046538315e+00
-9.622632985947563444e-01
-8.679394754740663576e-01
-8.136348138067911462e-01
-8.033800193442539594e-01
-8.379494186213930496e-01
-9.148015473621239346e-01
-1.028263973809006693e+00
-1.184162223750881093e+00
-1.334086107375194175e+00
-1.489577470183978569e+00
-1.639095856908960425e+00
-1.771526576553497989e+00
-1.877007025866323175e+00
-1.947663158463692090e+00
-1.978200835311581862e+00
-1.966307151266810216e+00
-1.912830667619163760e+00
-1.821725806468011966e+00
-1.699764284484269972e+00
-1.556034063040883098e+00
-1.401262525869566788e+00
-1.247014200127733341e+00
-1.104823227429188037e+00
-9.853261527043579715e-01
-8.974609556557954226e-01
-8.477935129063260966e-01
-8.400231611066510951e-01
-8.747054295861070861e-01
-9.492133590783924380e-01
-1.057940412572019095e+00
-1.192729264740292505e+00
-1.343493217884362823e+00
-1.498982043522453900e+00
-1.647632899158291586e+00
-1.778444246180128196e+00
-1.881802990473909087e+00
-1.950168587529562902e+00
-1.978580562420106492e+00
-1.964970400807683149e+00
-1.910271680025075192e+00
-1.818336218197573961e+00
-1.695677073968112847e+00
-1.551078143405951515e+00
-1.395066802232211467e+00
-1.239252410387093883e+00
-1.095558336145082245e+00
-9.753829921112406875e-01
-8.887351462927994827e-01
-8.433980016811610803e-01
-8.441841185999909847e-01
-8.923478672933495837e-01
-9.852222948034189409e-01
-1.116141625861075681e+00
-1.274697842067736175e+00
-1.447359079911875845e+00
-1.618448846618130155e+00
-1.771449154749073607e+00
-1.890549743987285591e+00
-1.962323115629801107e+00
-1.977366083324018753e+00
-1.931719060801184273e+00
-1.827861162277698126e+00
-1.675089033615287715e+00
-1.489125523878880974e+00
-1.290873548908261670e+00
-1.104329389628737612e+00
-9.537914448545805612e-01
-8.606322523798571877e-01
-8.400245760958783281e-01
-8.981031371499784699e-01
-1.030077055012504239e+00
-1.219761829604858905e+00
-1.440859459226814909e+00
-1.660080780369892484e+00
-1.841894082117077058e+00
-1.954338867471826280e+00
-1.975023895665173335e+00
-1.896208376622875447e+00
-1.727819279425267140e+00
-1.497444328095771660e+00
-1.246780962458827968e+00
-1.024683528539796384e+00
-8.777370917198870082e-01
-8.400388840160936121e-01
-9.243912791093489290e-01
-1.117209303486870420e+00
-1.378983968997097298e+00
-1.651097547988483294e+00
-1.868293592515334334e+00
-1.974466394923691803e+00
-1.938084254323910738e+00
-1.762966490093836214e+00
-1.490662153599402684e+00
-1.192443891501083542e+00
-9.516822276862118013e-01
-8.404601302373315708e-01
-8.967931246632286912e-01
-1.109757630700140218e+00
-1.418511012743937982e+00
-1.727548592620271828e+00
-1.935352640869317131e+00
-1.968386975378933812e+00
-1.809113003288701060e+00
-1.507022010311882099e+00
-1.166259252874448871e+00
-9.113672298529387206e-01
-5.784707178510569703e-01
