6.695050644449890953e+00
9.511831818719715059e+00
1.141102857604960974e+01
1.212728620933660650e+01
1.156914826810039543e+01
9.830464117374033250e+00
7.174853371639619226e+00
3.995767158230590255e+00
7.581920978752334506e-01
-2.069365644082841627e+00
-4.082667063465290624e+00
-4.999492057211837981e+00
-4.699111973640127893e+00
-3.237976080962638115e+00
-8.396084769016338711e-01
2.139534515236091838e+00
5.263039007763362420e+00
8.078468505281788836e+00
1.018289256486331595e+01
1.128051988240011738e+01
1.122419767045878558e+01
1.003496700998493552e+01
7.897103274729365019e+00
5.129643603314451461e+00
2.138789083727780760e+00
-6.417194794753484643e-01
-2.813500475572010551e+00
-4.070584940797462359e+00
-4.242458147094900767e+00
-3.317044807294331044e+00
-1.440562488812794584e+00
1.105455264166045115e+00
3.946372798323406261e+00
6.669577660836928601e+00
8.884406758666107962e+00
1.027817084376684775e+01
1.066024642156125779e+01
9.988026381615974003e+00
8.371215723772500894e+00
6.054126499390432237e+00
3.378803210159432524e+00
7.345377555973020556e-01
-1.498776228154206080e+00
-3.005208057728941284e+00
-3.577439262028254241e+00
-3.145194440353918708e+00
-1.783570831138638901e+00
2.996684683473653799e-01
2.795729289551260432e+00
5.340542027041929707e+00
7.567861231690851120e+00
9.161965767224533153e+00
9.902378548503861566e+00
9.694277384141068765e+00
8.580415545121187648e+00
6.733090581480739800e+00
4.427592690730498326e+00
2.001210330296720130e+00
-1.961071254181807610e-01
-1.852214639494015103e+00
-2.737089134346028629e+00
-2.734711937708117269e+00
-1.858107747023845846e+00
-2.456189598788180994e-01
1.860778026068163005e+00
4.151736544612239399e+00
6.295956485352409260e+00
7.988089193116636899e+00
8.992205073827246764e+00
9.174639034972692286e+00
8.521648917384208488e+00
7.139575325682020690e+00
5.237743768441772474e+00
3.096829593891487598e+00
1.027456700741255613e+00
-6.748665682278707223e-01
-1.771937705257768947e+00
-2.116154542541091033e+00
-1.670265983193784720e+00
-5.109529113026720637e-01
1.184018264371889728e+00
3.162958713356031293e+00
5.137599546705160058e+00
6.825077730938405196e+00
7.988451443280827569e+00
8.469942525060435656e+00
8.212246295784705552e+00
7.265044162246664605e+00
5.776032622990802778e+00
3.968022966259431517e+00
2.105644958377925313e+00
4.566240308055506958e-01
-7.467031354520132780e-01
-1.340102887274611909e+00
-1.249785280120706332e+00
-5.013433971313485671e-01
7.857520653952336787e-01
2.417046866485789813e+00
4.152420503069825131e+00
5.741414309593121601e+00
6.959374058515667372e+00
7.639191035395842100e+00
7.694158871620017770e+00
7.128829810240159048e+00
6.036544188938991695e+00
4.584253899379213237e+00
2.987079817265657855e+00
1.476473929440440980e+00
2.666995981382989100e-01
-4.755123236263827380e-01
-6.538349008011650199e-01
-2.546182000198573547e-01
6.529638026293560493e-01
1.928636193833576096e+00
3.382652830625765716e+00
4.803987015243286862e+00
5.990873535929686966e+00
6.779262016687496839e+00
7.065163574312995465e+00
6.817869787840971085e+00
6.082433706618564528e+00
4.971407370097335132e+00
3.647384599340723454e+00
2.299169477422939867e+00
1.115195237665558281e+00
2.580553557071860737e-01
-1.553643302978109375e-01
-6.687875146790212000e-02
5.135661322799611739e-01
1.507597850234955628e+00
2.777824947886819107e+00
4.145885009871313365e+00
5.416849537177015783e+00
6.406656440326623070e+00
6.968669184498774705e+00
7.015465170288839758e+00
6.532548426654646079e+00
5.581786552433559478e+00
4.293833223862915105e+00
2.850403191777840739e+00
1.458779086069364128e+00
3.221211866655901979e-01
-3.901606037764091539e-01
-5.676403032012511396e-01
-1.759464336189755507e-01
7.369702717826123184e-01
2.046475354700517890e+00
3.568173408406940084e+00
5.083830097596466757e+00
6.372652801996556704e+00
7.243445353980979107e+00
7.562952132872573507e+00
7.276189722241745983e+00
6.415670138676091483e+00
5.097996885819280344e+00
3.508138600465347423e+00
1.873490071284823255e+00
4.313545827459774884e-01
-6.055026348021246285e-01
-1.080229454020835256e+00
-9.155653776391670107e-01
-1.262554806798319440e-01
1.181774565470797178e+00
2.825551646735065425e+00
4.570623545264387744e+00
6.164493486107031295e+00
7.373153561072072648e+00
8.015431034199302474e+00
7.990107716476315680e+00
7.291758118000302602e+00
6.012842999584826487e+00
4.331567012337045774e+00
2.487079385946158183e+00
7.454640464931800992e-01
-6.386452789148719944e-01
-1.459287611927687855e+00
-1.589794584414234713e+00
-1.002259306999127908e+00
2.271269574996415130e-01
1.927829425856619094e+00
3.858587068872810999e+00
5.741627566090101276e+00
7.302629174042614579e+00
8.310680426660500331e+00
8.612417351413620636e+00
8.155294334221196095e+00
6.996466056457842697e+00
5.295811279457717902e+00
3.293921682018886798e+00
1.278079075335314396e+00
-4.589697623544894967e-01
-1.661524977306281237e+00
-2.148559038422418688e+00
-1.840921245257106875e+00
-7.740395462934710480e-01
9.058979900970580701e-01
2.961917751333159377e+00
5.099670565873050343e+00
7.009569376306484578e+00
8.411622760363789197e+00
9.096471717645101762e+00
8.956616610903061826e+00
8.003181518639106429e+00
6.365616185232180868e+00
4.274189918657714138e+00
2.027634194944583967e+00
-4.952249745054881913e-02
-1.653834763282167941e+00
-2.547263254895517193e+00
-2.592467347238778252e+00
-1.773838607050646665e+00
-2.010645183361048360e-01
1.905481090312068471e+00
4.245588641236950345e+00
6.481989758173465788e+00
8.288966324532076158e+00
9.399785883646860185e+00
9.646055780445252026e+00
8.983192402267574650e+00
7.498161301957456004e+00
5.398182516234591333e+00
2.981849585920535173e+00
5.966821529365202714e-01
-1.410855331852711281e+00
-2.745680650393405919e+00
-3.207456533863345172e+00
-2.720618699297871146e+00
-1.346574052823157785e+00
7.238788962559041806e-01
3.196999963711810278e+00
5.717768657205480665e+00
7.920851591946444614e+00
9.483560523382973173e+00
1.017312502601093271e+01
9.881355361759830203e+00
8.641536183797926540e+00
6.624923735507801226e+00
4.117157704867059564e+00
1.477821007915489870e+00
-9.111379956643554934e-01
-2.700730535299999069e+00
-3.625990130677311463e+00
-3.545301015231299147e+00
-2.462148529050221413e+00
-5.259416173543223216e-01
1.988435091767960960e+00
4.719591221215352128e+00
7.271645776295848407e+00
9.271843126467917529e+00
1.042541180947112522e+01
1.055963251023156424e+01
9.650997417598794925e+00
7.829168108310093466e+00
5.357260979789446154e+00
2.593222698684407579e+00
-6.243751246218298689e-02
-2.224938471170194276e+00
-3.581077406370063443e+00
-3.934571003269000222e+00
-3.234366472977432849e+00
-1.581879717447729483e+00
7.838326154495511844e-01
3.520777084270352741e+00
6.233553333808545815e+00
8.530533144219194952e+00
1.008042275312050862e+01
1.066004582159795788e+01
1.018646338437340226e+01
8.728816008175861896e+00
6.498204132393382793e+00
3.817092181473551893e+00
1.072673540155463012e+00
-1.339058237801205031e+00
-3.070453570245889274e+00
-3.872321245309763071e+00
-3.629790514228292686e+00
-2.378761409149378281e+00
-3.005889527149125939e-01
2.304211143957454411e+00
5.059422415449519761e+00
7.567467895893136287e+00
9.466781868753029627e+00
1.048393435740847046e+01
1.047299420787712876e+01
9.436464370420985404e+00
7.524786374439992542e+00
5.014505092051275703e+00
2.268263004418231699e+00
-3.175886635506386391e-01
-2.370193624641436791e+00
-3.593953093730912762e+00
-3.813095206347361987e+00
-2.996920917412517760e+00
-1.264100474879719549e+00
1.134580221053878013e+00
3.852514953616669846e+00
6.497361357534407134e+00
8.687676828837512133e+00
1.010793060175988778e+01
1.055395810105343202e+01
9.962309590840449758e+00
8.419274325626837197e+00
6.148297024249853138e+00
3.477621522170227131e+00
7.928469730386740189e-01
-1.518745972128897392e+00
-3.124060677807865893e+00
-3.792183090528840061e+00
-3.427596876295360140e+00
-2.083837448329505904e+00
4.436677668080957204e-02
2.649312598480250802e+00
5.354810679390508810e+00
7.770512338607483471e+00
9.548228979529444160e+00
1.043211839454373724e+01
1.029550433327786507e+01
9.159030479738598629e+00
7.187547317235255306e+00
4.666200480795330563e+00
1.959188902707836633e+00
-5.428422904737497667e-01
-2.479175247495119194e+00
-3.571024049381305687e+00
-3.661673054039565223e+00
-2.738970019717148041e+00
-9.369457019397149367e-01
1.483654452357691333e+00
4.173098816012475787e+00
6.743199221717434355e+00
8.823341163145979493e+00
1.011392728789402184e+01
1.042952750794080430e+01
9.725520966334336492e+00
8.104402097702344321e+00
5.800859958256258331e+00
3.147802723062550712e+00
5.282458477878302361e-01
-1.679983028776456777e+00
-3.158739630185324110e+00
-3.695398940327488724e+00
-3.213427756919157829e+00
-1.783298004177641616e+00
3.878152365748435138e-01
2.986045332915526540e+00
5.636208020472998292e+00
7.955978337694363134e+00
9.611047492642684986e+00
1.036330239945491805e+01
1.010508436507724284e+01
8.874597792979198374e+00
6.850263326607676895e+00
4.324849090724715239e+00
1.663129945912488639e+00
-7.508025640160393976e-01
-2.568969360224685694e+00
-3.529673317867854543e+00
-3.495175854665089510e+00
-2.471455542679170669e+00
-6.072128309718656247e-01
1.827718893990182947e+00
4.481424929359995701e+00
6.970775521105730732e+00
8.936757913444843382e+00
1.009628532164913750e+01
1.028300631904828322e+01
9.471228296585135098e+00
7.779506958100763647e+00
5.453388681307791863e+00
2.829801260476555669e+00
2.882380113102844810e-01
-1.804210657816583740e+00
-3.146029904861258331e+00
-3.544958634670459574e+00
-2.945832862992682877e+00
-1.438579574115456339e+00
7.548968935460811380e-01
3.314135351607248481e+00
5.867503817641082975e+00
8.046392682441098287e+00
9.538534052211712577e+00
1.013276009724200932e+01
9.748816780786238922e+00
8.448056906746405303e+00
6.423623794650116459e+00
3.971700041279145665e+00
1.448108522110482799e+00
-7.833722673997289832e-01
-2.403472303274888588e+00
-3.183111427769353519e+00
-3.015768252622718748e+00
-1.931970986257026901e+00
-9.395145505733015767e-02
2.228626541288858842e+00
4.698235330863351322e+00
6.958542526951895013e+00
8.685830900997554949e+00
9.635359620122397217e+00
9.676028677656344001e+00
8.808439655197318530e+00
7.163871377002921648e+00
4.984454390095017118e+00
2.587532914653790872e+00
3.194579241785362456e-01
-1.494461170596764532e+00
-2.596614286782100933e+00
-2.833666405264374077e+00
-2.177859839346842463e+00
-7.300882441850946591e-01
1.295566621076059022e+00
3.603473411713904451e+00
5.859591757807503853e+00
7.739820254300108004e+00
8.976554215329993980e+00
9.396765262455591738e+00
8.946185227517593930e+00
7.696217835610589475e+00
5.832713508921893109e+00
3.628360123985368446e+00
1.402787912450150110e+00
-5.237757926748094484e-01
-1.876582219305355181e+00
-2.465537730367985070e+00
-2.211895922262455016e+00
-1.158720155235188898e+00
5.362632476929252157e-01
2.624255227231165222e+00
4.801893733795302488e+00
6.755326881498558755e+00
8.205446744697212580e+00
8.947764503404048497e+00
8.881230702915241082e+00
8.021941083878525447e+00
6.499876602232862233e+00
4.539283337631127679e+00
2.425648141385827739e+00
4.641315052221948179e-01
-1.064490613943837261e+00
-1.944015024766226674e+00
-2.053377726429127748e+00
-1.383278960586839190e+00
-3.658977326600210134e-02
1.787383581916928144e+00
3.822378117379070961e+00
5.774038011046464192e+00
7.362492058961407793e+00
8.362486047169273462e+00
8.635315461397148340e+00
8.148033120869108359e+00
6.977276604458191755e+00
5.297296936904217546e+00
3.354047691266994313e+00
1.429184069396495671e+00
-2.007595287438537213e-01
-1.304096852090143699e+00
-1.726914888207419452e+00
-1.414518810762253054e+00
-4.184126420297942239e-01
1.112060086074582621e+00
2.952075588658670924e+00
4.834345807029463593e+00
6.487944077118477537e+00
7.677300996536148503e+00
8.235757653003190626e+00
8.088897903726127936e+00
7.264396279319482730e+00
5.887088956329206368e+00
4.160114083774861804e+00
2.334964984153231615e+00
6.748690470401790265e-01
-5.831755433062340011e-01
-1.262230096096774723e+00
-1.270284197274639482e+00
-6.126701758790575880e-01
6.096436564331315644e-01
2.215499433240027294e+00
3.970380381751732024e+00
5.620654509234176643e+00
6.930231813815689534e+00
7.714336997015061037e+00
7.865566861422720102e+00
7.368559723811691775e+00
6.301279671431842644e+00
4.822864914275168502e+00
3.149923812382064980e+00
1.524805907301310048e+00
1.804946230529673734e-01
-6.927927148201389329e-01
-9.745096075196055807e-01
-6.303859644249003580e-01
2.835477373436594561e-01
1.629965478654317623e+00
3.210847732640996099e+00
4.796594212700675541e+00
6.159368642852604658e+00
7.105833094704463448e+00
7.504568883138421853e+00
7.304296137910973208e+00
6.540370363560623623e+00
3.362964397532668848e+00
