-4.592287198741300536e+00
-4.150216945890234044e+00
-3.818474248414628569e+00
-3.635882790975401235e+00
-3.623811161997683161e+00
-3.783672098281229967e+00
-4.096757153107850158e+00
-4.526426136555867785e+00
-5.022395098898882360e+00
-5.526621036501450313e+00
-5.980094635976114681e+00
-6.329746105095266806e+00
-6.534655904464051090e+00
-6.570843541082433958e+00
-6.434073993642072331e+00
-6.140353334986308198e+00
-5.724055549280649302e+00
-5.233899761558626906e+00
-4.727248662490000974e+00
-4.263395380915368627e+00
-3.896624438151467196e+00
-3.669858857170640754e+00
-3.609636902341462061e+00
-3.723006319407070386e+00
-3.996699541268508238e+00
-4.398686384834372909e+00
-4.881922527588453242e+00
-5.389855081506975232e+00
-5.863040949718758554e+00
-6.246103422884759837e+00
-6.494212888245463056e+00
-6.578333217144978207e+00
-6.488619848881232777e+00
-6.235571894801198667e+00
-5.848803432465741636e+00
-5.373577784723452488e+00
-4.865510375308219615e+00
-4.384060083163642929e+00
-3.985570799095350836e+00
-3.716677527952423787e+00
-3.608848716955360025e+00
-3.674703518801015090e+00
-3.906534978431393856e+00
-4.277211974192090871e+00
-4.743354359650410856e+00
-5.250409720788396406e+00
-5.739037618174378075e+00
-6.152054169392864758e+00
-6.441124250667926709e+00
-6.572418132616730801e+00
-6.530570556834264906e+00
-6.320478924524430830e+00
-5.966730156046776479e+00
-5.510723295724123894e+00
-5.005824602054707917e+00
-4.511122120737467434e+00
-4.084510639756541828e+00
-3.775916290828966737e+00
-3.621453718774577446e+00
-3.639199602401940403e+00
-3.827077149681508583e+00
-4.163099143695005111e+00
-4.607941095813195886e+00
-5.109543371251638710e+00
-5.609203702515045187e+00
-6.048447086879450652e+00
-6.375869087190024764e+00
-6.553151667849193451e+00
-6.559547535669317142e+00
-6.394308185386312182e+00
-6.076771496862433786e+00
-5.644098632520639924e+00
-5.146925084790359151e+00
-4.643434829342228731e+00
-4.192551083043134952e+00
-3.847040548877815436e+00
-3.647338154660918264e+00
-3.616814973329700145e+00
-3.759043117777287168e+00
-4.057377698238323838e+00
-4.476904765548590959e+00
-4.968527273437235436e+00
-5.474710881695074249e+00
-5.936217171701058781e+00
-6.299036289406973133e+00
-6.520707691982624787e+00
-6.575289284251746302e+00
-6.456393409326421029e+00
-6.177934392949795850e+00
-5.772500156800512094e+00
-5.287538470052616901e+00
-4.779804160294485627e+00
-4.308717123980732921e+00
-3.929408445186063137e+00
-3.686268431961659875e+00
-3.607751640424980089e+00
-3.703046852057581440e+00
-3.961001715129429890e+00
-4.351427898934651317e+00
-4.828634019280727330e+00
-5.368283823667408861e+00
-5.909870759393482942e+00
-6.355853830488830347e+00
-6.654039857576565353e+00
-6.769532276620658706e+00
-6.688815066645165786e+00
-6.421334523018886742e+00
-5.998393762156138287e+00
-5.469489333204599291e+00
-4.896518661251940685e+00
-4.346536222122711735e+00
-3.883906190064807973e+00
-3.562769930105923244e+00
-3.420709860742971564e+00
-3.474351201996850325e+00
-3.717416334093329944e+00
-4.121459464216512103e+00
-4.639195623646109823e+00
-5.210034404381605810e+00
-5.767170824778625082e+00
-6.245403483681431389e+00
-6.588765048319500828e+00
-6.757072083724652956e+00
-6.730627700354149923e+00
-6.512526671382628862e+00
-6.128293252920157030e+00
-5.622894092878178540e+00
-5.055475806288951546e+00
-4.492443076049871031e+00
-3.999687345556385054e+00
-3.634875575501580691e+00
-3.440701507839614592e+00
-3.439889238171087271e+00
-3.632533826015650558e+00
-3.996090170043199219e+00
-4.488011450189837603e+00
-5.050728361076034290e+00
-5.618386419489776351e+00
-6.124552882155062328e+00
-6.509991336991125088e+00
-6.729594111272635182e+00
-6.757661200374789345e+00
-6.590907926669578032e+00
-6.248849343732485018e+00
-5.771516399224330129e+00
-5.214771132782677121e+00
-4.643769169008367115e+00
-4.125334586776472356e+00
-3.720139530164464858e+00
-3.475603777282813667e+00
-3.420345226974347064e+00
-3.560830760193242739e+00
-3.880619424108854965e+00
-4.342286508726119543e+00
-4.891803342282588396e+00
-5.464860240121420354e+00
-5.994392635445032091e+00
-6.418429612570230702e+00
-6.687346332699476648e+00
-6.769671604388952879e+00
-6.655770941598674106e+00
-6.358974082853378285e+00
-5.914015018501468823e+00
-5.372967088914498035e+00
-4.799148867084626957e+00
-4.259714017181521761e+00
-3.817792334275588395e+00
-3.525101695482220965e+00
-3.415895542249212546e+00
-3.502954216957606004e+00
-3.776089285741043078e+00
-4.203335885888237478e+00
-4.734693557998597591e+00
-5.307977775144631316e+00
-5.856097367462080427e+00
-6.314906168748862569e+00
-6.630710010734326865e+00
-6.766550525173286701e+00
-6.706530363497462233e+00
-6.457673655696549275e+00
-6.049103979841542689e+00
-5.528636044072545275e+00
-4.957179954831035573e+00
-4.401612937072075127e+00
-3.926952725532870225e+00
-3.588748571226672013e+00
-3.426580339928120722e+00
-3.459426499955760459e+00
-3.683443081362588245e+00
-4.072413533847614175e+00
-4.580816836738494047e+00
-5.149154801643368806e+00
-5.710915116164173355e+00
-6.200355247090856281e+00
-6.560196256716298358e+00
-6.748326128733667773e+00
-6.742728116784777015e+00
-6.544057353453659687e+00
-6.175564180422622229e+00
-5.680373172424746819e+00
-5.102800756049775899e+00
-4.865114625820981864e+00
-4.654091927230629366e+00
-4.494428542866954146e+00
-4.404809800044173329e+00
-4.395723736140465299e+00
-4.468233688743932674e+00
-4.613853853777873937e+00
-4.815542374976667261e+00
-5.049695743939574655e+00
-5.288911107105436216e+00
-5.505193208222133094e+00
-5.673230659411495402e+00
-5.773358120438923713e+00
-5.793857723805281523e+00
-5.732330411014850746e+00
-5.595976693210722885e+00
-5.400753978898497287e+00
-5.169509086280290155e+00
-4.929304491361693685e+00
-4.708251219700124501e+00
-4.532219026915082161e+00
-4.421808873916527105e+00
-4.389942006585674683e+00
-4.440347788727059708e+00
-4.567127256457421680e+00
-4.755443471046542747e+00
-4.983257878556735854e+00
-5.223909470966776603e+00
-5.449234910822725375e+00
-5.632864472763287722e+00
-5.753308079504310335e+00
-5.796470275009784068e+00
-5.757299808776436656e+00
-5.640380781194842541e+00
-5.459396168536159166e+00
-5.235526510971440395e+00
-4.994971164376742045e+00
-4.765882202605538964e+00
-4.575069794137159640e+00
-4.444864621250776970e+00
-4.390504531265492894e+00
-4.418351258765939704e+00
-4.525145914933933255e+00
-4.698390373703437817e+00
-4.917809921304725052e+00
-5.157725996041208738e+00
-5.390061337730436719e+00
-5.587625855648587603e+00
-5.727298671469744029e+00
-5.792733944280440639e+00
-5.776273816299225317e+00
-5.679844608204990486e+00
-5.514731382775737600e+00
-5.300257259544134847e+00
-5.061522039626013658e+00
-4.826464788345467660e+00
-4.622594140166540910e+00
-4.473768976736817393e+00
-4.397406233707236822e+00
-4.402442605322413272e+00
-4.488288687490227247e+00
-4.644897955452735872e+00
-4.853942503635454209e+00
-5.090957951419057714e+00
-5.328206497566189803e+00
-5.537923061452727502e+00
-5.695564616792159640e+00
-5.782682449926202395e+00
-5.789081203707052481e+00
-5.714012035128064326e+00
-5.566260252052360968e+00
-5.363117172956198608e+00
-5.128356532435353721e+00
-4.889452252742637839e+00
-4.674363184184356257e+00
-4.508261094625362730e+00
-4.410584829880892954e+00
-4.392765395155134200e+00
-4.456888190126494287e+00
-4.595448955649295009e+00
-4.792231993509314947e+00
-5.024207881607352988e+00
-5.264228595896499385e+00
-5.484204630278931347e+00
-5.658392297683891847e+00
-5.766406501099101689e+00
-5.795606391444233729e+00
-5.742574719919178783e+00
-5.613517756949775617e+00
-5.423538975413481289e+00
-5.194871498639792584e+00
-4.954276168926133650e+00
-4.729909739330736329e+00
-4.548029702715966849e+00
-4.429921390277896442e+00
-4.389406959709292622e+00
-4.431227794885610471e+00
-4.550489624042928227e+00
-4.733235293994389359e+00
-4.947397719280838047e+00
-5.207079732606624489e+00
-5.453405169378039652e+00
-5.657546684927198477e+00
-5.795613698131456992e+00
-5.851448294367528113e+00
-5.818516178309731224e+00
-5.700671379296996300e+00
-5.511705216175577071e+00
-5.273732306040068707e+00
-5.014602501475774687e+00
-4.764641636013351444e+00
-4.553102506751621981e+00
-4.404741433906237624e+00
-4.336921040835408192e+00
-4.357578314771090255e+00
-4.464295745108420199e+00
-4.644584243482336561e+00
-4.877344735633994510e+00
-5.135337375690166795e+00
-5.388369411923074281e+00
-5.606828629629651672e+00
-5.765148854048437244e+00
-5.844801947212689086e+00
-5.836466146820457723e+00
-5.741116987490261003e+00
-5.569913134424625767e+00
-5.342890490311794416e+00
-5.086617403492215139e+00
-4.831085387224386629e+00
-4.606199227644823146e+00
-4.438277241360225389e+00
-4.346971255804183976e+00
-4.342966765541783403e+00
-4.426732414098140111e+00
-4.588465148837219232e+00
-4.809237467388568277e+00
-5.063212493936913638e+00
-5.320667656086561337e+00
-5.551473102884681765e+00
-5.728617786453842342e+00
-5.831370551634989852e+00
-5.847706292875572309e+00
-5.775713246415748792e+00
-5.623816723060556022e+00
-5.409793098201847172e+00
-5.158689451352560518e+00
-4.899892318754951681e+00
-4.663688601503106490e+00
-4.477721104409609687e+00
-4.363753512159242121e+00
-4.335123395998519591e+00
-4.395181324335096562e+00
-4.536898747365540885e+00
-4.743690544800688080e+00
-4.991355974332774892e+00
-5.250910872600438317e+00
-5.491979657566123940e+00
-5.686350167936402578e+00
-5.811275318517164834e+00
-5.852135180401845105e+00
-5.804147944058031250e+00
-5.672929532144263653e+00
-5.473836370844506583e+00
-5.230168234867455190e+00
-4.970441486276485854e+00
-4.725051818667945547e+00
-4.522717064105013840e+00
-4.387116359361040274e+00
-4.334118988193722544e+00
-4.369927206874902659e+00
-4.490350397190752574e+00
-4.681295492429438987e+00
-4.920416282044350886e+00
-5.179728577679475698e+00
-5.428885188963989528e+00
-5.638727440269736491e+00
-5.784697596173365319e+00
-5.849712841150003229e+00
-5.826164473068939031e+00
-5.716808345860387774e+00
-5.534442353285982108e+00
-5.300408697728625107e+00
-5.042096222748536860e+00
-4.789735110197279155e+00
-4.572859056909508446e+00
-4.416848960693769754e+00
-4.339962606349790697e+00
-4.351197966096694181e+00
-4.449240171311344305e+00
-4.622615390956378967e+00
-4.851033608381111861e+00
-5.107763151987115613e+00
-5.362759089602702645e+00
-5.586179372112289876e+00
-5.751877233781426568e+00
-5.840461135385967673e+00
-5.841564146506329713e+00
-5.755057182293813689e+00
-5.591064110206880322e+00
-5.708487698380560360e+00
-5.140394023447083960e+00
-4.566747967691332732e+00
-4.054683046771969224e+00
-3.664125966437112858e+00
-3.440783429635752011e+00
-3.410793103560308293e+00
-3.577664741315521368e+00
-3.921869437239388745e+00
-4.403125085124121263e+00
-4.965110573286134255e+00
-5.542057016554923443e+00
-6.066444656544949687e+00
-6.476904665758434376e+00
-6.725401111272365284e+00
-6.782852576333921135e+00
-6.642535544254345226e+00
-6.320871248258842279e+00
-5.855503902641956415e+00
-5.300895218890308236e+00
-4.721950778383713576e+00
-4.186424164141397064e+00
-3.756987792337350029e+00
-3.483898390271743306e+00
-3.399115476302322136e+00
-3.512561153135913106e+00
-3.810958929030398679e+00
-4.259387459091117378e+00
-4.805367373081674387e+00
-5.385002910301792234e+00
-5.930459609023899681e+00
-6.377902940173242996e+00
-6.674968830857255675e+00
-6.786891806052090637e+00
-6.700573575039277863e+00
-6.426115917923761245e+00
-5.995638479278648347e+00
-5.459519821944208928e+00
-4.880501648606236031e+00
-4.326346171200889046e+00
-3.861905932592354596e+00
-3.541534145390175858e+00
-3.402723762220752235e+00
-3.461719693928648311e+00
-3.711617675653386073e+00
-4.123172269548986080e+00
-4.648219443985690980e+00
-5.225313186473800720e+00
-5.786916500272747399e+00
-6.267305225889685971e+00
-6.610259707127386974e+00
-6.775644149787745540e+00
-6.744103693918968467e+00
-6.519329503552764749e+00
-6.127626791593920430e+00
-5.614836333696628046e+00
-5.040969744844531419e+00
-4.473186349576145027e+00
-3.977933559277808229e+00
-3.613170564322996103e+00
-3.421585398539913392e+00
-3.425599179616060752e+00
-3.624742176726965859e+00
-3.995708782903448775e+00
-4.495084958748301496e+00
-5.064428956106464597e+00
-5.637110727096708018e+00
-6.146109605832071665e+00
-6.531857703972645091e+00
-6.749211111389587181e+00
-6.772733065755476289e+00
-6.599670804324189177e+00
-6.250277718400581328e+00
-5.765443108921324722e+00
-5.201906931684538549e+00
-4.625619548240142542e+00
-4.104023587526618222e+00
-3.698161168189755266e+00
-3.455530169471314306e+00
-3.404525577771602141e+00
-3.551116435361847401e+00
-3.878147286304154839e+00
-4.347345871019112629e+00
-4.903802109993399938e+00
-5.482394203368509800e+00
-6.015409803136694933e+00
-6.440470355912428779e+00
-6.707831234343368365e+00
-6.786203326374171674e+00
-6.666414784635255053e+00
-6.362484403227712804e+00
-5.909981005147336042e+00
-5.361860840429854669e+00
-4.782270142265202750e+00
-4.239038124888133474e+00
-3.795738964010407557e+00
-3.504251742316615292e+00
-3.398689065943551135e+00
-3.491404882967982459e+00
-3.960669760395135519e+00
