1.172505875479156856e+00
2.579523695870185929e+00
3.365026408427912230e+00
3.377986595044067286e+00
2.618555379815664885e+00
1.237501829304383349e+00
-4.937175059515718778e-01
-2.236317462361309349e+00
-3.650482698737124387e+00
-4.461631325747951848e+00
-4.513722886114161170e+00
-3.799262705107279370e+00
-2.460235917059383493e+00
-7.598935234093084912e-01
9.690036864009700102e-01
2.389307758241581148e+00
3.225227997577706063e+00
3.315877468775797698e+00
2.646226481339680969e+00
1.349510338727094361e+00
-3.192747620767624750e-01
-2.033516244967621844e+00
-3.458909360686916568e+00
-4.318650109619951216e+00
-4.447184177738094490e+00
-3.822076284353632225e+00
-2.567867279053539065e+00
-9.312689006264438518e-01
7.673646788302296295e-01
2.196743374650119485e+00
3.079251939409519689e+00
3.244864708329457503e+00
2.663894790805135582e+00
1.452271627545024035e+00
-1.515818342411731634e-01
-1.833662383872575852e+00
-3.265860225843443487e+00
-4.169958848259774697e+00
-4.371678233154870696e+00
-3.834264460853677114e+00
-2.665153263885579271e+00
-1.094506441285030274e+00
5.700936139803934877e-01
2.003874713023894749e+00
2.928237672072570241e+00
3.164889913331112137e+00
2.670232031582540966e+00
1.543366193769557082e+00
6.260451410807332806e-03
-1.639964490671049546e+00
-3.074019540149871776e+00
-4.017150081085657298e+00
-4.287321305316263320e+00
-3.834353706491809177e+00
-2.749227288132144675e+00
-1.245832638478429510e+00
3.811754427564941761e-01
1.814119979329174459e+00
2.774326240054641790e+00
3.076319860626280267e+00
2.663659581013326338e+00
1.619484067605756472e+00
1.497961052156286943e-01
-1.457167868748892925e+00
-2.887474284280588943e+00
-3.862843461705715686e+00
-4.194816852009724428e+00
-3.821184567047732461e+00
-2.817620984595881062e+00
-1.382347070824334612e+00
2.030759408767880414e-01
1.629035613157254314e+00
2.618357515004519964e+00
2.980166744270549728e+00
2.646659434540922007e+00
1.685717819865081957e+00
2.870502550818330167e-01
-1.275297801928567232e+00
-2.696641518675390259e+00
-3.701041537913171364e+00
-4.094815092153648806e+00
-3.803819837187671915e+00
-2.887359850966719765e+00
-1.526128540629975161e+00
1.335934732310217754e-02
1.430858414698064518e+00
2.450853080784084259e+00
2.876042206006820923e+00
2.625500711063178727e+00
1.750160034641615958e+00
4.226523514357997113e-01
-1.096494426317331961e+00
-2.509765933098880630e+00
-3.540795947798724086e+00
-3.988417839843779955e+00
-3.766082663519397578e+00
-2.918904746713602449e+00
-1.614927515390303991e+00
-1.122223755030515302e-01
1.291834136967680013e+00
2.319246934583279351e+00
2.766873484930318483e+00
2.547586844515610238e+00
1.707277288903304768e+00
4.154615242646383377e-01
-1.068589257701827666e+00
-2.447629439593174361e+00
-3.445897750508403856e+00
-3.864410748894386849e+00
-3.620988157852929490e+00
-2.766887332341382955e+00
-1.476572053293669695e+00
-1.253932329823959080e-02
1.327806458417637003e+00
2.272542268321879444e+00
2.630624618176105933e+00
2.330963378280537235e+00
1.437085786915499153e+00
1.342463053545449592e-01
-1.308521998455270285e+00
-2.593734034309976177e+00
-3.456825393098657884e+00
-3.720898584066580916e+00
-3.333448640804244079e+00
-2.377338356479631543e+00
-1.053607923873835395e+00
3.604248187112994994e-01
1.569115529419238264e+00
2.320408859010149261e+00
2.458719072184283316e+00
1.957602166404560862e+00
9.252515774209074673e-01
-4.184337568501766413e-01
-1.788435070592749643e+00
-2.895028640673332987e+00
-3.505217929366872376e+00
-3.492104354005618916e+00
-2.861650522086053972e+00
-1.751097057524744205e+00
-3.993556142732003211e-01
9.042841834255633815e-01
1.882127531127729902e+00
2.327415060467495245e+00
2.148285383708468554e+00
1.386936877042522553e+00
2.099302657193329313e-01
-1.128185236585233842e+00
-2.339979720137833397e+00
-3.167018081545059260e+00
-3.435123929986467317e+00
-3.091151653218188411e+00
-2.213459794458617846e+00
-9.940250077453929300e-01
3.037100539004389255e-01
1.401946531245108041e+00
2.068143706133426907e+00
2.164277329014823170e+00
1.675270541502277943e+00
7.107565631153053287e-01
-5.198357717909753983e-01
-1.753137817414556210e+00
-2.728493829292421680e+00
-3.243128037421488141e+00
-3.194095687845480480e+00
-2.598353332010586048e+00
-1.587141783035489251e+00
-3.764321248382954677e-01
7.797755079609963724e-01
1.643058293426288063e+00
2.039667640323298059e+00
1.894987080424062942e+00
1.246605898731737216e+00
2.339508599007199541e-01
-9.326347619125431310e-01
-2.016325303509634459e+00
-2.802206093521285801e+00
-3.139646996696063397e+00
-2.970330134311368386e+00
-2.336889348043522663e+00
-1.371266407441087853e+00
-2.659951508935602393e-01
7.651080289401713808e-01
1.528624272251055682e+00
1.887394764895656163e+00
1.784014049352207643e+00
1.248202883940244590e+00
3.876296841129270865e-01
-6.351004861593823048e-01
-1.634183940186162420e+00
-2.434743004156032065e+00
-2.903041487197545845e+00
-2.967690788536139657e+00
-2.628760799959190209e+00
-1.954093651955590261e+00
-1.064403699675497972e+00
-1.105363677887123419e-01
7.527110790160461695e-01
1.391629023860278647e+00
1.713533328333936456e+00
1.678851557742786493e+00
1.304150896733039300e+00
6.565983365835944552e-01
-1.593674265314264926e-01
-1.020242424032621553e+00
-1.802575190117961412e+00
-2.400455512218851339e+00
-2.739056395614659856e+00
-2.782707135914466612e+00
-2.536918743538002285e+00
-2.044694527765836600e+00
-1.378208599670077250e+00
-6.274375817011353940e-01
1.124502181526086941e-01
7.531980133211807482e-01
1.223585582842898312e+00
1.476539352549986361e+00
1.492697691086380285e+00
1.280404360576612444e+00
8.725376358017070677e-01
3.209047302713264882e-01
-3.108813937229121249e-01
-9.550743394316638657e-01
-1.547115976568351092e+00
-2.031868902719982994e+00
-2.368240489522558168e+00
-2.531922282201616969e+00
-2.516203680796016418e+00
-2.331021541258898822e+00
-2.000561149178786913e+00
-1.559820991907501231e+00
-1.050593650377150912e+00
-5.173038998707371050e-01
-3.092974338203213769e-03
4.535425736449006928e-01
8.213449008508838523e-01
1.078008574754957039e+00
1.210993439999479726e+00
1.217494887369231726e+00
1.103689984238681365e+00
8.834177143657507836e-01
5.764712937567438855e-01
2.066822874353270167e-01
-2.000366716168404668e-01
-6.175474745786994069e-01
-1.021127843858115503e+00
-1.388819273073948146e+00
-1.702435836293817228e+00
-1.948218699304559820e+00
-2.117147266226582225e+00
-2.204938456631963639e+00
-2.211780240193513158e+00
-2.141854401518610729e+00
-2.002707112472673412e+00
-1.804525065077181356e+00
-1.559370620109646666e+00
-1.280422647751226162e+00
-9.812614251788346342e-01
-6.752269564057196138e-01
-3.748710963720164324e-01
-9.151544169329112188e-02
1.650805161169850432e-01
3.869427508172434971e-01
5.680043145113896630e-01
7.041355912865397970e-01
7.930959852928164411e-01
8.344211319859621279e-01
8.292600704547464785e-01
7.801764005693622162e-01
6.909264548741952394e-01
5.662261156615339130e-01
4.115162588302849755e-01
2.327351343165243724e-01
3.610717955292774839e-02
-1.720483865140775559e-01
-3.854923791886438744e-01
-5.982207559915776462e-01
-8.045988189478905372e-01
-9.994740840471094678e-01
-1.178267902812523804e+00
-1.337046325960339566e+00
-1.472571012699324999e+00
-1.582331226285337289e+00
-1.664558130740560582e+00
-1.718222727154989027e+00
-1.743018850376949036e+00
-1.739332694794015310e+00
-1.708200353727923115e+00
-1.651254836999402897e+00
-1.570663962366799282e+00
-1.469060370995220355e+00
-1.349464643771591144e+00
-1.215202006360101894e+00
-1.069812261657007380e+00
-9.169511475226952424e-01
-7.602789266444097693e-01
-6.033281349748841338e-01
-4.493362651050015200e-01
-3.010196666237799357e-01
-1.602507316971405471e-01
-2.757994994085533058e-02
9.814174161897426529e-02
2.160853312023530703e-01
3.227473665824123206e-01
4.142985192960507712e-01
4.870250037322964021e-01
5.375654016940395463e-01
5.630612258500166112e-01
5.612626105469747939e-01
5.306088879364233568e-01
4.702920974510963470e-01
3.803054415856305104e-01
2.614758410790601895e-01
1.154786211124964046e-01
-5.516782830069377752e-02
-2.471292693872082502e-01
-4.563059975401148050e-01
-6.779069687889265339e-01
-9.065474782234667073e-01
-1.136369377114867074e+00
-1.361181986184028192e+00
-1.574621040117728743e+00
-1.770322206203273296e+00
-1.942104981950647957e+00
-2.084162118826124122e+00
-2.191249168958667504e+00
-2.258868336199749915e+00
-2.283440558272405774e+00
-2.262459676331903591e+00
-2.194622681369292838e+00
-2.079930377322649626e+00
-1.919753375534156259e+00
-1.716859133422674155e+00
-1.475396762260513750e+00
-1.200837535717699467e+00
-8.998704037468409078e-01
-5.802533174274622230e-01
-2.506227528270653648e-01
7.973456856328731135e-02
4.011421890377252497e-01
7.038196010514709000e-01
9.781847428495603625e-01
1.215163847640103878e+00
1.406498390504131279e+00
1.545038417439721812e+00
1.625011463561969016e+00
1.642256601342632294e+00
1.594413917949355497e+00
1.481060883384549776e+00
1.303787162445438685e+00
1.066201016997972317e+00
7.738687305416035445e-01
4.341884311719185208e-01
5.620131223809721188e-02
-3.496544937024101407e-01
-7.718401008502460137e-01
-1.198053053466912043e+00
-1.615594986317070880e+00
-2.011758152123624299e+00
-2.374218518260351019e+00
-2.691422868408725133e+00
-2.952957502526508016e+00
-3.149886697760413412e+00
-3.275050047119345997e+00
-3.323309092299639111e+00
-3.291735261820530223e+00
-3.179732956987480375e+00
-2.989093631673716445e+00
-2.723978819708510191e+00
-2.390832207226370798e+00
-1.998222959730207471e+00
-1.556624531728697303e+00
-1.078135053179160696e+00
-5.761428842155980057e-01
-6.490948645949556894e-02
4.408506433870004182e-01
9.263112779245409323e-01
1.376823453928387231e+00
1.778341911889563143e+00
2.117899500544988101e+00
2.384092516114234783e+00
2.567552371164165681e+00
2.661375405180926190e+00
2.661480918044321076e+00
2.566867989636629765e+00
2.379725026819772715e+00
2.105330713463242187e+00
1.751795592430574366e+00
1.329685721567515966e+00
8.515534647077346309e-01
3.314043719372116170e-01
-2.158686379957899248e-01
-7.750521459720126627e-01
-1.331149586521605865e+00
-1.869860639335751529e+00
-2.377976729318962423e+00
-2.843668872895580346e+00
-3.256645075342697648e+00
-3.608153357830421015e+00
-3.890802415651018364e+00
-4.098164225339935740e+00
-4.225475105059434355e+00
-4.275821064770106261e+00
-4.255738487992918095e+00
-4.172366679056294103e+00
-4.033243241305252802e+00
-3.846125816454569968e+00
-3.618818809480560450e+00
-3.359005721651103116e+00
-3.074093910685528286e+00
-2.771078976846201858e+00
-2.456434034200425831e+00
-2.136026600554989052e+00
-1.815063512399110568e+00
-1.498062438286956954e+00
-1.188847282868424227e+00
-8.905639954171755690e-01
-6.057129330435441217e-01
-3.361938843792955378e-01
-8.336004589934281617e-02
1.519224158142923331e-01
3.692121489835139547e-01
5.684302049103656662e-01
7.497994027779223414e-01
9.137869819020240092e-01
1.061051629142304886e+00
1.192395596050804585e+00
1.308722302701406104e+00
1.410999564029085107e+00
1.500228367765459758e+00
1.577416976338239962e+00
1.643560012699122996e+00
1.699622115565793568e+00
1.746525706459431060e+00
1.785142392847122395e+00
1.816287532811837302e+00
1.840717501776107046e+00
1.859129226447592043e+00
1.872161581645609196e+00
1.880398279083877355e+00
1.884371911286543799e+00
1.884568846992287217e+00
1.881434705592911261e+00
1.875380166730522102e+00
1.866786896873428692e+00
1.856013397491768746e+00
1.843400599516414662e+00
1.829277046328528389e+00
1.813963522840509324e+00
1.797777001480656889e+00
1.781033787152305425e+00
1.764051752419764085e+00
1.747151560986301089e+00
1.730656781501059172e+00
1.714892794172104384e+00
1.700184388739544694e+00
1.686851943124489495e+00
1.675206056582871028e+00
1.665540488640798067e+00
1.658123224999680456e+00
1.653185454102696017e+00
1.650908194215876978e+00
1.651406263215962511e+00
1.654709236340228706e+00
1.660738998375854258e+00
1.669283477484193590e+00
1.679966164658843297e+00
1.692211099120258577e+00
1.705203167910597006e+00
1.717843870450166843e+00
1.728703191422419128e+00
1.735968977626356491e+00
1.737396309797169636e+00
1.730260893104817566e+00
1.711322557100014574e+00
1.676807640718282588e+00
1.622422381539518010e+00
1.543413382324168470e+00
1.434695582506739786e+00
1.291072445788743028e+00
1.107576417662029744e+00
8.799586784033740505e-01
6.053536567243135158e-01
2.831326564501929210e-01
-8.404887309714365040e-02
-4.890006320373909698e-01
-9.187842418873366501e-01
-1.353765571508488197e+00
-1.767218473469228446e+00
-2.125868366861003445e+00
-2.391799168584674895e+00
-2.526093541113580088e+00
-2.494383390738536210e+00
-2.274111382036152484e+00
-1.862732331383226470e+00
-1.285366122628481378e+00
-5.996973697442413709e-01
1.045390957450961222e-01
7.139916631200750041e-01
1.109420273335974816e+00
-5.828450221775126616e-01
