5.442200345938246642e+00
6.206335336577981643e+00
6.644796111339577038e+00
6.673988968390608179e+00
6.288345849097557227e+00
5.561387009048629260e+00
4.631705458788057506e+00
3.676544918709920839e+00
2.878008440969481718e+00
2.388339981675651202e+00
2.300898126320899628e+00
2.632356103619643228e+00
3.319521998289640230e+00
4.231385707115927985e+00
5.194096091525271852e+00
6.024106466140939808e+00
6.563169082231886442e+00
6.708506599996354680e+00
6.432407971132179547e+00
5.787512407553681015e+00
4.896773793349582959e+00
3.930018756099131760e+00
3.071567743806501660e+00
2.485092475731330630e+00
2.282410129497626450e+00
2.502164091024707382e+00
3.102456112886120998e+00
3.968834695470766061e+00
4.936116605177610417e+00
5.819880937819529976e+00
6.451630920767685851e+00
6.710919363811945537e+00
6.548312647075459125e+00
5.994814972448092583e+00
5.155956219299335785e+00
4.191670884011093889e+00
3.285804690384744653e+00
2.611062990158323771e+00
2.296083991323931706e+00
2.400914514321660143e+00
2.905563714569068701e+00
3.713816576170605011e+00
4.671579558364610918e+00
5.596260109457819709e+00
6.311577352578618516e+00
6.681167057815653898e+00
6.634575191967455154e+00
6.180686159591483708e+00
5.406027461993244465e+00
4.458275085319765907e+00
3.518104122438787229e+00
2.764749696149629177e+00
2.341841372282291722e+00
2.330021727617179295e+00
2.731566804863283071e+00
3.469941759423049277e+00
4.404380021945827117e+00
5.356710993865625881e+00
6.145325798647432336e+00
6.619807997108778430e+00
6.689626645243791359e+00
6.341418069130432045e+00
5.641555886158798216e+00
4.723512570356168894e+00
3.762416144764176185e+00
2.941649420288211303e+00
2.417860152680185948e+00
2.291057680255524254e+00
2.585505381272011682e+00
3.245061863494284715e+00
4.143868579789412365e+00
5.110352730283342026e+00
5.959970751434839897e+00
6.530445372947912830e+00
6.712768328499866044e+00
6.472044387295830425e+00
5.854188280715952430e+00
4.977185713243207132e+00
4.008578006374508895e+00
3.133463910689413545e+00
2.519128004827152267e+00
2.283054897575685249e+00
2.470446661804728272e+00
3.045548848715096568e+00
3.898453294391031498e+00
4.866087206217611261e+00
5.763383320234195750e+00
6.418674889331836830e+00
6.706546056742801021e+00
6.571849660023687534e+00
6.040289946442116253e+00
5.213535716945868259e+00
4.249789325634652393e+00
3.333522379978488992e+00
2.640166288294966801e+00
2.302516368288876958e+00
2.385285009293078407e+00
2.872683001871343400e+00
3.671415627935333603e+00
4.628528212188375512e+00
5.560689916923548637e+00
6.289310247571934909e+00
6.674761284664567640e+00
6.643146016628747930e+00
6.200478298132150456e+00
5.431550594570499157e+00
4.483700192833583564e+00
3.538580448576357895e+00
2.777345333358703261e+00
2.345921061085611825e+00
2.327024463462992188e+00
2.724296035584413467e+00
3.461593418858589288e+00
4.397583713672305272e+00
5.352838192301038411e+00
6.144234019690987481e+00
6.620065129717698227e+00
6.689127895068078367e+00
6.338203083054215980e+00
5.634582033596769790e+00
4.713154618913653948e+00
3.750538392090733808e+00
2.931213763016162765e+00
2.412161999107025334e+00
2.292787525624533362e+00
2.595889252569189232e+00
3.263323326937822344e+00
4.167179882380110278e+00
5.134320805488176376e+00
5.979565513091888107e+00
6.541158170643725178e+00
6.711719027869569310e+00
6.458755778658202829e+00
5.830818769192105400e+00
4.948139598054217991e+00
3.979566382566616767e+00
3.110230034745523398e+00
2.506142441060229764e+00
2.282502667879533931e+00
2.481763753718384979e+00
3.065632217303088325e+00
3.922498465065151318e+00
4.888843433650839287e+00
5.780500874470152262e+00
6.427781107267508176e+00
6.707747679766311144e+00
6.567507975512975271e+00
6.034115105495425624e+00
5.209245272093016688e+00
4.249718201119561556e+00
3.337613501210449307e+00
2.645693591391641952e+00
2.304706771823289202e+00
2.378755412443922079e+00
2.853356093851189268e+00
3.638393930295078516e+00
4.585347021612650842e+00
5.515466085162612941e+00
6.253545944682666224e+00
6.660901390725111781e+00
6.661345381486660777e+00
6.255318656558062074e+00
5.519573716611740011e+00
4.592542534097534102e+00
3.648201110153650895e+00
2.863382407649301964e+00
2.384686168731821709e+00
2.301173203450234350e+00
2.627914752665729381e+00
3.303412092180446624e+00
4.201298283980438697e+00
5.154072037982117216e+00
5.984388683112136675e+00
6.538055258894718946e+00
6.712594825740384685e+00
6.476102885261841635e+00
5.872948448451444925e+00
5.015327618163880175e+00
4.062299812826855039e+00
3.190240407012027823e+00
2.560206044262478997e+00
2.288247821178303276e+00
2.424131360532191692e+00
2.942345680442222111e+00
3.747001799181970849e+00
4.689660963849127562e+00
5.596762942962909548e+00
6.301579839889127399e+00
6.674815627561505593e+00
6.648247197044536705e+00
6.227101879266671247e+00
5.488945563064977939e+00
4.569330670424732510e+00
3.636870848405935774e+00
2.862329232963220171e+00
2.387382708335923365e+00
2.298764383743364448e+00
2.612488287057646019e+00
3.271010050148784654e+00
4.153814596956562077e+00
5.099477192168380135e+00
5.935161212137633591e+00
6.508170980865461530e+00
6.713812506512412348e+00
6.514492743241998340e+00
5.946584309700051030e+00
5.113807160276957475e+00
4.168328474345336154e+00
3.283013883569025460e+00
2.619873625582485044e+00
2.300444908719212922e+00
2.383509675410391271e+00
2.854225239794295543e+00
3.626680694980209285e+00
4.559455662471290971e+00
5.481389137794899113e+00
6.222893668247820642e+00
6.647115266055788396e+00
6.675234612141688118e+00
6.301238069385781237e+00
5.593378470433604477e+00
4.681959780507232161e+00
3.735583175412609869e+00
2.930130698218375684e+00
2.416143000627030357e+00
2.290608481372064187e+00
2.578442260499091532e+00
3.227213105805186721e+00
4.116273321166882049e+00
5.078789240862665366e+00
5.932741871691062485e+00
6.515220537301678938e+00
6.713605104073549157e+00
6.487687839554942215e+00
5.878366203475155594e+00
5.000945084466532187e+00
4.023964779150832172e+00
3.137282266528452546e+00
2.515324758215693013e+00
2.282561987036488826e+00
2.488041671375021302e+00
3.094279920530356165e+00
3.983137230855157807e+00
4.978015345168199879e+00
5.878407382643312751e+00
6.500187177020706031e+00
6.713603323562036707e+00
6.471102456246812906e+00
5.818895090692147498e+00
4.889312258909642495e+00
4.346493573125775889e+00
4.131030658152101687e+00
3.992924688474783768e+00
3.962434507396586092e+00
4.047136893713725314e+00
4.229776339983110311e+00
4.471466902171751912e+00
4.719736275871420972e+00
4.919809539209341054e+00
5.026739210730304386e+00
5.015694433371476357e+00
4.888020496816237959e+00
4.671537008161886106e+00
4.414794713350921995e+00
4.176391055944549180e+00
4.011639401456092990e+00
3.959605686836523475e+00
4.033571745188022639e+00
4.217306744382177008e+00
4.468247251162301481e+00
4.727076037842725675e+00
4.931621455170750679e+00
5.031858389406137277e+00
5.002383466268995882e+00
4.849204132526537592e+00
4.608956932543518903e+00
4.340480503741621199e+00
4.110586667738784783e+00
3.977417291852300973e+00
3.975529792291684128e+00
4.106582496099079549e+00
4.338206819307774076e+00
4.611636084707448013e+00
4.856400195151293175e+00
5.008474519575934814e+00
5.027217733736454974e+00
4.906573328179638871e+00
4.677366915193903019e+00
4.399801750020385427e+00
4.147867408811568346e+00
3.989634935324016141e+00
3.968678650244422457e+00
4.091742845826132680e+00
4.326228939264676221e+00
4.608479641049653353e+00
4.860861839764210934e+00
5.013120690698451121e+00
5.022129573910120826e+00
4.884428326941031351e+00
4.637816614042943542e+00
4.351277864809969920e+00
4.105829279372643192e+00
3.971575302843151967e+00
3.987481704014099293e+00
4.149770546089868617e+00
4.412478658746659121e+00
4.700258686346882264e+00
4.929919306964020365e+00
5.034557534896393349e+00
4.983244627713825814e+00
4.790402792908615481e+00
4.511955652604560107e+00
4.229211959147415101e+00
4.025105794940776249e+00
3.959759413715943310e+00
4.052624319372228889e+00
4.276568901620056096e+00
4.565755063527796587e+00
4.835029321646507228e+00
5.005089202092905865e+00
5.025931898699302458e+00
4.891593293725422065e+00
4.641797976504271617e+00
4.350073010877944846e+00
4.101932399911905947e+00
3.969682813499883611e+00
3.991348193833848867e+00
4.159894327045906337e+00
4.425783196705324940e+00
4.711883989317402488e+00
4.936137466843709021e+00
5.035196376154641662e+00
4.982158901008257423e+00
4.793441775388523673e+00
4.523157887811551703e+00
4.247030759086825924e+00
4.040796765619452557e+00
3.959394151785044613e+00
4.022705354513743892e+00
4.211470206626755974e+00
4.473945212816613726e+00
4.740882436703112823e+00
4.944292529395056590e+00
5.034764818500216066e+00
4.992915232357337807e+00
4.832461021507311827e+00
4.594836931054529394e+00
4.337459804132858032e+00
4.119149782571687624e+00
3.986545468014624838e+00
3.964655841712826145e+00
4.053292322217939336e+00
4.229482213132121693e+00
4.454536534988390528e+00
4.683558374642039723e+00
4.874964239912650932e+00
4.997985957762240083e+00
5.036917040295514347e+00
4.991797059299936556e+00
4.876043476406767496e+00
4.712075005187286614e+00
4.526145457475565514e+00
4.343534803242795839e+00
4.184954527832923432e+00
4.064524406862794592e+00
3.989271374245376478e+00
3.959826292074236420e+00
3.971868922948252667e+00
4.017874307350700391e+00
4.088801435438537801e+00
4.175490334940215931e+00
4.269658184934145062e+00
4.364484929268254376e+00
4.454844412350975169e+00
4.537269283362800998e+00
4.609743945602656545e+00
4.671408925619016550e+00
4.722240822484143230e+00
4.762751025231071189e+00
4.793727777664566148e+00
4.816031904722441581e+00
4.830447013421415470e+00
4.837579715707750694e+00
4.837803413066550817e+00
4.831239347188043709e+00
4.817769951662448591e+00
4.797081190655476668e+00
4.768731870257891359e+00
4.732248350633581069e+00
4.687242329069834845e+00
4.633547245719895180e+00
4.571365454197943379e+00
4.501413954506083392e+00
4.425051895320849304e+00
4.344369236236223841e+00
4.262214180422931875e+00
4.182138549196453781e+00
4.108246208520258236e+00
4.044940360998894313e+00
3.996580363970467342e+00
3.967075880941938415e+00
3.959462618340183759e+00
3.975515915625801533e+00
4.015462383859721207e+00
4.077843042934773621e+00
4.159563449912758060e+00
4.256139228240668260e+00
4.362113840788381047e+00
4.471595735161805862e+00
4.578840659502298571e+00
4.678796976299087085e+00
4.767539145449608107e+00
4.842535465400767514e+00
4.902725596984268464e+00
4.948414324140643750e+00
4.981013324909367768e+00
5.002677083836924332e+00
5.015880123103364063e+00
5.022971542422580704e+00
5.025723732209911532e+00
5.024872285706991626e+00
5.019634129968530090e+00
5.007206205817873013e+00
4.982310466676879379e+00
4.936992811434651074e+00
4.861130870618701749e+00
4.744442906707702967e+00
4.581065432798821391e+00
4.377530313525032746e+00
4.164178601557416926e+00
4.002006457702317554e+00
3.965394229664672476e+00
4.105823862421821957e+00
4.407827119849801356e+00
4.765019692284250041e+00
5.007810600731824380e+00
4.989630239345621554e+00
4.691582119426640496e+00
4.269502765277853662e+00
3.984283419425993955e+00
4.034945862237202086e+00
4.403921983650391780e+00
4.843012968948479546e+00
5.037024929765332892e+00
4.837816925232614196e+00
4.386791069714165658e+00
4.017765061039034080e+00
4.006176522254013328e+00
4.359480568524531918e+00
4.813730052668290682e+00
5.035891651098326705e+00
4.870471440401192176e+00
4.443536113867736503e+00
4.057968278993784317e+00
3.973001727728179056e+00
4.233565330193721721e+00
4.659337084655016170e+00
4.979927684164991319e+00
5.009202234633658435e+00
4.745422473325414892e+00
4.350230945182854470e+00
4.040112692872436462e+00
3.966411259030741654e+00
4.149258376802921866e+00
4.487385545239740203e+00
4.822524827255999291e+00
5.016446279495291094e+00
5.003971797708099523e+00
4.805742439712944680e+00
4.505749940135220122e+00
4.211093108136946483e+00
4.012920308100871303e+00
3.961368060427004067e+00
4.058639665280576736e+00
4.267281179636301935e+00
4.527071014878498723e+00
4.773623259772700855e+00
4.953612064184008013e+00
5.034068011697176104e+00
5.005451874391333433e+00
4.879678495778421166e+00
4.684886170407775552e+00
4.458722458733584304e+00
4.241525732856318065e+00
4.070272571215881818e+00
3.973705827537667545e+00
3.968747229363466911e+00
4.058160610274613944e+00
4.229457854016309248e+00
4.455196568534394608e+00
4.694993800006730389e+00
4.899973456730807087e+00
5.020837951650667819e+00
5.019535639680827721e+00
4.882778109753594720e+00
4.633497813738590487e+00
4.334474015051302587e+00
4.078224933075158098e+00
3.960449345675951527e+00
2.291913411848222726e+00
