1.251339912248273789e-01
4.721456713002241679e-01
7.058080726115265602e-01
7.910548410943398778e-01
7.150927616242448437e-01
4.893216707141654909e-01
1.476236519467740149e-01
-2.587217407490274845e-01
-6.687331456618914594e-01
-1.020879032625100269e+00
-1.262311907624753982e+00
-1.356799280409914488e+00
-1.290161173157428953e+00
-1.072398148430991460e+00
-7.361904974727413453e-01
-3.319938197351264275e-01
7.953298658660440390e-02
4.366309709018451612e-01
6.857094644363022073e-01
7.893885781060261397e-01
7.321089044555524339e-01
5.224665603853677620e-01
1.919231444359268401e-01
-2.099157911417868505e-01
-6.227451809510782255e-01
-9.846105921435297503e-01
-1.241205895186445307e+00
-1.354023132884880187e+00
-1.306131514578896313e+00
-1.104718266090062295e+00
-7.800100231335516110e-01
-3.807366376292341537e-01
3.318184412528307758e-02
3.996275462819998681e-01
6.636069625468350441e-01
7.855039817076023834e-01
7.470251855280014563e-01
5.539451919321556339e-01
2.352400423378828154e-01
-1.612613119340246537e-01
-5.760548308759123604e-01
-9.468913194217187801e-01
-1.218118333984601120e+00
-1.349032096502203348e+00
-1.319986021462346892e+00
-1.135339132592481981e+00
-8.228018922762105891e-01
-4.292776168611138754e-01
-1.382356800845324640e-02
3.612119316898734778e-01
6.395462815872356988e-01
7.794090864167326771e-01
7.598107534708289368e-01
5.836924580447180322e-01
2.774847532353973967e-01
-1.128589352719129302e-01
-5.287586651707786300e-01
-9.077992292987566714e-01
-1.193096976063252823e+00
-1.341836494231338994e+00
-1.331696038506471558e+00
-1.164197414745420822e+00
-8.644775984014121395e-01
-4.775163600368093064e-01
-6.138602843682092192e-02
3.214635822096734707e-01
6.135771863068579801e-01
7.711164983162202002e-01
7.704391638710401669e-01
6.116468323994692646e-01
3.185699023175342925e-01
-6.480877187748748658e-02
-4.809545065796170249e-01
-8.674151760144122036e-01
-1.166193573141650619e+00
-1.332451208749306115e+00
-1.341237345862109187e+00
-1.191233424912383043e+00
-9.049509435717717487e-01
-5.253530948776902187e-01
-1.094071636379931878e-01
2.804647094235963034e-01
5.857533886318380123e-01
7.606433689808376197e-01
7.788884339684227776e-01
6.377504969140188607e-01
3.584105130970895448e-01
-1.721020398949885122e-02
-4.327412285289979899e-01
-8.258226859781856444e-01
-1.137463769576092965e+00
-1.320895651658822390e+00
-1.348590209226223635e+00
-1.216391244465268473e+00
-9.441382166952168031e-01
-5.726888805796792603e-01
-1.577876514123024432e-01
2.383001113734165011e-01
5.561324365725823782e-01
7.480113600026838672e-01
7.851410881225553418e-01
6.619494613324470311e-01
3.969241831676700305e-01
2.983832018914323037e-02
-3.842185506279729990e-01
-7.831077850114829264e-01
-1.106966987270562530e+00
-1.307193723339245217e+00
-1.353739420658390591e+00
-1.239618839441001930e+00
-9.819583666647988540e-01
-6.194258124527129983e-01
-2.064274263105502216e-01
1.950569971725438223e-01
5.247755951970964894e-01
7.332465981884765949e-01
7.891841939576882403e-01
6.841936748934627222e-01
4.340312546367234847e-01
7.623949011189257163e-02
-3.354868324178444938e-01
-7.393588204201986258e-01
-1.074766302774356364e+00
-1.291373763513369077e+00
-1.356674330035416709e+00
-1.260868168163419734e+00
-1.018333169996842091e+00
-6.654672244171890849e-01
-2.552258865994638248e-01
1.508248066312501967e-01
4.917477199163725055e-01
7.163796215214330854e-01
7.910093891108063158e-01
7.044371298504483736e-01
4.696549788820956750e-01
1.218973341561663815e-01
-2.866468657983786139e-01
-6.946662782659007718e-01
-1.040928316820680655e+00
-1.273468492632350069e+00
-1.357388867078997530e+00
-1.280095280608009478e+00
-1.053187392620664298e+00
-7.107178889385444842e-01
-3.040821023365469222e-01
1.056950252682128388e-01
4.571171223438073583e-01
6.974453159994957741e-01
7.906128985275160392e-01
7.226379566293803514e-01
5.037216752913373785e-01
1.667174181216444229e-01
-2.377996665597120196e-01
-6.491225962132878280e-01
-1.005523016576287842e+00
-1.253514944199900505e+00
-1.355881553910891046e+00
-1.297260409303767403e+00
-1.086448945485416262e+00
-7.550842139865932001e-01
-3.528950241235760954e-01
5.976099509075177840e-02
4.209554290061802706e-01
6.764828434805785218e-01
7.879955422700000156e-01
7.387585104277487602e-01
5.361608836554678792e-01
1.152313514075122836e-01
-2.072236403556648177e-01
-5.410731047638801527e-01
-8.362153418540605454e-01
-1.048357550871431565e+00
-1.145662971722562373e+00
-1.113528714422578281e+00
-9.567772546361723585e-01
-6.989327115974657278e-01
-3.786905193558700033e-01
-4.411029741578229024e-02
2.545965874832202824e-01
4.726023781642974542e-01
5.771903508361619917e-01
5.526647030932598792e-01
4.027060658055347520e-01
1.498191408019196036e-01
-1.680446411325260125e-01
-5.031825950172227335e-01
-8.052996537579988345e-01
-1.029056286085630267e+00
-1.140872723712931691e+00
-1.123968368777125582e+00
-9.808801039434627000e-01
-7.330815755023212255e-01
-4.177605846839705928e-01
-8.223821286871257907e-02
2.231327822016126450e-01
4.525245421551181146e-01
5.715116197275396104e-01
5.622372995559072884e-01
4.260934041714517506e-01
1.835114193950100336e-01
-1.291037144831516104e-01
-4.648369914161123440e-01
-7.733040025556315866e-01
-1.008212261951472399e+00
-1.134308446217411115e+00
-1.132668956953268191e+00
-1.003539836785921624e+00
-7.662998450810245554e-01
-4.565522346540535903e-01
-1.207816744841712919e-01
1.906218313833078493e-01
4.309251092226801805e-01
5.640651905107194608e-01
5.700613800033236256e-01
4.480138131839732085e-01
2.162385013868289296e-01
-9.048140199565105068e-02
-4.261156042409349198e-01
-7.402945649094524461e-01
-9.858685902012804814e-01
-1.125983716142861635e+00
-1.139612483508956498e+00
-1.024709585997656713e+00
-7.985188149273023672e-01
-4.949852364272444571e-01
-1.596609627516640817e-01
1.571309774859141473e-01
4.078487535126585350e-01
5.548664646485432783e-01
5.761207618759536242e-01
4.684219548220054929e-01
2.479326972952459740e-01
-5.225758626788176708e-02
-3.870985210058770498e-01
-7.063396142982450998e-01
-9.620714842912181375e-01
-1.115915751543356205e+00
-1.144784587135818432e+00
-1.044345566148585869e+00
-8.296718464883323652e-01
-5.329800989573980630e-01
-1.987956635699054120e-01
1.227294897023277764e-01
3.833432038927573893e-01
5.439344678821314005e-01
5.804029125434533309e-01
4.872756188897836016e-01
2.785284539583205432e-01
-1.451132568614171836e-02
-3.478664408138377739e-01
-6.715093798069774467e-01
-9.368701638179242064e-01
-1.104125376008050718e+00
-1.148174570362690661e+00
-1.062407164105913182e+00
-8.596945058933285200e-01
-5.704582374025117808e-01
-2.381048345673143496e-01
8.748852069114809726e-02
3.574591452350207033e-01
5.312918108799091765e-01
5.828989752259565726e-01
5.045358103202561839e-01
3.079624901179241481e-01
2.267930909143212048e-02
-3.085005074463306740e-01
-6.358759008718073424e-01
-9.103167527175013429e-01
-1.090636975591702695e+00
-1.149775421681213494e+00
-1.078857023034339502e+00
-8.885246972222264894e-01
-6.073421356619421729e-01
-2.775071725153883118e-01
5.148095941146280108e-02
3.302501135841489632e-01
5.169646424719209765e-01
5.836037873125587971e-01
5.201668298286834524e-01
3.361739273045289411e-01
5.923739660854515643e-02
-2.690821415336190348e-01
-5.995128782808659684e-01
-8.824661714575334770e-01
-1.075478448376973262e+00
-1.149583830047748556e+00
-1.093661119661291092e+00
-9.161027909388674839e-01
-6.435555067030828136e-01
-3.169211814881805478e-01
1.478128036653836297e-02
3.017723854288806851e-01
5.009825955661584285e-01
5.825158910391643463e-01
5.341363477494973644e-01
3.631044157522373417e-01
9.508732370751987739e-02
-2.296928721522190908e-01
-5.624955217386286010e-01
-8.533760234449525583e-01
-1.058681146772758153e+00
-1.147600191731612096e+00
-1.106788834647288056e+00
-9.423717472227821634e-01
-6.790234503459696702e-01
-3.562653414205922964e-01
-2.253461043192606095e-02
2.720848613051815579e-01
4.833787258587700086e-01
5.796375365035781879e-01
5.464154709038695490e-01
3.886982550837397299e-01
1.301549419201687985e-01
-1.904141681983501089e-01
-5.249003943097170222e-01
-8.231064758848181118e-01
-1.040279812667948001e+00
-1.143828609495474602e+00
-1.118213015915983766e+00
-9.672772339448065804e-01
-7.136726081794571019e-01
-3.954582767164072643e-01
-6.038953246037190303e-02
2.412489439722263485e-01
4.641894434648828338e-01
5.749746770116226369e-01
5.569788023594532955e-01
4.129025095154540970e-01
1.643677208291474123e-01
-1.513272698855109011e-01
-4.868052540633338587e-01
-7.917201353363789718e-01
-1.020312505574717088e+00
-1.537121779926485798e+00
-1.521919665947588207e+00
-1.320812005176518422e+00
-9.639795729459401663e-01
-5.049731859042871918e-01
-1.267718485903451819e-02
4.390282261849858814e-01
7.823543838074691337e-01
9.657773948394974273e-01
9.617704675836626915e-01
7.709349325453411783e-01
4.219099991230800817e-01
-3.292520868199066975e-02
-5.253123303106312925e-01
-9.813574870434569331e-01
-1.332620737984543835e+00
-1.526387048715932560e+00
-1.533577380334772755e+00
-1.353112660157711034e+00
-1.012075721102438486e+00
-5.616469070618027581e-01
-6.942329906094454883e-02
3.907257631170156231e-01
7.497444542893438868e-01
9.537538599634538539e-01
9.721377320323001392e-01
8.021371526579126332e-01
4.692645725984782579e-01
2.347508811760690151e-02
-4.683304566041477379e-01
-9.323454616804591755e-01
-1.298933929330446047e+00
-1.513080928052957130e+00
-1.542648833493813765e+00
-1.383200309413604501e+00
-1.058664230843414877e+00
-6.177446125239419716e-01
-1.266114645345092493e-01
3.410295216507422400e-01
7.149981873731372506e-01
9.391720346714427237e-01
9.799086826695515562e-01
8.310946714608500319e-01
5.150629257157071095e-01
7.924119174549382194e-02
-4.109655737833011746e-01
-8.819907041398482583e-01
-1.263146172916747245e+00
-1.497230939010667505e+00
-1.549115262921953340e+00
-1.411012722605574865e+00
-1.103648743071071969e+00
-6.731502753063292044e-01
-1.841233988949293465e-01
2.900422886111589382e-01
6.781874488247763288e-01
9.220620785787665419e-01
9.850672468243497626e-01
8.577475960663454302e-01
5.592103336593803320e-01
1.342577610701352064e-01
-3.533363297375880507e-01
-8.303973632564944918e-01
-1.225331488623893295e+00
-1.478869864149698898e+00
-1.552963294091654678e+00
-1.436492375269738497e+00
-1.146936216238416684e+00
-7.277492997777005312e-01
-2.418401501057820813e-01
2.378695209833408541e-01
6.393883743604855674e-01
9.024593802381093433e-01
9.876027550292467705e-01
8.820408001828767830e-01
6.016154862667879577e-01
1.884110052229239218e-01
-2.955619191354064146e-01
-7.776721496295037062e-01
-1.185568088630952532e+00
-1.458035679713973964e+00
-1.554184968113185850e+00
-1.459586567795041701e+00
-1.188437118787459168e+00
-7.814287586782862061e-01
-2.996423425073713176e-01
1.846191277957667243e-01
5.986812121753124494e-01
8.804044839455178462e-01
9.875099630880965762e-01
9.039240381329258778e-01
6.421906768849519054e-01
2.415889189520868396e-01
-2.377618368935107140e-01
-7.239241149125386077e-01
-1.143938215649296319e+00
-1.434771477084460845e+00
-1.552777758196001168e+00
-1.480247534421711419e+00
-1.228065614327138011e+00
-8.340776266871674505e-01
-3.574104237217977653e-01
1.304012469319247858e-01
5.561501569655569188e-01
8.559430058824271104e-01
9.847890629226616621e-01
9.233520487763910989e-01
6.808519837747362136e-01
2.936815142838478665e-01
-1.800556310250996384e-01
-6.692644262616165296e-01
-1.100527972819353106e+00
-1.409125373652919233e+00
-1.548744574874903357e+00
-1.498432542035762483e+00
-1.265739739169658984e+00
-8.855870100569713799e-01
-4.150249119238620388e-01
7.532801733128324795e-02
5.118831757885038414e-01
8.291255397674686112e-01
9.794456821756187814e-01
9.402846491242673466e-01
7.175194436862224467e-01
3.445810480104345985e-01
-1.225626553785926220e-01
-6.138061364082039173e-01
-1.055427145623856200e+00
-1.381150413300825663e+00
-1.542093759990154078e+00
-1.514103978553487329e+00
-1.301381571855364294e+00
-9.358503718381638858e-01
-4.723666429648130660e-01
1.951334705299617722e-02
4.659718261202804857e-01
8.000075522137088946e-01
9.714908725709034965e-01
9.546868174490314995e-01
7.521172172466474848e-01
3.941822445354183357e-01
-6.540182277821260382e-02
-5.576639498322635280e-01
-1.008729016184169547e+00
-1.350904456688609701e+00
-1.532839069434051460e+00
-1.527229430714771352e+00
-1.334917394318112072e+00
-9.847637522297931767e-01
-5.293170168399157216e-01
-3.692732232084364186e-02
4.185110664874120423e-01
7.686492680067631422e-01
9.609410870554129236e-01
9.665287657202370486e-01
7.845737458191579528e-01
4.423825136154291848e-01
-8.691359076019644636e-03
-5.009539855184661494e-01
-9.605301703247666190e-01
-1.318450061582298938e+00
-1.520999644699582820e+00
-1.537781751123464824e+00
-1.366277844356400983e+00
-1.032225983599919683e+00
-5.857582429893022358e-01
-1.155014936871625875e-01
