2.250860994927124992e+00
2.495090820443371271e+00
2.488530300629075764e+00
2.255667014192505260e+00
1.892881248466375066e+00
1.522688634332379998e+00
1.250939870947724408e+00
1.139966114951612930e+00
1.201122828625383887e+00
1.402986764740340009e+00
1.688132218682831809e+00
1.991483032437543654e+00
2.255298259751929990e+00
2.438466290650064483e+00
2.519978554517374292e+00
2.497810421275735493e+00
2.384958957906926802e+00
2.204303266590010857e+00
1.983544769296120558e+00
1.750990917162324578e+00
1.532538695673461238e+00
1.349711139611095678e+00
1.218503342796989797e+00
1.148878541173807610e+00
1.144748792335314791e+00
1.204307920867182968e+00
1.320622216624972367e+00
1.482417815524231353e+00
1.675028354404807684e+00
1.881480586218919004e+00
2.083698962527874343e+00
2.263803547822295315e+00
2.405460643596746717e+00
2.495224604478846864e+00
2.523785864032618953e+00
2.487018440078001102e+00
2.386705264119731051e+00
2.230817109154168421e+00
2.033235914153528334e+00
1.812849827326229679e+00
1.592006622128781634e+00
1.394391718499513599e+00
1.242489476238220369e+00
1.154879246613997212e+00
1.143694161602961668e+00
1.212612044042887804e+00
1.355741788351037647e+00
1.557707942864733131e+00
1.795034569272134339e+00
2.038731677273798670e+00
2.257821788966088761e+00
2.423382410715024804e+00
2.512565933052161249e+00
2.512016039716236548e+00
2.420142852700017944e+00
2.247848899009423640e+00
2.017501587338486502e+00
1.760198996054521903e+00
1.511638105019403433e+00
1.307127030067272599e+00
1.176445902609277283e+00
1.139323788270400151e+00
1.202244759943575492e+00
1.357126354296911419e+00
1.582148682400882134e+00
1.844689871501457690e+00
2.105992376711048220e+00
2.326898203479437210e+00
2.473797806596091053e+00
2.523872969935543331e+00
2.468794311207196390e+00
2.316251984650863793e+00
2.089023439746255040e+00
1.821665586849394947e+00
1.555299841417842277e+00
1.331274973849466026e+00
1.184690840679723411e+00
1.138810184136185955e+00
1.201264468305477617e+00
1.362688911546199311e+00
1.598042350543145584e+00
1.870439148725395739e+00
2.136912261623486131e+00
2.355206075274592248e+00
2.490518822348265715e+00
2.521108872368252651e+00
2.441850483297090424e+00
2.265147032164388285e+00
2.019032336674523087e+00
1.742745281202636498e+00
1.480475346462065689e+00
1.274278780834860569e+00
1.157306552871449234e+00
1.148441468084810069e+00
1.249218818849400892e+00
1.443538116772494995e+00
1.700222149259611015e+00
1.978017303684943329e+00
2.232231413712873813e+00
2.421937539007936735e+00
2.608705361745506934e+00
2.590919921105805823e+00
2.450841956088283258e+00
2.211026745202178123e+00
1.910091297314556291e+00
1.596484346752376604e+00
1.320673744218628709e+00
1.127014974425742722e+00
1.046614213892081757e+00
1.092336113824304622e+00
1.256757456383654770e+00
1.513390194462241656e+00
1.820968996956367381e+00
2.130105009414135164e+00
2.391228731813823227e+00
2.562541355747569582e+00
2.616697546504678229e+00
2.545151788237364876e+00
2.359480172338727311e+00
2.089477774828378820e+00
1.778349384837295100e+00
1.475775025894316528e+00
1.229967470783984052e+00
1.079993916713387847e+00
1.049584692632878902e+00
1.143407736710121192e+00
1.346389093538862491e+00
1.626171602370893199e+00
1.938304735082550856e+00
2.233327687651758708e+00
2.464613188461406423e+00
2.595726615932696824e+00
2.606140181140160550e+00
2.494409851722743099e+00
2.278329335873050976e+00
1.992055315808930471e+00
1.680674867910809667e+00
1.393084599194034601e+00
1.174309558453352498e+00
1.058469239382362925e+00
1.063487355988109284e+00
1.188360798169974419e+00
1.413397016266783268e+00
1.703362776356649899e+00
2.013034140362210067e+00
2.294268092961594618e+00
2.503487031945771157e+00
2.608412450125650039e+00
2.593010181333633035e+00
2.459895049144586565e+00
2.229841722425406125e+00
1.938498152728384216e+00
1.630828228492409160e+00
1.354155172250238071e+00
1.150884649352224454e+00
1.052026258855309981e+00
1.072499878727519285e+00
1.208931473425003400e+00
1.440256289551296920e+00
1.731016141920777240e+00
2.036828009880837342e+00
2.311175518372349025e+00
2.512481590552573252e+00
2.610387399606126202e+00
2.590292829534182495e+00
2.455485326947810520e+00
2.226554516708843412e+00
1.938202148619452281e+00
1.633948211831616870e+00
1.359545772044233880e+00
1.156103386251914333e+00
1.053948416258017273e+00
1.068143899142606212e+00
1.196315804079045364e+00
1.419096394687491491e+00
1.703096571693836214e+00
2.005944512329359330e+00
2.282625277562316146e+00
2.492170347011230636e+00
2.603703328617110735e+00
2.600952901129883088e+00
2.484579033772956969e+00
2.271987369383356992e+00
1.994679714986431707e+00
1.693550413129751631e+00
1.412835960846607453e+00
1.193615771110006829e+00
1.067818898163297447e+00
1.053608256772433638e+00
1.152804311391447456e+00
1.350706560292170622e+00
1.618318795416897160e+00
1.916634910183777185e+00
2.202346582592470181e+00
2.434134586669645550e+00
2.578629409242323867e+00
2.615183658575392478e+00
2.538778530938629263e+00
2.360661869746341956e+00
2.106645297709422771e+00
1.817927568113817172e+00
1.602228162387878241e+00
1.419417395740942611e+00
1.295509033152816292e+00
1.248022934164193298e+00
1.283538234938936373e+00
1.396818032595828152e+00
1.571616356183477503e+00
1.783038751493821517e+00
2.001109341431872579e+00
2.195030339981187684e+00
2.337527556471838075e+00
2.408669463384628173e+00
2.398627609127538474e+00
2.309000133899008045e+00
2.152525329145491995e+00
1.951239172717589065e+00
1.733347564232195603e+00
1.529260468824781949e+00
1.367347306735561041e+00
1.270005965230407430e+00
1.250588226225819222e+00
1.311600174825760634e+00
1.444415472692062385e+00
1.630527968716569909e+00
1.844157556796453434e+00
2.055838771435165580e+00
2.236490320965543344e+00
2.361402908897216157e+00
2.413599681149201093e+00
2.386115088996866085e+00
2.282890375714509368e+00
2.118175664143132853e+00
1.914533092012569382e+00
1.699724635045491539e+00
1.502916694236207551e+00
1.350721633107765829e+00
1.263613124605518001e+00
1.253196118983128216e+00
1.320692018613842000e+00
1.456832304141843393e+00
1.643162538263620798e+00
1.854569387151863591e+00
2.062681387015816270e+00
2.239680938471677152e+00
2.362014902026628782e+00
2.413510019530094031e+00
2.387483751023022016e+00
2.287578887022879037e+00
2.127222459927606391e+00
1.927792752580667957e+00
1.715748188813237318e+00
1.519106318500331509e+00
1.363742736113980447e+00
1.269998570289233797e+00
1.250039538460824495e+00
1.306306343857587482e+00
1.431249710312394008e+00
1.608373353626349145e+00
1.814437196822452192e+00
2.022523456869701253e+00
2.205559053885162601e+00
2.339832754826067784e+00
2.408050963745562267e+00
2.401540570928752061e+00
2.321321627472365812e+00
2.177921376196547687e+00
1.989964700041969570e+00
1.781733100486308397e+00
1.580014802729485357e+00
1.410656127551107364e+00
1.295258247024081211e+00
1.248440238725244456e+00
1.276012710853474452e+00
1.374286682363597745e+00
1.530595665897015678e+00
1.724954023148242532e+00
1.932631392170942153e+00
2.127309304164846981e+00
2.284415980799168633e+00
2.384216991184300749e+00
2.414274556162006480e+00
2.370971678996110832e+00
2.259917832668861148e+00
2.095195030880204534e+00
1.897548677186448041e+00
1.691758387633875316e+00
1.503523896219116862e+00
1.356258148012360332e+00
1.268187247443588461e+00
1.250114779092018402e+00
1.304122041228691797e+00
1.423357149942730437e+00
1.592929867032007119e+00
1.791792398826773880e+00
1.995366136831745019e+00
2.178584939958139621e+00
2.318977660026942278e+00
2.399411517853841769e+00
2.410163173052600083e+00
2.602291148606489468e+00
2.418843793117690044e+00
2.163835625935795370e+00
1.868483711887036103e+00
1.568800278668765369e+00
1.301195788460344893e+00
1.098061997296052361e+00
9.838696394551997848e-01
9.722482477961803538e-01
1.064392861018632397e+00
1.248979422973633291e+00
1.503587606850905534e+00
1.797448796659331105e+00
2.095179680051343141e+00
2.361046875644055021e+00
2.563248473618753298e+00
2.677700765874003963e+00
2.690881785488704381e+00
2.601399344122650614e+00
2.420105682685401938e+00
2.168754907411974298e+00
1.877372255355528763e+00
1.580655501056837942e+00
1.313840854722021501e+00
1.108525714430471210e+00
9.889420886708369940e-01
9.691178169223783057e-01
1.051255110541156501e+00
1.225510517924790044e+00
1.471194567355881277e+00
1.759242638186007124e+00
2.055660532089780279e+00
2.325535872083163813e+00
2.537142636693630049e+00
2.665657873781539067e+00
2.696057460480885126e+00
2.624855711119487012e+00
2.460489968061985167e+00
2.222309986582339025e+00
1.938294437792240199e+00
1.641764392848793941e+00
1.367479262664477613e+00
1.147571178697510463e+00
1.007791319665207963e+00
9.645042100996559231e-01
1.022776186829486900e+00
1.175781055112302464e+00
1.405595451067247037e+00
1.685293432915645262e+00
1.982097618209057499e+00
2.261219594669011901e+00
2.489940155953199508e+00
2.641450175893900187e+00
2.698000111973095638e+00
2.652896840563700565e+00
2.511143421196792680e+00
2.288981187570480191e+00
2.012196948393463192e+00
1.713295155964123850e+00
1.427798141077412986e+00
1.190063168485560041e+00
1.029097780475526580e+00
9.648953673526505792e-01
1.005786377255000419e+00
1.147200739674202552e+00
1.372069144635563953e+00
1.652872905151716809e+00
1.955114135451645474e+00
2.241757699121666558e+00
2.478033152768686520e+00
2.635911797689704628e+00
2.697610126346156711e+00
2.657615781900437568e+00
2.522939731430618338e+00
2.311567126673547801e+00
2.049519312698837137e+00
1.767127809816249950e+00
1.495134242883539910e+00
1.261166988725310745e+00
1.087004460499062297e+00
9.868550434461553778e-01
9.667032958267204323e-01
1.024621071975491793e+00
1.151838331769043489e+00
1.334316704336215853e+00
1.554564413906109221e+00
1.793462592961813762e+00
2.031926364205531854e+00
2.252285981822706340e+00
2.439332990392363065e+00
2.581026501381078031e+00
2.668891523639427277e+00
2.698163938649142057e+00
2.667746319997092108e+00
2.580037593721094424e+00
2.440690077111482115e+00
2.258332044055651799e+00
2.044274441624513106e+00
1.812197939310241646e+00
1.577791945894933434e+00
1.430283456673621334e+00
1.272209543518411090e+00
1.157498129728621983e+00
1.100355282241596289e+00
1.112297893127167425e+00
1.200144740701088786e+00
1.363596523758184409e+00
1.592607919798005200e+00
1.864959227607107861e+00
2.145254438378977557e+00
2.386875519089920239e+00
2.538243807501848970e+00
2.553998525968137034e+00
2.410029803298233908e+00
2.118798298455823570e+00
1.738744902403313919e+00
1.370309018982011739e+00
1.133042926391874428e+00
1.124877237875416158e+00
1.374970133714729537e+00
1.811553231925634222e+00
2.268615287469429642e+00
2.543521889077169362e+00
2.491588168891206045e+00
2.114228914699519457e+00
1.584824905393118044e+00
1.178437609187863444e+00
1.126095794227075064e+00
1.472098597697019340e+00
2.028874403174308672e+00
2.473070013854843374e+00
2.536307971667311811e+00
2.174479934190079344e+00
1.603373022503953971e+00
1.170474094025670375e+00
1.140426903274885273e+00
1.530640301106179102e+00
2.101996674829158529e+00
2.508722737730168628e+00
2.510060425526323691e+00
2.111244403773793632e+00
1.551643259131211261e+00
1.155847515615237020e+00
1.144029083026741445e+00
1.513661734869254483e+00
2.053436576377039025e+00
2.469983841950362802e+00
2.548319285659216504e+00
2.257989598600273151e+00
1.755878215851584656e+00
1.295407678418106556e+00
1.097041252161516267e+00
1.246378965969611397e+00
1.664206743567641533e+00
2.153895910109992151e+00
2.496406029619266942e+00
2.546588845905938481e+00
2.290121910052186571e+00
1.841784371726042924e+00
1.391534082253093274e+00
1.124303175008563471e+00
1.146516478185316767e+00
1.446567892682649514e+00
1.901963690277070684e+00
2.328810767547152771e+00
2.554469481532857245e+00
2.486047086342773049e+00
2.148725114422812776e+00
1.678409509784785314e+00
1.269605691584548168e+00
1.096686946162414023e+00
1.238963369574619389e+00
1.641432705004747472e+00
2.131427872686832536e+00
2.489254267856320091e+00
2.546243371288026580e+00
2.267358363735970883e+00
1.777033739469404017e+00
1.309117125020300421e+00
1.097418444773434310e+00
1.256408788413532651e+00
1.713684533342821004e+00
2.236159275592815465e+00
2.545699145373334638e+00
2.468985718599641110e+00
2.040029499329484519e+00
1.491930634613538142e+00
1.133129235847448513e+00
1.172129710781785406e+00
1.591739340254600732e+00
2.151770209623165897e+00
2.525498575721100813e+00
2.492318305832140979e+00
2.070409329630125583e+00
1.507703644044902536e+00
1.135414767510521283e+00
1.172000992493255289e+00
1.594901593715310151e+00
2.155473492555126214e+00
2.712048540493305904e+00
