4.545349853987979749e+00
5.832844525488777521e+00
5.856858826026989817e+00
4.613174465294536120e+00
2.572964584232763308e+00
5.050016741034133450e-01
-8.137520505291044870e-01
-8.903190144885497759e-01
2.993285532024954065e-01
2.302174157321550396e+00
4.359946346484909085e+00
5.695912168177455825e+00
5.808306375228124097e+00
4.659449685598643143e+00
2.689018233267109981e+00
6.464948847312796953e-01
-6.936149550062187252e-01
-8.256975860822972635e-01
2.955544222249919528e-01
2.238947154064887979e+00
4.261894597904341886e+00
5.593874109877877032e+00
5.730134274911629966e+00
4.623607796725899277e+00
2.701810387517370682e+00
7.023674112179463247e-01
-6.098161931068668551e-01
-7.353985943485206178e-01
3.687503692848337344e-01
2.274133211092767226e+00
4.246232659899798811e+00
5.527392888966692119e+00
5.628126307194099454e+00
4.514748178021321223e+00
2.621166484401194374e+00
6.804378239836610387e-01
-5.587663260081972005e-01
-6.212059068197275380e-01
5.120625765748170188e-01
2.397610640823562900e+00
4.302514518915670827e+00
5.489020651787511085e+00
5.500515099157702537e+00
4.337844270128779378e+00
2.457658589919997638e+00
5.936510171260602764e-01
-5.295524342602333512e-01
-4.783449083440851624e-01
7.218851910502142033e-01
2.598065874066765257e+00
4.415354619507980694e+00
5.464795125347757576e+00
5.340163768514671006e+00
4.095779504666190007e+00
2.223737450194566811e+00
4.598065182305486331e-01
-5.056315783833649213e-01
-2.980720209833491730e-01
9.952966063674113517e-01
2.861449583921936934e+00
4.564581281320689854e+00
5.436150465739965298e+00
5.137598280300920806e+00
3.792367925621366709e+00
1.935531578541706210e+00
3.013378364770415985e-01
-4.671001321519341332e-01
-7.118598081591498428e-02
1.326672310372198016e+00
3.169109411649390307e+00
4.725736014951083419e+00
5.382693897945847183e+00
4.885018172736399933e+00
3.435985223672851419e+00
1.614562305016833177e+00
1.443059616532349487e-01
-3.941168253361344576e-01
2.074757300281953043e-01
1.703976382584140303e+00
3.496479387058362143e+00
4.871818033282998783e+00
5.286382507569066469e+00
4.581211318682432143e+00
3.043137290183195454e+00
1.288375168372511759e+00
1.570656681330184767e-02
-2.718824500979457603e-01
5.338422098595052567e-01
2.105600243118118442e+00
3.813403991104012736e+00
4.977082480292764899e+00
5.137267429117803097e+00
4.236807731391112775e+00
2.640911412693911942e+00
9.890189645755822490e-01
-6.149465778253038195e-02
-9.699317917004357525e-02
8.895988309011231276e-01
2.498925686933562762e+00
4.087007293455251045e+00
5.023083723586364790e+00
4.940159654572946479e+00
3.878681154822765542e+00
2.267152768309688593e+00
7.488437723363710052e-01
-7.518734468618770705e-02
1.160325593310362891e-01
1.238777469392676522e+00
2.841508027524031199e+00
4.286947650515253727e+00
5.005713404753569407e+00
4.720413803731926095e+00
3.552039523456474335e+00
1.968089019418126417e+00
5.948564591523657352e-01
-3.045842559048450582e-02
3.304545169677250982e-01
1.527160572686676598e+00
3.084067045401575946e+00
4.390271221617723540e+00
4.939522138189655465e+00
4.525877052178901572e+00
3.319598455422888783e+00
1.795855524732073993e+00
5.465062681763359631e-01
4.995634621283295829e-02
4.887479095058464562e-01
1.684179209854635761e+00
3.170656513989792646e+00
4.378310100942694127e+00
4.851722806094661777e+00
4.420650207027106759e+00
3.259077336639894629e+00
1.813036357338213111e+00
6.277676695792433481e-01
1.418196826595963245e-01
5.260312459048515077e-01
1.626102845136678132e+00
3.026924740887079857e+00
4.211100111928820056e+00
4.750415934984522082e+00
4.459243755634849649e+00
3.455472131317141482e+00
2.110240852720342009e+00
9.085681169700829951e-01
2.739400901600590466e-01
4.204718975503172196e-01
1.283691758385590687e+00
2.551064922516691702e+00
3.777573666201912594e+00
4.542855712780925259e+00
4.594169876990401136e+00
3.927029451384345116e+00
2.778918916730819699e+00
1.542077761419296422e+00
6.281361941237328939e-01
3.316834941351802790e-01
7.377036225399191682e-01
1.701024670934965233e+00
2.900984788042215712e+00
3.950082677593571123e+00
4.519300084813101748e+00
4.439614383052514768e+00
3.749047763439631975e+00
2.673394312446735199e+00
1.550004965385976430e+00
7.209366676472468427e-01
4.295119228459212124e-01
7.512268414609797329e-01
1.577757167372908498e+00
2.655890896944891111e+00
3.666950715602531830e+00
4.321389030963128874e+00
4.440483574595522676e+00
4.002573886752164967e+00
3.142809880933444155e+00
2.109170942722256026e+00
1.189498747579855520e+00
6.312850892939270153e-01
5.764586742315842560e-01
1.027836677285819844e+00
1.854277284510446266e+00
2.830817391016938966e+00
3.701154460066537588e+00
4.244916839767829408e+00
4.332185671730712784e+00
3.952239025210566581e+00
3.210932682390613913e+00
2.299367870726867213e+00
1.443394780479069439e+00
8.474792778253985581e-01
6.468155823741139621e-01
8.785515566359016759e-01
1.477645005655800148e+00
2.296677781801523377e+00
3.143452633946624886e+00
3.826596820963998447e+00
4.198340184099097705e+00
4.185116522917407877e+00
3.800074781794157808e+00
3.136023960887639461e+00
2.341698071600913256e+00
1.587573621465962148e+00
1.029184278184670731e+00
7.757562511591715726e-01
8.702451209720594161e-01
1.284018369744646337e+00
1.926193234199669480e+00
2.664705310441008113e+00
3.354107906421751828e+00
3.864207876553001242e+00
4.103981909807796313e+00
4.036591966376050777e+00
3.683355859283564016e+00
3.116771843811026343e+00
2.444702316153937183e+00
1.789245619883820249e+00
1.264469451977731085e+00
9.570132151052266334e-01
9.127086399300905484e-01
1.131045864742669105e+00
1.567807792475292228e+00
2.144788176457166795e+00
2.764426857961330253e+00
3.326583863001567387e+00
3.744580794904206034e+00
3.958019367073419392e+00
3.940627014673336426e+00
3.702318887589767904e+00
3.285633033133980696e+00
2.757537342680923320e+00
2.198208142130449350e+00
1.688678068681926714e+00
1.299236194616978590e+00
1.080175311548279282e+00
1.055994346170927134e+00
1.223571878502094812e+00
1.554226397896764755e+00
1.999055461131840961e+00
2.496562447388488426e+00
2.981371439367440868e+00
3.392804419674256611e+00
3.682231430356952995e+00
3.818365320702556076e+00
3.790008696468172289e+00
3.606119401579081618e+00
3.293395046454645314e+00
2.891850858220688991e+00
2.449058472521345564e+00
2.013824643135389003e+00
1.630248567598002740e+00
1.335692551166653086e+00
1.160225790020627423e+00
1.122343489632032343e+00
1.226418490701728148e+00
1.462132592061396563e+00
1.805695882624543058e+00
2.222539104842099711e+00
2.671061359150618486e+00
3.106960870025230470e+00
3.487667608817236697e+00
3.776430084239815965e+00
3.945678633358963516e+00
3.979385252870862644e+00
3.874254526918366359e+00
3.639699863004517866e+00
3.296672870395302546e+00
2.875511729976277131e+00
2.413049608423664338e+00
1.949272154729106754e+00
1.523832349985955847e+00
1.172722592603123282e+00
9.253712556558475466e-01
8.023790778742727614e-01
8.140456963828675008e-01
9.597648393725577431e-01
1.228294426246419491e+00
1.598840664525694066e+00
2.042837763804355777e+00
2.526259915304155612e+00
3.012269495296777677e+00
3.464005936530632379e+00
3.847315655447104188e+00
4.133228921332952943e+00
4.300015945244749282e+00
4.334689110812580459e+00
4.233860273530645202e+00
4.003908451897823184e+00
3.660460909389229300e+00
3.227236532794921509e+00
2.734341737691154961e+00
2.216143448764206880e+00
1.708869092390420619e+00
1.248098680904411673e+00
8.663182957159325515e-01
5.906975950615591664e-01
4.412370396405256301e-01
4.294046021910249422e-01
5.573485743796600111e-01
8.177348755248645684e-01
1.194216439403958496e+00
1.662501366170760608e+00
2.191948105771647892e+00
2.747582340342149543e+00
3.292403496459782808e+00
3.789830554285313013e+00
4.206128117567470071e+00
4.512655069710360678e+00
4.687789457388140235e+00
4.718403799839322232e+00
4.600793541412388166e+00
4.340996082274053869e+00
3.954476589788454177e+00
3.465197208196961753e+00
2.904125832705512167e+00
2.307276821702301639e+00
1.713406603696151720e+00
1.161510140587737494e+00
6.882781359294138923e-01
3.256787749805685195e-01
9.882131527134463411e-02
2.424231617172489806e-02
1.087296385356988360e-01
3.487660771634546464e-01
7.306356215148033240e-01
1.231193263695869122e+00
1.819256612107873261e+00
2.457537024136773329e+00
3.104992149097493215e+00
3.719453022885693017e+00
4.260359118207368567e+00
4.691425429237359168e+00
4.983067519719266869e+00
5.114423553320011528e+00
5.074836003126131700e+00
4.864688663486870901e+00
4.495534804660350048e+00
3.989497356485457669e+00
3.377969060942732860e+00
2.699686589266191650e+00
1.998294675482294114e+00
1.319551570407930585e+00
7.083531463326657729e-01
2.057679086306953842e-01
-1.537221961812598181e-01
-3.445903637941936104e-01
-3.520804806474826520e-01
-1.733406908212886677e-01
1.822113608599043033e-01
6.933288320531505455e-01
1.328166217602208432e+00
2.046232237909386242e+00
2.800948085980059954e+00
3.542651690265901099e+00
4.221856024377152572e+00
4.792548967285923389e+00
5.215315417834883505e+00
5.460070049354225574e+00
5.508211060887227006e+00
5.354040389358488028e+00
5.005342034362652015e+00
4.483064564910550942e+00
3.820113055368711485e+00
3.059315762103438807e+00
2.250687775661810885e+00
1.448163752446852026e+00
7.060111130271673474e-01
7.516089020346017335e-02
-4.002963387995617239e-01
-6.862083469823794246e-01
-7.608347801038473079e-01
-6.165163618680744584e-01
-2.604111944192744055e-01
2.857691829236146397e-01
9.870241402048869350e-01
1.797260249284992284e+00
2.662285675101458082e+00
3.523411243705170559e+00
4.321421155021909932e+00
5.000646091230020573e+00
5.512859094822800898e+00
5.820721324417779563e+00
5.900530615458700723e+00
5.744069322428224211e+00
5.359406574528991385e+00
4.770580093335108351e+00
4.016159466256546295e+00
3.146771024905237191e+00
2.221738788331773407e+00
1.305060985510146487e+00
4.609926777429924627e-01
-2.504619592282488760e-01
-7.778318078048194195e-01
-1.081929285256607365e+00
-1.138794586391941088e+00
-9.416109015012934513e-01
-5.014364839956773068e-01
1.533194776267929882e-01
9.786622327674672217e-01
1.917914352524626942e+00
2.905569154250910113e+00
3.871836099923001040e+00
4.747565046985287474e+00
5.469203026526471056e+00
5.983428243553270853e+00
6.251122430835640564e+00
6.250383924397704405e+00
5.978347436235216250e+00
5.451658366938663569e+00
4.705544089964925902e+00
3.791525353553755195e+00
2.773910584535186796e+00
1.725307146360955723e+00
7.214596466899501070e-01
-1.642196934969888389e-01
-8.660342965249276936e-01
-1.330904824178230861e+00
-1.522421869373962178e+00
-1.423738120966717702e+00
-1.039068072460402892e+00
-3.936617389510317366e-01
4.677709413378599024e-01
1.484094232320748219e+00
2.582038841379452609e+00
3.681454981913446112e+00
4.701152301761799990e+00
5.564902429449630539e+00
6.207160274934975241e+00
6.578073390561439027e+00
6.647394343904544201e+00
6.406986420769076318e+00
5.871713007903954562e+00
5.078618673225284041e+00
4.084436752027372997e+00
2.961584770361819885e+00
1.792925717568818467e+00
6.656709853533948618e-01
-3.351280716701192652e-01
-1.133014457916443174e+00
-1.665997869467230164e+00
-1.891411838160992342e+00
-1.789372277221031649e+00
-1.364554264206387479e+00
-6.461275072891212723e-01
3.141711151466739516e-01
1.445707589640037316e+00
2.664107877808635116e+00
3.877528790110487122e+00
4.993578226301533363e+00
5.926363532519566490e+00
6.603129103859247451e+00
6.969968024756969527e+00
6.996156372412974278e+00
6.676758550911692680e+00
6.033280540685019844e+00
5.112295730631058355e+00
3.982123864284370374e+00
2.727795562272228747e+00
1.444670963867065616e+00
2.311903806074298018e-01
-8.186914922305636999e-01
-1.622804616768915853e+00
-2.117226192182754207e+00
-2.261395259786711964e+00
-2.041466819904564023e+00
-1.471625535600062928e+00
-5.932353027824399661e-01
5.281313936819913568e-01
1.807575254394344189e+00
3.147298178641982247e+00
4.444088029520590233e+00
5.597285574176805945e+00
6.516616273481835364e+00
7.129275187233419686e+00
7.385706883963214509e+00
7.263620028505000548e+00
6.769910887831656510e+00
5.940331020489162839e+00
4.836909423374300410e+00
3.543314753571553233e+00
2.158505171465642913e+00
7.891490941902712386e-01
-4.586010732137864032e-01
-1.487346278352382978e+00
-2.216048742001548444e+00
-2.586415368177867879e+00
-2.567553589622211252e+00
-2.158528296118476408e+00
-1.388609761747788163e+00
-3.151808769445798575e-01
9.805463256721496101e-01
2.399684019346570718e+00
3.833224305249281372e+00
5.170418814109515537e+00
6.307337129164215739e+00
7.154942169513910599e+00
7.646055112227450934e+00
7.740665620397082947e+00
7.429168802785051540e+00
2.473333210076397837e+00
