-1.737038842426492424e+00
-7.510722528203146453e-01
-1.598489310072523928e-01
-6.970200627738343258e-02
-4.966615452950144949e-01
-1.363604556648917665e+00
-2.514185857138619529e+00
-3.741033458717110349e+00
-4.823123707289096451e+00
-5.565599965495806600e+00
-5.834861274743620818e+00
-5.582602433806076014e+00
-4.854479743202275266e+00
-3.781847847007130614e+00
-2.558063158684385385e+00
-1.403628761137833969e+00
-5.264638807967032541e-01
-8.445663238026357433e-02
-1.570444647657778248e-01
-7.309377680141246891e-01
-1.702552359986708064e+00
-2.896705727609978798e+00
-4.098202489245677427e+00
-5.090614212441893827e+00
-5.695265174124864771e+00
-5.803401467246485090e+00
-5.395751671416613604e+00
-4.545960880747966115e+00
-3.407286245094994115e+00
-2.184957542897917104e+00
-1.099187461238307462e+00
-3.454984478987155327e-01
-5.951358312594123845e-02
-2.925518295343128017e-01
-1.002419176116644550e+00
-2.061048119146186686e+00
-3.277602339080811333e+00
-4.432878262920378454e+00
-5.318802034594176220e+00
-5.775905172446801572e+00
-5.722029268402677005e+00
-5.167092820249054697e+00
-4.211266079383930716e+00
-3.026889622550534842e+00
-1.827400459769975560e+00
-8.288684576970992701e-01
-2.110746159196379423e-01
-8.514235675969672457e-02
-4.735496575556443766e-01
-1.306117251015058711e+00
-2.432688842969309206e+00
-3.650212263326194417e+00
-4.739337386277386877e+00
-5.503934448245469291e+00
-5.806413107515107086e+00
-5.592481988653148939e+00
-4.900893208890435560e+00
-3.856422908386249571e+00
-2.647359238541363347e+00
-1.491559399628637816e+00
-5.971946699105861178e-01
-1.252566499839340430e-01
-1.605777268177295269e-01
-6.965822584218765989e-01
-1.636509473929416369e+00
-2.810880882911422241e+00
-4.008058961376973706e+00
-5.012387077752928022e+00
-5.643037332082256441e+00
-5.786568357310652999e+00
-5.417331100277634981e+00
-4.602052009287504575e+00
-3.487774722018000872e+00
-2.275339323218094734e+00
-1.183182439118283247e+00
-4.079829264625138840e-01
-8.924336723084413947e-02
-2.841856359309580249e-01
-9.574782456602259906e-01
-1.987639628935182756e+00
-3.188956898858106292e+00
-4.344965325521785715e+00
-5.247453001981197573e+00
-5.733962469874480661e+00
-5.717034783438734280e+00
-5.199931774570814902e+00
-4.276010182403023663e+00
-3.111867289620172450e+00
-1.917300891055110590e+00
-9.075002650211172472e-01
-2.642819562582183757e-01
-1.033533579058119045e-01
-4.534983437191040245e-01
-1.251429196610062577e+00
-2.353225534189472334e+00
-3.560292735325741198e+00
-4.655157855620079665e+00
-5.440650976540172934e+00
-5.775412840724702512e+00
-5.599334345739590546e+00
-4.944349724968680526e+00
-3.928645389021262702e+00
-2.735334521247270168e+00
-1.579445229635305870e+00
-6.691734997983398436e-01
-1.683827910493191915e-01
-1.671047033214523303e-01
-6.653512280593130157e-01
-1.573149286089557508e+00
-2.726785200105357632e+00
-3.918327125636636765e+00
-4.933103058193392343e+00
-5.588381035951238474e+00
-5.766283736856003372e+00
-5.435009778303824035e+00
-4.654540741865911713e+00
-3.565806521641395221e+00
-2.365259075100418329e+00
-1.269430608126541626e+00
-4.758552106384659197e-01
-1.273902630845618056e-01
-2.863692486077966670e-01
-9.232612115659115659e-01
-1.921919957547775448e+00
-3.100541722271560552e+00
-4.244642219752418733e+00
-5.146560788287088073e+00
-5.644586338837923378e+00
-5.652139115778114231e+00
-5.172410383878643714e+00
-4.296590784384013872e+00
-3.186288218646984305e+00
-2.043533052324985722e+00
-1.073924317665242212e+00
-4.496147668527177288e-01
-2.787713379697871474e-01
-5.869035461869800407e-01
-1.313259638760773562e+00
-2.322751120185220230e+00
-3.431076799441242553e+00
-4.438378289939858945e+00
-5.165284378370345486e+00
-5.484846641389518496e+00
-5.344684018241588674e+00
-4.775479785738904859e+00
-3.884470821972255905e+00
-2.835279854420430734e+00
-1.817877023527347813e+00
-1.014183238109655383e+00
-5.655428372939637072e-01
-5.478807681740089919e-01
-9.589076757574988008e-01
-1.719518636297849401e+00
-2.688955741577095715e+00
-3.690838666092120413e+00
-4.545252551060905866e+00
-5.101056211220184267e+00
-5.262609017167992675e+00
-5.006191945053160453e+00
-4.383310262596518569e+00
-3.510457717831415358e+00
-2.547358678564157763e+00
-1.667746915644778172e+00
-1.028025748783081950e+00
-7.394629422646703532e-01
-8.488625963917608708e-01
-1.331066838193071256e+00
-2.094469937046870900e+00
-2.998374548921484806e+00
-3.878909579365664495e+00
-4.578737634593045058e+00
-4.975166736261055433e+00
-5.001643888882292721e+00
-4.658868237086302599e+00
-4.013679684971813266e+00
-3.186100751956969290e+00
-2.327031292271612095e+00
-1.590737480563654715e+00
-1.107149985985547369e+00
-9.589457415737576707e-01
-1.167453957665768982e+00
-1.689781216097808958e+00
-2.427499221770888393e+00
-3.245157045624668779e+00
-3.995142265167465290e+00
-4.544329445362987663e+00
-4.797705127209523468e+00
-4.714777708831730862e+00
-4.315943332204565053e+00
-3.677828293835986972e+00
-2.918624205801769733e+00
-2.176212846640140253e+00
-1.583126545108169969e+00
-1.242891059038942592e+00
-1.211973395314056123e+00
-1.490478923545617729e+00
-2.023117001966912465e+00
-2.710083746981680974e+00
-3.425735256516810878e+00
-4.041562338434428803e+00
-4.449266587688292418e+00
-4.579794144411845735e+00
-4.414984005156782132e+00
-3.989875103521034916e+00
-3.385430349874813505e+00
-2.713162037609042176e+00
-2.094570537274596855e+00
-1.639185511172662313e+00
-1.425178225771284835e+00
-1.485975656093212915e+00
-1.805162324315054079e+00
-2.320421868186402392e+00
-2.935630905569322380e+00
-3.538770160625435146e+00
-4.022319040135521995e+00
-4.302420959570152803e+00
-4.333403631641315812e+00
-4.115144159438508531e+00
-3.692107571937634170e+00
-3.144409247043299604e+00
-2.572678408489092128e+00
-2.079576359180174805e+00
-1.751362649642462799e+00
-1.642819146996172153e+00
-1.768164398267946913e+00
-2.099453920931147355e+00
-2.572581267363477586e+00
-3.099624448513889963e+00
-3.585169602250561027e+00
-3.943583643441844977e+00
-4.114108837709371969e+00
-4.071119635733152720e+00
-3.827818019990989473e+00
-3.432867883718513813e+00
-2.960753438215096178e+00
-2.497757648263545072e+00
-2.126197487093726579e+00
-1.909798388712339756e+00
-1.882808398105393799e+00
-2.044707341381066801e+00
-2.361304563545965074e+00
-2.771841148360445928e+00
-3.200636179091595590e+00
-3.571035319696813204e+00
-3.819069616180014393e+00
-3.904367324319117039e+00
-3.816446317358035412e+00
-3.575431688239295358e+00
-3.227315025335016241e+00
-2.834893263244838035e+00
-2.466327188954406502e+00
-2.184408830987944583e+00
-2.037729024909260112e+00
-2.052247578371885872e+00
-2.226168896359342675e+00
-2.529621066478524583e+00
-2.909394661873097476e+00
-3.298026604513507376e+00
-3.625667514272540082e+00
-3.832612594475804713e+00
-3.880211358898268514e+00
-3.758132055763267587e+00
-3.486596094382875322e+00
-3.113100498601871990e+00
-2.704148432608243446e+00
-2.333426325289845948e+00
-2.068532266286983834e+00
-1.958650024119029442e+00
-2.025419566660556558e+00
-2.258699956214000437e+00
-2.618050621786463861e+00
-3.039727185801462728e+00
-3.447983821348426403e+00
-3.768678395593859420e+00
-3.942736300989765574e+00
-3.937027742192764634e+00
-3.750656258490239203e+00
-3.415467691271139916e+00
-2.990625184151239235e+00
-2.552171274698095793e+00
-2.179417785176884781e+00
-1.940599388024302208e+00
-1.880385927906847332e+00
-2.011538367983653153e+00
-2.312265045228772298e+00
-2.729816659342719554e+00
-3.189731965412968773e+00
-3.609114882609628872e+00
-3.911575844290145376e+00
-4.041144326965694589e+00
-3.972619012769562197e+00
-3.716442877810527179e+00
-3.317164582515409244e+00
-2.845701595646744853e+00
-2.386746855090950081e+00
-2.023554782450306622e+00
-1.822839622890245037e+00
-1.822525301595764535e+00
-2.024595386320250157e+00
-2.394388541813812221e+00
-2.866528961238716366e+00
-3.356479950734062356e+00
-3.775679626214294871e+00
-4.047548889798674665e+00
-4.121478199467356163e+00
-3.982238992002180566e+00
-3.653071296604780027e+00
-3.191829288284317556e+00
-2.680819294256647112e+00
-2.212114009977519391e+00
-1.870963036484937447e+00
-1.720288793184169940e+00
-1.789087241243292770e+00
-2.066870560404243662e+00
-2.505213058649442992e+00
-3.026183707243200072e+00
-3.536198677306343185e+00
-3.942831990801574094e+00
-4.171564581761623813e+00
-4.179436672409449827e+00
-3.963102948685316651e+00
-3.559782462178074702e+00
-3.040869565749826808e+00
-2.499299943932683732e+00
-2.032906715556556776e+00
-1.726747264618966327e+00
-1.637593365633723819e+00
-1.783412363439182968e+00
-2.139786875939213129e+00
-2.643979900077017220e+00
-3.205973117117026483e+00
-3.724537373051640454e+00
-4.105466601656230452e+00
-4.278690801088856688e+00
-4.211159619521986031e+00
-3.913128638383700952e+00
-3.436656010781826698e+00
-2.866518269529279461e+00
-2.305128832455598076e+00
-1.854141721326680869e+00
-1.596044945074351906e+00
-1.579076372516101445e+00
-1.808219845551413352e+00
-2.243960131243990741e+00
-2.809083570107572925e+00
-3.402356586862827381e+00
-3.916659599034439054e+00
-4.258328117645026722e+00
-4.364208902517598965e+00
-4.213325623389001073e+00
-3.831000455589439024e+00
-3.284627351680017959e+00
-2.671798056466218263e+00
-2.102871840248415225e+00
-1.681101814979659270e+00
-1.483896707546572769e+00
-1.548618490010443383e+00
-1.865520763558405681e+00
-2.379159674921373480e+00
-2.998085369234227304e+00
-3.611121597890567969e+00
-4.107335950634981359e+00
-4.396113661477092371e+00
-4.423702692355075072e+00
-4.183209750628133605e+00
-3.716190065602896997e+00
-3.105481581450909356e+00
-2.460516273684115962e+00
-1.897711744666851885e+00
-1.519455554343582815e+00
-1.395475061081275836e+00
-1.549981712901582931e+00
-1.956958984587472195e+00
-2.544507621572270839e+00
-3.207530639291769514e+00
-3.826531134075000562e+00
-4.289208762295663391e+00
-4.510889074771737839e+00
-4.450005407168939442e+00
-4.115861034478031755e+00
-3.567235011452746019e+00
-2.902034915010585525e+00
-2.239817607267319932e+00
-1.700297573981720101e+00
-1.381704878201929887e+00
-1.342903781563467014e+00
-1.592525618446707147e+00
-2.087120211772566236e+00
-2.738711349321037325e+00
-3.430444084392569870e+00
-4.037541364900860685e+00
-4.449811861105866129e+00
-4.591649088658791733e+00
-4.435892422942356639e+00
-4.009009704341604419e+00
-3.386615660790283311e+00
-2.680081886586987316e+00
-2.016608793450605841e+00
-1.516325137505984966e+00
-1.270537980924897115e+00
-1.325070953928295880e+00
-1.671730755201555896e+00
-2.249489351380234758e+00
-2.955221841048912612e+00
-3.662111743971527389e+00
-4.242439114556321833e+00
-4.590656630863447774e+00
-4.642584369747732254e+00
-4.387232821092679202e+00
-3.869077197814914548e+00
-3.180320251972168055e+00
-2.444487895488089535e+00
-1.794275766004901129e+00
-1.347619703833368376e+00
-1.186305440552418933e+00
-1.340996940792020808e+00
-1.785423417716750061e+00
-2.440824281383392247e+00
-3.189903107658705217e+00
-3.897819118747390288e+00
-4.436459690532016609e+00
-4.707624628680333601e+00
-4.660926685280278647e+00
-4.303145744004318374e+00
-3.697301620267530176e+00
-2.951559501869152946e+00
-2.199920144440802527e+00
-1.578141742750934551e+00
-1.199219961918530197e+00
-1.132854775911092515e+00
-1.392635053609707185e+00
-1.933296250443717890e+00
-2.658598255958614320e+00
-3.438454034911206492e+00
-4.132260998433491039e+00
-4.614250663411716857e+00
-4.796286236739975450e+00
-4.643975843231535450e+00
-4.183156186567986268e+00
-3.495526725044068250e+00
-2.704168853688890373e+00
-1.951516047200891002e+00
-1.373717829868926543e+00
-1.076011694080570402e+00
-1.113557868876939638e+00
-1.481226798577594428e+00
-2.114228741067257111e+00
-2.899525126327869629e+00
-3.696012859463851719e+00
-4.359877726345912308e+00
-4.770561435159015318e+00
-4.852653716542230100e+00
-4.589734354223113932e+00
-4.027625220274801521e+00
-3.266413498656885128e+00
-2.442633015955118836e+00
-1.704775506811276431e+00
-1.186524029480544584e+00
-9.825333782927569981e-01
-1.131145262085556213e+00
-1.607194048972351075e+00
-2.326250834783750943e+00
-3.159593433270607488e+00
-3.957248666430216666e+00
-4.574982375574015769e+00
-4.900379886036777322e+00
-4.873301109443410439e+00
-4.496988611596570706e+00
-3.837778187507240979e+00
-3.013410978943400931e+00
-2.172005406112263781e+00
-1.465444146497329347e+00
-1.021957791365261770e+00
-9.228540865056835685e-01
-1.187615619081053620e+00
-1.770096499339981255e+00
-2.566556094540441979e+00
-3.434132890118926085e+00
-4.216469154182389545e+00
-4.771890273401215410e+00
-4.999060182583393797e+00
-4.855467143217194526e+00
-4.365368200030944834e+00
-3.615709594966330265e+00
-2.740705764742798145e+00
-1.897811345537972150e+00
-1.239387667922815073e+00
-8.851622664778022731e-01
-9.004595078629287208e-01
-1.284160208806855996e+00
-1.968608364530333166e+00
-2.831534925494598731e+00
-3.717898204329130873e+00
-4.467739943253852708e+00
-4.945052229927451748e+00
-5.062445799152955672e+00
-4.797145729496221200e+00
-4.195387409846997429e+00
-3.364368036909353599e+00
-2.940236753184966911e+00
