3.804943040039471480e+00
5.979921137163581868e+00
7.849039213747927235e+00
9.285351726745773249e+00
1.019125710810823371e+01
1.050513856455908623e+01
1.020556494831735961e+01
9.312764627731068501e+00
7.887270290068976841e+00
6.025824726681615395e+00
3.854823837171443834e+00
1.521740684871389027e+00
-8.148879705006910612e-01
-2.996233031684465864e+00
-4.873970585392402910e+00
-6.320371461284141290e+00
-7.236996225739783739e+00
-7.561403272367979156e+00
-7.271412317651158475e+00
-6.386631523349382000e+00
-4.967142393600012085e+00
-3.109429904718595594e+00
-9.398328721023330168e-01
1.394041429987369352e+00
3.733355429017527261e+00
5.918849830900889231e+00
7.801687216126305557e+00
9.253592253752268348e+00
1.017559741434062559e+01
1.050479746775804379e+01
1.021865119949487344e+01
9.336535506547942731e+00
7.918444014562264321e+00
6.060916871145423990e+00
3.890477166272646059e+00
1.555019633112094013e+00
-7.862627331476992332e-01
-2.973728313198960471e+00
-4.858173418092733620e+00
-6.311013279468624226e+00
-7.233062498001913809e+00
-7.561314934814568289e+00
-7.273259024781435045e+00
-6.388432281719653716e+00
-4.967106936866550804e+00
-3.106194382135893939e+00
-9.326460249051855556e-01
1.405200672756929947e+00
3.747741509087012091e+00
5.935000181423163212e+00
7.817554681871768274e+00
9.266749087895469472e+00
1.018349257916259276e+01
1.050504345674665352e+01
1.020931313292964937e+01
9.316394168274586107e+00
7.887205933003655467e+00
6.019348429498995401e+00
3.840445773456544920e+00
1.499432728064644449e+00
-8.436212585305913336e-01
-3.028455529326818940e+00
-4.905581136950146970e+00
-6.346513174455016504e+00
-7.252571848899796336e+00
-7.561648986549489138e+00
-7.252475404019895322e+00
-6.346095260231662927e+00
-4.904444469774343673e+00
-3.026128456017868729e+00
-8.396863876076565703e-01
1.505198572574514726e+00
3.847942400555274922e+00
6.028056052760790706e+00
7.896141182952773896e+00
9.324132278485544489e+00
1.021408277175654078e+01
1.050489189021259584e+01
1.017650966349418695e+01
9.251330011591637259e+00
7.792674399920540118e+00
5.900467982770758901e+00
3.704402794825974787e+00
1.355055170054880520e+00
-9.864346959504621815e-01
-3.159413961362846912e+00
-5.014741313887912888e+00
-6.425027510534571995e+00
-7.293388838608150238e+00
-7.560111549432972922e+00
-7.206768236030095309e+00
-6.257501702907988239e+00
-4.777386156049228561e+00
-2.867976201972051165e+00
-6.603474096642827362e-01
1.693895227275156401e+00
4.033024569546779681e+00
6.196300191760244935e+00
8.035015848380680836e+00
9.422726154105156127e+00
7.638600727256140033e+00
7.804688383220337755e+00
7.535328766516941279e+00
6.848962318756363743e+00
5.792716572682358844e+00
4.439177215143608635e+00
2.881405851184522859e+00
1.226546039959594658e+00
-4.115433941501387416e-01
-1.920121459476513248e+00
-3.195325662451616644e+00
-4.149325936548832416e+00
-4.716378860146702046e+00
-4.857364503652467747e+00
-4.562492397058855786e+00
-3.851988953543464156e+00
-2.774717577382728173e+00
-1.404825070478322058e+00
1.633559760149212448e-01
1.821798744125786795e+00
3.456221281729489725e+00
4.953961018383489900e+00
6.211742155353194406e+00
7.142800317369298213e+00
7.682872730866536770e+00
7.794640025368614111e+00
7.470312209655100233e+00
6.732179139722380690e+00
5.631086079545291945e+00
4.242938092013406326e+00
2.663473111371782664e+00
1.001663237990117583e+00
-6.278012183323804507e-01
-2.112426723202128986e+00
-3.349684330185369596e+00
-4.254093834047811384e+00
-4.763134551293565444e+00
-4.841573657691741417e+00
-4.483911990545496273e+00
-3.714777037746292976e+00
-2.587234538604215039e+00
-1.179133933140171564e+00
4.122611204457553580e-01
2.076987194224892086e+00
3.699977257447069068e+00
5.169013974457842941e+00
6.382490423633461418e+00
7.256441398382119878e+00
7.730358466145861307e+00
7.771385699766207189e+00
7.376604699911847973e+00
6.573249497897591276e+00
5.416835053839850644e+00
3.987327451483905882e+00
2.383619544972921389e+00
7.166933337817712468e-01
-8.980584261120969636e-01
-2.348820269291588492e+00
-3.535098750209042073e+00
-4.374687288782258321e+00
-4.809368160277231574e+00
-4.808955761279479546e+00
-4.373399896820753696e+00
-3.532802042603996995e+00
-2.345342059476132945e+00
-8.932576677350740901e-01
7.228459135447871109e-01
2.390962769143841538e+00
3.995447323837996834e+00
5.425031948092192025e+00
6.580545254522109033e+00
7.381795534007323134e+00
7.773141279783243540e+00
7.727361467483876645e+00
7.247555937481515720e+00
6.366942723265739623e+00
5.146565030730535284e+00
3.671065681996125374e+00
2.042821118446667139e+00
3.748411761506083018e-01
-1.217073142380122430e+00
-2.622369774849687474e+00
-3.743425306324639656e+00
-4.502330615473643327e+00
-4.846310512271283066e+00
-4.751399978746951192e+00
-4.224120489830985647e+00
-3.301038688201531457e+00
-2.046236784711561008e+00
-5.468692362974585386e-01
1.092886579701393579e+00
2.759066093588650403e+00
4.335837275991687889e+00
5.713554052980390985e+00
6.796383395498415858e+00
7.508975337210228140e+00
7.801711385511768349e+00
7.654165376383580188e+00
7.076534953821583152e+00
6.108942912473706244e+00
3.754943535792091502e+00
2.715819045255083886e+00
1.590069146321977156e+00
4.560329288448103924e-01
-6.073551444752482986e-01
-1.526060254543849304e+00
-2.236103428400690873e+00
-2.688019669401662703e+00
-2.850307158142841857e+00
-2.711626760729798136e+00
-2.281597999828783863e+00
-1.590135344082843183e+00
-6.853703518140839002e-01
3.696962193185107104e-01
1.501579628523691090e+00
2.631428553306851548e+00
3.680518329976154135e+00
4.575737295186322662e+00
5.254683770984166280e+00
5.670018188261503944e+00
5.792766606519411887e+00
5.614344867261304550e+00
5.147161736622637207e+00
4.423758442168104210e+00
3.494544083465124906e+00
2.424284374127807062e+00
1.287588213479096577e+00
1.637066066674111031e-01
-8.689934448094542851e-01
-1.738494645090706392e+00
-2.384153340648795361e+00
-2.760931036489992607e+00
-2.842538031542002130e+00
-2.623269556825088777e+00
-2.118406004886944416e+00
-1.363149040717190896e+00
-4.101675869828278476e-01
6.740752591206559119e-01
1.813958176918209597e+00
2.929976971410333419e+00
3.944291160775009963e+00
4.786154660461365395e+00
5.396851480394483147e+00
5.733791892412980928e+00
5.773483138170420581e+00
5.513167339655542953e+00
4.971012353624749025e+00
4.184842372025898705e+00
3.209497048466216640e+00
2.113003696930357833e+00
9.718299687076427107e-01
-1.344514246596499873e-01
-1.128713393596942893e+00
-1.941653069541982468e+00
-2.516622972468260500e+00
-2.813577761184689052e+00
-2.811861474476506473e+00
-2.511641258833543944e+00
-1.933888181460462263e+00
-1.118907223597892298e+00
-1.235198380242996663e-01
9.829035462941300150e-01
2.123283547577869967e+00
3.218206166157973946e+00
4.191456200329354509e+00
4.975323742357614876e+00
5.515313954977830058e+00
5.773932339925432089e+00
5.733282564999096387e+00
5.396297053222105511e+00
4.786516121480746122e+00
3.946432788052693041e+00
2.934520357672030677e+00
1.821151553213296026e+00
6.836949031923421627e-01
-3.988690360289075532e-01
-1.351436180802315423e+00
-2.107990091392464294e+00
-2.616173812462224468e+00
-2.840905632765904798e+00
-2.766789246317058470e+00
-2.399153261661004954e+00
-1.763650760327741374e+00
-9.044499349651382580e-01
1.188552734237386943e-01
1.235396994579856855e+00
2.367956952077373778e+00
3.438318202481005059e+00
4.372672945136033107e+00
5.106711587225654547e+00
5.590041652415174589e+00
5.789632862597135166e+00
5.692053372183580429e+00
5.304346819318144668e+00
4.653494607785951587e+00
3.784506003497879245e+00
2.757273371900506476e+00
1.642414625271314321e+00
5.163938540604360306e-01
-5.437405143114055761e-01
-5.018226926859781223e+00
-6.611086937638601668e+00
-7.652042434314401120e+00
-8.071128529669350016e+00
-7.840938408034508811e+00
-6.978317180813668585e+00
-5.543026172186666045e+00
-3.633474806664904300e+00
-1.379834710051352165e+00
1.064940864105750062e+00
3.535557195010672782e+00
5.865557828581656530e+00
7.898487548589043783e+00
9.498297244523216776e+00
1.055831270154914669e+01
1.100819521149050573e+01
1.081846194838883690e+01
1.000229815325961447e+01
8.614570196238418021e+00
6.748127139726604717e+00
4.527647581841732993e+00
2.101438469814811860e+00
-3.682850150872787331e-01
-2.716020778804380420e+00
-4.783833901755483176e+00
-6.431764090036160120e+00
-7.547135530027842876e+00
-8.052183626677685169e+00
-7.909515317928113021e+00
-7.125074467207273443e+00
-5.748378397629549497e+00
-3.869905824623104174e+00
-1.615715080144679128e+00
8.604485329590573217e-01
3.387125759841603134e+00
5.786611433894685241e+00
7.887205117857104320e+00
9.535442987909737766e+00
1.060746774470245946e+01
1.101870533194183643e+01
1.073108695675316859e+01
9.757182640608366597e+00
8.160794549855435065e+00
6.053786632710263405e+00
3.589189338268696350e+00
9.508982352803403426e-01
-1.659436155144175640e+00
-4.037474457994413513e+00
-5.992147091303342776e+00
-7.361297577093173672e+00
-8.025742266071555164e+00
-7.920515310814590038e+00
-7.042209013724797018e+00
-5.451563916042011293e+00
-3.270799948446097005e+00
-6.755901240666148944e-01
2.117966656483446730e+00
4.870552754272019058e+00
7.339765054815008405e+00
9.301561741734271749e+00
1.057116622062103239e+01
1.102147793907914242e+01
1.059712048076366742e+01
9.322523123316614146e+00
7.302876742645548980e+00
4.717403621491445875e+00
1.805089936327231692e+00
-1.156210513770338455e+00
-3.875654813113794894e+00
-6.077987815814212880e+00
-7.532074409589647246e+00
-8.076430868736297342e+00
-7.638880597365165670e+00
-6.247858399345289193e+00
-4.033593145093880672e+00
-1.218365105439811025e+00
1.903820232495668341e+00
4.996587292024202931e+00
7.716873005019537324e+00
9.753295433627659605e+00
1.086296686988336724e+01
1.090235712905335141e+01
9.848172695134527643e+00
7.805099456368999711e+00
4.998606098682738974e+00
1.752701269317200161e+00
-1.545598655707066005e+00
-4.491524555766605253e+00
-6.712449959847301528e+00
-7.916351901245006317e+00
-7.932478013193135169e+00
-6.738395256577483394e+00
-4.468960181526715481e+00
-1.404842380482150155e+00
2.059164349100558677e+00
5.463007615548340468e+00
8.341760823377928347e+00
1.028981764307099489e+01
1.102006273695483607e+01
1.040924205251119261e+01
3.522969231339649010e+00
2.675570813430830253e+00
1.648357887836106928e+00
5.896994746564185874e-01
-3.432436111543240020e-01
-1.007944102063998759e+00
-1.298863550936840472e+00
-1.165187879050109565e+00
-6.208669083968358926e-01
2.551095379097938487e-01
1.328836415502205881e+00
2.431002473630930805e+00
3.383144336846870104e+00
4.026692871862993073e+00
4.250107697787640859e+00
4.009388721985495785e+00
3.338061415518613906e+00
2.344288431318208410e+00
1.194856502564678014e+00
8.809761608333843697e-02
-7.800720129516451884e-01
-1.251278437500243257e+00
-1.234660323428367068e+00
-7.258815358999082257e-01
1.889677487266165912e-01
1.346172155772386914e+00
2.532418170235860355e+00
3.523550038068288703e+00
4.127178414248375837e+00
4.221055117316218741e+00
3.779428916876577560e+00
2.881481721741543822e+00
1.699165720202267416e+00
4.657740450579224145e-01
-5.693828573568775475e-01
-1.191598012544857088e+00
-1.266428153666133039e+00
-7.705255562013269000e-01
1.996971622098699939e-01
1.444608433686783711e+00
2.700867881955421712e+00
3.696498069907176554e+00
4.210208656305286290e+00
4.122011010877218773e+00
3.443317147156814251e+00
2.318645844174080928e+00
9.970791073573952445e-01
-2.215095768781323304e-01
-1.054244651750005257e+00
-1.301867475593651680e+00
-8.983582592639796083e-01
6.914608453092419005e-02
1.376429480498031932e+00
2.712164069915091957e+00
3.751206996160350471e+00
4.234259232129938155e+00
4.034331996134786991e+00
3.192651013989484809e+00
1.913393042982473924e+00
5.165968408487461305e-01
-6.406252226338020606e-01
-1.255596229957677057e+00
-1.160894221081934408e+00
-3.725766407339168307e-01
9.086152580713053872e-01
2.345625111573193866e+00
3.552234846139977087e+00
4.196974408129139356e+00
4.095900704462646758e+00
3.267917339772112406e+00
1.935383216737723178e+00
4.673127547139386273e-01
-7.212794921860794517e-01
-1.286972379111017695e+00
-1.059178215122314359e+00
-9.472643382097833964e-02
1.332380967785171899e+00
2.805917325258617367e+00
3.887568040607049635e+00
4.248063900481121813e+00
3.769968245848675181e+00
2.589400594103850040e+00
1.061138630193910526e+00
-3.454077581621515236e-01
-1.189773702727525251e+00
-1.199956008649786021e+00
-3.633084928450847073e-01
1.062415316387790742e+00
2.624862509034160851e+00
3.818762365532271108e+00
4.249831550555222215e+00
3.767694166064762040e+00
2.522268864853975057e+00
9.215023892738883893e-01
-4.993959086697690175e-01
-1.256400862834201604e+00
-1.083600402674762542e+00
-3.048403542277577927e-02
1.547115000760080905e+00
5.867333212854816793e+00
