-7.761597032754221637e-01
-3.381200783732236648e-01
4.823618408437435612e-02
3.613732901338602144e-01
5.840312279074386659e-01
7.041481383329253330e-01
7.154795138277352251e-01
6.178847263888036512e-01
4.172704927835155786e-01
1.252001298517873007e-01
-2.418042343110682335e-01
-6.632229355676949600e-01
-1.115706359480659549e+00
-1.574381492522352488e+00
-2.014223839484000411e+00
-2.411419006888044336e+00
-2.744640309635493658e+00
-2.996174753180215866e+00
-3.152839249123912779e+00
-3.206641334688923095e+00
-3.155153244288430248e+00
-3.001584088756063640e+00
-2.754551252967995634e+00
-2.427568046142719815e+00
-2.038279300427961793e+00
-1.607489272955868298e+00
-1.158036251818515439e+00
-7.135752397222610011e-01
-2.973337064246743822e-01
6.909443884470256592e-02
3.668547202753846825e-01
5.807822196206984255e-01
7.001494167199924235e-01
7.191764562520395199e-01
6.372813518488515960e-01
4.590613065991937525e-01
1.940101495570658585e-01
-1.440098400454865590e-01
-5.375113792488821485e-01
-9.663002640303555157e-01
-1.408519408217094426e+00
-1.841764705921445699e+00
-2.244215932413483827e+00
-2.595726110410849330e+00
-2.878815767061385422e+00
-3.079524079308067819e+00
-3.188076720322711388e+00
-3.199339846057357217e+00
-3.113040591622779019e+00
-2.933746125861187437e+00
-2.670605161619474810e+00
-2.336867268161449740e+00
-1.949205844283139033e+00
-1.526880088552220016e+00
-1.090778507120184759e+00
-6.623892547830640964e-01
-2.627476577011478298e-01
8.858805797968472007e-02
3.744836643636755280e-01
5.810533379159639189e-01
6.983226113185803108e-01
7.206988706632897479e-01
6.472277783332660572e-01
4.816243520107474918e-01
2.320782571454049759e-01
-8.915633839812087125e-02
-4.663657512377877845e-01
-8.811467916232825770e-01
-1.313304207922137534e+00
-1.741832028391305798e+00
-2.145931402202394089e+00
-2.506015948501648438e+00
-2.804656364489575893e+00
-3.027419079638262289e+00
-3.163558923815438462e+00
-3.206532852032913716e+00
-3.154310398603706211e+00
-3.009466306545935055e+00
-2.779051228456521194e+00
-2.474247025555913027e+00
-2.109823496794194675e+00
-1.703422860118034565e+00
-1.274706532348329091e+00
-8.444053218604528066e-01
-4.333187472789187256e-01
-6.131160704371363401e-02
2.536439657847431306e-01
4.963349270739263464e-01
6.550405880718286333e-01
7.220974838390028516e-01
6.942686862280922355e-01
5.728997910393809345e-01
3.638540516087480636e-01
7.722973991830195395e-02
-2.731267161208780214e-01
-6.702884457107924909e-01
-1.095064614324388508e+00
-1.526926407094161497e+00
-1.944997956092195279e+00
-2.329064488723049386e+00
-2.660549102925894083e+00
-2.923411039624038921e+00
-3.104922057230480981e+00
-3.196283341304867243e+00
-3.193053028015227390e+00
-3.095363518319910412e+00
-2.907917875526436546e+00
-2.639765246935517951e+00
-2.303865918706312410e+00
-1.916466787726657461e+00
-1.496317223496219651e+00
-1.063763051435183682e+00
-6.397623390625262196e-01
-2.448705168387343978e-01
1.017560746123302717e-01
3.832899303698693583e-01
5.860502882767995025e-01
7.001694046849158415e-01
7.200746834590288081e-01
6.447630100960137778e-01
4.778536748329336170e-01
2.274169822822957876e-01
-9.441347708673797356e-02
-4.720264034188805802e-01
-8.870880807013434843e-01
-1.319430958602965775e+00
-1.748032548211260195e+00
-2.152037183393335162e+00
-2.511771021874192211e+00
-2.809700890475267165e+00
-3.031290212637491877e+00
-3.165710171817984531e+00
-3.206371228654576022e+00
-3.151248789529185856e+00
-3.002986801331375410e+00
-2.768773839291289285e+00
-2.459997337921818072e+00
-2.091692449715603530e+00
-1.681812073003040142e+00
-1.250353376263960703e+00
-8.183832286172141313e-01
-4.070099744027430022e-01
-3.635171216673493966e-02
2.754484847026763550e-01
5.131121574955517239e-01
6.649761686691832985e-01
7.235675369177905214e-01
6.859739449059363281e-01
5.539914111960586585e-01
3.340414969460170358e-01
3.686169797354521549e-02
-3.230161982365934437e-01
-7.279745794728215147e-01
-1.158170868431735112e+00
-1.592508791176890259e+00
-2.009672561152108905e+00
-2.389173295803597163e+00
-2.712356276257240850e+00
-2.963319478706718968e+00
-3.129698066845760351e+00
-3.203276034983801424e+00
-3.180394617645982080e+00
-3.062137023828989335e+00
-2.854280026997802366e+00
-2.567014407358300332e+00
-2.214447636940362063e+00
-1.813912958354387150e+00
-1.420442402125661863e+00
-8.774676588752012840e-01
-3.523480352046858277e-01
1.290238983818596807e-01
5.428958714083218506e-01
8.688297887483309445e-01
1.090713398002965295e+00
1.197559530211506296e+00
1.184053108297081103e+00
1.050818522503858876e+00
8.043937591000074327e-01
4.569121579698971480e-01
2.550714982646118401e-02
-4.685309332074182320e-01
-1.000804552432218220e+00
-1.545013444680553905e+00
-2.074254422916967489e+00
-2.562352212685552466e+00
-2.985155410615382809e+00
-3.321733324888235472e+00
-3.555414154638892654e+00
-3.674612722358197470e+00
-3.673406670131861507e+00
-3.551832387003722946e+00
-3.315885809303078524e+00
-2.977227872434608180e+00
-2.552609050336441143e+00
-2.063041368921095131e+00
-1.532758828465709211e+00
-9.880176926007431248e-01
-4.557960742174598234e-01
3.754272618023657415e-02
4.675568474530844565e-01
8.129376418003162463e-01
1.056566460391615614e+00
1.186363985865093618e+00
1.195889924862714615e+00
1.084663249326247136e+00
8.581870342170074828e-01
5.276765936146217140e-01
1.095043391178085468e-01
-3.756111570263140909e-01
-9.036317148625261364e-01
-1.448390832161006614e+00
-1.982890638541561668e+00
-2.480640204794718695e+00
-2.916968835594761611e+00
-3.270249209213884178e+00
-3.522969695759965436e+00
-3.662602664128627783e+00
-3.682225706052275171e+00
-3.580864961081947406e+00
-3.363543510719205099e+00
-3.041032439044440316e+00
-2.629316905025552931e+00
-2.148803706390062906e+00
-1.623309635188417088e+00
-1.078880794988940295e+00
-5.425014299426628162e-01
-4.075629128734892248e-02
4.014871340077708073e-01
7.623111984030646049e-01
1.023834369472159000e+00
1.173097363320424247e+00
1.202705222520566331e+00
1.111193531025540526e+00
9.031006395133931441e-01
5.887423521517036740e-01
1.837002767697768491e-01
-2.919507665910797689e-01
-8.146379524318094756e-01
-1.358458916688820128e+00
-1.896465548594913564e+00
-2.401999465950325430e+00
-2.850012981645736687e+00
-3.218310100110030270e+00
-3.488646057536190614e+00
-3.647630941383777081e+00
-3.687392643930051950e+00
-3.605966339108069185e+00
-3.407391229459364457e+00
-3.101509818420986164e+00
-2.703479703143694568e+00
-2.233022124145933152e+00
-1.713444544860779128e+00
-1.170485720955620090e+00
-6.310405025096079701e-01
-1.218275573047185034e-01
3.319339830361864863e-01
7.077734089606713130e-01
9.870810089578094804e-01
1.156029258769688539e+00
1.206257038218160105e+00
1.135283036313695426e+00
9.466279242590811549e-01
6.496393024899200785e-01
2.590281472831585940e-01
-2.058602342500419624e-01
-7.220045918943865937e-01
-1.263847967260069538e+00
-1.804563288406834332e+00
-2.317381643743815722e+00
-2.776917466624765130e+00
-3.160425030520461753e+00
-3.448924070344995929e+00
-3.628138838319448833e+00
-3.689204150306909735e+00
-3.629103522260746395e+00
-3.450817764230951656e+00
-3.163176734100062504e+00
-2.780421645141792464e+00
-2.321499643469895346e+00
-1.809125614901058388e+00
-1.268657690750369493e+00
-7.268421296655090957e-01
-2.104897029691739085e-01
2.548509141432415692e-01
6.461571098031246851e-01
9.440711389894986816e-01
1.133857447013738806e+00
1.206131186467068517e+00
1.157321929623609247e+00
9.898496844146311702e-01
7.120045571189692613e-01
3.375360645221281430e-01
-1.150275425966742482e-01
-6.232962341626568925e-01
-1.162126044825767091e+00
-1.704862987290822085e+00
-2.224661496707880382e+00
-2.695812193954369551e+00
-3.095013306860839197e+00
-3.402522886108584554e+00
-3.603134857521928414e+00
-3.686930672086494720e+00
-3.649769417538144101e+00
-3.493492191423908988e+00
-3.225830665326135271e+00
-2.860024395110988493e+00
-2.414165840392085371e+00
-1.910305501300103348e+00
-1.373361403751523380e+00
-8.298868584991716535e-01
-3.067574217038977480e-01
1.701580244243694473e-01
5.772763700468714898e-01
8.944663195047040105e-01
1.106043731666833008e+00
1.201547054064368236e+00
1.176254518257517478e+00
1.031417530811028271e+00
7.741987248885999762e-01
4.173177383163042542e-01
-2.157776669333943964e-02
-5.207847433613058685e-01
-1.055617914523861556e+00
-1.599630382346234558e+00
-2.125921343963821819e+00
-2.608466256050019361e+00
-3.023403680340953414e+00
-3.350215182662981128e+00
-3.572739944326897010e+00
-3.679973915677195340e+00
-3.666613993293255103e+00
-3.533320308338906202e+00
-3.286683650700928716e+00
-3.751387838371286865e+00
-3.113027885874572576e+00
-2.382106389675292313e+00
-1.594767304744680869e+00
-7.899448381050111490e-01
-7.438175056847295963e-03
7.140566101461718329e-01
1.338860137711942233e+00
1.836074169793144861e+00
2.181109663104898289e+00
2.356902854286960558e+00
2.354759229994165537e+00
2.174783633381649040e+00
1.825875223917989398e+00
1.325287526354016698e+00
6.977753130491424205e-01
-2.562950201072133893e-02
-8.091524299596656311e-01
-1.614045550380216243e+00
-2.400503742682770003e+00
-3.129633239128004618e+00
-3.765375141930085601e+00
-4.276288770894796087e+00
-4.637106637528459530e+00
-4.829984134030974374e+00
-4.845382122744521958e+00
-4.682538766912033523e+00
-4.349507257744521738e+00
-3.862757544466314918e+00
-3.246361765388066978e+00
-2.530803704824169831e+00
-1.751471170683286394e+00
-9.469058686680182912e-01
-1.568973469225414252e-01
5.794847742495468079e-01
1.225822973775607672e+00
1.750152840984834146e+00
2.126543858742258042e+00
2.336381782047489253e+00
2.369289193064135102e+00
2.223638707336401676e+00
1.906633451146455549e+00
1.433950830302987089e+00
8.289672077936276473e-01
1.216018336117909993e-01
-6.531628002996872073e-01
-1.457011004862437176e+00
-2.250188779954729767e+00
-2.993469831180101792e+00
-3.650095488990758863e+00
-4.187592592478626585e+00
-4.579379435326532466e+00
-4.806080352661997956e+00
-4.856483936542582924e+00
-4.728097491935180585e+00
-4.427270312749910453e+00
-3.968879681258072001e+00
-3.375595119513292275e+00
-2.676757278740610424e+00
-1.906926910566662636e+00
-1.104175679939485510e+00
-3.082033467293067153e-01
4.416255700927671501e-01
1.108228549785384320e+00
1.658638972582828330e+00
2.065636472871412277e+00
2.309093114207461106e+00
2.376968811445548724e+00
2.265906771544077714e+00
1.981399505502061231e+00
1.537517201105856213e+00
9.562118894480868825e-01
2.662318171647815035e-01
-4.983002864897694284e-01
-1.299574736593688495e+00
-2.097964757579874995e+00
-2.853986212833112379e+00
-3.530250281062329076e+00
-4.093312510383634972e+00
-4.515326805586575176e+00
-4.775422550958017709e+00
-4.860736763237541780e+00
-4.767050229627434632e+00
-4.498996170569991015e+00
-4.069831107676701087e+00
-3.500779268240286957e+00
-2.819982948433319869e+00
-2.061110744494921043e+00
-1.261692481338803962e+00
-4.612631845571253386e-01
3.005921147469172716e-01
9.861960485451923830e-01
1.561642237773596342e+00
1.998472125090725804e+00
2.275082387041391652e+00
2.377793322291290146e+00
2.301525378959065282e+00
2.050050363472976755e+00
1.635804907423901167e+00
1.079275417334292886e+00
4.079849244956756937e-01
-3.448680600144959918e-01
-1.142051370006202049e+00
-1.944140492449511814e+00
-2.711468297830271545e+00
-3.406086769083333188e+00
-3.993643712208393648e+00
-4.445081636243886081e+00
-4.738074784853035126e+00
-4.858133251441930867e+00
-4.799319574046768011e+00
-4.564542370964396412e+00
-4.165412495463773901e+00
-3.621668823443227492e+00
-2.960202071607115570e+00
-2.213724923047272419e+00
-1.419154228897657521e+00
-6.157852939373323897e-01
1.566514635493325702e-01
8.599553702065265703e-01
1.459344702714037378e+00
1.925176809378640552e+00
2.234414080021467797e+00
2.371763264996331610e+00
2.330431798627951689e+00
2.112463723322105746e+00
1.728638601352808113e+00
1.197938413672580360e+00
5.466088101876438454e-01
-1.931388628179644407e-01
-9.847205671542638150e-01
-1.788988827421949868e+00
-2.566168759674559929e+00
-3.277825128227314977e+00
-3.888763150320263762e+00
-4.368769044841593896e+00
-4.694104246747521358e+00
-4.848679391225340751e+00
-4.824850008562016512e+00
-4.623794578882003847e+00
-4.255456250206199442e+00
-3.738051102196657371e+00
-3.097167274316245056e+00
-2.364499510815929018e+00
-1.576281705316032511e+00
-7.714949630856446916e-01
1.006019916931899516e-02
7.297321771559750481e-01
1.351929783658713191e+00
1.845882401087759028e+00
2.187161734041129346e+00
2.358889904030132989e+00
2.352574140377137191e+00
2.168526787876166928e+00
1.815849859849337555e+00
1.311984900518748720e+00
6.818504181208617787e-01
-4.339045323311396807e-02
-8.278711180108538903e-01
-1.632795292161257850e+00
-2.418355663011674039e+00
-3.145702549353129207e+00
-3.778865202157648095e+00
-4.286530728511642963e+00
-4.643592662548894801e+00
-4.832392599210400874e+00
-4.364980415501984901e+00
