-1.137616870901933863e+00
6.316780818939449205e-02
1.033438860426101780e+00
1.684524549867453480e+00
1.956923050804186381e+00
1.825740237935052690e+00
1.302964726502227055e+00
4.363722495553008507e-01
-6.948405002477680004e-01
-1.987293547155891460e+00
-3.322871385893431118e+00
-4.579517395105863642e+00
-5.642388424097644517e+00
-6.414350150519895877e+00
-6.824854052686276873e+00
-6.836384742196184305e+00
-6.447888443965583249e+00
-5.694869299548856567e+00
-4.646144692683709998e+00
-3.397556123362580394e+00
-2.063210384978834799e+00
-7.650515013158172284e-01
3.782835702753635232e-01
1.262307007525974356e+00
1.806229121949755267e+00
1.960341617692098026e+00
1.710560364612069506e+00
1.079712527772694219e+00
1.254504243145655451e-01
-1.065017242553384591e+00
-2.382895267167641329e+00
-3.707744585910262458e+00
-4.918489037957440857e+00
-5.904480349506417980e+00
-6.575610127740270094e+00
-6.870544743258824916e+00
-6.762330526351817639e+00
-6.260857025903239226e+00
-5.411953217067607014e+00
-4.293199254059029357e+00
-3.006836526228397588e+00
-1.670423957693048855e+00
-4.060944584981505123e-01
6.706066344785956979e-01
1.461281087286220970e+00
1.893670248373095610e+00
1.928258667409329163e+00
1.561885357806032104e+00
8.280326746301049923e-01
-2.062335922031608426e-01
-1.446393268726552606e+00
-2.779109866111739713e+00
-4.082588246913518404e+00
-5.237705315422827468e+00
-6.138896513588782078e+00
-6.703803220589045431e+00
-6.880799393470173442e+00
-6.653709599553146781e+00
-6.043287266024545801e+00
-5.105318051484476705e+00
-3.925521670377392081e+00
-2.611718086045878628e+00
-1.283973993427607763e+00
-6.363009071911873704e-02
9.377880777653642141e-01
1.628762285251966979e+00
1.946145345503188295e+00
1.860932046852596500e+00
1.380909900486673170e+00
5.499474541430746655e-01
-5.560147895716869293e-01
-1.835904466652945377e+00
-3.172754212292984377e+00
-4.444391145458510550e+00
-5.534602080768905807e+00
-6.343754094586791403e+00
-6.797899846255460510e+00
-6.855535531149932638e+00
-6.511393864602680104e+00
-5.796925459969425987e+00
-4.777424607110100752e+00
-3.546062121267200773e+00
-2.215370591154397495e+00
-9.069601771949071800e-01
2.595951810667389559e-01
1.177685473651802095e+00
1.763407575647436332e+00
1.963233052781371057e+00
1.758900065168494287e+00
1.169082303112746413e+00
2.476824316069383691e-01
-9.210939979566905578e-01
-2.230433981139067434e+00
-3.560678563845784517e+00
-4.790258324725039429e+00
-5.806803456539627817e+00
-6.517413109563521267e+00
-6.857145493576505935e+00
-6.794952837332228768e+00
-6.336518815484555311e+00
-5.523739132609484237e+00
-4.430892731860721412e+00
-3.157853535870691175e+00
-1.820963090087897696e+00
-5.423982465231151906e-01
5.609944371837194410e-01
1.388377171769138219e+00
1.864136389418330708e+00
1.944792985432287402e+00
1.622975828509970242e+00
9.280954041949671662e-01
-7.634397275585058651e-02
-1.298547743713419633e+00
-2.626820106326314797e+00
-3.939771768114725070e+00
-5.117413578026330789e+00
-6.052122200870763358e+00
-6.658475693316840527e+00
-6.881060118606992404e+00
-6.699533761821461653e+00
-6.130486132628893969e+00
-5.225921863604432005e+00
-4.068508059585791869e+00
-2.764019438445506349e+00
-1.431671694567405284e+00
-3.362547719263706547e-01
6.300075738872119580e-01
1.313953023955618082e+00
1.653076692846582318e+00
1.616386560578336073e+00
1.207235781133569663e+00
4.630162234262864551e-01
-5.482587459562211496e-01
-1.734169939964584461e+00
-2.986338441939629273e+00
-4.190330229228921510e+00
-5.236114155813065274e+00
-6.028117550675126779e+00
-6.493960462292769797e+00
-6.591070337309235860e+00
-6.310572631314061098e+00
-5.678101799729445176e+00
-4.751458559984309105e+00
-3.615327531293674568e+00
-2.373538005619883151e+00
-1.139575131550947251e+00
-2.620868278131505136e-02
8.648127771924496443e-01
1.452060501839850026e+00
1.681867159191062555e+00
1.533231350867820364e+00
1.019736844025565858e+00
1.883111285745044938e-01
-8.850632397620548097e-01
-2.102292571795997933e+00
-3.352136655128455267e+00
-4.520374781376883533e+00
-5.500244137025610769e+00
-6.202196616473160340e+00
-6.562082406215032471e+00
-6.547012464985424884e+00
-6.158364146465936884e+00
-5.431655293361419723e+00
-4.433298314499293014e+00
-3.254530886622057473e+00
-2.003077942545293144e+00
-7.933069377796961863e-01
2.642239185441832561e-01
1.072869308733050087e+00
1.558728983191278950e+00
1.677401321127778289e+00
1.418041087040831094e+00
8.043505565926394318e-01
-1.075865642784745724e-01
-1.234430475677750438e+00
-2.473201486922151027e+00
-3.710691065191244142e+00
-4.833807682457655908e+00
-5.739911984290747782e+00
-6.346196778618780954e+00
-6.597254631729148500e+00
-6.470141485765356748e+00
-5.976473540885072211e+00
-5.161365764459828753e+00
-4.099309022858311558e+00
-2.887362601519677607e+00
-1.636284219124653827e+00
-4.604081486679614255e-01
5.328034460147668128e-01
1.252581576313068989e+00
1.633146405332373874e+00
1.639719573386545726e+00
1.271702882536764889e+00
5.627323797534358185e-01
-4.223967254688671957e-01
-1.593652939458181983e+00
-2.843997578324204412e+00
-4.059167741354147374e+00
-5.128118878106757705e+00
-5.953172483800473813e+00
-6.458941532022038245e+00
-6.599218088359080525e+00
-6.361193901984426802e+00
-5.766628594773566263e+00
-4.869859061977505732e+00
-3.752832359900716508e+00
-2.517616303968958302e+00
-1.277072389998385793e+00
-1.445434424656970585e-01
7.765017278212238416e-01
1.401920599161934344e+00
1.674582741186650736e+00
1.569587242934924909e+00
1.096535453328408405e+00
2.986517697460646659e-01
-7.511668619391136392e-01
-1.957011566119177370e+00
-3.208723634357815158e+00
-4.391957614686418765e+00
-5.398626193316911070e+00
-6.136772909161836154e+00
-6.538971093022895253e+00
-6.568482089700330206e+00
-6.222610493960005762e+00
-5.532950114792887675e+00
-4.562498302297580466e+00
-3.399902208585999119e+00
-2.151362409878009974e+00
-9.309331947644836625e-01
1.498947918192499174e-01
9.923783227316245181e-01
1.519541843051050556e+00
1.683210435829971097e+00
1.468413091990910413e+00
8.947538854925598528e-01
1.462541401273353969e-02
-1.091572872974126751e+00
-2.322775371463089655e+00
-3.566480240710142358e+00
-4.709026016590946995e+00
-5.645976701147837673e+00
-6.291667690857936535e+00
-6.587040059815050697e+00
-6.505046501291783301e+00
-6.053133681586130521e+00
-5.272572552475094376e+00
-4.234696064206596944e+00
-3.034386440890617820e+00
-1.781405883212099361e+00
-5.903622076447880840e-01
1.926370267261781066e-01
8.864582965906939727e-01
1.274177568994301346e+00
1.320266569497161591e+00
1.020455097385921661e+00
4.021334135039391633e-01
-4.781437191897943695e-01
-1.539824601017183880e+00
-2.685728152134879920e+00
-3.810937946125879883e+00
-4.812408835452836264e+00
-5.598406379403604305e+00
-6.096913974734434305e+00
-6.262236614390301881e+00
-6.079195020778636938e+00
-5.564524468354544062e+00
-4.765348739871759776e+00
-3.754867875120334375e+00
-2.625654055699492062e+00
-1.481169632512188805e+00
-4.262847366450914777e-01
4.423359411910467998e-01
1.045095283291402222e+00
1.326761535565774697e+00
1.261531906117642876e+00
8.553971223313436845e-01
1.455898732147598018e-01
-8.028321552779351666e-01
-1.902954784644935060e+00
-3.053979195500748478e+00
-4.150465010452221826e+00
-5.091995900702649180e+00
-5.792380479494335432e+00
-6.187544314580557092e+00
-6.241389573999625462e+00
-5.949085973645892089e+00
-5.337493053628143080e+00
-4.462677573752367621e+00
-3.404756670670762375e+00
-2.260542775750448374e+00
-1.134667572969872307e+00
-1.300007265343787743e-01
6.617569532125826548e-01
1.168441504636262618e+00
1.343991342909416353e+00
1.172614014935336346e+00
6.701791670013874658e-01
-1.172822091347929252e-01
-1.117827129330662972e+00
-2.240202759406098920e+00
-3.382192107052845564e+00
-4.439937190902407238e+00
-5.317387419715269736e+00
-5.935012851734581041e+00
-6.236992380552926818e+00
-6.196228855217407627e+00
-5.816743351953910235e+00
-5.133240718769665811e+00
-4.207896071342696054e+00
-3.124663634170411264e+00
-1.981632393482244625e+00
-8.821274150233082700e-01
7.463410789213931196e-02
8.024865399563299029e-01
1.236053786486888573e+00
1.336588695944516125e+00
1.095395404271633399e+00
5.345362639007378291e-01
-2.952292732445549461e-01
-1.319077387437294080e+00
-2.444897811268515575e+00
-3.571600105476168352e+00
-4.598197454375045012e+00
-5.432851176738188848e+00
-6.001066667900564866e+00
-6.252311335111368606e+00
-6.164469645573618095e+00
-5.745746341717654637e+00
-5.033858377502061998e+00
-4.092598524485507205e+00
-3.006087227386014415e+00
-1.871233438656801251e+00
-7.890818870722053902e-01
1.441800647966551274e-01
8.457562359884152059e-01
1.253560821351983101e+00
1.331678755944794013e+00
1.073490524479721486e+00
5.021934236989364919e-01
-3.313174097993947242e-01
-1.353011551819377489e+00
-2.472317958951174788e+00
-3.590162809716929360e+00
-4.607736815602180513e+00
-5.435216918755263471e+00
-5.999674323586397406e+00
-6.251475257164694099e+00
-6.168615831213424272e+00
-5.758615750695337709e+00
-5.057811091674340176e+00
-4.128114961001381644e+00
-3.051536526011966011e+00
-1.922944352276729774e+00
-8.417122870593549688e-01
9.701780889131050856e-02
8.106904825352505561e-01
1.236577446451125439e+00
1.337272618253880996e+00
1.103962933910169752e+00
5.571912646799295210e-01
-2.549531200683614607e-01
-1.261056764863598856e+00
-2.372647013154696616e+00
-3.491952111344865273e+00
-4.520478714934716535e+00
-5.367657885049448296e+00
-5.958804430866665669e+00
-6.241693684639276540e+00
-6.191179371006484189e+00
-5.811445856967862866e+00
-5.135693160626045639e+00
-4.223276031057152657e+00
-3.154540023441245733e+00
-2.023798706601648068e+00
-9.310595867606625831e-01
-2.320931539700152868e-01
4.288144419388975059e-01
8.334500046837325371e-01
9.452923189075304045e-01
7.537248092887693929e-01
2.751100321098021162e-01
-4.485158588869908591e-01
-1.353032923439655200e+00
-2.357814983568236045e+00
-3.372821225198309847e+00
-4.306590155501515582e+00
-5.074437684760928491e+00
-5.606134173371040141e+00
-5.852371141260142906e+00
-5.789424874930123366e+00
-5.421574483388759802e+00
-4.781028942023117345e+00
-3.925326794985514844e+00
-2.932381080978708088e+00
-1.893565766279567075e+00
-9.054318601652457943e-01
-6.078484242052173414e-02
5.600633633290308389e-01
8.970452981794303504e-01
9.163363921523504096e-01
6.139866074456348244e-01
1.677608160055443776e-02
-8.198619288572890351e-01
-1.816729656406135485e+00
-2.878166520164593845e+00
-3.901115958821414154e+00
-4.785113846950573624e+00
-5.442235376510364375e+00
-5.806009428332890465e+00
-5.838380492247063458e+00
-5.533965508364093289e+00
-4.921103841638693410e+00
-4.059510779154857474e+00
-3.034688613370287946e+00
-1.949589790161041503e+00
-9.143275601351137372e-01
-3.495730121007545321e-02
5.975213154352632117e-01
9.167826800326688286e-01
8.883711715627335970e-01
5.136636710600699374e-01
-1.698852749984469668e-01
-1.092310188089821166e+00
-2.158197240570019826e+00
-3.256540009225214138e+00
-4.272367195919319016e+00
-5.098908618333375387e+00
-5.648986304478135878e+00
-5.864383523660901432e+00
-5.722151930631770966e+00
-5.237144911995432750e+00
-4.460478225762082971e+00
-3.474070771785541467e+00
-2.381856930465287903e+00
-1.298636099368613239e+00
-3.377904975211518668e-01
4.007728554088814121e-01
8.411310689024094067e-01
9.391636239165221944e-01
6.868520062595377951e-01
1.126390174377314146e-01
-7.221241898281485216e-01
-1.730175964319734749e+00
-2.807942729306166729e+00
-3.846623605961975834e+00
-4.743512048103270651e+00
-5.412319621374468426e+00
-5.791423505577428799e+00
-5.849234330056585662e+00
-5.586237001643244326e+00
-5.033648097223328399e+00
-4.249010696538443099e+00
-3.309348469884498378e+00
-2.302700946510669144e+00
-1.319187496901856438e+00
-4.426117514603178371e-01
2.566043381763676301e-01
7.266041615161880074e-01
9.371166131460277882e-01
8.802919257357522120e-01
5.695524607442283838e-01
3.681922109823210221e-02
-6.714296347383452712e-01
-1.498780147544130692e+00
-2.383718028357316054e+00
-3.264275378946857931e+00
-4.082173918735976237e+00
-4.786248754739848010e+00
-5.335033840033528207e+00
-5.698476497064342894e+00
-5.858817886186258761e+00
-5.810726351796542843e+00
-5.560801035158261740e+00
-5.126575758217103207e+00
-4.535150910900657806e+00
-3.821567456953844033e+00
-3.027015864128197453e+00
-2.196947217415511577e+00
-1.379127092140393751e+00
-6.216476927180936141e-01
2.910719813592743677e-02
5.305643174245022742e-01
8.461551285016466473e-01
9.476201329557456532e-01
8.174182907410130206e-01
4.511934028143063102e-01
-1.398184076148383248e-01
-9.266518959960177160e-01
-1.861083424349609050e+00
-2.875195332043487539e+00
-3.882666196249759505e+00
-4.782397484126848397e+00
-5.465934180295308309e+00
-5.829753852646966550e+00
-5.791958593919261489e+00
-5.311788279030034587e+00
-4.408720972454264420e+00
-3.176257776159049140e+00
-1.784412984596024820e+00
-7.263393384040017775e-01
