-1.827651591899899897e+00
-8.656337524483115331e-01
-4.544747295652551422e-01
-6.953741939172539688e-01
-1.529047928890945762e+00
-2.750313933795915045e+00
-4.058584973588780898e+00
-5.131844714504937954e+00
-5.705904398744726436e+00
-5.639435115992899483e+00
-4.948768137433619430e+00
-3.803893030348514337e+00
-2.486631351967978798e+00
-1.321273678000848939e+00
-5.947483694906101626e-01
-4.859721571463251344e-01
-1.021778304409066251e+00
-2.070280689563624321e+00
-3.373318987880455921e+00
-4.610008066187336162e+00
-5.475752453096783157e+00
-5.757271919622993117e+00
-5.385158255098734692e+00
-4.451009118038112611e+00
-3.184904192010516333e+00
-1.898756154397097662e+00
-9.094789088664327892e-01
-4.608954562535911847e-01
-6.636284141117467783e-01
-1.467795249819132897e+00
-2.675253742500142362e+00
-3.988398755908977300e+00
-5.083499557098434707e+00
-5.690509647656825543e+00
-5.659674032875276595e+00
-4.998501909331173998e+00
-3.869970285250305952e+00
-2.552379882125748622e+00
-1.370743936944940344e+00
-6.166198634864223926e-01
-4.761568447002471061e-01
-9.841191011061982685e-01
-2.015247075937184107e+00
-3.315111765096130814e+00
-4.562870639845484355e+00
-5.450452491968150959e+00
-5.758630576285663771e+00
-5.411196842234074822e+00
-4.493843643308911950e+00
-3.233065751691698964e+00
-1.940267671255366588e+00
-9.348615616268522999e-01
-4.653433451062389814e-01
-6.478496675166485197e-01
-1.437394000282703255e+00
-2.638915003204465481e+00
-3.955433945750593594e+00
-5.061440460935461516e+00
-5.683377242980340860e+00
-5.667323093588015226e+00
-5.017123095923588849e+00
-3.893511147782281689e+00
-2.574413134503914513e+00
-1.386225244717311567e+00
-6.230539456082047067e-01
-4.738990099711530846e-01
-9.758124460811745671e-01
-2.004650855603877346e+00
-3.305739940245884245e+00
-4.556887095411461530e+00
-5.448158472476171355e+00
-5.758669466982529350e+00
-5.411359465125372914e+00
-4.492159863186443225e+00
-3.228776775947991950e+00
-1.934316190548324821e+00
-9.297003667058074683e-01
-4.640960942135659018e-01
-6.530864388144257404e-01
-1.449935246957783974e+00
-2.657098997651743399e+00
-3.975161948777519605e+00
-5.077081750458953380e+00
-5.689339841927443686e+00
-5.659859664655770395e+00
-4.995821469494804212e+00
-3.861960669489506337e+00
-2.539740516069560528e+00
-1.357507441063604547e+00
-6.089548201064465260e-01
-4.801420153648949807e-01
-1.003209163904018375e+00
-2.048311441880549921e+00
-3.355808343025256768e+00
-4.600738840379841044e+00
-5.473578844311120406e+00
-5.757213407819000039e+00
-5.380978318770198499e+00
-4.438310934233371086e+00
-3.163590030321787872e+00
-1.873894094548114397e+00
-8.901426124769327153e-01
-4.572297436026144801e-01
-6.830292272428990508e-01
-1.511470246323802336e+00
-2.736415189805866621e+00
-4.052916029715278867e+00
-5.133113315677418242e+00
-5.707891426179653394e+00
-5.633951892503131553e+00
-4.929580882374137829e+00
-3.770172823545921315e+00
-2.444594185952242871e+00
-1.283234050984729535e+00
-5.756569667487489994e-01
-4.983827883340286036e-01
-1.070811612214580322e+00
-2.150308554527330163e+00
-3.467704641463079884e+00
-4.694387876481606270e+00
-5.524268066847154657e+00
-5.750172043286820411e+00
-5.315597678796863512e+00
-4.328889175325546290e+00
-3.036266531234967481e+00
-2.718404134654404558e+00
-2.448619276656854638e+00
-2.342434994924121661e+00
-2.426405565510322937e+00
-2.679590486124179716e+00
-3.038764927802322102e+00
-3.414199421710886195e+00
-3.712072607683714054e+00
-3.857919579213663575e+00
-3.815254816443780506e+00
-3.594710327701907016e+00
-3.251397519159090699e+00
-2.871144521443302899e+00
-2.549043643700117379e+00
-2.365669942062222919e+00
-2.366918734083242271e+00
-2.552509035675844196e+00
-2.876035262274889703e+00
-3.256561613925920806e+00
-3.598864513718130098e+00
-3.817261537556576378e+00
-3.857063699299164039e+00
-3.708278709657579775e+00
-3.408129387965730395e+00
-3.031750016729410024e+00
-2.673383890743116442e+00
-2.422786159673070205e+00
-2.342740299803840465e+00
-2.453321413613857249e+00
-2.726852713295656816e+00
-3.094824535153636980e+00
-3.465048174556815574e+00
-3.744750690010806515e+00
-3.863825214893836790e+00
-3.792409017077067457e+00
-3.548380264572307041e+00
-3.192889537538206923e+00
-2.815041173291815912e+00
-2.509560764062277460e+00
-2.353045867707750816e+00
-2.384754977808205112e+00
-2.596754343127106068e+00
-2.935897252747050601e+00
-3.317143485915907686e+00
-3.644881684259951626e+00
-3.836908528812194241e+00
-3.845050236641339936e+00
-3.667252260352753090e+00
-3.348101973306434331e+00
-2.967650353887437031e+00
-2.621334491961542223e+00
-2.396036403079836230e+00
-2.348284364584448447e+00
-2.490066767635376710e+00
-2.785819436773522284e+00
-3.161344237824767145e+00
-3.522422860654358612e+00
-3.778456292677494055e+00
-3.865198546606268160e+00
-3.760879638876308828e+00
-3.491671077154895553e+00
-3.125121242139982769e+00
-2.753207015286174730e+00
-2.469254122985650390e+00
-2.344517774815218392e+00
-2.410300852912146574e+00
-2.650097525551191602e+00
-3.003734322965153414e+00
-3.382469810187049397e+00
-3.691263703287019915e+00
-3.852626902271871767e+00
-3.826067096260656442e+00
-3.618249942773063665e+00
-3.281325906007313442e+00
-2.899842836316020023e+00
-2.569528866245461618e+00
-2.373270278060384708e+00
-2.360312703707654336e+00
-2.533904822939001100e+00
-2.850484812160711812e+00
-3.230613029652694035e+00
-3.578906827767708965e+00
-3.807974662321486292e+00
-3.860343562708372200e+00
-3.722878104878956762e+00
-3.430073612291802299e+00
-3.055398315376158358e+00
-2.692857920150385276e+00
-2.433409010834416630e+00
-2.342139549109566232e+00
-2.441941500226685324e+00
-2.707771053919409532e+00
-3.072935119392704806e+00
-3.445825498413970678e+00
-3.732901414375587645e+00
-3.862154279136514656e+00
-3.801168543946647826e+00
-3.565249006414475286e+00
-3.213577425261400222e+00
-2.834364258593012664e+00
-2.522721433078400466e+00
-2.356807033307437571e+00
-2.378225167665421580e+00
-2.581595925566403160e+00
-2.915909610349865844e+00
-3.297323631154706725e+00
-3.630190996803627446e+00
-3.831045827206200904e+00
-3.849530919267232676e+00
-3.681020460321256405e+00
-3.367774461487703430e+00
-2.988337607562846276e+00
-2.637842639709710113e+00
-2.404158114032299398e+00
-2.345861068095143054e+00
-2.477556253776432627e+00
-2.766220649652068708e+00
-3.139487361764344620e+00
-3.503790043325968551e+00
-3.767817897835592955e+00
-3.865401378364591523e+00
-3.772092828808533138e+00
-3.511287929884111314e+00
-3.148356063394496474e+00
-2.774253095236550948e+00
-9.702880145067140916e-01
-5.033951024361380533e-01
-6.880758881252524439e-01
-1.478018460122046074e+00
-2.675268685028794557e+00
-3.979846656346777145e+00
-5.064914399950427359e+00
-5.658658182514694879e+00
-5.612371724346562729e+00
-4.937688770999790755e+00
-3.803645782138307840e+00
-2.494319655324954699e+00
-1.337659830081309842e+00
-6.233457527976140611e-01
-5.302443470338475962e-01
-1.081632319496121042e+00
-2.139390174871633299e+00
-3.438612726916064233e+00
-4.653960150409044871e+00
-5.481128500990829266e+00
-5.713037649494065562e+00
-5.291662856265609172e+00
-4.322539333189907573e+00
-3.048317454619881239e+00
-1.787998368406911176e+00
-8.570689351525300204e-01
-4.885318074481066475e-01
-7.745967878663457817e-01
-1.643622706763068875e+00
-2.878072442377323625e+00
-4.168977748552650908e+00
-5.193274934539081400e+00
-5.694652904853413133e+00
-5.547681589332539076e+00
-4.789178151577152320e+00
-3.608970453250385013e+00
-2.302378404504900722e+00
-1.196311085707932653e+00
-5.674750497779057490e-01
-5.731575997851701132e-01
-1.211897371965438897e+00
-2.323873448138508380e+00
-3.630906359538662809e+00
-4.806056343327986369e+00
-5.555404206940844247e+00
-5.691558009352306158e+00
-5.180503726793267205e+00
-4.150089374329295921e+00
-2.858029741358151909e+00
-1.627441904969961106e+00
-7.660385535890332775e-01
-4.891880520034379565e-01
-8.660779404697196426e-01
-1.802437046965835954e+00
-3.064127723198703634e+00
-4.335700972780982099e+00
-5.299268365893651023e+00
-5.713969645605257774e+00
-5.476171152524679009e+00
-4.645351879953205199e+00
-3.429214264478101626e+00
-2.131749907797599430e+00
-1.077248234136193528e+00
-5.292452289749332017e-01
-6.246692150748183181e-01
-1.339637830534321061e+00
-2.495446901775965731e+00
-3.803246492701228387e+00
-4.936232792417849069e+00
-5.611311872259349798e+00
-5.659828966339707890e+00
-5.069693636464281283e+00
-3.988381688762864474e+00
-2.686071303548434486e+00
-1.488130382063276080e+00
-6.938265777963636971e-01
-5.015694570873012736e-01
-9.593581595894877800e-01
-1.952807904052760168e+00
-3.233739596448778286e+00
-4.482184575193100429e+00
-5.386311984693364252e+00
-5.720312988296591072e+00
-5.400790178989148593e+00
-4.507572444610250528e+00
-3.263762458133370181e+00
-1.980005773687016912e+00
-9.769043543335400592e-01
-5.049526758314732966e-01
-6.819899346044171473e-01
-1.463784757124422020e+00
-2.655093165167836222e+00
-3.958423505277494758e+00
-5.048327475067732273e+00
-5.652664690825748295e+00
-5.620549657153318890e+00
-4.960017727488729378e+00
-3.836009003619787805e+00
-2.529177443461807506e+00
-1.365812768010062017e+00
-6.363735126691070221e-01
-5.229710434614713854e-01
-1.053907820589545352e+00
-2.096617602502478306e+00
-3.390767570328636182e+00
-4.613256166247214907e+00
-5.458878590257239871e+00
-5.716521640073811028e+00
-5.321866650422989231e+00
-4.373444490549874608e+00
-3.108035576327012439e+00
-1.841556759051856229e+00
-8.901924229425386415e-01
-4.914586668483136300e-01
-7.449061474582920894e-01
-1.587264877130859952e+00
-2.808236643196986293e+00
-4.102993771890685260e+00
-5.148279493816886543e+00
-5.683112594278760810e+00
-5.573948453689771654e+00
-4.848027559921994190e+00
-3.686583251411506890e+00
-2.379601010794323290e+00
-1.253420843306505716e+00
-2.244421909833573370e+00
-2.232021132491879278e+00
-2.437303769461936831e+00
-2.809016220696166410e+00
-3.254338989227092860e+00
-3.662061686913747671e+00
-3.930354310130383499e+00
-3.992200352235432792e+00
-3.832139623623794122e+00
-3.490137372909730473e+00
-3.051610383285454198e+00
-2.626097873048168108e+00
-2.319901971117030559e+00
-2.209530513324262202e+00
-2.322576748408391900e+00
-2.630815024721153694e+00
-3.057241393087082315e+00
-3.495304675976087072e+00
-3.835526916596247560e+00
-3.992863618646719459e+00
-3.927966329848176841e+00
-3.657030808546674727e+00
-3.247764273232149890e+00
-2.802473605930205558e+00
-2.432496421933388664e+00
-2.230363602898730591e+00
-2.246652838791721507e+00
-2.477323993046419481e+00
-2.864709530597990828e+00
-3.311920157985400515e+00
-3.707070065396426806e+00
-3.951267069052166292e+00
-3.983366459666889625e+00
-3.795291708213400117e+00
-3.434080882389563438e+00
-2.990136849434019251e+00
-2.574612461767658900e+00
-2.291584794494847532e+00
-2.211982654388580105e+00
-2.355799273361380397e+00
-2.687053395430647917e+00
-3.122772833011469906e+00
-3.553762337824054374e+00
-3.871961783609383811e+00
-3.997542670782348484e+00
-3.898948796814030615e+00
-3.600848290335258550e+00
-3.177985422977877228e+00
-2.736455603536495751e+00
-2.387089099265699232e+00
-2.217620393084189345e+00
-2.270636669693318677e+00
-2.532856252107540840e+00
-2.938444598601306357e+00
-3.385545008461997796e+00
-3.761872531857925139e+00
-3.972933328610634529e+00
-3.965766992601548857e+00
-3.742236227065249388e+00
-3.358523519906954302e+00
-2.910972524957179619e+00
-2.511852975588182879e+00
-2.261161447322213025e+00
-2.221568844155726197e+00
-2.402801787726957627e+00
-2.759328529216963144e+00
-3.201867555147342337e+00
-3.619781777675814993e+00
-3.908727237028656099e+00
-3.996653394574066098e+00
-3.861701351733453524e+00
-3.537587272807840577e+00
-3.105172740121102670e+00
-2.672338042629381683e+00
-2.347151286743208498e+00
-2.210968081399918184e+00
-2.298110947056452247e+00
-2.587167331724199215e+00
-3.006091405005383521e+00
-3.449846093989267448e+00
-3.806646494319594787e+00
-3.986583742116641016e+00
-3.945031159420638645e+00
-3.694097306557661220e+00
-3.298514641405070336e+00
-2.857577620444979871e+00
-2.478845911157358195e+00
-2.251143681706555100e+00
-2.223962992760725843e+00
-2.397998678532295536e+00
-2.728136916591385575e+00
-3.136897554332254590e+00
-3.533995178461097009e+00
-3.836800079977539468e+00
-3.987022525291163966e+00
-3.960508276046371900e+00
-3.769034889721361026e+00
-3.454871476299393951e+00
-3.080207208600840296e+00
-2.714187798233662630e+00
-2.420254256267878823e+00
-2.245927733056651832e+00
-2.216363246747771854e+00
-2.332129490591850374e+00
-2.570925940876978011e+00
-2.892390282480957975e+00
-3.245005410039000893e+00
-3.574097680087108486e+00
-3.829842589840205314e+00
-3.974269431488857585e+00
-3.986426190564050120e+00
-3.865106852400584714e+00
-3.628836862440642630e+00
-3.313136814026862886e+00
-2.965413083848845943e+00
-2.638126219057336463e+00
-2.381129581617992930e+00
-2.234218471134216344e+00
-2.220954928257539152e+00
-2.344717372708762682e+00
-2.587664972729903923e+00
-2.912922615062703446e+00
-3.269824590857787427e+00
-3.601565507855553072e+00
-5.261548987136034583e+00
