-2.162886154426260088e-01
1.507864093651118953e-01
5.600422814226657664e-02
-4.597942461915082712e-01
-1.165508662194008060e+00
-1.742568448758472055e+00
-1.928662602641246115e+00
-1.637611083190495087e+00
-1.000325175185696747e+00
-3.069465903863715095e-01
1.247505283809000609e-01
9.524634915401897217e-02
-3.836274404243005254e-01
-1.092209175634195395e+00
-1.702928358582143975e+00
-1.931576348790015274e+00
-1.670156701854628611e+00
-1.038954502572589700e+00
-3.322558016832514172e-01
1.183116864009179370e-01
9.962254563358186044e-02
-3.812488674879948025e-01
-1.098406187152060953e+00
-1.712394327685564210e+00
-1.930716225987893830e+00
-1.647784982533792020e+00
-9.970688408273754577e-01
-2.891919226796667575e-01
1.358332700464135456e-01
7.220136251658515469e-02
-4.511008997594856407e-01
-1.182313036470536316e+00
-1.767223447282056714e+00
-1.920689287172589799e+00
-1.566337635949722973e+00
-8.756751187693085914e-01
-1.860818187597822471e-01
1.636067641677405593e-01
-9.117086532395290988e-07
-5.978765974872257694e-01
-1.335624629594355683e+00
-1.847782715724187508e+00
-1.878974543770862482e+00
-1.412068799649377926e+00
-6.786291005404139209e-01
-4.493696546216774390e-02
1.707549486413471040e-01
-1.413476155038657645e-01
-8.256354708522286590e-01
-1.537676123301637165e+00
-1.917153711099709668e+00
-1.770553190968969126e+00
-1.170787628543257686e+00
-4.220089633904153259e-01
9.399880353442602310e-02
1.125923462860284330e-01
-3.772175150081295003e-01
-1.125330091447949821e+00
-1.747472440640524649e+00
-1.922471098454088478e+00
-1.558658815288900490e+00
-8.428830541620805361e-01
-1.454263385644082307e-01
1.712430129776105758e-01
-5.873850029183969035e-02
-7.168519315151724580e-01
-1.460347337069988871e+00
-1.900294363374977813e+00
-1.805269708852925259e+00
-1.223874118641019804e+00
-4.608054332270183351e-01
8.226280151954579178e-02
1.181894438617102638e-01
-3.731647682404278799e-01
-1.132816768639061555e+00
-1.758536373341329506e+00
-1.917757327776312026e+00
-1.524841847621660973e+00
-7.879281509908635517e-01
-9.932643316637967956e-02
1.731631460308946657e-01
-1.169234478077881834e-01
-8.152956799277182309e-01
-1.548335208262795692e+00
-1.922734590885757155e+00
-1.736779395602834786e+00
-1.089609892455574602e+00
-3.289526359741911099e-01
1.354406919935067233e-01
5.267661023935843456e-02
-5.332633883494650728e-01
-1.306385070640505575e+00
-1.848827084588513969e+00
-1.866795525823799373e+00
-1.350041405701702724e+00
-5.780924585527066339e-01
3.072561330014889069e-02
1.460291431553568664e-01
-2.950871214273079746e-01
-1.053452556850508204e+00
-2.148768600047608057e+00
-2.464944831941138226e+00
-1.919612451180289892e+00
-8.089422056129631500e-01
2.635054633681082059e-01
7.148754242483881249e-01
2.999259609164290907e-01
-7.557128526876185637e-01
-1.878385525770014608e+00
-2.458365555545773518e+00
-2.181078971188714632e+00
-1.197530954921588231e+00
-4.165642513321843321e-02
6.599300419628508774e-01
5.277097051972883257e-01
-3.658241777680127926e-01
-1.536611101929500123e+00
-2.351897708350992655e+00
-2.372362362851913709e+00
-1.588313381263129376e+00
-4.231766827269546338e-01
4.961327958329575516e-01
6.768430711972217573e-01
2.384042457323265474e-02
-1.111611567242665854e+00
-2.122164780536756723e+00
-2.469834300620795453e+00
-1.971782464266102819e+00
-8.948486783582529913e-01
1.891936927457136264e-01
7.081751065368653286e-01
3.910344274970105616e-01
-5.924483854001114658e-01
-1.724786815875003487e+00
-2.414563840484627022e+00
-2.305132091843648645e+00
-1.457080535461191317e+00
-3.120672305165056448e-01
5.393232430356009743e-01
6.625106306025714265e-01
-1.092973443816758206e-03
-1.109532197636249773e+00
-2.099386205596713850e+00
-2.473223807792544804e+00
-2.048123417492277998e+00
-1.041735057270309461e+00
4.276460522067704328e-02
6.703188570549509784e-01
5.372741111361358790e-01
-2.850082444852933827e-01
-1.392471231386428254e+00
-2.250157897230165016e+00
-2.451119984195337054e+00
-1.906808235100892146e+00
-8.811464796613807104e-01
1.418634290192348768e-01
6.886498205240318971e-01
5.138889194855433828e-01
-2.939298581841444102e-01
-1.362356452525214312e+00
-2.210644984305481842e+00
-2.466671589964703593e+00
-2.026926041247952615e+00
-1.092326405206556217e+00
-7.099602880192468213e-02
6.029196541731238757e-01
6.527960421543823610e-01
6.841745569778012737e-02
-9.003400152865979056e-01
-1.855334006976330219e+00
-2.415709743216154948e+00
-2.367778962541627674e+00
-1.741325473868141405e+00
-7.876303456773565692e-01
1.257367091507972656e-01
6.579422967317603010e-01
6.198478962149178706e-01
3.626369560988362828e-02
-8.726421514458276851e-01
-1.778418264763578005e+00
-2.364355885619444209e+00
-2.434440794617714232e+00
-1.974721899463231178e+00
-1.149775274778096712e+00
-2.400575509381431827e-01
4.551049977247572098e-01
7.150848051369613767e-01
4.649245202037810554e-01
-2.073093773395121575e-01
-1.084865374075242528e+00
-1.894349891797942664e+00
-2.391116711476436674e+00
-2.431507723518121722e+00
-2.011360100032127729e+00
-1.261628566400653462e+00
-4.050776924875523211e-01
3.111377793289709093e-01
6.864305581721843463e-01
6.211858043932800832e-01
1.405321227374287663e-01
-7.233513507806131893e-01
-1.214323318421255182e+00
-1.613015242961897577e+00
-1.815002997059034673e+00
-1.770201496772524141e+00
-1.493959209376152231e+00
-1.060811498087246285e+00
-5.834345868793653356e-01
-1.829107083058256755e-01
4.180353548491388960e-02
3.761246075177138160e-02
-1.912363936591250368e-01
-5.860716767900480129e-01
-1.049676724406516382e+00
-1.470686574854775719e+00
-1.750318705063944158e+00
-1.825072557331725465e+00
-1.680338726682511163e+00
-1.352238111578163426e+00
-9.178427037965674051e-01
-4.765412114296255219e-01
-1.271370389652058952e-01
5.404342186983468466e-02
2.926742078915345324e-02
-1.935085072977584808e-01
-5.636846231695172849e-01
-1.000092898648757833e+00
-1.409127892763727852e+00
-1.704840573108620916e+00
-1.826705339113658066e+00
-1.751475394209700553e+00
-1.496942495651227611e+00
-1.117181619022428629e+00
-6.906077444577078950e-01
-3.035508575252778840e-01
-3.281518209419609367e-02
6.928093722185835190e-02
-1.545345828630217966e-02
-2.684218173511083716e-01
-6.387922347630130560e-01
-1.054095454617680838e+00
-1.434603968513291194e+00
-1.708617798265939847e+00
-1.825746364707363512e+00
-1.765785103496203545e+00
-1.541712919752754596e+00
-1.196486404125577607e+00
-7.944555130856650882e-01
-4.091646104816800134e-01
-1.098752911741259775e-01
5.072792533974157525e-02
4.550738892448047412e-02
-1.229424752339731697e-01
-4.234512655106382750e-01
-8.023716770731190717e-01
-1.193384812189572486e+00
-1.529190922127951602e+00
-1.753020668581712904e+00
-1.828020408778722627e+00
-1.743005929418110167e+00
-1.513750833658814798e+00
-1.179753902516121000e+00
-7.971796438842916332e-01
-4.292661229843635073e-01
-1.358541030954052431e-01
3.623405076079400100e-02
6.044509223473526482e-02
-6.570361682177172646e-02
-3.207578163806902305e-01
-6.632390813379791528e-01
-1.038592655955123290e+00
-1.387982214848209273e+00
-1.657504200610594669e+00
-1.806386594057983519e+00
-1.812949778318701188e+00
-1.677496695950785988e+00
-1.421797576233606364e+00
-1.085360445601156743e+00
-7.191521601461345892e-01
-3.777879224624357546e-01
-1.113939547846720668e-01
4.165086161213304994e-02
6.006379743992529274e-02
-5.761583628795807765e-02
-2.932309192030423395e-01
-6.120157890508661769e-01
-9.678901775080706038e-01
-1.310213479352651866e+00
-1.591000765133419037e+00
-1.771575430500040182e+00
-1.827750969934320180e+00
-1.752872610031562584e+00
-1.558369595982296296e+00
-1.271822846278875652e+00
-9.328905314934430315e-01
-5.877108699908428768e-01
-2.825827578527424500e-01
-5.779113806557589772e-02
5.760793161545418872e-02
4.938506161685618512e-02
-5.088428586691307043e-02
-2.926933710586587800e-01
-6.096476341079358763e-01
-9.603529481017365477e-01
-1.299704622922532415e+00
-1.584697939464112970e+00
-1.779821195365773878e+00
-1.861365477054530704e+00
-1.820146118753996678e+00
-1.662347680753161416e+00
-1.408447580976250224e+00
-1.090411880207526441e+00
-7.475610895550033330e-01
-4.216509110917803227e-01
-1.517874537864628559e-01
3.020681423346760486e-02
1.034371314610870174e-01
6.018925082479298361e-02
-9.343070847937351431e-02
-3.384931019419529230e-01
-6.457098188654065707e-01
-9.790347784408321985e-01
-1.299948389448796870e+00
-1.571912896923510550e+00
-1.764485311035223880e+00
-1.856632795779763700e+00
-1.838902542046206623e+00
-1.714239792228179571e+00
-1.497406260758107788e+00
-1.213108207321528687e+00
-8.930815474854235658e-01
-5.724863384959926194e-01
-2.860248881068421234e-01
-6.421197240280929197e-02
6.980698541607988084e-02
1.025676131810421277e-01
3.151084377942503512e-02
-1.349742901019406194e-01
-3.786555147038873637e-01
-6.735573457431187627e-01
-9.888062288126656663e-01
-1.291903336257096635e+00
-1.552075827917615225e+00
-1.743362784170678914e+00
-1.847132162139357714e+00
-1.853794205631838388e+00
-1.763566344015782050e+00
-1.586244733746761337e+00
-1.340037722122318753e+00
-1.049606723904730421e+00
-7.435319095393381206e-01
-4.514675885313029213e-01
-2.012718421199882757e-01
-1.638631682982749638e-02
8.629260194131194162e-02
9.786612282118700712e-02
1.809487478680926742e-02
-1.447651693823114316e-01
-3.749096996077726507e-01
-6.506022109598126324e-01
-9.462883976762057614e-01
-1.234999113959009076e+00
-1.490814321896791750e+00
-1.691164010978045473e+00
-1.818765666963729100e+00
-1.863038332149350884e+00
-1.820886141906093991e+00
-1.696804104978765437e+00
-1.502320161996160586e+00
-1.254844757896563134e+00
-9.760475220020253806e-01
-6.899164351726300159e-01
-4.206756538731156736e-01
-1.907429653531600433e-01
-1.889710127289490060e-02
8.119942960236958829e-02
1.020119183134663432e-01
4.261242491363548268e-02
-9.139432915700296256e-02
-2.884725973902674268e-01
-5.322174810483699670e-01
-8.027754451074421427e-01
-1.078497400116553262e+00
-1.337685045101757009e+00
-1.560289642778601271e+00
-1.729432064429234917e+00
-1.832632426978330065e+00
-1.862664886784254126e+00
-1.817985608352435722e+00
-1.702716795361132185e+00
-1.526204143307977823e+00
-1.302196537322019232e+00
-1.047723054387059483e+00
-7.817616486743955706e-01
-5.238052395388921312e-01
-2.924338849294109144e-01
-1.039965576503605327e-01
2.850641713795942778e-02
9.626763894983980663e-02
9.519373611699188942e-02
5.766829849454695456e-01
3.649732290322045269e-01
6.833980994050681268e-02
-2.920344852566050253e-01
-6.910038442842318940e-01
-1.101259505367014890e+00
-1.495219154128679229e+00
-1.846874992281332117e+00
-2.133478494478356247e+00
-2.336956290308361606e+00
-2.444974227332623151e+00
-2.451593614501641483e+00
-2.357492871302536486e+00
-2.169757255534865870e+00
-1.901267070383371394e+00
-1.569739057923007719e+00
-1.196495204414831370e+00
-8.050469456541197166e-01
-4.195902350026789462e-01
-6.350802618292694657e-02
2.420282576137346986e-01
4.792770709589475597e-01
6.348985117964116576e-01
7.006311535077298647e-01
6.736455846136200076e-01
5.565669061811171492e-01
3.571783829959174206e-01
8.783657577416414952e-02
-2.353563664515663234e-01
-5.935657352426033651e-01
-9.663572425717331660e-01
-1.332880924970854863e+00
-1.673037433934169149e+00
-1.968562520122672188e+00
-2.203973232178530584e+00
-2.367329784098624934e+00
-2.450779441376274015e+00
-2.450862321204001937e+00
-2.368572874658541494e+00
-2.209184237419058228e+00
-1.981854898963637979e+00
-1.699047660109032298e+00
-1.375799173562347155e+00
-1.028884190869973958e+00
-6.759218260264610034e-01
-3.344716962206666366e-01
-2.116585768804546408e-02
2.490817164852929810e-01
4.637524086574109639e-01
6.132587467992018926e-01
6.913189197714231238e-01
6.951591407573685100e-01
6.255418984976326424e-01
4.866266129030953902e-01
2.856768629530379577e-01
3.263486408299065555e-02
-2.604109972904709025e-01
-5.798361648481473729e-01
-9.111360396162788700e-01
-1.239596404209559077e+00
-1.550947388405029770e+00
-1.831972634205713213e+00
-2.071048868580916746e+00
-2.258595536911044199e+00
-2.387419225654889843e+00
-2.452943036149291878e+00
-2.453316594797667172e+00
-2.389407746971748736e+00
-2.264681958276247631e+00
-2.084979847621612592e+00
-1.858206952288721459e+00
-1.593952669831781854e+00
-1.303057273705541252e+00
-9.971469407418609432e-01
-6.881568812745156860e-01
-3.878619850210615061e-01
-1.074329763000820837e-01
1.429659767612774246e-01
3.545248031987939807e-01
5.200697336564121809e-01
6.342728080171806671e-01
6.937845294985101052e-01
6.972886573839764957e-01
6.454811059809877349e-01
5.409776171610967133e-01
3.881572150674612587e-01
1.929503722153902423e-01
-3.741772434672840930e-02
-2.947174394250038354e-01
-5.700266228021028114e-01
-8.540523066197036606e-01
-1.137450655373731578e+00
-1.411134427907998923e+00
-1.666558304745966890e+00
-1.895973786747521483e+00
-2.092646914294614913e+00
-2.251033720854154652e+00
-2.366910053322592855e+00
-2.437454100420851866e+00
-2.324533644115447384e+00
