-1.243296154226480599e-01
9.237354260508934267e-02
2.972162899950333004e-01
4.846696747085809664e-01
6.496741045133458403e-01
7.877759114607580937e-01
8.952475617387314344e-01
9.691882662909405699e-01
1.007602276601127667e+00
1.009452752345084914e+00
9.746897469576185635e-01
9.042515557503960633e-01
8.000393901933513519e-01
6.648660619312491971e-01
5.023800616154894261e-01
3.169670817547751152e-01
1.136316416012960739e-01
-1.021379908409226489e-01
-3.245179337681053933e-01
-5.475058851487764056e-01
-7.650831320722801809e-01
-9.713770030466588601e-01
-1.160819378463050722e+00
-1.328296980838595376e+00
-1.469289388323493206e+00
-1.579991046321724824e+00
-1.657413983985091654e+00
-1.699468463138906094e+00
-1.705019382827862584e+00
-1.673916917055574105e+00
-1.607000558768353571e+00
-1.506076460931254024e+00
-1.373868686287967655e+00
-1.213945681632180085e+00
-1.030623961138188660e+00
-8.288515984535127501e-01
-6.140746722419767600e-01
-3.920902699726365737e-01
-1.688900175590477837e-01
4.950164182800165236e-02
2.571900547249773017e-01
4.485694611598419201e-01
6.184743008536164321e-01
7.623186379029636139e-01
8.762199407039894528e-01
9.571038761482679735e-01
1.002787289569780915e+00
1.012037130714194877e+00
9.846037352477532423e-01
9.212275634978177585e-01
8.236192145383616214e-01
6.944132550642792001e-01
5.370971092686951387e-01
3.559169290709932043e-01
1.557629853712798051e-01
-5.796232624088837326e-02
-2.794903026388635414e-01
-5.028416373921302807e-01
-7.219878094359012399e-01
-9.310138001028789301e-01
-1.124277746588807414e+00
-1.296563222612914457e+00
-1.443220036035018916e+00
-1.560289743132428519e+00
-1.644612491755324646e+00
-1.693912309535442251e+00
-1.706858535116734465e+00
-1.683101734305255670e+00
-1.623283131718185501e+00
-1.529017303360456825e+00
-1.402848597277142728e+00
-1.248182458540600503e+00
-1.069193512193531204e+00
-8.707128850998522296e-01
-6.580978080220567517e-01
-4.370870175218571352e-01
-2.136458605605625616e-01
6.194717387652426410e-03
2.165009548052246324e-01
4.115964334888418397e-01
5.862152919016239139e-01
7.356443571072466270e-01
8.558503589742478823e-01
9.435887929861452861e-01
9.964914933192778879e-01
1.013130552485676850e+00
9.930568622729647466e-01
9.368122357149841761e-01
8.459147829065787327e-01
7.228179353868782187e-01
5.708442250722554068e-01
3.940956051251404690e-01
1.973427333063224043e-01
-1.410379381388332520e-02
-2.345367802420925962e-01
-4.580064746436072198e-01
-6.784811612844225959e-01
-8.900099632909679315e-01
-1.086883463971760611e+00
-1.263787810838456815e+00
-1.415948142873484139e+00
-1.539257469769790498e+00
-1.630387524537163513e+00
-1.686878597429940285e+00
-1.707205926470393598e+00
-1.690820852607764158e+00
-1.638165628685707587e+00
-1.550661482506317856e+00
-1.430670256182960731e+00
-1.281430657181967581e+00
-1.106970841714141507e+00
-9.119996899555029568e-01
-7.017797077097395197e-01
-4.819849850493785892e-01
-2.585480458026223061e-01
-3.749972160246833885e-02
1.751936275100922091e-01
3.737911523170220351e-01
5.529324668459869585e-01
7.077823316326554703e-01
8.341611626473361962e-01
9.286578432931336113e-01
9.887217945441606481e-01
1.012731818140057971e+00
1.000039854676238349e+00
9.509884755063930939e-01
8.669016363297743499e-01
7.500489420350540115e-01
6.035843873355839495e-01
4.314612266599840429e-01
2.383252710620180070e-01
2.938949219450748274e-02
-1.897066820632173911e-01
-4.130495825442296876e-01
-6.346109158348790524e-01
-8.484104751620158424e-01
-1.048677553363901893e+00
-1.230006701214726439e+00
-1.387503626998336292e+00
-1.516917299326104418e+00
-1.614754687585251203e+00
-1.678375043034807224e+00
-1.706061175789154838e+00
-1.697065803837663589e+00
-1.651631723084619807e+00
-1.570985253995855979e+00
-1.457303141734943797e+00
-1.313653803194100300e+00
-1.143914506733014091e+00
-9.526667200441447658e-01
-7.450724508312751571e-01
-5.267349180152141042e-01
-3.035473141182760681e-01
-8.153374091257231671e-02
1.333133883296984123e-01
3.351950912752697520e-01
5.186623380352159973e-01
6.787631270331313527e-01
8.111761454815713535e-01
9.123274068097764200e-01
9.794867168583099026e-01
1.010841365101971867e+00
1.005545051886345354e+00
9.637407310729821930e-01
8.865567515428107725e-01
7.760764017031955841e-01
6.352816790290558568e-01
6.116263855946448835e-01
3.889522433870856166e-01
1.464126748251041721e-01
-1.094458855256282281e-01
-3.717175074973500526e-01
-6.333231646786070534e-01
-8.872018058483595038e-01
-1.126500941238031128e+00
-1.344761599469309399e+00
-1.536092662957351251e+00
-1.695329876257436696e+00
-1.818175235528506795e+00
-1.901312996824384038e+00
-1.942499172009496844e+00
-1.940622096696631438e+00
-1.895732435405327543e+00
-1.809041814065582843e+00
-1.682890116777227441e+00
-1.520682329524790211e+00
-1.326796635511900968e+00
-1.106466242732622396e+00
-8.656381333957372526e-01
-6.108125477247045021e-01
-3.488675346587030157e-01
-8.687330504214418880e-02
1.680986018667092741e-01
4.091661877425281646e-01
6.298227486021459320e-01
8.241124985681289594e-01
9.867913236904444219e-01
1.113468326887014026e+00
1.200724343535254812e+00
1.246204228836177430e+00
1.248680426004127098e+00
1.208086099500359056e+00
1.125516939004582717e+00
1.003201585433145526e+00
8.444414772411352743e-01
6.535217406291333742e-01
4.355955288349147581e-01
1.965449323318731456e-01
-5.717778586504213001e-02
-3.187243445357546556e-01
-5.810352875991077193e-01
-8.370305273200848717e-01
-1.079800444390400127e+00
-1.302792386861179486e+00
-1.499987534097430686e+00
-1.666063351983596341e+00
-1.796537254518619564e+00
-1.887887594201687280e+00
-1.937648715532405808e+00
-1.944477506017265211e+00
-1.908189648390688165e+00
-1.829764595559633333e+00
-1.711319133992026842e+00
-1.556050249104942607e+00
-1.368148834784376433e+00
-1.152686576120473649e+00
-9.154790585291803229e-01
-6.629287981096474436e-01
-4.018524300368585545e-01
-1.392967193824354299e-01
1.176516395470338927e-01
3.620573016098938557e-01
5.873234641332214512e-01
7.873699225484731556e-01
9.567971824231651379e-01
1.091032198307468670e+00
1.186451805729222375e+00
1.240480514759197295e+00
1.251660025580872304e+00
1.219688589755821617e+00
1.145429154776864911e+00
1.030886072077688009e+00
8.791509971777919930e-01
6.943194421828611240e-01
4.813802329888830500e-01
2.460808548731075462e-01
-5.227679043962485395e-03
-2.657622492786205770e-01
-5.284907145342774282e-01
-7.863217176499627259e-01
-1.032296089856213905e+00
-1.259774687107246383e+00
-1.462617588561160975e+00
-1.635349820425640921e+00
-1.773309132083218165e+00
-1.872771835841016363e+00
-1.931053313738599675e+00
-1.946580478614521548e+00
-1.918934233620160024e+00
-1.848860784147550840e+00
-1.738251496848668642e+00
-1.590091849375480093e+00
-1.408380848748613801e+00
-1.198023093349758206e+00
-9.646963919144992960e-01
-7.146985126479330486e-01
-4.547771988889438011e-01
-1.919480394045127158e-01
6.669489078612200750e-02
3.141705080255048910e-01
5.437991478594625949e-01
7.493828572117406939e-01
9.253726845894996167e-01
1.067018452955704966e+00
1.170496972718610085e+00
1.233015234215513622e+00
1.252885794401647823e+00
1.229572322966815623e+00
1.163704078535301445e+00
1.057058924219024920e+00
9.125153409545851968e-01
7.339747338419457812e-01
5.262561285300342284e-01
2.949660999204897771e-01
4.634744397008966343e-02
-2.128893228778432067e-01
-4.757470886005129573e-01
-7.351310060618949649e-01
-9.840399914671928983e-01
-1.215755692032089996e+00
-1.424023822401877748e+00
-1.603222975332920353e+00
-1.748516350232869110e+00
-1.855982304224024659e+00
-1.922720201999710055e+00
-1.946928707458633889e+00
-1.927954403932087502e+00
-1.866309430685442416e+00
-1.763657659663608879e+00
-1.622769785586760882e+00
-1.447448541568539859e+00
-1.242426058777255538e+00
-1.013236140526102780e+00
-7.660648982683010422e-01
-5.075837810113570381e-01
-2.447695048870509871e-01
1.528425680512968121e-02
2.655583403692429179e-01
4.992975473803587527e-01
7.101929756118856574e-01
8.925523038920644137e-01
1.041453434696321567e+00
1.152877347477426540e+00
1.223816576862217120e+00
1.252356387757938450e+00
1.237726456354522719e+00
1.180321662090409118e+00
1.081691429381727909e+00
9.444979067943937157e-01
7.724441124535490477e-01
5.701739851322147334e-01
3.431470387602048588e-01
9.749100357917522830e-02
-1.601635686641640910e-01
-4.228622712817228235e-01
-6.835145504418832507e-01
-9.350850877426770680e-01
-1.170783691914026647e+00
-1.384248574244194119e+00
-1.569718060905988866e+00
-1.722186107460689675e+00
-1.837537418016413016e+00
-1.912658522012053108e+00
-1.990702737278399193e+00
-1.980130583029491964e+00
-1.925479461254177904e+00
-1.828224471437310372e+00
-1.690990642685681111e+00
-1.517482081036281460e+00
-1.312381991180836982e+00
-1.081226271140537598e+00
-8.302540917224061623e-01
-5.662394937978504350e-01
-2.963085487948953767e-01
-2.774701746254248924e-02
2.321963015715803880e-01
4.765052255917044399e-01
6.985855630009807360e-01
8.924430984810958201e-01
1.052845384070645762e+00
1.175462969226652943e+00
1.256986257900190251e+00
1.295214838512865230e+00
1.289116875710953458e+00
1.238856960842182886e+00
1.145791669437367766e+00
1.012432945605785672e+00
8.423803016435338353e-01
6.402236628688380282e-01
4.114194800192473855e-01
1.621434530857195910e-01
-1.008761582552494263e-01
-3.705401384597843961e-01
-6.395699324797815555e-01
-9.007041027146720502e-01
-1.146894323942983407e+00
-1.371495626094327180e+00
-1.568445749980964088e+00
-1.732428774962128104e+00
-1.859018602033466250e+00
-1.944798419560848091e+00
-1.987452927134413683e+00
-1.985830828310377383e+00
-1.939975905486279739e+00
-1.851125838161445047e+00
-1.721678796479187978e+00
-1.555128711731282420e+00
-1.355970970951599242e+00
-1.129581081015105681e+00
-8.820695772443367666e-01
-6.201170927140972067e-01
-3.507940399325783498e-01
-8.136977190689009820e-02
1.808836264347808975e-01
4.288876205586215629e-01
6.559482844830708537e-01
8.559369778892211844e-01
1.023455765491601666e+00
1.153983113801641203e+00
1.243995932752777867e+00
1.291064668137312355e+00
1.293918878195532862e+00
1.252481524366292565e+00
1.167871050650400200e+00
1.042371195462320932e+00
8.793693507845925517e-01
6.832651323854117553e-01
4.593516288994782815e-01
2.136725350015249991e-01
-4.714097517921644886e-02
-3.160492314216473697e-01
-5.857940765759884760e-01
-8.490947729518578679e-01
-1.098844518182402252e+00
-1.328302266364691953e+00
-1.531274676993629402e+00
-1.702283280668534182e+00
-1.836712349569132874e+00
-1.930933481499052196e+00
-1.982403534823532265e+00
-1.989733270919866293e+00
-1.952724851398125017e+00
-1.872377177997175624e+00
-1.750858931025716325e+00
-1.591450034073340847e+00
-1.398453124929311064e+00
-1.177077422215483837e+00
-9.332981223125800252e-01
-6.736951216256839015e-01
-4.052754172692555890e-01
-1.352839797902755659e-01
1.289917972975717642e-01
3.804187930265910400e-01
6.122106904863737764e-01
8.181111476764053592e-01
9.925626636988726936e-01
1.130856582389768716e+00
1.229260184610064144e+00
1.285117438823223157e+00
1.296920690579723923e+00
1.264351355923372111e+00
1.188288520355307520e+00
1.070785211259398517e+00
9.150129842247118894e-01
7.251763189469981885e-01
5.063991352665375700e-01
2.645864924110668537e-01
6.265204347473907198e-03
-2.615923267745776104e-01
-5.317563041395936274e-01
-7.969346771749175051e-01
-1.049969962763042997e+00
-1.284032434316523030e+00
-1.492804464310159673e+00
-1.670651044643599814e+00
-1.812771882285129310e+00
-1.915330964952066006e+00
-1.975560099694385396e+00
-1.991833629750694445e+00
-1.963712312978784125e+00
-1.891955177529148768e+00
-1.778499034762619280e+00
-1.626406202383062327e+00
-1.439781848800686603e+00
-1.223663189700855192e+00
-9.838835275364916644e-01
-7.269148036813142255e-01
-4.596929129508308121e-01
-1.894304954621254811e-01
7.657774119489685338e-02
3.311519148857953732e-01
5.674207625829923440e-01
7.790071040164185945e-01
9.601999694362071125e-01
1.106108745552907502e+00
1.212795179070062401e+00
1.277379674875797955e+00
1.298119019777092875e+00
1.274453433919722878e+00
1.207021679919587420e+00
1.097643821891701954e+00
9.492720997314487708e-01
7.659112446101907778e-01
5.525103864661515818e-01
3.148294710367237070e-01
5.928379199790256848e-02
-2.072291655253299114e-01
-4.775158963756104269e-01
-7.442810367160340723e-01
-1.000324274671797298e+00
-1.238734695404524411e+00
-1.453077315012985649e+00
-1.637566768485564594e+00
-1.787223463657599209e+00
-1.898007986391189394e+00
-1.966930129219285117e+00
-1.992129600640479614e+00
-1.972926236623284924e+00
-1.909838359051121870e+00
-1.804568785591474489e+00
-1.659958868599744175e+00
-1.479911803602961706e+00
-1.269287277359560706e+00
-1.033770299070983389e+00
-7.797177551479672619e-01
-5.139868292035557618e-01
-2.437499184225498383e-01
2.369895806178456965e-02
2.811410335139589711e-01
3.430290155241033090e-01
