3.138694479156854733e+00
4.289413836568958693e+00
3.820269743973985221e+00
1.954972116661849224e+00
-4.098469407421267974e-01
-2.135064955025733013e+00
-2.387428957816451813e+00
-1.042231872699635353e+00
1.254324873584689914e+00
3.394656531881128814e+00
4.343514878502825916e+00
3.639050634025885245e+00
1.618588623077538147e+00
-7.417576848306179915e-01
-2.298019368398370510e+00
-2.293009520975921589e+00
-7.256403709502670107e-01
1.645728720393347722e+00
3.669518038607407995e+00
4.360216849184241461e+00
3.378982111238738817e+00
1.200691725239301233e+00
-1.115415914665913499e+00
-2.440962412962977446e+00
-2.128680489464563230e+00
-3.288706178228113508e-01
2.083056138396351287e+00
3.933004502032273919e+00
4.320386157386395531e+00
3.056565610110242304e+00
7.557613725335852184e-01
-1.465081721521998448e+00
-2.529872422910686147e+00
-1.924815090639671267e+00
5.544187505361530821e-02
2.454303752985647513e+00
4.118098656129896895e+00
4.251618700970878351e+00
2.795858628597903461e+00
4.494007181040509114e-01
-1.671245213890602654e+00
-2.564806001728663354e+00
-1.816057180465320053e+00
2.163715523171705346e-01
2.577560548102828086e+00
4.168622428355564402e+00
4.257646050578858699e+00
2.811809684849841950e+00
5.021765387860996910e-01
-1.613136871770587843e+00
-2.575371803416518723e+00
-1.956770381536018677e+00
-4.456465009849253089e-02
2.298714072649328699e+00
4.028073403761793791e+00
4.381537983653962520e+00
3.211351169326243316e+00
1.039222249614024651e+00
-1.181441193622737140e+00
-2.485844069990861271e+00
-2.314792922397629127e+00
-7.494055472079321767e-01
1.532455413892034768e+00
3.553131726205976726e+00
4.454166944107167403e+00
3.858085839465684508e+00
2.022145095948210347e+00
-2.763593722988892942e-01
-2.070680560512458968e+00
-2.610183961415820875e+00
-1.671666016387812759e+00
3.510888011784528695e-01
2.613994925528100310e+00
4.174564286998495355e+00
4.382902139915826112e+00
3.150854172121902330e+00
9.889905379474400737e-01
-1.203769453752477903e+00
-2.511983466479344784e+00
-2.384641662002087159e+00
-8.680466280822602965e-01
1.407505902317511604e+00
3.485388421816017157e+00
4.481683641602133505e+00
3.961493099200271928e+00
2.133322640285181926e+00
-2.263580440199211008e-01
-2.095350184491579171e+00
-2.645417771276791008e+00
-1.613307555637967683e+00
5.631449732489288706e-01
2.916640835104606033e+00
4.370383137292048303e+00
4.230722924660179629e+00
2.529832302666689348e+00
4.653470469473774962e-02
-2.030279174639993300e+00
-2.663014977112662329e+00
-1.494901612975254812e+00
9.242008961906102993e-01
3.365231461361477550e+00
4.528902150708768559e+00
3.747109667646291165e+00
1.396815901951466543e+00
-1.241373088339242203e+00
-2.660128515156612750e+00
-1.996061941146693330e+00
4.110319265040714987e-01
3.148100700297185917e+00
4.537942964977913718e+00
3.679476477727438244e+00
1.067414679424740553e+00
-1.654175473857084855e+00
-2.714222131856214304e+00
-1.385103617052447555e+00
1.485967019889686380e+00
3.992659879714401505e+00
4.436061061149624507e+00
2.495723428071319638e+00
-5.206609140874287611e-01
-2.555764881992185877e+00
-2.217332738309294449e+00
2.601960105798570844e-01
3.185070740273066470e+00
4.582211428919892526e+00
3.536827120183224871e+00
7.762813668299770598e-01
-1.873397731237630870e+00
-2.726865147082601304e+00
-1.305019906392954843e+00
1.450468017510325058e+00
3.863621491018085941e+00
4.579074431920798993e+00
3.297954197232292550e+00
8.118144392673375398e-01
-1.563636042745230492e+00
-2.728803256798292942e+00
-2.283976444497480607e+00
-5.690031176183505401e-01
1.637577054912125352e+00
3.519794094556996988e+00
4.522797289076844862e+00
4.465849403635312242e+00
3.495569113898115532e+00
1.956227225214570931e+00
2.511350582664726439e-01
-1.260545717233690466e+00
-2.318858637398409250e+00
-2.777986269822104504e+00
-2.597195157204313709e+00
-1.823285234395758403e+00
-5.752770430141633806e-01
9.637651556909717643e-01
2.548001950979710273e+00
3.871331284652938187e+00
4.598505331115545935e+00
4.442291691065666903e+00
3.286127330440910654e+00
1.319280425970020154e+00
-8.918940278265701238e-01
-2.498179975955973298e+00
-2.688841251285293943e+00
-1.165707199673523542e+00
1.492186574318816739e+00
3.917187296641164274e+00
4.632446632194479719e+00
3.032274023095834714e+00
5.148802618674119813e-04
-2.448465200293943766e+00
-2.499274514650795531e+00
1.906616438231700794e-02
3.272977335283915323e+00
4.688288289480282423e+00
3.031638622514291725e+00
-4.084298957706815614e-01
-2.736409427451315324e+00
-1.894529751386950123e+00
1.442413375321764279e+00
4.333122745235288065e+00
4.155686980382498064e+00
1.032512795768680158e+00
-2.200201297080915275e+00
-2.563202485094571159e+00
2.945275562722745599e-01
3.738231030290747547e+00
4.582132252787765481e+00
2.048940760010494078e+00
-1.519528436047754338e+00
-2.847076192112750981e+00
-7.372880675883035639e-01
2.872769797339905118e+00
4.726256453814083436e+00
3.192141857297304597e+00
-3.362015110343044011e-01
-2.756335004158532165e+00
-2.000376004718829037e+00
1.237846517033746707e+00
4.199771706014340467e+00
4.442359191127068563e+00
1.821111868673057632e+00
-1.505582293277248906e+00
-2.902015897985743109e+00
-1.330320833721034601e+00
1.945397765939394619e+00
4.439041736547253869e+00
4.343740013143478684e+00
1.793889960066981537e+00
-1.351175116077133032e+00
-2.905625739184984901e+00
-1.861882024694741622e+00
1.017652747401345259e+00
3.815254695795534445e+00
4.757539828852848984e+00
3.311200877408075449e+00
4.235735916779458377e-01
-2.144508354849725684e+00
-2.903662236821290321e+00
-1.470026061630324454e+00
1.293784160701693775e+00
3.834820341281502287e+00
4.790404488231411406e+00
3.695311108547379320e+00
1.167661699750590421e+00
-1.469455646256906389e+00
-2.889195993982210275e+00
-2.413769823006700399e+00
-3.103732803652334837e-01
2.380075768079958909e+00
4.366504209001837111e+00
4.719917024501077307e+00
3.292331452369164246e+00
7.637295186813664039e-01
-1.688103374324371186e+00
-2.934006094798920827e+00
-2.406402798279145827e+00
-3.511207816937043091e-01
2.289868805407230923e+00
4.308584424307930760e+00
4.780080957314739365e+00
3.484118059126975808e+00
1.009069402815846228e+00
-1.511565271498893859e+00
-2.914740633132458569e+00
-2.543875193856274031e+00
-5.594076982290032696e-01
2.124304289830368120e+00
4.254957801737304202e+00
4.825230987817939798e+00
3.552588651233719474e+00
1.025925836253732903e+00
-1.560010209245555446e+00
-2.966539500392903150e+00
-2.506738779745409929e+00
-3.872842718863145350e-01
2.377204949755997720e+00
4.446202957057795224e+00
4.804101720551170018e+00
3.263049973238232759e+00
5.665199126878162073e-01
-1.965441893869868784e+00
-3.081787645398201825e+00
-2.221094485687397757e+00
2.021678285367535244e-01
2.993647658422829316e+00
4.766463830921845890e+00
4.631402710377667375e+00
2.645577345283956383e+00
-2.082929803734998586e-01
-2.506796451188427532e+00
-3.096136029591198380e+00
-1.672892457985465819e+00
1.058084536091286054e+00
3.731630555773951308e+00
5.004710077244463484e+00
4.231924085431108651e+00
1.793671380288348383e+00
-1.090455945616888522e+00
-2.971751938641766344e+00
-2.900535844680230291e+00
-9.059346685089593176e-01
2.015389533429904567e+00
4.397573649822273723e+00
5.041464561481334705e+00
3.618277479478948067e+00
8.369699928664146027e-01
-1.909641714854338312e+00
-3.242915186263395810e+00
-2.490302282374455167e+00
-2.379848891915692377e-02
2.925046158624885706e+00
4.880934033805219840e+00
4.862962814069970108e+00
2.875636847392628592e+00
-9.264288111444995977e-02
-2.562460476746720950e+00
-3.301121875282454710e+00
-1.937070872040522085e+00
8.549161487094243395e-01
3.689229953674774798e+00
5.157911789463862640e+00
4.529537915172658913e+00
2.111795182846405439e+00
-9.011694890493384680e-01
-3.019869247181198979e+00
-3.195750726377974971e+00
-1.338661837973093016e+00
1.639152932069563917e+00
4.272923905983637027e+00
5.266344791677768811e+00
4.128533891258276078e+00
1.414502005057081790e+00
-1.547636183847594493e+00
-3.307599930181352121e+00
-3.002480625809755388e+00
-7.780104591717142970e-01
2.283196449662535876e+00
4.690015669772408025e+00
5.269204046209824632e+00
3.735949144749955764e+00
8.318160588948890766e-01
-2.035682135960038330e+00
-3.475851510390243426e+00
-2.788464565368988346e+00
-3.024259339991348661e-01
2.783432066422478535e+00
4.979465241373027595e+00
5.224049018052196125e+00
3.395456350378214694e+00
3.706898033927078506e-01
-2.396325765926309970e+00
-3.573797648121793458e+00
-2.592259341420958485e+00
8.137764405202163598e-02
3.167129672916648708e+00
5.185256321456995110e+00
5.165521847238111697e+00
3.112671961815104638e+00
5.312954593849172902e-03
-2.671302858060275121e+00
-3.635230750227479213e+00
-2.421212064814620035e+00
3.956768566181806390e-01
3.473170759880247260e+00
5.341690607213960718e+00
5.105827571311002622e+00
2.872770952320442994e+00
-2.969749652536279871e-01
-2.893637723059491407e+00
-3.677261645799218215e+00
-2.269398012388494479e+00
6.647196299812984099e-01
3.730927504004043271e+00
5.468705503317162098e+00
5.046660226263022686e+00
2.659865612653855571e+00
-5.606245736138506519e-01
-3.083964415250965097e+00
-3.707146864518214180e+00
-2.128280261089122938e+00
9.075329688643016812e-01
3.960034721295864202e+00
5.577144215064922861e+00
4.985582995221903069e+00
2.460409393392543720e+00
-8.030100309773595679e-01
-3.254939784231652311e+00
-3.727167703641881324e+00
-1.989456406911099817e+00
1.138419174607921969e+00
4.173468654412255674e+00
5.672595894525816362e+00
4.918688204039281864e+00
2.263548152953540615e+00
-1.036272039541903611e+00
-3.414132120045062280e+00
-3.737055776362006476e+00
-1.845514303264351730e+00
1.367895996716294471e+00
4.379625463427585075e+00
5.757487967124294670e+00
4.841701147571241037e+00
2.060817861625276137e+00
-1.268727106550769479e+00
-3.565744071336694354e+00
-3.735173650818645719e+00
-1.690164882493483622e+00
1.603565122557289335e+00
4.583673849432729597e+00
5.832229973946149393e+00
4.750392807905235770e+00
1.845703545933456091e+00
-1.505868660971603434e+00
-3.711644872592896327e+00
-3.719087097131092534e+00
-1.518128548035837300e+00
1.850792534704341463e+00
4.788428125030675275e+00
5.895850833776740352e+00
4.640704306738575369e+00
1.613240299735686278e+00
-1.751054479936806407e+00
-3.851998735882585123e+00
-3.685847030234467248e+00
-1.324971184563437321e+00
2.113201678568739972e+00
4.994912153536553490e+00
5.946366398627266570e+00
4.508766313292718486e+00
1.359707179903127727e+00
-2.005968173855397829e+00
-3.985656121458849732e+00
-3.632138065186144793e+00
-1.106964356707712094e+00
2.393011693772646442e+00
5.202724383864834046e+00
5.981003668715686672e+00
4.350894268569576617e+00
1.082416787370011679e+00
-2.270921778298472304e+00
-4.110404658372478259e+00
-3.554370856395316025e+00
-8.609930333708657457e-01
2.691256035417225689e+00
5.410274546818732766e+00
5.996350064451148931e+00
4.163593454833776519e+00
7.795877791339425045e-01
-2.545047948451943043e+00
-4.223137191989565054e+00
-3.448756476134853699e+00
-5.845136581722636393e-01
3.007911924830896311e+00
5.614938036248735109e+00
5.988466047626572752e+00
3.943587038979404547e+00
4.502843611468876905e-01
-2.826416617069853920e+00
-4.319972561378500941e+00
-3.311382268219832170e+00
-2.755580108034918485e-01
3.341965038740080551e+00
5.813159104281575118e+00
5.952983721475479939e+00
3.687871211812022487e+00
9.440784213546082881e-02
-3.112101637865665182e+00
-4.396352454582007852e+00
-3.138299533024323296e+00
6.722373408804216410e-02
3.691428729923433849e+00
6.000524968879858534e+00
5.885205773413323627e+00
3.393797817093920699e+00
-2.872726434272949714e-01
-3.398216752762396098e+00
-4.447130699633576434e+00
-2.925628944774131490e+00
4.444874760077120457e-01
4.053333295412165249e+00
6.171827420084489368e+00
5.780214610756908122e+00
3.059183321368918129e+00
-6.930613152239655239e-01
-3.679936230020909527e+00
-4.466667239444689130e+00
-2.669687258733015156e+00
8.560936085444130761e-01
4.423698271395816839e+00
6.321125114380071075e+00
5.632998895690337626e+00
2.682442188687749418e+00
-1.120258670843709004e+00
-3.951513020305831070e+00
-4.448936497750343833e+00
-2.367137400259806235e+00
1.300985671799655519e+00
4.797499204048818022e+00
6.441817619122787164e+00
5.438602925566832447e+00
2.262742043991353036e+00
-1.565075405653605811e+00
-4.206305776878612512e+00
-4.387658130474648033e+00
-2.015162827311811178e+00
1.777055752291588409e+00
5.168639583460020503e+00
6.526740884740519277e+00
5.192302895064854873e+00
1.800177146284255070e+00
-2.022546569840659281e+00
-4.436825234537097984e+00
-4.276456832259059482e+00
-1.611665809662965243e+00
2.281003804312799588e+00
5.529938424439337474e+00
6.568292835174310618e+00
4.889812710767726500e+00
1.295955521807866218e+00
-2.486455671287260749e+00
9.237553967392508891e-01
