-1.185965326288225929e+00
-4.395080077700486143e-02
7.315580372533077025e-01
1.027169380830512679e+00
8.003836584317469693e-01
8.550515201456887482e-02
-1.011739005728921059e+00
-2.330003071184396646e+00
-3.676164176067039158e+00
-4.853661861872022421e+00
-5.691170807953694677e+00
-6.067429035316713737e+00
-5.928638813107441230e+00
-5.295967006870672122e+00
-4.262128941634621526e+00
-2.977629944571434706e+00
-1.628729997750477665e+00
-4.103749748258107566e-01
5.019637393004789949e-01
9.774760940708198120e-01
9.486244384300954735e-01
4.205525857957517211e-01
-5.299900839587352586e-01
-1.765978666458989821e+00
-3.110000438361372410e+00
-4.369795213466677986e+00
-5.365761584798194761e+00
-5.956493963430038008e+00
-6.058729754340956397e+00
-5.658912108513987960e+00
-4.814788343104037693e+00
-3.646890654566297574e+00
-2.321179713368584085e+00
-1.025370213791267915e+00
5.767226091437560598e-02
7.756901885815179476e-01
1.028327761145969799e+00
7.809977097243834265e-01
6.942872650695042225e-02
-1.005675403892366537e+00
-2.293043800106867813e+00
-3.612231284832510880e+00
-4.778956154807795897e+00
-5.630819357150040005e+00
-6.049819590879746301e+00
-5.978556049225778324e+00
-5.427914795420985428e+00
-4.475235726893926902e+00
-3.253284878387980417e+00
-1.931626211150341499e+00
-6.930232493457149090e-01
2.918363924065734416e-01
8.877984441727631015e-01
1.013667229554364280e+00
6.531044847282245769e-01
-1.434375672222003573e-01
-1.265946732943455277e+00
-2.560186905614561859e+00
-3.848983150525958408e+00
-4.956506432933517559e+00
-5.732225877429886651e+00
-6.071271236367463686e+00
-5.928465078667226607e+00
-5.324167792531707910e+00
-4.341204767839654366e+00
-3.113358768784596720e+00
-1.807046404865637612e+00
-5.987032816705701865e-01
3.490415851310162410e-01
9.091859792360157400e-01
1.007251473834996691e+00
6.310263222805678751e-01
-1.680976300504770649e-01
-1.282309362513442963e+00
-2.562059541461461087e+00
-3.836221321499253545e+00
-4.935002067722489727e+00
-5.712535202052340111e+00
-6.066151441701045144e+00
-5.949796476277517066e+00
-5.379860923576025300e+00
-4.432708542932422446e+00
-3.234292659444879980e+00
-1.943291782977541349e+00
-7.300369427325419380e-01
2.459631777275448350e-01
8.569341726004586768e-01
1.023451725071861329e+00
7.246160189972576937e-01
5.021557017945710300e-04
-1.053374623551627698e+00
-2.298795261498262299e+00
-3.573059343140143618e+00
-4.710279597757503822e+00
-5.562956860850587049e+00
-6.021032821911862065e+00
-6.025970292778031201e+00
-5.578076693855840595e+00
-4.736176134124606918e+00
-3.609731315083759107e+00
-2.344488844067456945e+00
-1.103545471883797147e+00
-4.630409515605160564e-02
6.919632675066353933e-01
1.017330903601201264e+00
8.890348424395702054e-01
3.244200115777142734e-01
-6.035591112269267366e-01
-1.775908189488852873e+00
-3.042960466803947384e+00
-4.243544147367824593e+00
-5.225487948015407724e+00
-5.864856023240042404e+00
-6.081488189615685158e+00
-5.848910527582733110e+00
-5.197409620140698294e+00
-4.209936243292345281e+00
-3.011409688552650010e+00
-1.752817881511342879e+00
-5.921486192727329900e-01
3.254344400362061407e-01
8.856851381852051119e-01
1.019390760322428147e+00
7.107807243549428833e-01
-7.748537098271057744e-04
-1.025935581544773711e+00
-2.236734304565039189e+00
-3.482638499379709263e+00
-4.609303387037935629e+00
-5.477676397999093894e+00
-5.981090868966097318e+00
-6.058256705175018908e+00
-5.700580429688772099e+00
-4.952958935025979947e+00
-3.908000637045837777e+00
-2.694434144003485354e+00
-1.461169255964388292e+00
-3.589931411211519929e-01
4.778451109532730889e-01
9.479156524963654462e-01
9.947895356060811878e-01
6.136722707366111251e-01
-1.482723367382430268e-01
-1.197897743798549408e+00
-2.407576863268591882e+00
-3.630797293262109093e+00
-4.719935276479425568e+00
-5.544049277943505771e+00
-6.004551769162966401e+00
-6.046892693921641637e+00
-5.666884045422786897e+00
-4.910949875429000855e+00
-3.870319571018996818e+00
-2.669905754238539153e+00
-1.453235461569199805e+00
-3.652607597768975367e-01
4.648897241170799610e-01
9.391690003583823554e-01
1.002085399639288443e+00
6.470624375828153418e-01
-8.302723724351013246e-02
-1.101171194904137396e+00
-2.286697926353475463e+00
-3.499654130299513000e+00
-4.597357371350772937e+00
-5.451163359407084741e+00
-5.961480061048099799e+00
-6.069284322062463488e+00
-5.762821735168301984e+00
-5.078745057041904154e+00
-4.097601761334336956e+00
-2.934240037823276026e+00
-1.724288083508165537e+00
-6.083067814447047361e-01
2.845291022699023564e-01
8.513284905524862722e-01
1.027249226687180439e+00
7.927970526886305436e-01
1.758513945140105506e-01
-7.517746838323797753e-01
-1.882803009065936450e+00
-3.086976780745053439e+00
-4.226103113085409646e+00
-5.169910402250318171e+00
-5.810901850150895775e+00
-6.076517394269655981e+00
-5.937238187091820052e+00
-5.409741761905191737e+00
-4.554786469699527274e+00
-3.470104819397530349e+00
-2.279148542821580303e+00
-1.116990257162505440e+00
-1.149964822205280512e-01
6.139887132081494059e-01
9.882829017046703690e-01
9.664203364881416292e-01
5.516309046234630920e-01
-2.087267208017138387e-01
-1.228677782575731126e+00
-2.393437215570660026e+00
-3.572381290804303333e+00
-4.633713955754869218e+00
-5.459180067336754760e+00
-5.957186215251621064e+00
-6.072880484970029080e+00
-5.794092162439405058e+00
-5.152500561196960760e+00
-4.219935765428576957e+00
-3.100253454114902052e+00
-1.917711509183983143e+00
-8.031548638964638442e-01
1.204535597021072491e-01
7.515578542093241943e-01
1.021108093332465661e+00
9.000288798580626803e-01
4.022602683290616987e-01
-4.169352137636659350e-01
-1.467185485750208684e+00
-2.633035312197941735e+00
-3.786668349274720846e+00
-4.801920775689453080e+00
-5.568051295976113479e+00
-6.001769056818298864e+00
-6.056220174632146680e+00
-5.725972127886103991e+00
-5.047475385234537981e+00
-4.094974898418508147e+00
-2.972336804390594889e+00
-1.801694735926728352e+00
-7.101586743267571666e-01
1.839683521808339606e-01
7.839749412667287309e-01
1.025151729024215808e+00
8.817142121147902856e-01
3.695049976939799308e-01
-4.558005886597831235e-01
-1.504777470740945367e+00
-2.663954825251944047e+00
-3.808087673755109037e+00
-4.813671034555962791e+00
-5.572242710796286858e+00
-6.002047629841310794e+00
-6.056815683305796227e+00
-5.730716601161223167e+00
-5.058965942983578046e+00
-4.114021897407317496e+00
-2.997783691484015467e+00
-1.830629057748873079e+00
-7.384652609039970006e-01
1.608199206684060023e-01
3.136238049585675647e-01
5.317865627224369618e-01
4.194355521440029655e-01
-1.155996292834071681e-02
-7.148834235430447936e-01
-1.614693152180636471e+00
-2.613737937562697233e+00
-3.603806441913254055e+00
-4.477397666402881171e+00
-5.139363676153793747e+00
-5.517271894063480175e+00
-5.569363732813513046e+00
-5.289236366667998901e+00
-4.706719518353311926e+00
-3.884823531504260075e+00
-2.913056436091975510e+00
-1.897801688625279759e+00
-9.507726577667103829e-01
-1.767793984222247872e-01
3.378669595941805603e-01
5.350382722510271805e-01
3.914773066607843965e-01
-7.828556694573496344e-02
-8.231632490319369388e-01
-1.760819569881536317e+00
-2.786534447886698018e+00
-3.784705573574093762e+00
-4.641755231219817368e+00
-5.259027662815244142e+00
-5.564229773461066841e+00
-5.520093971305161773e+00
-5.129217771680008475e+00
-4.434435285016828487e+00
-3.514561268063944421e+00
-2.475868685115063972e+00
-1.440159452226750458e+00
-5.307088259779306760e-01
1.423437575226049745e-01
4.954595618948931524e-01
4.823880057324467785e-01
1.007004780570603941e-01
-6.067753973999165940e-01
-1.556002851650810204e+00
-2.631005656353440081e+00
-3.697454697242847033e+00
-4.619088283926025440e+00
-5.275048762157428683e+00
-5.575989687130231687e+00
-5.476829254975356776e+00
-4.984314686187147458e+00
-4.158105937967569332e+00
-3.104840188797826528e+00
-1.965525049820550318e+00
-8.975274665371186789e-01
-5.326018492451023434e-02
4.417011967645234627e-01
5.080180867899253272e-01
1.265259033714118964e-01
-6.557530131704116805e-01
-1.729060464740515002e+00
-2.934226933792867698e+00
-4.084785905443871101e+00
-4.995211116900337700e+00
-5.511258619365548839e+00
-5.537530516702069860e+00
-5.057242978836206326e+00
-4.139934618528891441e+00
-2.934507807426353310e+00
-1.647391962227302109e+00
-5.084066712279544653e-01
2.704144137079858012e-01
5.357723431887051468e-01
2.257615154769929688e-01
-6.130490552447751540e-01
-1.828978234396273717e+00
-3.190128568715541402e+00
-4.427424302166857117e+00
-5.288139525872900037e+00
-5.589233427100821494e+00
-5.258815709189176957e+00
-4.355855737850601983e+00
-3.062505201031798574e+00
-1.649156017846289846e+00
-4.185319778155935921e-01
3.597301510771826472e-01
5.097131401012635621e-01
-8.918217361553626432e-03
-1.088201920522009924e+00
-2.492437477268444557e+00
-3.908584386162488933e+00
-5.015933116862396624e+00
-5.559514043722314725e+00
-5.410217055689268584e+00
-4.597105972317724110e+00
-3.303503167274091989e+00
-1.826767922610931683e+00
-5.103593927346565806e-01
3.363374055175070154e-01
5.115815151478089184e-01
-2.949526975738514523e-02
-1.162295405434733642e+00
-2.620515816628949946e+00
-4.058285167696736195e+00
-5.132244423130355671e+00
-5.584025977910912708e+00
-5.303156565405187095e+00
-4.354864384913189390e+00
-2.965607844426719097e+00
-1.469374439797937359e+00
-2.274287617821650898e-01
4.591696428836620214e-01
4.229875381555583402e-01
-3.284655940304581634e-01
-1.613849009838866255e+00
-3.121521463192035384e+00
-4.485071487461301132e+00
-5.372510183574096487e+00
-5.567341122958207933e+00
-5.021621755108153451e+00
-3.867936321567527536e+00
-2.387250917905329395e+00
-9.404457975382234380e-01
1.197515794145593837e-01
5.348826188834205908e-01
2.038414114855693349e-01
-7.925057381406874768e-01
-2.211161205710517663e+00
-3.706397445183207573e+00
-4.914144280565567513e+00
-5.540707437751668074e+00
-5.434158963432384581e+00
-4.621038077868413474e+00
-3.299525891590493476e+00
-1.790902866917049696e+00
-4.612506061943295599e-01
3.674562792632327657e-01
4.952398257807621995e-01
-1.078470365550114884e-01
-1.295030462956302975e+00
-2.778874283840302883e+00
-4.201139901000689569e+00
-5.219391818977593189e+00
-5.589370167096106456e+00
-5.223323132787959899e+00
-4.210426623498548793e+00
-2.794638433404073474e+00
-1.315587782235901448e+00
-1.269143150860645441e-01
4.882545456566673714e-01
3.844860880218634591e-01
-4.120002964704814197e-01
-1.710426325474047271e+00
-3.201587791223750035e+00
-4.531765090627273729e+00
-5.386672752666875397e+00
-5.565508117941103450e+00
-5.027698641042539052e+00
-3.901564584168960792e+00
-2.453193637965910501e+00
-1.023194917797667580e+00
5.354453622888222242e-02
5.261593932166923615e-01
2.858820987351795573e-01
-6.094618176179387170e-01
-1.949923414095072749e+00
-3.423127216298168740e+00
-4.687323718419003526e+00
-5.450652269459583366e+00
-5.538233215511218610e+00
-4.931733764562032718e+00
-3.772575437222419392e+00
-2.328416053115540230e+00
-9.309707798065274265e-01
1.002977561348408209e-01
5.310389168223679235e-01
2.648462476899116069e-01
-6.357485646901288590e-01
-1.964549177960408510e+00
-3.419385448973359054e+00
-4.671084978818259792e+00
-5.437925319964339366e+00
-5.548734779574347797e+00
-4.980580234510224358e+00
-3.862866657249417912e+00
-2.447302579392608646e+00
-1.050821926604763368e+00
1.550922315901948068e-02
5.156258404207125778e-01
3.403100670577976494e-01
-4.695404406329313218e-01
-1.733040773305080107e+00
-3.170227278932584714e+00
-4.464387153088290816e+00
-5.331870099745135150e+00
-5.583992735072113689e+00
-5.167587318297554688e+00
-4.175593706017853179e+00
-2.825738099141342108e+00
-1.412306290210481929e+00
-2.417852972283638380e-01
4.335116187946668198e-01
4.694833712998489617e-01
-1.395508756299252973e-01
-1.260682727642931766e+00
-2.651961931608131096e+00
-4.014981365400391411e+00
-5.058995580545470716e+00
-5.562774737312384588e+00
-5.421073972313427802e+00
-4.666049387259963765e+00
-3.459393177635026184e+00
-2.057204761182712893e+00
-7.553304239342681914e-01
1.731014972252653550e-01
5.347555032565969313e-01
2.558987874438871657e-01
-6.031515417833976933e-01
-1.861639878544207205e+00
-3.256866877173036023e+00
-4.499278535488544506e+00
-5.332548715372035453e+00
-5.586193784695019815e+00
-5.209979384622396736e+00
-4.283278863556831517e+00
-2.997778812509629631e+00
-1.617402042648070859e+00
-4.239097624539951426e-01
3.405655666945577309e-01
5.223492141549566092e-01
8.663234936484753845e-02
-8.764533064872115364e-01
-2.171010918738652151e+00
-3.535626257580073428e+00
-4.696342487544809430e+00
-5.421593381658258437e+00
-5.568097121178572806e+00
-5.108680473033550662e+00
-4.136732805862137319e+00
-2.846705963798787486e+00
-1.494825873445746689e+00
-3.480257886716060511e-01
3.686904696007951010e-01
5.160937053329228696e-01
6.730284074556891483e-02
-8.878860091340907701e-01
-2.161471405259871581e+00
-3.504629228675458119e+00
-4.656503377469523031e+00
-5.394806954429569146e+00
-6.448061733301225118e+00
