2.323811985128372282e-01
7.751843126439981191e-01
4.065225877690499257e-01
-6.767873942350630667e-01
-1.896401440345458767e+00
-2.601207022278973824e+00
-2.414931215117786856e+00
-1.437020652938895138e+00
-1.895501844255964574e-01
6.614960183779348135e-01
6.617718887299970376e-01
-1.888698516358293666e-01
-1.436299065403420006e+00
-2.414553605104225120e+00
-2.601374983571371757e+00
-1.897025303837349686e+00
-6.775340993678189427e-01
4.060516827365789894e-01
7.752406086916947547e-01
2.329346409999994982e-01
-9.313465884083015345e-01
-2.096030954047825468e+00
-2.639331109026384681e+00
-2.271196656947756409e+00
-1.188162685781362526e+00
3.157396471707896168e-02
7.368353117435058053e-01
5.511051121246983708e-01
-4.264612822983070428e-01
-1.673972762885558740e+00
-2.525423262571868221e+00
-2.526250873574374278e+00
-1.676013761122482792e+00
-4.286260447643195359e-01
5.499722821574870579e-01
7.373391955880186366e-01
3.344555507136792727e-02
-1.185922570528379794e+00
-2.269783941941962979e+00
-2.639499997158522238e+00
-2.097691281401642627e+00
-9.336119598618578541e-01
2.312736340619347963e-01
7.750707241991345864e-01
4.074636165303977542e-01
-6.752941331145284609e-01
-1.895153150724350866e+00
-2.600870125648441888e+00
-2.415685569702297641e+00
-1.438463533202198885e+00
-1.909112832207250365e-01
6.609433477147803604e-01
6.623226992067290375e-01
-1.875096199337074054e-01
-1.434855596226764396e+00
-2.413797520001810248e+00
-2.601709931947044474e+00
-1.898272467576949785e+00
-6.790276580519591931e-01
4.051090918261115448e-01
7.753522043828580124e-01
2.340408459594114365e-01
-9.298363412622758783e-01
-2.094922936863907292e+00
-2.639216856374309028e+00
-2.272137164626472305e+00
-1.189655847133026523e+00
3.032530028770807906e-02
7.364977658255908999e-01
5.518588895762666091e-01
-4.250185989008824494e-01
-1.672611375588899385e+00
-2.524869972061434709e+00
-2.526801063774503753e+00
-1.677373703264325000e+00
-4.300697096838718148e-01
5.492156205097931121e-01
7.376734944149205830e-01
3.469234303180313006e-02
-1.184428913237446146e+00
-2.268840830681714493e+00
-2.639610928554860791e+00
-2.098797032766726467e+00
-9.351222062734205753e-01
2.301651643605326925e-01
7.749558073620717025e-01
4.084036029435373916e-01
-6.738010718221766338e-01
-1.893904111729608264e+00
-2.600531930508808820e+00
-2.416438769874301506e+00
-1.439906019453110808e+00
-1.922729587540759066e-01
6.603894374646936960e-01
6.628722690232300430e-01
-1.861499676167066575e-01
-1.433411735845164348e+00
-2.413040281956039923e+00
-2.602043581160141450e+00
-1.899518879515673664e+00
-6.805214136591053453e-01
4.041654603995541439e-01
7.754624714627924575e-01
2.351461435150534740e-01
-9.283260958789780748e-01
-2.093814014860648776e+00
-2.639101275374615696e+00
-2.273076629591171294e+00
-1.191148808075577215e+00
2.907588697059571015e-02
7.361589215300314848e-01
5.526115123221644332e-01
-4.235763100771212653e-01
-1.671249412083755992e+00
-2.524315442179462909e+00
-2.527350013100456927e+00
-1.678733065491978760e+00
-4.315137652466726204e-01
5.484578062132319243e-01
7.380064939493100606e-01
3.593837870637484055e-02
-1.182935059604627304e+00
-2.267896679272405791e+00
-2.639720531296942951e+00
-2.099901876297924908e+00
-9.389628315405545989e-01
8.262961483482871294e-01
1.652803331790044794e+00
1.099313241519833895e+00
-5.386836488942234880e-01
-2.386713730330598970e+00
-3.458173460049764891e+00
-3.181045111791576119e+00
-1.703278555491327673e+00
1.861943973868163127e-01
1.478645194236700267e+00
1.484076119221588552e+00
1.995877769884146780e-01
-1.689073013845089566e+00
-3.173611287743892895e+00
-3.461480032041147403e+00
-2.398995426424271216e+00
-5.533836684198378819e-01
1.090042763966662775e+00
1.653911604606255192e+00
8.371915004903334179e-01
-9.240970765059840497e-01
-2.689659069875498965e+00
-3.516917984201684888e+00
-2.964227017392101260e+00
-1.326650016822323419e+00
5.215635740055142300e-01
1.593712242617828956e+00
1.317410460541905248e+00
-1.598331792617267988e-01
-2.049366033548869925e+00
-3.342427570286686578e+00
-3.348694019347935313e+00
-2.064819926074529910e+00
-1.762241814135734330e-01
1.308832975149506250e+00
1.597527516260717650e+00
5.357347553735269940e-01
-1.309688463530215063e+00
-2.953530317378374903e+00
-3.518196759947638252e+00
-2.702230624333068931e+00
-9.412498629908547798e-01
8.246148004026947476e-01
1.652625284685781182e+00
1.100733548852407928e+00
-5.364232433134845657e-01
-2.384819983997869208e+00
-3.457657382937098234e+00
-3.182182220792753036e+00
-1.705461784855491825e+00
1.841306032677516580e-01
1.477802628352920866e+00
1.484904600271524711e+00
2.016450057113108318e-01
-1.686885325386596080e+00
-3.172461075724207102e+00
-3.461981357489328115e+00
-2.400880647883488095e+00
-5.556463270725742198e-01
1.088610628458920981e+00
1.654074563112715612e+00
8.388625547302575036e-01
-9.218100483923598043e-01
-2.687977038294453447e+00
-3.516738931460682061e+00
-2.965646533963626652e+00
-1.328910268679445839e+00
5.196692622909055981e-01
1.593195182856859127e+00
1.318546694232560323e+00
-1.576502505703359924e-01
-2.047301804945300674e+00
-3.341584066718396695e+00
-3.349521560112801222e+00
-2.066876713899596929e+00
-1.784121637425827300e-01
1.307681891378932537e+00
1.598027857477267055e+00
5.376194055698324537e-01
-1.307425658192861606e+00
-2.952097395548665126e+00
-3.518358712286667522e+00
-2.703900989720378512e+00
-9.435368873228312525e-01
8.229320855134298895e-01
1.652445226342869944e+00
1.102152274386654085e+00
-5.341631456197772909e-01
-2.382925107269945553e+00
-3.457139340628442525e+00
-3.183317578951798232e+00
-1.707644412449462301e+00
1.820659405813005449e-01
1.476958187264167499e+00
1.485731200590391321e+00
2.037013522385391351e-01
-1.684697049612490005e+00
-3.171309120426518025e+00
-3.462480714376970248e+00
-2.402764726450562272e+00
-5.579092786547965588e-01
1.087176920585736450e+00
1.654235509252850900e+00
8.405322309404446024e-01
-9.195230282863757765e-01
-2.686293640423822016e+00
-3.516557867550831329e+00
-2.967064468185132586e+00
-1.331170211771025347e+00
5.177738209174855832e-01
1.592676158101050010e+00
1.319681176639681652e+00
-1.554679244974613850e-01
-2.045236708576710249e+00
-3.340738688273149570e+00
-3.350347219825161815e+00
-2.068932618729791173e+00
-1.806007325368033101e-01
1.306529064777883775e+00
1.598526229939013277e+00
5.395029121417098672e-01
-1.305162560805474437e+00
-2.950662901910558578e+00
-3.518518652196620078e+00
-2.694538244056405851e+00
-9.457385448548186746e-01
8.103414185968049743e-01
1.636187300250275367e+00
1.090906670496044395e+00
-5.343927627845128647e-01
-2.372016152524617283e+00
-3.440915752396604077e+00
-3.170440606737147338e+00
-1.704988655607484915e+00
1.730826592915102324e-01
1.461131751435096326e+00
1.471510832891424592e+00
1.986788474634475499e-01
-1.677840338462877057e+00
-3.156233769865413930e+00
-3.447234966919959120e+00
-2.395487794009833138e+00
-5.624860803116200625e-01
1.073189791339836052e+00
1.638305328738478561e+00
8.311636077620616625e-01
-9.173284889540360698e-01
-2.673707532215309879e+00
-3.500299506927881943e+00
-2.955813668507253134e+00
-1.330933411424884749e+00
5.068702018790518515e-01
1.576453209540282785e+00
1.306799806560440924e+00
-1.581307688618971419e-01
-2.036259420668101949e+00
-3.324913952011345319e+00
-3.336123350535569188e+00
-2.063903280592199074e+00
-1.874509266635617788e-01
1.291456435672145631e+00
1.583277955472817133e+00
5.322195533157059177e-01
-1.300592654070403364e+00
-2.936679455147136242e+00
-3.502586975766985411e+00
-2.696195477558386955e+00
-9.480113234637492781e-01
8.086664579370024253e-01
1.636004364910742304e+00
1.092313423743135559e+00
-5.321473410512178592e-01
-2.370130820409303674e+00
-3.440397027792599705e+00
-3.171565419948299880e+00
-1.707156505207752417e+00
1.710291181510330549e-01
1.460288838010797896e+00
1.472328551422341647e+00
2.007206444498990106e-01
-1.675664512452782473e+00
-3.155085518028240443e+00
-3.447727303806672250e+00
-2.397357876866099247e+00
-5.647355323309258823e-01
1.071761879901308223e+00
1.638461273655773986e+00
8.328201550831348943e-01
-9.150557163138697270e-01
-2.672031894125598050e+00
-3.500115572417697329e+00
-2.957219634267882924e+00
-1.333178677769549569e+00
5.049843100977358112e-01
1.575933509003058397e+00
1.307923748590414714e+00
-1.559632205952510287e-01
-2.034205450141375771e+00
-3.324070107716467604e+00
-3.336940133673232278e+00
-2.065944637038954035e+00
-1.896270421774254311e-01
1.290307318844407636e+00
1.583769313672719115e+00
5.340890662781641041e-01
-1.298343058904102731e+00
-2.935250763942259589e+00
-3.502741920590715985e+00
-2.697851338376195507e+00
-9.502840896930263570e-01
8.069901427432901730e-01
1.635819431265698398e+00
1.093718601743799645e+00
-5.299022305321018367e-01
-2.368244369328788679e+00
-3.439876351423269973e+00
-3.172688490578452924e+00
-1.709323751719261431e+00
1.689747186378167676e-01
1.459444063009494474e+00
1.473144399007887184e+00
2.027615599599157381e-01
-1.673488107858471796e+00
-3.153935536433514208e+00
-3.448217683224179542e+00
-2.399226819571191438e+00
-5.669852702066775496e-01
1.070332409208053726e+00
1.638615218355783831e+00
8.344753290757225273e-01
-9.127829569376055829e-01
-2.670354902154088883e+00
-3.499929639673758253e+00
-2.958624024235321226e+00
-1.335423632026445429e+00
5.030973000850560428e-01
1.575411856902944496e+00
1.309045947602347937e+00
-1.537962762605455946e-01
-2.032150622041247967e+00
-3.323224402173046155e+00
-3.337755045547952992e+00
-2.067985111215079552e+00
-1.918037354287345231e-01
1.289156472706399992e+00
1.584258714212468888e+00
5.359574383621423799e-01
-1.296093178756616338e+00
-2.933820514038611549e+00
-2.661807169366507964e+00
-2.121263327882294547e+00
-9.458645267126538636e-01
2.368817963499092460e-01
7.955455990040531944e-01
4.318743298245337758e-01
-6.599796723446124114e-01
-1.897110838207967110e+00
-2.619054815299489469e+00
-2.440389043340979391e+00
-1.456497404527540951e+00
-1.926478510835150093e-01
6.764311807806504540e-01
6.867664796053687404e-01
-1.671596366741712192e-01
-1.429463608573763755e+00
-2.426242135925210874e+00
-2.625347373143957164e+00
-1.920483468018990614e+00
-6.879544823353922478e-01
4.142321867224230125e-01
7.976546928999772579e-01
2.576161501666709430e-01
-9.175743144623643710e-01
-2.100520487341476894e+00
-2.659685632810097733e+00
-2.296549548715019817e+00
-1.204978855877757438e+00
3.227212610371998913e-02
7.546750788094971352e-01
5.765624097125296998e-01
-4.069772827367671431e-01
-1.670863939105090568e+00
-2.540349315129444285e+00
-2.551243265334051102e+00
-1.697729861734609935e+00
-4.354723298520540298e-01
5.616508229698748966e-01
7.613077667442929020e-01
5.690811095808578912e-02
-1.175491930323847578e+00
-2.277953799166239524e+00
-2.661908729042593791e+00
-2.122375590114387478e+00
-9.473936906369796462e-01
2.357521019387354144e-01
7.954184814469009712e-01
4.328176530774678898e-01
-6.584695180835411499e-01
-1.895840075499215072e+00
-2.618701863289492948e+00
-2.441142331702537582e+00
-1.457954776946309039e+00
-1.940312635190843960e-01
6.758602875236332519e-01
6.873128869888813774e-01
-1.657876378954681318e-01
-1.427998484212683605e+00
-2.425466068533713049e+00
-2.625674680024333796e+00
-1.921739410604459852e+00
-6.894685534644585667e-01
4.132683006994677388e-01
7.977555795835176156e-01
2.587279494164438365e-01
-9.160451563388334328e-01
-2.099390338452715721e+00
-2.659557843127873689e+00
-2.297492341021253992e+00
-1.206488903825884140e+00
3.100098831725428550e-02
7.543214705729019975e-01
5.773151110367320538e-01
-4.055201147657667704e-01
-1.669480239379692588e+00
-2.539777796219794936e+00
-2.551789042717796718e+00
-1.699101562503054108e+00
-4.369376472903007680e-01
5.608741744913565697e-01
7.616344147513567364e-01
5.816366863515176622e-02
-1.173977764648040267e+00
-2.276989389616991932e+00
-2.662008942713963044e+00
-2.123486926165632838e+00
-9.489228426622469126e-01
2.346214987922361495e-01
7.952900196644721031e-01
4.337599142536001651e-01
-6.569595767422075072e-01
-1.894568562882393170e+00
-2.618347598895087280e+00
-2.441894445843008299e+00
-1.459411740186077111e+00
-1.954152502651380630e-01
6.752881430724935186e-01
6.878580342666900105e-01
-1.644162354042982832e-01
-1.426532973982320041e+00
-2.424688839119206296e+00
-2.626000669094562756e+00
-1.922994583128877721e+00
-6.909828133923572313e-01
4.123033678115350931e-01
7.978551202232209150e-01
2.598388220528284887e-01
-9.145160107092974444e-01
-2.098259281268342491e+00
-2.659428709270222235e+00
-2.298434070883924818e+00
-1.207998738266597094e+00
2.972910111726134730e-02
7.539665500895786909e-01
5.780666378471623901e-01
-4.040633565406555050e-01
-1.668095965882122389e+00
-2.539205026338464677e+00
-2.552333559783619421e+00
-1.700472666450257853e+00
-4.384033500276940387e-01
5.600963642921068519e-01
7.619597448213153434e-01
5.941845576275139873e-02
-1.369485615813217594e+00
