3.798068106000251909e-01
1.861486225769511282e+00
2.099734275726817145e+00
1.008645767222283940e+00
-1.049361576083919001e+00
-3.383905201426463449e+00
-5.208231080161645821e+00
-5.904354008441702106e+00
-5.232391204594460277e+00
-3.413182846806268600e+00
-1.055757388656259899e+00
1.046549710552504120e+00
2.183074022830332250e+00
1.966051942640478334e+00
4.628971778294799222e-01
-1.824591732296856783e+00
-4.127733963120565619e+00
-5.669270345545708523e+00
-5.925669857297066301e+00
-4.804916847750238418e+00
-2.679407954111872048e+00
-2.622371868876367529e-01
1.632038875550065882e+00
2.361896439611781862e+00
1.676098943188982116e+00
-1.998611624689687893e-01
-2.637861540942493033e+00
-4.817455289573160826e+00
-6.001971291413722653e+00
-5.787495161063216820e+00
-4.240581000810839107e+00
-1.877749150987231497e+00
5.069691485551790500e-01
2.108865271337862168e+00
2.384096132154124081e+00
1.234306757182451086e+00
-9.583387513560919224e-01
-3.458157776852973875e+00
-5.422784089287818077e+00
-6.187020638387759064e+00
-5.488060180054961990e+00
-3.555821316008581867e+00
-1.037361040741474838e+00
1.219801026116943188e+00
2.452892268194484249e+00
2.241651086330687992e+00
6.515400431253914881e-01
-1.786388079712942334e+00
-4.252834667844362926e+00
-5.915590403491751914e+00
-6.210331874149069620e+00
-5.032136128140992426e+00
-2.772722658013956565e+00
-1.902385822392691495e-01
1.845134572663363670e+00
2.644393003388068930e+00
1.932942371919651237e+00
-5.509904857934389000e-02
-2.653899912807387906e+00
-4.988908054403355052e+00
-6.271155865744518110e+00
-6.063838848970622308e+00
-4.431096019571553413e+00
-1.918322370000978827e+00
6.300005268821795568e-01
2.354112844012183903e+00
2.669043556457660227e+00
1.463073292296874328e+00
-8.627357667730083390e-01
-3.527897358837433828e+00
-5.634410475073501345e+00
-6.469332234623925260e+00
-5.746065282848958233e+00
-3.702700726663517905e+00
-1.023682869085698499e+00
1.389445193874645046e+00
2.721428691222404606e+00
2.518725288522838834e+00
8.439183687222597818e-01
-1.743445972740786720e+00
-4.373789000896217694e+00
-6.159751979187081616e+00
-6.495549961374846859e+00
-5.262438917528455384e+00
-2.870610380728937816e+00
-1.227631347205857537e-01
2.055279606764210065e+00
2.926504729406322891e+00
2.192096417810543318e+00
9.389140103919912939e-02
-2.665215553910344148e+00
-5.156733493884783748e+00
-6.539029629923977183e+00
-6.341629586197829127e+00
-4.625328927355369046e+00
-1.963632843971509612e+00
7.488699580350015594e-01
2.597174848524236968e+00
2.954517607555417147e+00
1.694901480871000121e+00
-7.625666576642937677e-01
-3.593103413323877504e+00
-5.843062110526210162e+00
-6.751229380668016589e+00
-6.006355901067541581e+00
-3.853796302052494571e+00
-1.014732043177529519e+00
1.555442747044744944e+00
2.988627692668045288e+00
2.797222398949591682e+00
1.040000993704413457e+00
-1.695767474781889605e+00
-4.490575717628139785e+00
-6.401728979789798046e+00
-6.781315332416538055e+00
-5.495842548083765600e+00
-2.973088253583757279e+00
-5.974957363536703703e-02
2.262736353068649731e+00
3.208802961742785786e+00
2.454396549108065262e+00
2.477971912641057095e-01
-2.672266583820605668e+00
-5.324127522812838187e+00
-6.813162388060455044e+00
-6.632933871818943672e+00
-4.835154927524984103e+00
-2.014666760510760657e+00
8.843132652231888713e-01
2.883426639796943913e+00
3.300419237404596640e+00
1.982251450334753695e+00
-6.388269665689210175e-01
-3.686738818459083689e+00
-6.134313319371544893e+00
-7.149442825976512594e+00
-6.377969739697830320e+00
-4.067117335269136547e+00
-9.864857764321603995e-01
1.828214097644804692e+00
3.423364828872779153e+00
3.250516285240289793e+00
1.354877942137957092e+00
-1.635526624342808599e+00
-4.717865853118476061e+00
-6.850793158717879194e+00
-7.306255025784546220e+00
-5.917960587896178737e+00
-3.141729834274321398e+00
9.406690927888194942e-02
2.698939742644806739e+00
3.787782968912142945e+00
2.981600266205303829e+00
5.392841635420944080e-01
-2.725325556245373981e+00
-5.714602244053428315e+00
-7.416175173745498839e+00
-7.245775969397254102e+00
-5.247784888785512081e+00
-2.084665119807233236e+00
1.182632005977757750e+00
3.450517790757585690e+00
3.945520060150302211e+00
2.488037932810649000e+00
-4.428294447282612456e-01
-3.866675872633698940e+00
-6.629729071909494564e+00
-7.793650236408645071e+00
-6.954174089397580971e+00
-4.381393300821624592e+00
-9.330492620804758941e-01
2.231401160531944594e+00
4.040635482988555793e+00
3.874151325707883675e+00
1.775007581942918300e+00
-1.560295161655145257e+00
-5.012862720407021300e+00
-7.416756920706934153e+00
-7.952732138374505766e+00
-6.427395163222270114e+00
-3.342676838170045794e+00
2.692431833936526075e-01
3.191300003288035203e+00
4.431642978651938236e+00
3.560284973215990245e+00
8.580442655771691740e-01
-2.773772870178739414e+00
-6.113965488189270658e+00
-8.032066518189362014e+00
-7.870933147729640922e+00
-5.671819839149476294e+00
-2.164867307249082717e+00
1.473265569172990563e+00
4.014190699340790758e+00
4.592544154215637775e+00
3.000667358230590498e+00
-2.371192427410409032e-01
-4.037125169185693530e+00
-7.118988005993987400e+00
-8.437074757056858942e+00
-7.535231429798129099e+00
-4.704532117099443411e+00
-8.895112967645778523e-01
2.626976463570393161e+00
4.655133407068230866e+00
4.500776219047645910e+00
2.202875367079870639e+00
-1.475186170523662410e+00
-5.299167204932319741e+00
-7.978135197125471478e+00
-8.600268040852339979e+00
-6.943170616746730417e+00
-3.553108756095578080e+00
4.349840972347349677e-01
3.677449171947807738e+00
5.074604703000918704e+00
4.143684883366644200e+00
1.185545334770804260e+00
-2.812395452383966710e+00
-6.505727260150299784e+00
-8.645139670459251136e+00
-8.499007181367465691e+00
-6.103529147317361847e+00
-2.254921758709649282e+00
1.755184522454354301e+00
4.573223753300082350e+00
5.240573172451432171e+00
3.519618946188053155e+00
-2.188814020163998286e-02
-4.198055267975436600e+00
-7.601937427258279811e+00
-9.079535465579086306e+00
-8.121012997653165755e+00
-5.036511688321390068e+00
-8.559689077959610204e-01
3.014760076981596537e+00
5.266670089785405295e+00
5.130281388248260299e+00
2.638524403814607400e+00
-1.379958759827799586e+00
-5.576322341441178665e+00
-8.534259986516399721e+00
-9.248043320646457843e+00
-7.464538289917625136e+00
-3.772924221624718299e+00
5.896279306048426427e-01
4.152382509994975379e+00
5.707035830673616417e+00
4.718448746588759235e+00
1.510932103970302087e+00
-2.834757996128071333e+00
-6.845697089607407193e+00
-9.165366922467510946e+00
-9.014557787938315414e+00
-6.450598757962781704e+00
-2.343771098315530210e+00
1.919221306103066738e+00
4.903877009276488508e+00
5.610585532169098499e+00
3.809234139174075384e+00
1.138838829379953399e-01
-4.226630171661436286e+00
-7.750779247450298115e+00
-9.276469559826093558e+00
-8.297529546481705154e+00
-5.151585523047123694e+00
-9.036688813724421676e-01
3.014338905797797619e+00
5.286364577522277841e+00
5.154211493654004883e+00
2.670550299072056877e+00
-1.321575252562693592e+00
-5.474895154235751349e+00
-8.392592689395813821e+00
-9.098070422948005387e+00
-7.361815512458989019e+00
-3.775968792976229338e+00
4.475956387681523374e-01
3.886834054988868470e+00
5.388324856058293477e+00
4.454082793841649845e+00
1.406676172324697216e+00
-2.722085578361425728e+00
-6.540502340517797109e+00
-8.766090513392255090e+00
-8.656322497735123633e+00
-6.256330675838885469e+00
-2.380952146939128156e+00
1.661908791601780955e+00
4.512686298508272742e+00
5.217356427335907654e+00
3.546687887531644545e+00
7.071317472025495654e-02
-4.035739184738204699e+00
-7.390117358161214511e+00
-8.867620590137786252e+00
-7.978360544894274042e+00
-5.029745745219236674e+00
-1.020278741022829561e+00
2.698564737514901335e+00
4.877879707920122598e+00
4.790748001337714612e+00
2.474677188122571980e+00
-1.283785613400115988e+00
-5.216153916107337807e+00
-8.000117491316911966e+00
-8.704184130946142517e+00
-7.099332608402082911e+00
-3.733411738914415690e+00
2.558493113828443910e-01
3.525406759327022410e+00
4.979057343427765403e+00
4.134958555080444853e+00
1.285300278936979623e+00
-2.604768216432292505e+00
-6.224016289188638140e+00
-8.357110197494261428e+00
-8.292713566805398173e+00
-6.060674750905898023e+00
-2.419222674731285494e+00
1.402588723159890804e+00
4.119706487259929162e+00
4.823165036931248650e+00
3.284149090594230547e+00
2.832501959333644237e-02
-3.843672627488218918e+00
-7.028307193476399206e+00
-8.457984486314817474e+00
-7.658936274048306458e+00
-4.908174785111210525e+00
-1.137535809277963494e+00
2.381975417857786770e+00
4.468613156854681634e+00
4.426681183232391348e+00
2.278457121141501229e+00
-1.246056998565738816e+00
-4.957181009500699176e+00
-7.607123421005208996e+00
-8.309524520811914172e+00
-6.835914418071645571e+00
-3.689935621343116257e+00
6.475026613538603648e-02
3.164080906730839526e+00
4.569154479386757117e+00
3.814464562623846700e+00
1.162084821552895164e+00
-2.489251691315643722e+00
-5.908664075729216592e+00
-7.948055872526756716e+00
-7.927595122058468391e+00
-5.862316607696838489e+00
-2.454322219463875854e+00
1.145874376810388728e+00
3.727745632143143251e+00
4.427775648309212997e+00
3.018257102659376745e+00
-1.872282768532751440e-02
-3.656117553106589924e+00
-6.669233439175366485e+00
-8.048075943276547406e+00
-7.335897709314618709e+00
-4.780470346341182619e+00
-1.247990565297453225e+00
2.070498991741000161e+00
4.060685135974944515e+00
4.059170437555271960e+00
2.074628894925715006e+00
-1.217786957282071203e+00
-4.706023690366281542e+00
-7.216686386321208957e+00
-7.909849174250270565e+00
-6.560409873212119436e+00
-3.631844150065957955e+00
-1.181251245086958335e-01
2.792794134931470662e+00
4.121795620946302918e+00
3.435197723750105236e+00
9.864306334947721133e-01
-2.381186548153851668e+00
-5.526673229279150945e+00
-7.398477088214248099e+00
-7.385829690512291990e+00
-5.517490270846369782e+00
-2.443535176057422653e+00
7.907438526943733059e-01
3.100304997134835983e+00
3.724369689415542251e+00
2.476903553340284336e+00
-1.988471188699869607e-01
-3.387401128895933589e+00
-6.014175500723032641e+00
-7.207635926768006129e+00
-6.588416476743818251e+00
-4.389513288834638871e+00
-1.369611748619064873e+00
1.448511196963229608e+00
3.124365601212307109e+00
3.113605913180741869e+00
1.444630631966795864e+00
-1.299296048540122817e+00
-4.183589615393001893e+00
-6.240618714786801746e+00
-6.794333018354029363e+00
-5.682334262594693541e+00
-3.302482396836711409e+00
-4.710555693885920547e-01
1.857129839814198657e+00
2.910707513384525047e+00
2.357272164784767643e+00
4.077939308802052132e-01
-2.262698120986960770e+00
-4.748671767315299164e+00
-6.221135898849768253e+00
-6.204063845078897188e+00
-4.728027968889587207e+00
-2.311550080829464893e+00
2.207406154570290546e-01
2.019470823946643900e+00
2.495419257733051399e+00
1.512383176548096841e+00
-5.750648960845108348e-01
-3.048913554016521310e+00
-5.074586067643498843e+00
-5.982499297453475862e+00
-5.489314730548075616e+00
-3.785798394079245455e+00
-1.464249277237736457e+00
6.872533554700006597e-01
1.952368319889718595e+00
1.924965101012148239e+00
6.391710034812425612e-01
-1.450534293451353651e+00
-3.629631139355035785e+00
-5.167835608736945474e+00
-5.563836395440889149e+00
-4.708474003992231260e+00
-2.913314969211239003e+00
-7.977672545534866266e-01
9.245516919678595791e-01
1.686540950155161589e+00
1.254225916836646082e+00
-2.021157751642264078e-01
-2.173668393159283507e+00
-3.990663707868190357e+00
-5.049915806129899210e+00
-5.015002395252929901e+00
-3.922674652805506756e+00
-2.161994400799019278e+00
-3.361057035549110950e-01
9.443581794788351580e-01
1.265473311943273949e+00
5.435464537034899735e-01
-9.550132168481844097e-01
-2.711338089623779091e+00
-4.133679877547219661e+00
-4.756793175446449418e+00
-4.393938159570259572e+00
-3.191863329838362073e+00
-1.572868708044481423e+00
-8.679033782997325197e-02
7.750150376881452807e-01
7.415564643437715375e-01
-1.528012690371167714e-01
-1.586810063765346168e+00
-3.066125501933907316e+00
-4.092771222207094439e+00
-4.332678576176890672e+00
-3.725085571020759101e+00
-2.497740628447640443e+00
-1.083986886803269378e+00
2.891313886824109503e-02
4.676583256880246786e-01
9.923275606054859921e-02
-9.274766941090879513e-01
-2.238421534201170626e+00
-3.368885938091678689e+00
-3.928004762311182674e+00
-3.735145978648020559e+00
-2.880083359880406313e+00
-1.686096892897450461e+00
-5.899243115675683047e-01
1.758466531551872158e-02
-6.792164570602077234e-02
-7.935447443549978885e-01
-1.873655969910120511e+00
-2.899880011828757098e+00
-3.494988391783533821e+00
-3.452813205117258200e+00
-2.811699624987675339e+00
-1.834355504360434486e+00
-9.027523426717001254e-01
-3.693085846132755368e-01
-4.222808390787133881e-01
-1.017436092540217274e+00
-1.901786307415011423e+00
-2.718686082929250958e+00
-3.151398611151722484e+00
-3.047277874054261648e+00
-2.473130673125065293e+00
-1.841915768807953047e+00
