7.023420054524599720e+00
1.154062031133010002e+01
1.109045993078643555e+01
5.838142683657602916e+00
-2.071716691483421968e+00
-9.382407340780813954e+00
-1.306385905606191500e+01
-1.157342313684147683e+01
-5.512060909504276296e+00
2.607164036192302081e+00
9.394135856728553335e+00
1.199689140705978474e+01
9.306232840120870264e+00
2.438215678642913886e+00
-5.719412265261652806e+00
-1.171665922507293445e+01
-1.300196206538879551e+01
-9.014691115972576441e+00
-1.438508725580623482e+00
6.502488652417733661e+00
1.141360186696047840e+01
1.118392231188757435e+01
5.900324504228668943e+00
-2.177919530582243191e+00
-9.581181152167518533e+00
-1.311997982190098355e+01
-1.126290182289812236e+01
-4.804289445985492790e+00
3.471995960257865388e+00
9.991955621646557262e+00
1.193690184395039111e+01
8.464865226306702795e+00
1.076564983411972376e+00
-7.034205960275791369e+00
-1.236388334113979681e+01
-1.261485846762924190e+01
-7.685629888931199361e+00
2.921881100891005056e-01
7.881646032688248482e+00
1.182600963933412785e+01
1.044652353230697273e+01
4.350849487089128331e+00
-3.845112071464637626e+00
-1.065059793136364164e+01
-1.319189982112828829e+01
-1.042127223924979340e+01
-3.534582108486081342e+00
4.563062094367980492e+00
1.049753796934548511e+01
1.183484747395347370e+01
8.067395367004513318e+00
7.813239844442052551e-01
-7.037595767131534785e+00
-1.224508881997074461e+01
-1.280141823887765007e+01
-8.548189559402178617e+00
-1.212355308674307297e+00
6.326672169482744579e+00
1.118387933686619462e+01
1.156591776360320445e+01
7.404221375968981889e+00
3.132286423930326080e-01
-7.069744641888659586e+00
-1.208215371227392154e+01
-1.298866698021549126e+01
-9.551662740788565031e+00
-3.045456416116899767e+00
4.251193070914650818e+00
9.872826969746895998e+00
1.199671262789330939e+01
1.000787695370093999e+01
4.635726555393738124e+00
-2.347677845140120567e+00
-8.736740538660731303e+00
-1.259384412897294325e+01
-1.282061441940959057e+01
-9.437886613109391476e+00
-3.516541519509230884e+00
3.190153038266281271e+00
8.781074745862134989e+00
1.174340511073030058e+01
1.134214516457225130e+01
7.770687013761516937e+00
2.044341525976185459e+00
-4.311428058854200884e+00
-9.678754453883815501e+00
-1.275576197777771092e+01
-1.285540814875522209e+01
-1.003260062596936386e+01
-5.025683570076068918e+00
9.562541612398398616e-01
6.536664501466844968e+00
1.048845592361931089e+01
1.199324206388473080e+01
1.079226790428073990e+01
7.207253283073161043e+00
2.039133279481800898e+00
-3.623104463972177225e+00
-8.636744882407382917e+00
-1.203272946329171234e+01
-5.233092552152992738e+00
-4.774824265802370959e+00
-3.536877434655208319e+00
-1.764496695876700105e+00
2.087385157491697951e-01
2.024574731325079480e+00
3.364070091569322241e+00
4.001157791894678795e+00
3.837514409543782978e+00
2.914155961488255286e+00
1.399294978381049104e+00
-4.441720254600375895e-01
-2.305169388395214014e+00
-3.876765282276533497e+00
-4.905723324444858591e+00
-5.231614520107456201e+00
-4.809844921634990556e+00
-3.715706399817272132e+00
-2.129587401244108946e+00
-3.063282238919654565e-01
1.466032551339533807e+00
2.911493558974839413e+00
3.808337519956705552e+00
4.022112262081737555e+00
3.524653255614356606e+00
2.396666534364975121e+00
8.138882594222864864e-01
-9.807470450422226538e-01
-2.714505753166453594e+00
-4.126101287033481668e+00
-5.004629677191966053e+00
-5.220499465941729866e+00
-4.743934648735782744e+00
-3.648514794291271457e+00
-2.099432528845271317e+00
-3.283734591482343479e-01
1.401159634191669889e+00
2.832916113685937098e+00
3.755617019346578100e+00
4.033833126222541310e+00
3.627568994341684228e+00
2.597771226955164714e+00
1.097037510947581840e+00
-6.530480471163273570e-01
-2.394596234158901549e+00
-3.871314981867829186e+00
-4.866095315837249302e+00
-5.232803665335712395e+00
-4.917654277988333433e+00
-3.967054437435131753e+00
-2.520783116619154995e+00
-7.914971720667347554e-01
9.664495051589425678e-01
2.494327360835961738e+00
3.567042690283329431e+00
4.026275448868373630e+00
3.803876037937271359e+00
2.932062724481758753e+00
1.538881412682470362e+00
-1.704562851945794488e-01
-1.943665273478943689e+00
-3.518525265371227562e+00
-4.661621232213255084e+00
-5.202975674995983013e+00
-5.061434634933029031e+00
-4.257003117968256589e+00
-2.908231043814148098e+00
-1.214952009786624432e+00
5.711484058754936477e-01
2.183832484250879613e+00
3.381973422840806265e+00
3.985682054726726431e+00
3.903478267205843455e+00
3.146381843199387074e+00
1.826720160942235438e+00
1.417216067780274757e-01
-1.655752432692800591e+00
-3.295029981852014789e+00
-4.528371539140049862e+00
-5.168508014322041433e+00
-5.117274887768919811e+00
-4.380937158797169495e+00
-3.069774236161313841e+00
-1.381859317166300283e+00
4.266300632212161048e-01
2.080159600380908191e+00
3.325807560981723476e+00
3.972068510907746042e+00
3.918523557250695344e+00
3.171748159900248609e+00
1.844894003643664959e+00
1.408658795492941929e-01
-1.678458729283819784e+00
-3.332339751872679834e+00
-4.564495293817696364e+00
-5.182951596960670315e+00
-5.090207586815617802e+00
-4.298937612677435460e+00
-2.930655576265615903e+00
-1.197392613484179247e+00
2.246569853133323136e+00
6.036349522684627544e+00
8.788933335545683789e+00
1.006939917699602383e+01
9.672596080711530320e+00
7.656835096814740282e+00
4.336248374445133891e+00
2.326366681317004748e-01
-4.005948409404592958e+00
-7.707281789447968379e+00
-1.028167153337724926e+01
-1.131634750418203339e+01
-1.064235983144959441e+01
-8.363037211840044449e+00
-4.839085159205607667e+00
-6.323018051643659598e-01
3.583441532991156198e+00
7.129942837580673043e+00
9.433946733947271568e+00
1.012032682801518391e+01
9.073947847965367686e+00
6.459885868122533736e+00
2.698328045767184324e+00
-1.602198598654348771e+00
-5.742790668929004028e+00
-9.047637343440278812e+00
-1.097459653623876186e+01
-1.120474636216231268e+01
-9.696024526016751466e+00
-6.691801712684036119e+00
-2.682550155893985711e+00
1.673517958208568412e+00
5.658124431693403622e+00
8.611366239084521368e+00
1.004139760596601505e+01
9.707062400838410099e+00
7.659480718069113792e+00
4.235275787284974669e+00
2.116683270355301794e-03
-4.334768406363908255e+00
-8.049821409555917739e+00
-1.051868681621538926e+01
-1.132366981324342703e+01
-1.032522315329239859e+01
-7.687096350273385781e+00
-3.850470903282589230e+00
5.390156019254446207e-01
4.739427346132034202e+00
8.037838630646376714e+00
9.871648838633655387e+00
9.925210723301640670e+00
8.185066323999633298e+00
4.943977828660848672e+00
7.525997290825832131e-01
-3.673396964145427379e+00
-7.575204098884714909e+00
-1.028106075654246077e+01
-1.132239388813491487e+01
-1.051575424840561190e+01
-7.996087172558727474e+00
-4.195151824275324515e+00
2.316503305187389561e-01
4.517783010649946362e+00
7.918194869925242685e+00
9.839126841355486874e+00
9.942439845683377797e+00
8.206019531497386055e+00
4.929317846515139934e+00
6.826003132776210514e-01
-3.791662065933522285e+00
-7.708319102392360733e+00
-1.037743841261646338e+01
-1.132633105783324901e+01
-1.038403471305915104e+01
-7.713018363406639821e+00
-3.782078910397424387e+00
7.152232156215174719e-01
4.982526904752676344e+00
8.261653944804207228e+00
9.967654716334591214e+00
9.793795146698549559e+00
7.767522568108905290e+00
4.247053327316114846e+00
-1.412275394194024147e-01
-4.613747575340205742e+00
-8.369525448455826577e+00
-1.073382759629532579e+01
-1.127988882747188448e+01
-9.906636778829323475e+00
-6.858132367051334555e+00
-2.680862236205080684e+00
1.873768708702249430e+00
5.984423589556406853e+00
8.908067432675688124e+00
1.011465512883650142e+01
9.383770693712085276e+00
6.845482753457094560e+00
2.957727803986200499e+00
-1.575950921042478026e+00
-5.933589855328634144e+00
-7.882990506259105246e+00
-9.391127347513453572e+00
-9.301924072894713902e+00
-7.630611388261177908e+00
-4.680315059371704223e+00
-9.871978662116055458e-01
2.777003836476488186e+00
5.927308302918465444e+00
7.890347282469610590e+00
8.308919247667823527e+00
7.107071517284026640e+00
4.503817004319483175e+00
9.730574458856713349e-01
-2.842888646242863082e+00
-6.250303528374523410e+00
-8.630257560072987388e+00
-9.550985900856110433e+00
-8.846061407747390248e+00
-6.644254460683972852e+00
-3.345787007259994894e+00
4.505770761183172102e-01
4.056278053254219529e+00
6.817780376169208623e+00
8.234864992813953677e+00
8.051039012359284541e+00
6.299793626143440406e+00
3.298432879012794583e+00
-4.093527441853842541e-01
-4.151780298591953411e+00
-7.250417406176785207e+00
-9.142909290448358206e+00
-9.484893183255946880e+00
-8.212720944999333028e+00
-5.555612756710047506e+00
-1.994908594351059161e+00
1.822417807994794803e+00
5.200637499227434901e+00
7.521684113672806760e+00
8.358289611293344024e+00
7.553178208959124618e+00
5.249575398891842326e+00
1.866956509856572577e+00
-1.974137822310784607e+00
-5.565024701683396913e+00
-8.239228462217644378e+00
-9.496422478823946633e+00
-9.096925609320614114e+00
-7.108781027656315032e+00
-3.897943772520310102e+00
-6.254226805789353527e-02
3.677336131530112961e+00
6.614312525966912659e+00
8.187810480298814753e+00
8.092154446236934362e+00
6.337662430302410499e+00
3.252239067066297284e+00
-5.779110363672468331e-01
-4.418170761596902807e+00
-7.525739844792239452e+00
-9.293621833985845626e+00
-9.370449007308613076e+00
-7.732292330434910710e+00
-4.691444540079821479e+00
-8.391945324036941267e-01
3.067438502618320850e+00
6.253704211621778697e+00
8.081122996069668218e+00
8.176858633384039621e+00
6.512010292255691724e+00
3.411994479828059479e+00
-5.045129233813506753e-01
-4.447201484770189950e+00
-7.612834195171863882e+00
-9.349374702892138345e+00
-9.291948663304275158e+00
-7.441999428667717353e+00
-4.172019609114746785e+00
-1.532532363202458447e-01
3.780229015003975679e+00
6.803998033695863867e+00
8.276799468484385969e+00
7.878521030600898811e+00
5.682547632662068082e+00
2.145644104396029039e+00
-1.984300399623424971e+00
-5.824685131488999801e+00
-8.546478742563691000e+00
-9.554327441350507044e+00
-8.619167331382440622e+00
-5.933344664614420338e+00
-2.074437323361044250e+00
2.116303318783067322e+00
5.715948329998637334e+00
7.923312776820027992e+00
8.238983263407014590e+00
6.581176073928711290e+00
3.309981214435554708e+00
-8.475204883159193070e-01
-4.956534647243088898e+00
-8.083915621806053053e+00
-7.683749299637373298e+00
-7.198820438136147359e+00
-5.196296499064077423e+00
-2.129188637478067747e+00
1.298338582558430376e+00
4.291266011372252720e+00
6.148152098701721968e+00
6.426950634429767106e+00
5.052729508704873140e+00
2.340519304551875290e+00
-1.074014241998730856e+00
-4.381579528826891945e+00
-6.790468218069330320e+00
-7.716976527466385960e+00
-6.929065812113494260e+00
-4.607425424597993313e+00
-1.307269306139465570e+00
2.171981228251753659e+00
4.979194066678481079e+00
6.420177919430825497e+00
6.131278162365941142e+00
4.174083148731723369e+00
1.025934298732843031e+00
-2.533651955156981828e+00
-5.614397304715101455e+00
-7.437956984887115652e+00
-7.536232126130814279e+00
-5.874403859832538544e+00
-2.865695794246364780e+00
7.282438294520585664e-01
3.988199905452664229e+00
6.072212557392754562e+00
6.434497710376469115e+00
4.971218378390910075e+00
2.053507494824363011e+00
-1.563308774235499854e+00
-4.933048116277330308e+00
-7.165711476914378153e+00
-7.663903433096797002e+00
-6.285525308047363424e+00
-3.387747200891625621e+00
2.620260934978825285e-01
3.687038325333171773e+00
5.962013031257153983e+00
6.464485469170179854e+00
5.048052038367179861e+00
2.088591567983625108e+00
-1.611857478632677587e+00
-5.040072027328371007e+00
-7.248561031042578762e+00
-7.618936226300814241e+00
-6.038170314486354329e+00
-2.936717057586533564e+00
8.250364988518001930e-01
4.193151509202568405e+00
6.215112184429001374e+00
6.310978491892875297e+00
4.443084845820813200e+00
1.133758228117691003e+00
-2.677114412965419632e+00
-5.896949860244889763e+00
-7.593776182928626994e+00
-7.268178986025930044e+00
-5.003964030500940297e+00
-1.451117453239110455e+00
2.357317162553631551e+00
5.303939996108786303e+00
6.515453674324389155e+00
5.624208022026730092e+00
2.883765411479284335e+00
-8.988896367759140471e-01
-4.597848744775960839e+00
-7.102347193406568948e+00
-7.651655688832336821e+00
-6.069487344286294217e+00
-2.824762860424300914e+00
1.103200354436275399e+00
4.517691917594012452e+00
6.368988250529385553e+00
6.079286835197377670e+00
3.727000932990746751e+00
3.051466695424176478e-02
-3.867447232737816876e+00
-6.751358864086499878e+00
-7.712794568859180799e+00
-6.439753882682360597e+00
-3.322344787956533985e+00
6.621852767078442170e-01
4.252774804401401099e+00
6.303107912525875989e+00
6.149682329933888525e+00
3.830602917074779956e+00
8.174688752387537782e-02
-3.892700019245616261e+00
-6.805172779451583054e+00
-7.702746446860771812e+00
-6.282307159193406321e+00
-2.997613405443428025e+00
1.080894823758701273e+00
8.054178860416199015e+00
