-1.896434648604607531e+00
7.116993010694248056e-01
2.468871101264575429e+00
3.105824310918409381e+00
2.521154329782219428e+00
7.984538380582399952e-01
-1.804546796136163866e+00
-4.893636644535474645e+00
-7.997227888313839017e+00
-1.063814455886891963e+01
-1.240720502386183988e+01
-1.302722159106006927e+01
-1.239731722571045580e+01
-1.061034240952216479e+01
-7.940252044566813439e+00
-4.800960524819520181e+00
-1.682711119841846514e+00
9.243455280934647078e-01
2.607471644374752096e+00
3.097317910197325830e+00
2.311905220892199964e+00
3.712925324452394094e-01
-2.419820842439485364e+00
-5.619210774201634173e+00
-8.716795993504300455e+00
-1.121594225346809282e+01
-1.271343719363575175e+01
-1.296518902317210653e+01
-1.192682908245113182e+01
-9.762327134980882448e+00
-6.818849310030544508e+00
-3.571582422109831345e+00
-5.472164150781742009e-01
1.761610913962033287e+00
2.976967099681163020e+00
2.898081347823612930e+00
1.535164096047175519e+00
-8.912272339822102651e-01
-3.985447781803416412e+00
-7.241082646774171572e+00
-1.012388172174397383e+01
-1.215969204899800715e+01
-1.301283492683022303e+01
-1.254186933552441729e+01
-1.082337667093448808e+01
-8.139690920406060570e+00
-4.932503151002405772e+00
-1.729980025725194714e+00
9.405142083581985446e-01
2.639572966966404088e+00
3.088269034910402056e+00
2.213983050709845912e+00
1.619599934850715073e-01
-2.729234460749703217e+00
-5.984142535256235185e+00
-9.069202427344922768e+00
-1.148069040413098207e+01
-1.282717620940971059e+01
-1.289288731377430608e+01
-1.167168768203128693e+01
-9.366376408559379030e+00
-6.353834443640726803e+00
-3.122198351186650456e+00
-1.907678444229041759e-01
1.973984117176164510e+00
3.032544309097282564e+00
2.824786428239556280e+00
1.392665260712235842e+00
-1.029801636600391479e+00
-4.056848219909007014e+00
-7.214318822496738726e+00
-1.001533046676419758e+01
-1.203588188540779136e+01
-1.297850463874917182e+01
-1.271441071920065546e+01
-1.129837326068202685e+01
-8.955087800243097362e+00
-6.040406865693188188e+00
-2.984613277861492442e+00
-2.271928945434522618e-01
1.846736407672638691e+00
2.959095195638384190e+00
2.973615032515776413e+00
1.908834400419797461e+00
-7.112424419826091082e-02
-2.685230769761348668e+00
-5.578386594487660943e+00
-8.371596085333358417e+00
-1.071220499370187795e+01
-1.231755711138347564e+01
-1.300688616512336182e+01
-1.271827682738928367e+01
-1.150975726482954542e+01
-9.545700057478885725e+00
-7.071440674892658151e+00
-4.380192263399203867e+00
-1.776861107580670840e+00
4.567364507739402057e-01
2.091393278891678698e+00
2.971928534502242591e+00
3.028897520201802251e+00
2.280255689310001443e+00
8.237837686409701377e-01
-1.178010293098219030e+00
-3.518195007192181034e+00
-5.968335488763003127e+00
-8.301481159707213564e+00
-1.031297361312981842e+01
-1.183731849226011512e+01
-1.275996571538223989e+01
-1.302347319568506023e+01
-1.262812153423726613e+01
-1.162754790732340027e+01
-1.012034195938875314e+01
-8.238779122627754248e+00
-6.135958456936141836e+00
-3.972577452966049805e+00
-1.904439386970708359e+00
-7.157916542404407778e-02
1.410358051031404436e+00
2.456115835518733803e+00
3.014086436968097971e+00
3.066937141219851171e+00
2.629886981543251956e+00
1.747045860680556117e+00
4.863047562754010400e-01
-1.066705954906101095e+00
-2.815086364513149420e+00
-4.657107888927331629e+00
-6.492238071702075786e+00
-8.226446718740890063e+00
-9.776580847294120247e+00
-1.107368439291767004e+01
-1.206521973810548509e+01
-1.271621516358510284e+01
-1.300943520875285131e+01
-1.294471817662406465e+01
-1.253759762469374550e+01
-1.181735652215559895e+01
-1.082467186300762663e+01
-9.609004411522956701e+00
-8.225878342127176168e+00
-6.734180477961986711e+00
-5.193590226350173644e+00
-3.662230620585249063e+00
-2.194609396812732705e+00
-8.398978516295105834e-01
3.594247829038943465e-01
1.368551879455484510e+00
2.160961168034217117e+00
2.718677275303054586e+00
3.032215191365700946e+00
3.100242672347746975e+00
2.929004876104658983e+00
2.531557442625795851e+00
1.926855033401498218e+00
1.138741336208276778e+00
1.948840432949126011e-01
-8.743053555565127866e-01
-2.036731645847134953e+00
-3.259625593852612191e+00
-4.510478437416327147e+00
-5.757881769024793428e+00
-6.972258745293125060e+00
-8.126477597639993888e+00
-9.196343049602560882e+00
-1.016096537742441797e+01
-6.124039805141022086e+00
-6.259948641459811114e+00
-6.367718988625806986e+00
-6.446147460749320324e+00
-6.494709127868339316e+00
-6.513516796152692301e+00
-6.503269412165741947e+00
-6.465192039620601960e+00
-6.400969773715987188e+00
-6.312677821966558689e+00
-6.202709803024704982e+00
-6.073706107307421220e+00
-5.928483935447212083e+00
-5.769970391835578027e+00
-5.601139768867844815e+00
-5.424955919809903548e+00
-5.244320390194282311e+00
-5.062026763869733159e+00
-4.880721483735464439e+00
-4.702871231236447791e+00
-4.530736794409703450e+00
-4.366353222373628995e+00
-4.211515954663495265e+00
-4.067772526172301006e+00
-3.936419381617127122e+00
-3.818503286007262965e+00
-3.714826787859248913e+00
-3.625957178019853622e+00
-3.552238386949724713e+00
-3.493805275179731940e+00
-3.450599793391760706e+00
-3.422388518277147185e+00
-3.408781106174127995e+00
-3.409249246802455779e+00
-3.423145742671237279e+00
-3.449723384577004559e+00
-3.488153338845788376e+00
-3.537542806592611111e+00
-3.596951758431711887e+00
-3.665408589088790414e+00
-3.741924574715158158e+00
-3.825507050992662528e+00
-3.915171262085306303e+00
-4.009950858987824773e+00
-4.108907050788131343e+00
-4.211136433829567594e+00
-4.315777541826264496e+00
-4.422016174804148214e+00
-4.529089576506078352e+00
-4.636289538839988289e+00
-4.742964518312478006e+00
-4.848520853439193701e+00
-4.952423174123532945e+00
-5.054194094213854349e+00
-5.153413277144526461e+00
-5.249715961985343959e+00
-5.342791033602910744e+00
-5.432378716191190726e+00
-5.518267964357746358e+00
-5.600293620434409370e+00
-5.678333400877805026e+00
-5.752304768675184476e+00
-5.822161742695374009e+00
-5.887891689025885888e+00
-5.949512133600255659e+00
-6.007067629913229290e+00
-6.060626710399660055e+00
-6.110278945156679242e+00
-6.156132127146072719e+00
-6.198309598843995794e+00
-6.236947731515753546e+00
-6.272193564888084438e+00
-6.304202611961152947e+00
-6.333136831041845660e+00
-6.359162764768693243e+00
-6.382449843922938015e+00
-6.403168852156924551e+00
-6.421490546398468169e+00
-6.437584426585201136e+00
-6.451617647521652010e+00
-6.463754065010805405e+00
-6.474153407967640383e+00
-6.482970567951735319e+00
-6.490354997438598339e+00
-6.496450208163653706e+00
-6.501393361000421756e+00
-6.505314939057119439e+00
-6.508338495977771032e+00
-6.510580471799778834e+00
-6.512150069136655617e+00
-6.513149182909962143e+00
-6.513672377337831776e+00
-6.513806904389295660e+00
-6.513632758425578650e+00
-6.513222762264353705e+00
-6.512642680414321816e+00
-6.511951355729975077e+00
-6.511200866225268946e+00
-6.510436699256250570e+00
-6.509697940732886323e+00
-6.509017477446636946e+00
-6.508422211000001845e+00
-6.507933282195304869e+00
-6.507566305080401570e+00
-6.507331610157074842e+00
-6.507234496532269041e+00
-6.507275493031625224e+00
-6.507450628497708500e+00
-6.507751711661115657e+00
-6.508166621100041738e+00
-6.508679605892335296e+00
-6.509271597612800164e+00
-6.509920534337143572e+00
-6.510601697282200284e+00
-6.511288060640014308e+00
-6.511950655051216508e+00
-6.512558945011727829e+00
-6.513081220317102904e+00
-6.513485001422362863e+00
-6.513737458334033725e+00
-6.513805842357723641e+00
-6.513657929702087124e+00
-6.513262475592064504e+00
-6.512589677174914549e+00
-6.511611643116488324e+00
-6.510302867387402159e+00
-6.508640704334572646e+00
-6.506605841728541506e+00
-6.504182768076475440e+00
-6.501360230099931137e+00
-6.498131675899966986e+00
-6.494495678973652097e+00
-6.490456337907886564e+00
-6.486023646259119424e+00
-6.481213826829576696e+00
-6.476049624267208316e+00
-6.470560549639651882e+00
-6.464783070350146765e+00
-6.458760738457971939e+00
-6.452544250115233915e+00
-6.446191428406660151e+00
-6.439767121342747203e+00
-6.433343006065925351e+00
-6.426997289431186644e+00
-6.420814293955936947e+00
-6.414883916627790228e+00
-6.409300946133965837e+00
-6.404164221643661392e+00
-6.399575613238575933e+00
-6.395638800346848285e+00
-6.392457819987503953e+00
-6.390135351178514611e+00
-6.388770695413109380e+00
-6.388457405603153560e+00
-6.389280507300818535e+00
-6.391313246380335045e+00
-6.394613286824312404e+00
-6.399218271087121934e+00
-6.405140644168413999e+00
-6.412361631765441494e+00
-6.420824253795475833e+00
-6.430425248804024108e+00
-6.441005784578751836e+00
-6.452340838815230128e+00
-6.464127155181593309e+00
-6.475969720249925565e+00
-1.395999825826589458e+01
-1.402086627509216044e+01
-1.407091392417289910e+01
-1.410469507337985107e+01
-1.411572320272731851e+01
-1.409637336381198658e+01
-1.403780145069839591e+01
-1.392989429633576393e+01
-1.376126879357548560e+01
-1.351934385705628117e+01
-1.319051551051558846e+01
-1.276047243419576382e+01
-1.221469637487993154e+01
-1.153919790626573771e+01
-1.072154151575088221e+01
-9.752212452952072397e+00
-8.626367747894340354e+00
-7.345990653286980532e+00
-5.922425653074826712e+00
-4.379203374001423121e+00
-2.754964430415761889e+00
-1.106153232757705940e+00
4.910235363804380526e-01
1.940085210085975120e+00
3.126102731603007001e+00
3.920992700599940761e+00
4.194108514778227104e+00
3.828690065294518163e+00
2.743903131918854932e+00
9.209449801909279643e-01
-1.570251668988023486e+00
-4.549441239151285288e+00
-7.717390319281966171e+00
-1.066887651743686938e+01
-1.293497271016688188e+01
-1.405782862485958873e+01
-1.369294477795471110e+01
-1.172249311421886020e+01
-8.350976400650020892e+00
-4.145885088799108331e+00
1.312919358426167804e-02
3.097294861436187929e+00
4.192213612742540008e+00
2.805885525820659865e+00
-8.765172944838592883e-01
-5.907446165430986440e+00
-1.075191169575406924e+01
-1.373403261973042966e+01
-1.364908079508167305e+01
-1.032227963328630693e+01
-4.849537009407629107e+00
6.722453887742858569e-01
3.920514074370165858e+00
3.365946778355626279e+00
-9.195368599324398318e-01
-7.115818929988362740e+00
-1.236202987122968189e+01
-1.408456111600389526e+01
-1.132656315824345583e+01
-5.358705696241642613e+00
8.457862138101246430e-01
4.092799333922217286e+00
2.658157470045779291e+00
-2.745785043575025952e+00
-9.307218137634674093e+00
-1.359967254482913290e+01
-1.339086493265683941e+01
-8.800360856187817049e+00
-2.220564913214105207e+00
2.935332039817595273e+00
4.003368871490392777e+00
4.401729893600938581e-01
-5.907238779393321870e+00
-1.176353372938168818e+01
-1.411585200102202187e+01
-1.176063898214101400e+01
-5.914401729357209092e+00
4.187959966237588816e-01
3.992342498101509207e+00
2.979663555235585903e+00
-2.095765550845603009e+00
-8.634468619962966329e+00
-1.329399706022530303e+01
-1.369679762269544732e+01
-9.640953207925381463e+00
-3.198676064820012765e+00
2.344032024958861093e+00
4.163370116196166038e+00
1.334878250152221391e+00
-4.698730664144659563e+00
-1.086477510910245847e+01
-1.402560135673173569e+01
-1.257439666249024413e+01
-7.250796676285832021e+00
-7.629897650204808812e-01
3.590207395148858893e+00
3.596266551758601437e+00
-7.471971411513180783e-01
-7.232053812809747129e+00
-1.256230552087518326e+01
-1.402906210328836956e+01
-1.088693057458591440e+01
-4.732733626380420944e+00
1.305804745616176099e+00
4.159368172302869482e+00
2.377037311633046102e+00
-3.135746294575388671e+00
-9.576662474390740698e+00
-1.367056354522629213e+01
-1.333476804988477760e+01
-8.739002775846651971e+00
-2.220393445436372293e+00
2.904339763768842175e+00
4.026238446724553555e+00
5.727848813871752043e-01
-5.698943459512462617e+00
-1.159524865009936256e+01
-1.411165621223021027e+01
-1.196425334735302748e+01
-6.245877578377069028e+00
1.287591040647972918e-01
3.907965560422669071e+00
3.161958475475170616e+00
-1.730604139598652669e+00
-8.273316691786428478e+00
-1.312470912232739018e+01
-1.380470408911573621e+01
-9.963474089820985924e+00
-3.563040562291690971e+00
2.123469512355295130e+00
4.185232502321174053e+00
1.564531811451807641e+00
-4.398947408638653300e+00
-1.065126316064950629e+01
-1.398733859899245502e+01
-1.269445711792825549e+01
-7.433159161504756085e+00
-9.016690105627187535e-01
3.546666935252453356e+00
3.625159477563538957e+00
-7.093113656476983664e-01
-7.230697393970991982e+00
-1.258545496361142213e+01
-1.401678388578999268e+01
-1.078507924678117647e+01
-4.552124999244755443e+00
1.471567456102392590e+00
4.179746981395885186e+00
2.173052919803036609e+00
-3.515973229665099176e+00
-9.952112330706118115e+00
-1.381076265383731716e+01
-1.309569799032740889e+01
-8.173552462379230832e+00
-1.588042742572341126e+00
3.253113247261907759e+00
3.841545297710894147e+00
-1.305966159787210756e-01
-6.607371912258336977e+00
-1.223138088812929070e+01
-1.408372477870360306e+01
-1.120010265002936478e+01
-5.074976330033842409e+00
1.110900202885074961e+00
4.141381284494572768e+00
2.437848285188482400e+00
-3.980948758394373677e+00
