-6.600752085250709555e-01
-3.212354208771787123e-01
-1.079956137127765503e-01
-5.664900135345352084e-02
-1.762300640653965411e-01
-4.468457875578810690e-01
-8.229048395271995053e-01
-1.240734948382214098e+00
-1.629326985778097647e+00
-1.922399365631195955e+00
-2.069733958354095016e+00
-2.045839969315188966e+00
-1.854441410998943551e+00
-1.527985708071977200e+00
-1.122218301233244730e+00
-7.067169162459383536e-01
-3.529832604603927448e-01
-1.221260751099877417e-01
-5.425907716997380170e-02
-1.614606179530683194e-01
-4.255423108538018973e-01
-8.010514969081298231e-01
-1.223027367689273115e+00
-1.618199295709392693e+00
-1.917704160599628782e+00
-2.069116618836171817e+00
-2.045685773919700079e+00
-1.851140808878747546e+00
-1.519189145548244468e+00
-1.107753612700651979e+00
-6.889197320963811322e-01
-3.363278852790809736e-01
-1.122112849654967048e-01
-5.636347870134450488e-02
-1.789992878671057275e-01
-4.588023630470702274e-01
-8.465455419346816779e-01
-1.273685037956480137e+00
-1.664440302223006096e+00
-1.949237587896199386e+00
-2.077132831250716904e+00
-2.024989741510943020e+00
-1.801748390214063855e+00
-1.446982780891020948e+00
-1.023961799992601618e+00
-6.084161013719220357e-01
-2.749959376118410459e-01
-8.383844768026960104e-02
-6.966515684424656740e-02
-2.353959013730348993e-01
-5.514673948500024014e-01
-9.610233043658182872e-01
-1.390080447885838622e+00
-1.760864848579881459e+00
-2.005919210611246672e+00
-2.080421443259158565e+00
-1.970456744590686871e+00
-1.695703670886734127e+00
-1.306001263081140840e+00
-8.723788711412844288e-01
-4.741498502015829564e-01
-1.844066135985854560e-01
-5.656901382599310857e-02
-1.144678897302748855e-01
-3.478165555050460878e-01
-7.139457220794088732e-01
-1.145528328214818092e+00
-1.562910581978908864e+00
-1.888800278177751313e+00
-2.062606497983241027e+00
-2.051765712588421220e+00
-1.857926239789118750e+00
-1.516801654541865663e+00
-1.091673694996361688e+00
-6.617106042141400746e-01
-3.072462127846817825e-01
-9.475265616479144892e-02
-6.432078731916357484e-02
-2.220160810577269661e-01
-5.385820316313819633e-01
-9.547812514907545456e-01
-1.392416214729599533e+00
-1.768991709741018159e+00
-2.013275563838937909e+00
-2.078820801806514851e+00
-1.952873495120934777e+00
-1.658943841192655144e+00
-1.252506863249521318e+00
-8.106011149923839643e-01
-4.172621567955985267e-01
-1.475380140138564666e-01
-5.312760076684375221e-02
-1.523983251562127661e-01
-4.267239528654290792e-01
-8.238887611491610974e-01
-1.267954317505242567e+00
-1.673738602253564522e+00
-1.963154690229794053e+00
-2.080275440697768374e+00
-2.002210701974432627e+00
-1.743668359336477458e+00
-1.354274383405816407e+00
-9.091212024048026530e-01
-4.943299150727925584e-01
-1.903937294890144516e-01
-5.652318005669476619e-02
-1.190444024692547398e-01
-3.661365216133894984e-01
-7.499761287107837848e-01
-1.195919135723028770e+00
-1.616971898745711567e+00
-1.930754893705435737e+00
-2.075652327126138452e+00
-2.022975404154985224e+00
-1.782725647076990549e+00
-1.401784661316537450e+00
-9.548386476427028757e-01
-5.297799451354646694e-01
-2.104304052885894727e-01
-5.998131174349974337e-02
-1.084277106291321457e-01
-3.465081333430235500e-01
-7.273896448728145447e-01
-1.175810492464633983e+00
-1.602909559577507137e+00
-1.923828833578622888e+00
-2.074602968474353215e+00
-2.024968065631609804e+00
-1.784512701590322603e+00
-1.400906012590106275e+00
-9.505125505294115262e-01
-5.232286374752388447e-01
-2.045439820938278475e-01
-5.840778627486309382e-02
-1.143398625249307798e-01
-3.613963071448507147e-01
-7.502375188874819134e-01
-1.202923763426741122e+00
-1.628505076257299899e+00
-1.941293037368598817e+00
-2.078142957049161410e+00
-2.011254020317489122e+00
-1.753881266733421374e+00
-1.357772659215969124e+00
-9.028131020692719000e-01
-4.809384107150308507e-01
-1.775543364079453790e-01
-5.421792315863260825e-02
-1.361002765750856103e-01
-4.067948476261701307e-01
-8.115535622096590185e-01
-1.268323303175936889e+00
-1.684364675972562342e+00
-1.975088874257283633e+00
-2.081283233568821167e+00
-1.981210336290705420e+00
-1.695098980842465686e+00
-1.281089819626380466e+00
-8.234412380684599242e-01
-4.153858668993264391e-01
-1.401270168107970893e-01
-5.385255282104961516e-02
-1.742397143042700991e-01
-4.768086385998722143e-01
-8.998816765960226949e-01
-1.357146825241326571e+00
-1.755266738619097211e+00
-2.360388177365961404e+00
-2.448685896609514856e+00
-2.254856785246272644e+00
-1.818442689377500532e+00
-1.228556753335558138e+00
-6.056891789656022596e-01
-7.709156167439257246e-02
2.492287824521417505e-01
3.065866902804388339e-01
8.325338216405686609e-02
-3.751423869736603134e-01
-9.749381837118882288e-01
-1.593580424267620366e+00
-2.104671168158442462e+00
-2.403797833344540891e+00
-2.429865467107382493e+00
-2.177572255856967676e+00
-1.698481148903180582e+00
-1.090472633234060407e+00
-4.777385350706097045e-01
1.459140169632311412e-02
2.860041184338351083e-01
2.811192498997039380e-01
9.795169255442104372e-04
-4.971843226959006268e-01
-1.111658560751320968e+00
-1.717024538930337796e+00
-2.189762403536721358e+00
-2.433452235013116915e+00
-2.398431005555416995e+00
-2.091899657734145990e+00
-1.576426361133802967e+00
-9.571604959969148840e-01
-3.603735433797857768e-01
9.229137779510465656e-02
3.086092792108821037e-01
2.445514173172134154e-01
-8.676918869005045831e-02
-6.177988477424976033e-01
-1.240330923865733848e+00
-1.827563123721103633e+00
-2.259926412407518903e+00
-2.449424350373928583e+00
-2.357530018792851401e+00
-2.003003520245488112e+00
-1.458047280872939222e+00
-8.335902655722594590e-01
-2.567026702139084682e-01
1.552599944767101281e-01
3.185233797627384789e-01
1.999194195305757926e-01
-1.763874392295861071e-01
-7.338344208293420268e-01
-1.359045445240866457e+00
-1.924893255974096773e+00
-2.316347242709081655e+00
-2.453852205127980746e+00
-2.309488016581326519e+00
-1.912629613612682355e+00
-1.343961791613493828e+00
-7.190698052775081894e-01
-1.649439361689292172e-01
2.058258516625299794e-01
3.179219352675077825e-01
1.485925546797430830e-01
-2.677371570223369135e-01
-8.464697499145852344e-01
-1.470029323782644060e+00
-2.011749562445316997e+00
-2.361602560836915554e+00
-2.448542841735151576e+00
-2.254929920804655374e+00
-1.820102632310727442e+00
-1.232381991285325329e+00
-6.111290697438267472e-01
-8.250314153931981309e-02
2.461565103397758136e-01
3.081234591738044593e-01
9.082779405142082929e-02
-3.615976459644255625e-01
-9.572835320638417578e-01
-1.575280664939830322e+00
-2.090117992148422310e+00
-2.397275751293465262e+00
-2.434402523938169249e+00
-2.193969738237046663e+00
-1.724795882509260858e+00
-1.122132321944612654e+00
-5.083244308931795796e-01
-7.974511998621647280e-03
2.773514792107447668e-01
2.897393426192704791e-01
2.668011441398343564e-02
-4.584233358696281346e-01
-1.067098579591332363e+00
-1.675793317036485153e+00
-2.160954591179246265e+00
-2.424106943967634820e+00
-2.411839484221720120e+00
-2.126645439016047412e+00
-1.626414567349068641e+00
-1.012681933301609050e+00
-4.100185243060441298e-01
5.925306510435368601e-02
2.998860046991429495e-01
2.630406830241689420e-01
-4.380314948338592806e-02
-5.583651338979980228e-01
-1.176205518282514628e+00
-1.771923025538528762e+00
-2.224606964374654439e+00
-2.442377785402366719e+00
-2.381035323176085239e+00
-2.053029872087230423e+00
-1.524935306920175426e+00
-9.039370682666781898e-01
-3.160773773047607094e-01
1.193269733026940393e-01
3.139020342474028169e-01
2.281540285400411872e-01
-1.205141546026797794e-01
-6.613345471166345302e-01
-1.284537193550701506e+00
-1.863629721386717009e+00
-2.281071499988555296e+00
-2.452131373560000327e+00
-2.342086474141714003e+00
-1.973271033013246356e+00
-1.420544162199031568e+00
-7.960961758928178922e-01
-2.266770736940832975e-01
1.721309411228233444e-01
3.193748448836404297e-01
1.851637629322209211e-01
-2.032623616459440230e-01
-7.670606569599087710e-01
-1.391788152446739923e+00
-1.950631599839211194e+00
-2.330149171256470808e+00
-2.453298788721896440e+00
-2.295078356345315207e+00
-1.887602656487358699e+00
-1.313585815387740885e+00
-6.895518367181127095e-01
-1.421809842298206172e-01
2.174065660602189087e-01
3.162093535335093186e-01
1.341658107806544820e-01
-2.917712516136987677e-01
-8.751345910248882198e-01
-1.497494941721959627e+00
-2.032503020522347104e+00
-2.371540531372601457e+00
-2.445772591377441962e+00
-2.240124242521336129e+00
-1.796343014164446750e+00
-1.204525123937565834e+00
-5.848250698737361697e-01
-6.306155814265990145e-02
2.548277840376584891e-01
3.042963730310417336e-01
7.529572544240914489e-02
-3.856821673924896166e-01
-9.850425161798431750e-01
-1.601089898228860608e+00
-2.108737164488876381e+00
-3.955896860689672501e+00
-4.008902181823435384e+00
-3.464580907762237594e+00
-2.433451403897791909e+00
-1.124886651463078202e+00
1.953974812697527597e-01
1.259297482179996264e+00
1.850765175503048754e+00
1.849682767867192767e+00
1.256259474789727326e+00
1.909941073070982043e-01
-1.129790409061939727e+00
-2.437873779367496496e+00
-3.467606924897866705e+00
-4.009861394989765238e+00
-3.954503144592712793e+00
-3.312763918058876378e+00
-2.214965419223438481e+00
-8.840567940066819119e-01
4.096617660360211133e-01
1.403434962557927657e+00
1.895419035807337726e+00
1.785679977188004974e+00
1.096495402737501346e+00
-3.216486810996355139e-02
-1.371063304454871901e+00
-2.648252441834105131e+00
-3.604310488976468108e+00
-4.045035877309063110e+00
-3.880897082763970829e+00
-3.145223504459097263e+00
-1.987440812584194694e+00
-6.427231133479206493e-01
6.157750657734666344e-01
1.532404777501735316e+00
1.920955810043759149e+00
1.702486945969212906e+00
9.213673094445147260e-01
-2.637315088169793764e-01
-1.612064392119651135e+00
-2.849716976577751026e+00
-3.725251305693912940e+00
-4.060788491729650396e+00
-3.788150073511590499e+00
-2.962714399197120763e+00
-1.752171282472639202e+00
-4.024578215420593352e-01
8.122054032276260216e-01
1.645027556662500556e+00
1.926790986940605022e+00
1.600236356421078421e+00
7.317018782000808130e-01
-5.023499095107772927e-01
-1.851182064888697631e+00
-3.040727133441285090e+00
-3.829274667701905166e+00
-4.056587258730125711e+00
-3.676464302246427174e+00
-2.766135298609072812e+00
-1.510572240289596246e+00
-1.649070795014324631e-01
9.974102065411523110e-01
1.740179093877803451e+00
1.912449677663762282e+00
1.479202297767251428e+00
5.284696360865632769e-01
-7.465478152935944856e-01
-2.086740155048927292e+00
-3.219743491882050890e+00
-3.915292148388409110e+00
-4.032018408156974765e+00
-3.546187758185962657e+00
-2.556528167730274248e+00
-1.264170132014096559e+00
6.822727046433452180e-02
1.169858313271338934e+00
1.816811580407394766e+00
1.877582831154543497e+00
1.339808318692339517e+00
3.127834041082702132e-01
-9.947472572674674884e-01
-2.317015327729091467e+00
-3.385247975712306179e+00
-3.982301046769438635e+00
-3.986800858083151766e+00
-3.397820920845935788e+00
-2.335075924874502995e+00
-1.014591742212872294e+00
2.952044846725649929e-01
1.328049351013945722e+00
1.873971633908500189e+00
1.821980291287562670e+00
1.182632947038878557e+00
8.589526898818178324e-02
-1.245275402034420775e+00
-2.540253457181306018e+00
-3.535762375469835739e+00
-4.029401283032446379e+00
-3.920798082939175977e+00
-3.232021253529829607e+00
-2.103098728361341152e+00
-7.635531090773536311e-01
5.142610574918518029e-01
1.470531613641155699e+00
1.910816272293948570e+00
1.745581645370189561e+00
1.008413253869166359e+00
-1.508078044362352044e-01
-1.496375942661542169e+00
-2.754685660586380536e+00
-3.669865739433296525e+00
-4.055810606861348866e+00
-3.834028063094370609e+00
-3.049605902150883896e+00
-1.862048914194900373e+00
-5.128477680384445625e-01
7.236267510841225548e-01
1.595919086880585480e+00
1.926627469019663641e+00
1.648485358152462110e+00
8.180467271519515915e-01
-3.958097175396897427e-01
-1.746221269394032660e+00
-2.958544400602431512e+00
-3.786211120530395213e+00
-4.060878577930415290e+00
-3.726671658046477376e+00
-2.851552766258139471e+00
-1.613504558566023039e+00
-2.643341275584436545e-01
9.215408271042031529e-01
1.702907976794645561e+00
1.920825610185442178e+00
1.530956417152703919e+00
6.125915498707823481e-01
-6.474723814663080335e-01
-1.992925577609316878e+00
-3.150079885475701502e+00
-3.883541925320742827e+00
-4.044099530009577670e+00
-3.599079540323002036e+00
-2.638999984954907507e+00
-1.359161615154494518e+00
-1.992185528018897145e-02
1.106268640243221357e+00
1.790292901074191034e+00
1.892981979649630331e+00
1.393432559159452078e+00
3.932652882852936127e-01
-9.040443111729636883e-01
-2.234559002392729532e+00
-3.327576869154676764e+00
-3.960707955643339773e+00
-4.005124578347442288e+00
-3.451777709391302018e+00
-2.413243817990497142e+00
-1.100824579157223093e+00
2.184427854935793167e-01
1.276118648106151499e+00
1.856982778027185477e+00
1.842830280091223516e+00
1.236529059647898388e+00
1.614419539453211261e-01
-1.163670711766475963e+00
-2.469162813253503952e+00
-3.489371865779202331e+00
-3.913597389136480587e+00
