2.685158623337988715e+00
3.039962794756087661e+00
3.148032628808225208e+00
2.979355653985642949e+00
2.583433459601251592e+00
2.074760704733801031e+00
1.599716274350439171e+00
1.294440428675617261e+00
1.245819449842957116e+00
1.466758800884456981e+00
1.892781092585462233e+00
2.400838374964616051e+00
2.844851199048038293e+00
3.097710198020110717e+00
3.087663651581542101e+00
2.818674530252727628e+00
2.368972391287740287e+00
1.868305164604882496e+00
1.460504848822905988e+00
1.262167351327492915e+00
1.329316967528600291e+00
1.641586083764233983e+00
2.108376067022513123e+00
2.595140384917826726e+00
2.962165730285266196e+00
3.104673114802605660e+00
2.982728956320155778e+00
2.632427884223605741e+00
2.155217870591616514e+00
1.688522263050372896e+00
1.366165734820862232e+00
1.280000346281008117e+00
1.453735315282521423e+00
1.836426262443279445e+00
2.317407922294870914e+00
2.758294887718930610e+00
3.032797122295944448e+00
3.062894714391900308e+00
2.841010023481345570e+00
2.431877051499327980e+00
1.953659491853444230e+00
1.543823928493241127e+00
1.319624165443447517e+00
1.344555759599664002e+00
1.610377651455870307e+00
2.039790136441385293e+00
2.508910481634895273e+00
2.883011965892758877e+00
3.055216038656418664e+00
2.977025594822621635e+00
2.671976925539619963e+00
2.228569101961690446e+00
1.774591029914513118e+00
1.440293170478676332e+00
1.321017668144590651e+00
1.450008549086057918e+00
1.789155468693552686e+00
2.240245469685156365e+00
2.673402983399914223e+00
2.964482936400526736e+00
3.030650931078097798e+00
2.853953277341439332e+00
2.486170936080457139e+00
2.033650409234248890e+00
1.626553861293579484e+00
1.381419494716882301e+00
1.367801257104776180e+00
1.588537409213319540e+00
1.979244399996748616e+00
2.427092399175508675e+00
2.803388196386520370e+00
3.000556355412101528e+00
2.962891760614242198e+00
2.702292662848711835e+00
2.294532163324467522e+00
1.857228636544450140e+00
1.515919032528089794e+00
1.368021038529419364e+00
1.455029429390026330e+00
1.750881478057457530e+00
2.169751449056707582e+00
2.590946526777829995e+00
2.893683011809418115e+00
2.991722478309612132e+00
2.857935653360259565e+00
2.531797981315960566e+00
2.107749385703920009e+00
1.707848523031653576e+00
1.446639309422144137e+00
1.398342553591810145e+00
1.575769706781545487e+00
1.926948463579343462e+00
2.350341499384932753e+00
2.724203372523506417e+00
2.941588055832508264e+00
2.940940802227689943e+00
2.723523810722997318e+00
2.352743857492757940e+00
1.935664206860914893e+00
1.592090502031783483e+00
1.420156795530373106e+00
1.468297045521622657e+00
1.721607046713018452e+00
2.106435292277997195e+00
2.511794936191200200e+00
2.821372741040634846e+00
2.946903642442914695e+00
2.853334596062396145e+00
2.568604172931113538e+00
2.175311992608831790e+00
1.786758758213121467e+00
1.514306470045472031e+00
1.435461651833344510e+00
1.571828946791747672e+00
1.883205365349826632e+00
2.279425256478379680e+00
2.646468215988877937e+00
2.879270689934242178e+00
2.911799140531741159e+00
2.735776876921645506e+00
2.402754684808568797e+00
2.009018706421096478e+00
1.667752469091891232e+00
1.476501172372654880e+00
1.489290899345648178e+00
1.701371489311807927e+00
2.050890383099859271e+00
2.436927707471760574e+00
2.748635036732163250e+00
2.897064792627262353e+00
2.840550731606429569e+00
2.596397781154279105e+00
2.235603445496745056e+00
1.862215469224814735e+00
1.583326569208357792e+00
1.478358964637457529e+00
1.576448193817225896e+00
1.848365848815802126e+00
2.215217568184896457e+00
2.571331037463524538e+00
2.814694676890841407e+00
2.876179345989428704e+00
2.739172476017286417e+00
2.444048856728917585e+00
2.076280342162528658e+00
1.741683997111445281e+00
1.535976103240167090e+00
1.517391999890623122e+00
1.690203836657714564e+00
2.003800043291159572e+00
2.367502629399485858e+00
2.676785492843397840e+00
2.843312947458593420e+00
2.820165748338638867e+00
2.615051248033309239e+00
2.287780932104928500e+00
1.932830713570739212e+00
1.652071037490890681e+00
1.525541108950338565e+00
1.588653119255604818e+00
1.822316642393180475e+00
2.158727557020480248e+00
2.501056418962853911e+00
2.751299785351277727e+00
2.838263841945234400e+00
2.737682254345938926e+00
2.478802814613119132e+00
2.135718731796854897e+00
1.806275967290969842e+00
1.584718925533226797e+00
1.534914567493234516e+00
1.671879898914645501e+00
1.957147274191455733e+00
2.309450623426632543e+00
2.627796748227540391e+00
2.820377540779580805e+00
2.831036784148681651e+00
2.655647865505677885e+00
2.343615675120928277e+00
1.983974363353490089e+00
1.679990231757282348e+00
1.519515688372119921e+00
1.549607170771858167e+00
1.762740724116225621e+00
2.098660377269633948e+00
2.461415762567769061e+00
2.746770289245363372e+00
2.872149786244835745e+00
2.800527663390321109e+00
2.551340460248203268e+00
2.195221353940240760e+00
1.833976540442636249e+00
1.571481572703370855e+00
1.483817050949002514e+00
1.597227479902626701e+00
1.880285172565879348e+00
2.252592649102653333e+00
2.607615671955084480e+00
2.843163581384190230e+00
2.890798579366393284e+00
2.735713351967402396e+00
2.421306840492596368e+00
2.037052028825491856e+00
1.693043367833521717e+00
1.488460417971749106e+00
1.482977188610181241e+00
1.679355930567356214e+00
2.022300868302815413e+00
2.414005204257416271e+00
2.742027765484474688e+00
2.911561136035969444e+00
2.872836480746471466e+00
2.635745606716046741e+00
2.267383193755198256e+00
1.873096858530501896e+00
1.566384656858792912e+00
1.436231038629104173e+00
1.521266941564251685e+00
1.798258781207433543e+00
2.188389298435657437e+00
2.579671983307163519e+00
2.859136033600730986e+00
2.945511714647954804e+00
2.812915587288448815e+00
2.498586530949341356e+00
2.092336065817570923e+00
1.710720319396230371e+00
1.463456224494327884e+00
1.421843440588366869e+00
1.598316898041613365e+00
1.942972133905784826e+00
2.357959553535183161e+00
2.725495685304047289e+00
2.941382775221089041e+00
2.944451630449268276e+00
2.733625115913671966e+00
2.367919477935529038e+00
1.949579769371213800e+00
1.595277205117214603e+00
1.403553764413089766e+00
1.427607759270987486e+00
1.660879586429309107e+00
2.039236993662745689e+00
2.458934236140751128e+00
2.805221426387826789e+00
2.983671364896474998e+00
2.945692907349001466e+00
2.701415424044509628e+00
2.316637616436553859e+00
1.894853482367196529e+00
1.549331177675281612e+00
1.372788303633557749e+00
1.412737061066031030e+00
1.658971595065575233e+00
2.046400142169051861e+00
2.472368020694964308e+00
2.823837280148874029e+00
3.007254288063996306e+00
2.973280462612545083e+00
2.729928692152097991e+00
2.340669783305301177e+00
1.907968126102920881e+00
1.546480097991774549e+00
1.352845237600472483e+00
1.379933702834683196e+00
1.622338329270815338e+00
2.017069974336155536e+00
2.459525011043213194e+00
2.830812390192672279e+00
3.029464615168661279e+00
2.999217240398966755e+00
2.745322153363293438e+00
2.334638775110720044e+00
1.878892127998407435e+00
1.504987148153895227e+00
1.319966753386273339e+00
1.380072307055252967e+00
1.672786251218032483e+00
2.117666624434104694e+00
2.586900961683856082e+00
2.941021882109901675e+00
3.070323870917040843e+00
2.929868320316351582e+00
2.556737501507651888e+00
2.062633039200246099e+00
1.602113954471899193e+00
1.324759626357342679e+00
1.325741321638128856e+00
1.611297196047257074e+00
2.092128088929623431e+00
2.609245704728862414e+00
2.985721135615901023e+00
3.087858575732409960e+00
2.874427917748068051e+00
2.415199551706590952e+00
1.869978402183655408e+00
1.433605328086356767e+00
1.265780081785625510e+00
1.431327148002782490e+00
1.873786413537617657e+00
2.433516361102128212e+00
2.904942837837002578e+00
3.112432192068459891e+00
2.976505545806654052e+00
2.545043446494925643e+00
1.976942318619556271e+00
1.483635718228063061e+00
1.250102338594015094e+00
1.365114214097321366e+00
1.787264799383750713e+00
2.359885708516523017e+00
2.869429213384294908e+00
3.125376845203905685e+00
3.031570948111377284e+00
2.622156348681025317e+00
2.048749279344492802e+00
1.523842747082185145e+00
1.241806332894218379e+00
1.307012001428462966e+00
1.695667790546206533e+00
2.265149447540324879e+00
2.806916616861832026e+00
3.123130520579964209e+00
3.098699725485214884e+00
2.742579436712287322e+00
2.183732807633157691e+00
1.623801233545130840e+00
1.264091792986138607e+00
1.233407617978506288e+00
1.542498227684407475e+00
2.081001387518115031e+00
2.657422825393524590e+00
3.067489150544498333e+00
3.166445423407973081e+00
2.919883318223260193e+00
2.415171360534774436e+00
1.829771091416822815e+00
1.368487202539217407e+00
1.191869343434143635e+00
1.360695059991504863e+00
1.815547598537018192e+00
2.398149129550240843e+00
2.906660320625100269e+00
3.165580604684346877e+00
3.086087656476368846e+00
2.696179676734727693e+00
2.130519678106379988e+00
1.583753548831236202e+00
1.243524073082798331e+00
1.226211571826074209e+00
1.537338932572687611e+00
2.070026924732641049e+00
2.641840823214902656e+00
3.057293773326352770e+00
3.174603153094216257e+00
2.953946296426222418e+00
2.470847144911299864e+00
1.890240759228007494e+00
1.410143153256738335e+00
1.194157872742765969e+00
1.315796394692564597e+00
1.733527234222853597e+00
2.304995790504318798e+00
2.835537379523449530e+00
3.144460235406828730e+00
3.126550309725868004e+00
2.787883995828514649e+00
2.243770424786311946e+00
1.679516886311829271e+00
1.287351322304971291e+00
1.200952781686902338e+00
1.449873035073998118e+00
1.949388264027948958e+00
2.529279553298463323e+00
2.991789515006383127e+00
3.179045668607721531e+00
3.026976298598022641e+00
2.587301120432044854e+00
2.010027265845764077e+00
1.492342074892551995e+00
1.211284809585730482e+00
1.263170551149012777e+00
1.630499347052934755e+00
2.187746625465461836e+00
2.744160469922600321e+00
3.109011518985069777e+00
3.156996468567098368e+00
2.871363103827507146e+00
2.349885615136084294e+00
1.771517326373449164e+00
1.335049674514891205e+00
1.190776061932024898e+00
1.388651579449807105e+00
1.860858019630551530e+00
2.444905718480534063e+00
2.939453941199206444e+00
3.173708683264829133e+00
3.066484274131496157e+00
2.654479866723877812e+00
2.079874711686910072e+00
1.541378474935049869e+00
1.225547284732551034e+00
1.242092795465434163e+00
1.585636762326116056e+00
2.137289625719731134e+00
2.705661875246698322e+00
3.093208562934159467e+00
3.164929068663108414e+00
2.895516654002533663e+00
2.378447839351061965e+00
1.793693223765962852e+00
1.345152046244558530e+00
1.189534711061406291e+00
1.381505654732929189e+00
1.854327479771578080e+00
2.442913570518921329e+00
2.941379242127529992e+00
3.175058981485912035e+00
3.061796973634492325e+00
2.640971600413013043e+00
2.059949653297013406e+00
1.522577276840282767e+00
1.217678811740690037e+00
1.252640277768187982e+00
1.615465238625681366e+00
2.178755640082393086e+00
2.744348838780298561e+00
3.113003463740315890e+00
3.154634067613755199e+00
2.854314626507265196e+00
2.317742993137033025e+00
1.734126710194632937e+00
1.309493408481011478e+00
1.193926150357698557e+00
1.428441432233133579e+00
1.930344172451908147e+00
2.522319342224294214e+00
2.995047279814638586e+00
3.181235951910743154e+00
3.014874781985006358e+00
2.554700846732580466e+00
1.963512343831855578e+00
1.450598457983640621e+00
1.197639654599921943e+00
1.294321191485125366e+00
1.706493157179078901e+00
2.288197073189326858e+00
2.833335228371516301e+00
3.148694911430347965e+00
3.122448579470769925e+00
2.763834239715107000e+00
2.199925422433842037e+00
1.630612963406554261e+00
1.257746011080008941e+00
1.213555089202709381e+00
1.513745658965237162e+00
2.051907586113806747e+00
2.637233424880108590e+00
3.062174680513286784e+00
3.176042423771164636e+00
2.938447330363195498e+00
2.433624394829543292e+00
1.840562283831287393e+00
1.369533331007005250e+00
1.187535735183393726e+00
1.359088216858862275e+00
1.823367623051018294e+00
2.415787677215256224e+00
2.926357389327104652e+00
3.174120564677363809e+00
3.071284853335603859e+00
2.654314402624024183e+00
2.070979476605360858e+00
1.527970219991463985e+00
1.217653531955466661e+00
1.249931631758319117e+00
1.613338481830297821e+00
2.179138771240470618e+00
2.746954762875249312e+00
3.115740855942568555e+00
3.154961531031705846e+00
2.850774191008227376e+00
2.310884865569610369e+00
1.726384354582334524e+00
1.304097830205620312e+00
1.193403640827279677e+00
1.433414399925371452e+00
1.939189299573185421e+00
2.531826421454851594e+00
3.001762668168662440e+00
3.182877006141255016e+00
3.011193284816585880e+00
2.547445620728806315e+00
1.955559043245846507e+00
1.444682484396253130e+00
1.195280769034971380e+00
1.295404211042851417e+00
1.709635667689698213e+00
2.291654859417770140e+00
2.184821894090480221e+00
