1.711069473701220423e+00
2.185245977072272971e+00
1.826433329857581223e+00
8.277389905885357280e-01
-2.642388390436729573e-01
-8.485674588980078870e-01
-6.006813306923821649e-01
3.473599714444102204e-01
1.477157591760715594e+00
2.167433400302477331e+00
2.035671759612171172e+00
1.150073959271578516e+00
-5.611200590623588447e-03
-7.963219739645939210e-01
-7.846570567112773897e-01
2.717687712174388093e-02
1.196269752389449881e+00
2.080634044330455623e+00
2.191741311137560544e+00
1.464379879091170622e+00
2.947719454020477636e-01
-6.752490059297906466e-01
-9.104501010850676312e-01
-2.775210209190722699e-01
8.794386253069548243e-01
1.925973139134476986e+00
2.285193773955524588e+00
1.755777342600435498e+00
6.247520386257459091e-01
-4.880906833580898052e-01
-9.698342017892662703e-01
-5.520083480443922497e-01
5.398260038794905347e-01
1.707807360640845040e+00
2.309144568561008359e+00
2.009871586776805774e+00
9.703007617644128224e-01
-2.407966070221748689e-01
-9.573722609395778349e-01
-7.823965991987251734e-01
1.921773913664702738e-01
1.433638302881422355e+00
2.259694460569831698e+00
2.213452960064000052e+00
1.316115797918104402e+00
5.763968198188540448e-02
-8.707765554551061271e-01
-9.563224103257672581e-01
-1.478177389624496518e-01
1.113872720444471831e+00
2.136223018485930769e+00
2.355164581009588254e+00
1.646297574912855222e+00
3.954949788327135618e-01
-7.111309241263674696e-01
-1.063586320317075895e+00
-4.642321746225652745e-01
7.614363584471943724e-01
1.941535807571431516e+00
2.426104154790029721e+00
1.945077009101705778e+00
7.587709543476046647e-01
-4.829600958364590468e-01
-1.096709928768825115e+00
-7.416418825887791666e-01
3.912554346968389885e-01
1.681853875037061963e+00
2.420329191527350599e+00
2.197560992491974563e+00
1.131771436283946386e+00
-1.941382840480562200e-01
-1.051382419985751770e+00
-9.658672908942020907e-01
1.962658095356561994e-02
1.366641359579121362e+00
2.335238694692626460e+00
2.390460631187683926e+00
1.497778551598450747e+00
1.443633170526900100e-01
-9.267719693926250724e-01
-1.124679673323584650e+00
-3.364974664509818858e-01
1.008277640189235047e+00
2.171814448897865457e+00
2.512764808939970784e+00
1.839772867524264610e+00
5.188281956642082360e-01
-7.257398051575638664e-01
-1.208434861195842869e+00
-6.601576282864967116e-01
6.217954439950033052e-01
1.934896712498408000e+00
2.556371701408227448e+00
2.141039530874215835e+00
9.130246045551583256e-01
-4.551306675054691553e-01
-1.210780789107782640e+00
-9.352225132443077182e-01
2.243043719490986909e-01
1.633210009823029552e+00
2.516837368945075148e+00
2.386392993993260880e+00
1.309334888489911197e+00
-1.253559651017992493e-01
-1.129234274858964993e+00
-1.147687491902007917e+00
-1.663484642811799974e-01
1.278666933841080322e+00
2.393621617176602712e+00
2.563151390200568702e+00
1.689902463457132908e+00
2.503520913602257369e-01
-9.651491628157489178e-01
-1.286299287992915152e+00
-5.324965856384409335e-01
8.856353604101672161e-01
2.189901752307717331e+00
2.661566973188466356e+00
2.037429611390393358e+00
6.566716249641415537e-01
-7.234386099926248814e-01
-1.342865625075286617e+00
-8.573669888598867139e-01
4.702162658890496338e-01
1.912226915607013966e+00
2.675028429583408141e+00
2.335800286000239367e+00
1.076886682112270011e+00
-4.121805003915750554e-01
-1.312360349703433737e+00
-1.125608864534338727e+00
4.959075443035332320e-02
1.570094028765891103e+00
2.600081357518941871e+00
2.570513728363906125e+00
1.493483558351213381e+00
-4.218351094464811712e-02
-1.192873986971995537e+00
-1.323634088164693079e+00
-3.585077274794477020e-01
1.175523481890990318e+00
2.436325628466652127e+00
2.728936786228394418e+00
1.888600311160108625e+00
3.734074423159123302e-01
-9.854786122122616288e-01
-1.439788553752745281e+00
-7.361431326338752079e-01
7.427485181092770006e-01
2.186309836493532721e+00
2.800408773822137043e+00
2.244189564618507937e+00
8.191518149586090036e-01
-6.943474371530526934e-01
-1.464465000674838313e+00
-1.065035010379858926e+00
2.887062380682586804e-01
1.856161754468914626e+00
2.776583751403619793e+00
2.541718875509903608e+00
1.276369283813450606e+00
-3.279490107761851014e-01
-1.390968140245485207e+00
-1.326643647988873687e+00
-1.661628936919791188e-01
1.456997324789328419e+00
2.652908242704613784e+00
2.763098530164406874e+00
1.723049224633536713e+00
9.975746162393206440e-02
-1.217390800454738464e+00
-1.503895258189668960e+00
-5.986123344921052691e-01
1.005701144349689713e+00
2.430594114205111289e+00
2.892902503525221825e+00
2.135175464703135351e+00
5.690113520905992761e-01
-9.484743913025506235e-01
-1.583685044815902332e+00
-9.844494599288184933e-01
5.247120094447360605e-01
2.118229505212479324e+00
2.921032829325245217e+00
2.489086474029257534e+00
1.055053615410374679e+00
-5.968471278806384284e-01
-1.559585186872388674e+00
-1.301344998139622122e+00
4.058719034184976593e-02
1.732524575750730156e+00
2.845334930142629837e+00
2.764650768700631644e+00
1.530209491034316693e+00
-1.831676110555922055e-01
-1.434206642023298839e+00
-1.532297077742326818e+00
-4.190279443559579153e-01
1.296941945632877236e+00
2.672682573795182925e+00
2.949490792999264421e+00
1.971583114928606495e+00
2.734341716492553198e-01
-1.213391681607112194e+00
-1.670784313727671888e+00
-8.413219677070447045e-01
8.269441504895036488e-01
2.416599340902245707e+00
3.038674610195627679e+00
2.328930408087972470e+00
6.688994402420933572e-01
-1.005029579771119064e+00
-1.719546479043418286e+00
-1.032314446090657922e+00
6.789890523134780587e-01
2.400822898993156596e+00
3.070026724388842609e+00
2.236214967214351645e+00
3.889030237405562973e-01
-1.297048906822387382e+00
-1.693421003508335021e+00
-4.881987056535781466e-01
1.535153947200234903e+00
2.967280560088727093e+00
2.746262140267303309e+00
9.768615629489321162e-01
-1.049862755150734017e+00
-1.761990533425646488e+00
-5.406071402537182546e-01
1.686670909056879442e+00
3.086529796722220276e+00
2.420517880969779601e+00
1.974995828816666910e-01
-1.626550593755709206e+00
-1.338467366881256337e+00
8.686991230574816480e-01
2.906175246783911703e+00
2.718047667058545613e+00
4.127794806406372974e-01
-1.648717455941332455e+00
-1.216222735036293745e+00
1.321907773862854185e+00
3.139559534582231137e+00
2.076070631614763684e+00
-6.927705680883786687e-01
-1.808301167976088530e+00
2.006283782861350007e-01
2.833602464931278320e+00
2.607573482859847580e+00
-2.632071857711720808e-01
-1.852044390612090252e+00
1.537772249123267043e-01
2.921833480385647164e+00
2.323015742238695225e+00
-8.160366243669869846e-01
-1.633556452496707889e+00
1.243222715895691222e+00
3.179967401787565429e+00
9.008457615479865677e-01
-1.779015318093859710e+00
-1.665478067414918328e-01
2.941361296635640166e+00
1.886555561179505291e+00
-1.443910828105577027e+00
-7.407916059521042484e-01
2.703156069438689357e+00
2.099118393968334662e+00
-1.400102143629678997e+00
-6.200683878613149069e-01
2.866400348238543394e+00
1.629473646827447109e+00
-1.699470889607453516e+00
2.468042096215585235e-01
3.135503501983365027e+00
3.328939743980421362e-01
-1.668380212603590929e+00
1.900801735708403939e+00
2.465338624048234450e+00
-1.388785388034473156e+00
-8.063065577743633305e-02
3.113800234729374061e+00
-8.978443970457550272e-03
-1.336065761689756881e+00
2.655370801301221384e+00
1.271784828779891185e+00
-1.740033242318778095e+00
1.923570906426365745e+00
2.037070944977107168e+00
-1.725106648108402974e+00
1.417594961781460938e+00
2.346083028455972830e+00
-1.662463319822217178e+00
1.303944638008933010e+00
2.319014689288334097e+00
-1.691626195897664386e+00
1.597964304605886010e+00
1.953783727852432817e+00
-1.720750327880130159e+00
2.217990214385473280e+00
1.142987030310929519e+00
-1.441828040086135632e+00
2.876077845539777300e+00
-1.228000669289802671e-01
-4.498119056508458335e-01
2.953592187485298837e+00
-1.384669704038689497e+00
1.311387686327519564e+00
1.757974324531444532e+00
-1.544009562708962724e+00
2.869254248927375350e+00
-4.714588107642900816e-01
2.536533187202977269e-01
2.419804156746799162e+00
-1.667523996291459865e+00
2.661657959838369614e+00
-2.540052708418041316e-01
2.238769653899145284e-01
2.294246368176757755e+00
-1.595723634737041818e+00
2.879003393970227975e+00
-8.705164077187830252e-01
1.146824896968777541e+00
1.337475527825246813e+00
-9.568444969748708395e-01
2.859691733415982817e+00
-1.615909463792513767e+00
2.595118445225718773e+00
-5.593129312684690380e-01
1.007579506954455750e+00
1.242266363481739022e+00
-7.019713312007456185e-01
2.613259986038907190e+00
-1.574226820183249886e+00
2.919323560601243095e+00
-1.330054845916686102e+00
2.205233318617123572e+00
-2.676222610123208945e-01
9.346375708282654848e-01
1.071584123843265068e+00
-3.485453481213143245e-01
2.198051250348127539e+00
-1.245783582275850288e+00
2.822116134209713856e+00
-1.578943178290738159e+00
2.868812274021438569e+00
-1.360972475174655250e+00
2.420415662815578628e+00
-7.243034292286865128e-01
1.641663033739435118e+00
1.494107211559986270e-01
7.187222842304143988e-01
1.078836820376387395e+00
-1.784451732343140806e-01
1.909529170864106673e+00
-9.131621964477716347e-01
2.523457644811368805e+00
-1.386038584575659760e+00
2.839416730529793931e+00
-1.533525896553840751e+00
2.811226855977594141e+00
-1.327013134413986384e+00
2.428717904616389145e+00
-7.764316511987590097e-01
1.724405175242725852e+00
5.988684225592311172e-02
7.862063434536136208e-01
1.060533640280909573e+00
-2.275855519547907990e-01
2.028401482222633057e+00
-1.081883453705312359e+00
2.695676905666487322e+00
-1.487751520105422331e+00
2.772250505174100432e+00
-1.183836118948093930e+00
2.066017306566855893e+00
-9.686511666988373292e-02
6.764267295504400312e-01
1.452194544775818663e+00
-8.251859723830019533e-01
2.652596378980397684e+00
-1.461394362765376931e+00
2.512186367677308851e+00
-4.584025706811982737e-01
7.618209494222624167e-01
1.679628968175932435e+00
-1.186457505128295287e+00
2.773176020738892689e+00
-9.091729878874745818e-01
1.043910952323012342e+00
1.713856436226759872e+00
-1.330004934805118166e+00
2.551867791816203379e+00
4.589095431237055767e-02
-4.295286577472949840e-01
2.742302721462761994e+00
-7.566009329169129938e-01
1.804423194217422699e-01
2.656753456437863647e+00
-7.955382141641484939e-01
-5.750493659240829558e-02
2.738703126237128416e+00
-2.078763345300760346e-02
-1.034547296218426116e+00
2.149303406542875994e+00
1.884250498383509331e+00
-1.072670529550044272e+00
-4.164794403798162126e-01
2.331351172969692520e+00
2.082907862980892588e+00
-4.715334306221898863e-01
-1.281354270648428662e+00
5.134406372129277640e-01
2.418328442299622960e+00
2.457524443667976399e+00
9.549228813813979144e-01
-6.394366173175380919e-01
-1.338262131839859093e+00
-1.071371434562750302e+00
-2.729737642119011154e-01
6.145888151483557271e-01
1.348142749248789851e+00
1.861544440440655812e+00
2.180973985575678231e+00
2.360677679441141041e+00
2.450033170407208694e+00
2.482329255596284590e+00
2.474383073574411007e+00
2.430259263481210574e+00
2.345990547887515376e+00
2.214175553276689357e+00
2.028064236653371655e+00
1.784853396024171479e+00
1.487857431812259712e+00
1.147245601859987030e+00
7.792306681899483500e-01
4.039100005615107181e-01
4.227776499787327946e-02
-2.868836509436744064e-01
-5.695385266076000708e-01
-7.978709491233055839e-01
-9.705226551971852800e-01
-1.091730204968404339e+00
-1.169704189478597556e+00
-1.214660205058435416e+00
-1.236852750434083381e+00
-1.244831725015202784e+00
-1.244000149635099639e+00
-1.235454356359396266e+00
-1.215068527217969319e+00
-1.172859779917003298e+00
-1.092836781583971906e+00
-9.537708208195248005e-01
-7.315709435036865660e-01
-4.040665995036543112e-01
4.120874883171199432e-02
5.964514738746203859e-01
1.222083370388385770e+00
1.838500346722502732e+00
2.327595876542745579e+00
2.551272688105166608e+00
2.390955960452747497e+00
1.803319448919890933e+00
8.739992746522523559e-01
-1.612628342709498952e-01
-9.595135564006509465e-01
-1.188466007554386916e+00
-6.881435474217811876e-01
4.007256842274133923e-01
1.633861946297983092e+00
2.431676898079369487e+00
2.366849423822878329e+00
1.425115733294278098e+00
7.022047568151146280e-02
-9.674674893529635611e-01
-1.092805592121052660e+00
-2.104976242201874737e-01
1.184791761725272341e+00
2.277572819755197209e+00
2.415619389310831533e+00
1.512302685000592950e+00
1.079070324098091449e-01
-9.565207640680750689e-01
-1.050308865621902177e+00
-1.293736777866583143e-01
1.251225604646300393e+00
2.283048438627147902e+00
2.383803004011842308e+00
1.519740686872556701e+00
1.952171493934588553e-01
-8.575797478038171828e-01
-1.088723561975574627e+00
-4.073104585171671843e-01
8.075221223566656503e-01
1.935739849295303960e+00
2.440059058723576868e+00
2.112924706507304684e+00
1.140011570530800933e+00
-2.222031045101846569e-02
-8.718611607962036825e-01
6.681702324396041615e-01
