-2.839893401009923046e-01
1.625132390988138553e+00
1.926560015946336968e+00
5.765344016560067786e-01
-1.945583100988860448e+00
-4.826368361407408436e+00
-7.190718763880779463e+00
-8.365398509555635798e+00
-8.057129944710972325e+00
-6.404413710949706129e+00
-3.904123933555383008e+00
-1.248674636614035993e+00
8.713255525415766201e-01
1.942928985067818637e+00
1.743116218831235464e+00
3.677988514138186282e-01
-1.818559383081108649e+00
-4.290272190710774147e+00
-6.492341928985596589e+00
-7.963977607544473258e+00
-8.427793886138832846e+00
-7.830350406711075628e+00
-6.332322983535537020e+00
-4.257310789619420888e+00
-2.015179775241717763e+00
-1.826050192361972080e-02
1.392919590206623148e+00
2.002227083456630474e+00
1.742655945255070726e+00
6.929890653788715049e-01
-9.489526562925387765e-01
-2.908676950111615422e+00
-4.883985652770022057e+00
-6.592019073709206367e+00
-7.807623478016165741e+00
-8.388759178235289937e+00
-8.287305583962641720e+00
-7.545982282690825826e+00
-6.283898062486315439e+00
-4.674325907227537158e+00
-2.918682452142535411e+00
-1.220468359341914333e+00
2.377349245742750306e-01
1.312032076039259643e+00
1.908560697016586261e+00
1.988169098496594067e+00
1.564950281471231719e+00
6.997157684758601448e-01
-5.101795645772404519e-01
-1.943138069597105222e+00
-3.466275771611429857e+00
-4.947775139836674718e+00
-6.267717863144286028e+00
-7.326712871562441443e+00
-8.051926698313632613e+00
-8.400396243045038958e+00
-8.359733903006080880e+00
-7.946514581061038029e+00
-7.202759685160457614e+00
-6.191006371193658708e+00
-4.988476073639805719e+00
-3.680842290269404238e+00
-2.356052324543972620e+00
-1.098590213901476265e+00
1.551306156605791742e-02
9.227031375381367084e-01
1.574827341181105567e+00
1.940910191428504739e+00
2.007800092538357006e+00
1.779768085632495556e+00
1.277186526919631859e+00
5.344491173999723621e-01
-4.026857560582328688e-01
-1.480137872141456201e+00
-2.638745744367672508e+00
-3.817527310434170040e+00
-4.956801047827006812e+00
-6.001030909932782542e+00
-6.901284978573869466e+00
-7.617226011291868382e+00
-8.118580674389345830e+00
-8.386061955292486658e+00
-8.411745022926391258e+00
-8.198919859773102559e+00
-7.761463748348973013e+00
-7.122792784939136368e+00
-6.314463825311896095e+00
-5.374506613551979228e+00
-4.345570417513662242e+00
-3.272970519064474004e+00
-2.202717702288836232e+00
-1.179608835628958463e+00
-2.454491907897673464e-01
5.625322517798392319e-01
1.213024114893595851e+00
1.681691995920306937e+00
1.951929698616782893e+00
2.015288571576507870e+00
1.871583327934176033e+00
1.528684173586988493e+00
7.437357622160645221e-01
9.775686859300192211e-02
-6.735697812611802782e-01
-1.539614312330224388e+00
-2.466638243348972193e+00
-3.419104006230514692e+00
-4.361015723498725905e+00
-5.257243600256165550e+00
-6.074786475014755993e+00
-6.783930624654971098e+00
-7.359267671430662183e+00
-7.780540206431554751e+00
-8.033290315717032115e+00
-8.109293349245746185e+00
-8.006766777027376492e+00
-7.730351597509598882e+00
-7.290871269633278473e+00
-6.704880311252349401e+00
-5.994021336667829658e+00
-5.184215208775848183e+00
-4.304713995129434423e+00
-3.387050408675582158e+00
-2.463920281045975713e+00
-1.568036290711771752e+00
-7.309916168347601051e-01
1.782858528962094624e-02
6.522519519426328571e-01
1.150207061138278419e+00
1.494466189293152780e+00
1.673218860921058315e+00
1.680458060309372392e+00
1.516167198280595763e+00
1.186302499097762642e+00
7.025721883691531389e-01
8.202051422913125833e-02
-6.535689853446151609e-01
-1.478430645168474111e+00
-2.363708685100328832e+00
-3.278454055636487841e+00
-4.190692626892226436e+00
-5.068528832524628491e+00
-5.881247637606190182e+00
-6.600377658424468663e+00
-7.200679431352439153e+00
-7.661025178369714972e+00
-7.965139882324375975e+00
-8.102177963671790550e+00
-8.067115207121263509e+00
-7.860941656800565447e+00
-7.490647792795479987e+00
-6.969003211472669435e+00
-6.314134034941716322e+00
-5.548912143063517988e+00
-4.700175827003198137e+00
-3.797807386872992463e+00
-2.873698333092055801e+00
-1.960637019336628484e+00
-1.091156580382718566e+00
-2.963828508001120632e-01
3.950775809339770461e-01
9.581699127932337134e-01
1.372307235942662906e+00
1.622136728390312754e+00
1.698127215441807891e+00
1.596955208227152312e+00
1.321673256864715817e+00
8.816518614765920248e-01
2.922940314377484583e-01
-4.254703908475585550e-01
-1.245895595148298618e+00
-2.139313254790596641e+00
-3.073179051554421282e+00
-4.013236755387148413e+00
-4.924759471028817615e+00
-5.773824131012913696e+00
-6.528573277053926205e+00
-7.160417740155065047e+00
-7.645135061077427352e+00
-7.963821387137991259e+00
-8.103659079599417225e+00
-8.058468250118888676e+00
-7.829017739879589932e+00
-7.423079433514268466e+00
-6.855218987669120523e+00
-6.146325738645304071e+00
-5.322894394061238543e+00
-4.416080751661500159e+00
-3.460562761000502086e+00
-2.493246395491162559e+00
-1.551862699207709806e+00
-6.735077151690904707e-01
1.068194633720764841e-01
7.576237448748286418e-01
1.252210018646766621e+00
1.569814664990144770e+00
1.696524133931963441e+00
1.625939106638329967e+00
1.359551579361587770e+00
9.068126123488822188e-01
2.848801210096287839e-01
-5.743325564316896781e-01
-1.425618429981738045e+00
-2.352907752341896419e+00
-3.318140332080405486e+00
-4.281175406945139095e+00
-5.201433334141409404e+00
-6.039594902596566506e+00
-6.759288993908278087e+00
-7.328697366426026427e+00
-7.722006253318409286e+00
-7.920638346677881358e+00
-7.914205566192181074e+00
-7.701132641581027727e+00
-7.288913708714564343e+00
-6.693978446227768941e+00
-5.941160267256852201e+00
-5.062776136370708002e+00
-4.097345031806559845e+00
-3.087989187720083351e+00
-2.080578270037772182e+00
-1.121690802047726088e+00
-2.564787333013014425e-01
4.734706259196674871e-01
1.032176567770431319e+00
1.391111845891606080e+00
1.530759690066576084e+00
1.441795118049126856e+00
1.125818080791319176e+00
5.955835644644005278e-01
-1.253049839442748059e-01
-1.003248387157740229e+00
-1.996033980255227380e+00
-3.054703735166663492e+00
-4.125838026938517977e+00
-5.154159892863448000e+00
-6.085342783257615906e+00
-6.868887331761650117e+00
-7.460920810978284301e+00
-7.826767746481801957e+00
-7.943142462837507800e+00
-7.799824651113869578e+00
-7.400697539203683561e+00
-6.764054665695287127e+00
-5.922114914049238621e+00
-4.919725207697252856e+00
-3.812274498443827930e+00
-2.662889380099024539e+00
-1.539028443981331984e+00
-5.086367029465712619e-01
3.639397783599935821e-01
1.022048347427960913e+00
1.420583024672477102e+00
1.529340032130693139e+00
1.335628096200873749e+00
8.459115433796462469e-01
8.630654179508168156e-02
-8.981906825825944907e-01
-2.045792025388751156e+00
-3.281286344099260788e+00
-4.520562033980267458e+00
-5.676063473039906881e+00
-6.662873046040188818e+00
-7.405033480467690943e+00
-7.841666900235753523e+00
-7.932414326390053283e+00
-7.661718560629266150e+00
-7.041509315360134025e+00
-6.111924894970243827e+00
-4.939819799945928125e+00
-3.614959198741608759e+00
-2.243982532282704945e+00
-9.424189965728078100e-01
1.747570115555245884e-01
1.003349726424540123e+00
1.460103163080339606e+00
1.491866508992033324e+00
1.082789966411162652e+00
2.585920241470018865e-01
-9.128908458307591900e-01
-2.325386391263331909e+00
-3.842236703246679319e+00
-5.308491022667155335e+00
-6.566209984709402647e+00
-7.471652220061891114e+00
-7.912588840094331388e+00
-7.823708051310505063e+00
-7.197997541004464317e+00
-6.092179378148763647e+00
-4.624749119519074192e+00
-2.965930180643499448e+00
-1.319845334100618883e+00
9.966830562947093242e-02
1.097057070747577079e+00
1.523379194008110282e+00
1.300904780804277294e+00
4.398769565282192318e-01
-9.560876304491623401e-01
-2.698221946788059711e+00
-4.534868127515482072e+00
-6.185945686879534833e+00
-8.351662107285635628e+00
-9.017238499147353537e+00
-8.736424242910633353e+00
-7.526387211081474682e+00
-5.565191685467378413e+00
-3.172384149544383192e+00
-7.618162103727428303e-01
1.227698818175028350e+00
2.413160316487801715e+00
2.545053233246179936e+00
1.565983556842913238e+00
-3.639254493660479817e-01
-2.884012208872526628e+00
-5.493693764115329614e+00
-7.648584025524292507e+00
-8.874949343748253838e+00
-8.878870179568551180e+00
-7.624567972881244771e+00
-5.360264856398273992e+00
-2.579711483841593544e+00
7.830624525113316636e-02
1.974463295535002771e+00
2.625963431302277939e+00
1.837559757765746760e+00
-2.300921833546674122e-01
-3.079220312786105751e+00
-5.984755766556769885e+00
-8.174520731636263804e+00
-9.036973051270226875e+00
-8.300789161060336596e+00
-6.132154758851896759e+00
-3.113480489695379383e+00
-9.841992437163682439e-02
2.025079636591877730e+00
2.600129312514491531e+00
1.415157587313958132e+00
-1.204972094685147876e+00
-4.471260896227618353e+00
-7.357555060749443321e+00
-8.921313190971950746e+00
-8.619365802585239322e+00
-6.511346228122308233e+00
-3.271327372723124682e+00
1.258851909911662403e-02
2.197627004183596355e+00
2.489046315793722819e+00
7.435334494304011166e-01
-2.446278836373827481e+00
-5.934968061282431151e+00
-8.426813016987502181e+00
-8.960455110826707426e+00
-7.294134615897602814e+00
-4.032930710808944497e+00
-4.285278410931288029e-01
2.091627692084057522e+00
2.493402293983316476e+00
5.758144868895187507e-01
-2.910480716309000737e+00
-6.537718474719923734e+00
-8.777704027218097949e+00
-8.651929601258753877e+00
-6.176716684456250661e+00
-2.394571815287532157e+00
1.047717207204359902e+00
2.612106384137012682e+00
1.567134649237319266e+00
-1.650078844013442403e+00
-5.594219488291585662e+00
-8.448650944329957113e+00
-8.864500692401737325e+00
-6.613717298435309644e+00
-2.733283569416376846e+00
9.347867697611462745e-01
2.612971341983000073e+00
1.459393259884193661e+00
-1.990855604558019909e+00
-6.053796376162911663e+00
-8.708535029461380361e+00
-8.606666089458119728e+00
-5.772689571099137495e+00
-1.624034191941013505e+00
1.725319930267780855e+00
2.541987611118886825e+00
3.818198301721817955e-01
-3.652553926496465486e+00
-7.461523767929718609e+00
-9.038318956065134913e+00
-7.534091244244505603e+00
-3.728368649765445131e+00
3.626874985618337988e-01
2.550046520710500531e+00
1.648033540113112316e+00
-1.872299155359061551e+00
-6.118560830982596066e+00
-8.789652969041137354e+00
-8.425679953436318925e+00
-5.213868051326649322e+00
-9.008582758146954639e-01
2.153053337260395494e+00
2.267275854480804931e+00
-2.358268728690978033e+00
-3.777829116183523794e+00
-4.882522437900904677e+00
-5.061618212565040409e+00
-4.214753825932936238e+00
-2.809323331656778056e+00
-1.622955247270164270e+00
-1.312893663326217597e+00
-2.051220665334973603e+00
-3.428983094819627375e+00
-4.682904302118892303e+00
-5.118741277113650234e+00
-4.495911023844540111e+00
-3.159898781033287030e+00
-1.849705186660184131e+00
-1.288273427552820927e+00
-1.783604092391353202e+00
-3.060896486070636691e+00
-4.416691531062070908e+00
-5.107550862765231514e+00
-4.757577626007498672e+00
-3.561198445686634795e+00
-2.172649865138199132e+00
-1.346340387173719400e+00
-1.527022572874943807e+00
-2.612654003738439368e+00
-4.015302515139650197e+00
-4.982209390566554319e+00
-5.000074451987909008e+00
-4.065014444498644686e+00
-2.677429019933786236e+00
-1.570576753233171141e+00
-1.322109598614373827e+00
-2.055114822164554766e+00
-3.382221307139605226e+00
-4.615053407429718035e+00
-5.123343900130008954e+00
-4.655110257853180222e+00
-3.456127457419536420e+00
-2.135111885860543346e+00
-1.351284931218518670e+00
-1.486463560791818184e+00
-2.464297421291293588e+00
-3.799426738774448253e+00
-4.843263602698631765e+00
-5.099646982886480551e+00
-4.456515390048824798e+00
-3.227607137387771274e+00
-1.993262439657296881e+00
-1.323703394795452404e+00
-1.517842602459635204e+00
-2.476032066999064529e+00
-3.757636606949445124e+00
-4.788401929957366576e+00
-5.118141186451477864e+00
-4.613163826148367619e+00
-3.503363049510900051e+00
-2.271445629639823771e+00
-1.439840129543972447e+00
-1.350428931139339594e+00
-2.029138966387485254e+00
-3.186458297858077326e+00
-4.346139218125122383e+00
-5.043104545024613472e+00
-5.007827322054255959e+00
-4.265270927569371651e+00
-3.114622860487649358e+00
-2.004351761149523625e+00
-1.356143413000527431e+00
-1.407025153589229971e+00
-2.127586247920989493e+00
-3.242237232041558226e+00
-4.338432086425323853e+00
-5.020460803659532623e+00
-5.050367592674397166e+00
-4.426821069378819473e+00
-3.377642097480843653e+00
-2.273156855923477604e+00
-1.494252668579110876e+00
-1.302309634906731795e+00
-1.754697552895293500e+00
-2.691768935219569059e+00
-3.796202814508694345e+00
-4.701875177141014106e+00
-5.114660595262135345e+00
-4.905751720590965093e+00
-4.148860962981107292e+00
-3.091796964941630144e+00
-2.073903648879365846e+00
-1.417148271911836899e+00
-1.325578909161909902e+00
-1.823900666045682462e+00
-2.752841486195361842e+00
-3.821158668498194633e+00
-4.697070669830290868e+00
-5.110561880890099218e+00
-4.935477641088694689e+00
-4.227019036768369098e+00
-3.203936121663474967e+00
-1.259258310283742244e+00
