-3.198754220717048291e-01
-6.591072013595733470e-02
4.287731311904963150e-04
-1.409632653886232490e-01
-4.471853666363113655e-01
-8.253455213150401315e-01
-1.160739829634737097e+00
-1.351644598466709368e+00
-1.340168713406134193e+00
-1.129808889638494573e+00
-7.843842413099286759e-01
-4.086747935415990240e-01
-1.166378386628897923e-01
3.156712485351320652e-03
-8.561189946508485082e-02
-3.560031164178422136e-01
-7.259913021251654941e-01
-1.083348966060090346e+00
-1.319688419239757105e+00
-1.363336099652617595e+00
-1.201068680577728642e+00
-8.821191523996800843e-01
-5.032392137585331993e-01
-1.793501389927012468e-01
-8.685031497010053947e-03
-4.299546302015688770e-02
-2.718586023412843389e-01
-6.258434571627217169e-01
-9.975743929876714766e-01
-1.274301816826330924e+00
-1.372100227795393979e+00
-1.261321030428168122e+00
-9.755808134222532235e-01
-6.015602029536302187e-01
-2.527088857765472096e-01
-3.483350827478870482e-02
-1.400649683532817491e-02
-1.965290649799236733e-01
-5.270247891196486734e-01
-9.052405376782866053e-01
-1.216457436363026279e+00
-1.366286950276043743e+00
-1.309297866209484962e+00
-1.062791927565476024e+00
-7.015510748936794050e-01
-3.351510110506341622e-01
-7.472342657823816126e-02
7.510418501586180184e-04
-1.316044761492479731e-01
-4.316289258868655776e-01
-8.083095254898958748e-01
-1.147390625398086783e+00
-1.346030037710424399e+00
-1.343990775210373911e+00
-1.141907822948756257e+00
-8.010905609563406804e-01
-4.249222686167908325e-01
-1.274998678644647665e-01
9.732729950622243109e-04
-7.845538999267231972e-02
-3.416772831072451555e-01
-7.088402599415064564e-01
-1.068572937800626121e+00
-1.311767006585716544e+00
-1.364670294501775683e+00
-1.211253278951738066e+00
-8.980660157278391731e-01
-5.201138228576809297e-01
-1.920373448901538938e-01
-1.333956455230078664e-02
-3.820719783497950051e-02
-2.590794920857018568e-01
-6.089469515678201939e-01
-9.816811268372849231e-01
-1.264227674374743593e+00
-1.370897188512195441e+00
-1.269352893746674482e+00
-9.904136375781236179e-01
-6.187003215539480516e-01
-2.669645723349764466e-01
-4.188755714320080425e-02
-1.172333455272711600e-02
-1.856006926927332712e-01
-5.107603317419497913e-01
-8.885636187479248882e-01
-1.204415383572304155e+00
-1.362523372440060054e+00
-1.314950850816351213e+00
-1.076150896268970980e+00
-7.185754775265112970e-01
-3.506932283302326425e-01
-8.408544877324719558e-02
3.980772457694570221e-04
-1.228422014178967014e-01
-4.163982131885757831e-01
-7.912090967829524812e-01
-1.133581671754393838e+00
-1.339678596706739722e+00
-1.347012151735368590e+00
-1.153391227247633211e+00
-8.175762132024000373e-01
-4.414458705730902044e-01
-1.390883522302267528e-01
-2.194125159547644088e-03
-7.224888072260970961e-02
-3.279601190161312019e-01
-6.917286345812797554e-01
-1.053198239509579137e+00
-1.302736710027384781e+00
-1.364689604150416624e+00
-1.220319499726386425e+00
-9.134743416152724116e-01
-5.372695136849034991e-01
-2.058285474493221079e-01
-1.965928621146761923e-02
-3.517106611835985053e-02
-2.475793588004462920e-01
-5.923800440961282110e-01
-9.649398789577419144e-01
-1.252253228768458015e+00
-1.367225618987484737e+00
-1.275081325813328892e+00
-1.003885937574107601e+00
-6.359982403753259295e-01
-2.830542739124927709e-01
-5.208274101198495654e-02
-1.303799643547753906e-02
-1.776043182857948155e-01
-4.957012592363230774e-01
-8.707302914064152244e-01
-1.188918102607898541e+00
-1.353840383434605554e+00
-1.315647817924036733e+00
-1.086134794269825843e+00
-7.350959692247026611e-01
-3.690970170696442620e-01
-9.911852826573808173e-02
-6.898957355728652097e-03
-1.201850274384437256e-01
-4.043839446533224469e-01
-7.731283702583017226e-01
-1.114526692827384702e+00
-1.325118993295109293e+00
-1.341232966755650180e+00
-1.158236039174123100e+00
-8.318625350552261155e-01
-4.612374032868324925e-01
-1.587679781563678949e-01
-1.604961738867727306e-02
-7.612700892027512989e-02
-3.205117791254094017e-01
-6.748717243142805522e-01
-1.031640976616485572e+00
-1.282673159555537179e+00
-1.352024729525361568e+00
-1.218930288955682117e+00
-9.240190685972452522e-01
-5.569120195644687854e-01
-2.289858851482897695e-01
-3.958159014579243351e-02
-4.590957347038604475e-02
-2.457691817554166769e-01
-5.783016990842732019e-01
-9.425225318219222492e-01
-1.227989165306028196e+00
-1.348291162260182086e+00
-1.267206724055741862e+00
-1.009608161898203127e+00
-6.538331366710772308e-01
-3.078613606291136229e-01
-7.654176289765224350e-02
-2.981709154419698304e-02
-1.815758303857857303e-01
-4.855257641216793041e-01
-8.493146182252411247e-01
-1.162590569302293986e+00
-1.330476602882112225e+00
-1.302304478670236687e+00
-1.086906087066316973e+00
-7.498475043575248966e-01
-3.934711691914344889e-01
-1.258211716726223006e-01
-2.788704165329303208e-02
-1.290968897378370617e-01
-3.984754384217843448e-01
-7.541233193102852006e-01
-1.088116893133741492e+00
-1.299258331388736032e+00
-1.323737756616345962e+00
-1.154417101508802723e+00
-8.429080803549414691e-01
-4.838404653042432391e-01
-1.861157516901209563e-01
-3.987865020528025273e-02
-8.922349958469755205e-02
-3.188993160755743128e-01
-6.590218362191579970e-01
-1.006337126038773011e+00
-1.255566968209454126e+00
-1.331320401621725269e+00
-1.210898626577902260e+00
-9.310952365254194785e-01
-5.769549473654485006e-01
-2.559251439466639910e-01
-6.525652246815616397e-02
-6.254327299126360984e-02
-2.483267469749799172e-01
-5.660168852066340683e-01
-9.191291411982356330e-01
-1.200586751953288456e+00
-1.325189445928361520e+00
-1.255403427281512441e+00
-1.012666402803650278e+00
-6.708030627499085297e-01
-3.335732356027101830e-01
-1.031807164156381962e-01
-4.930004382489627801e-02
-1.880073023157632361e-01
-4.769856183345864142e-01
-8.284344961490657244e-01
-1.135744885994257380e+00
-1.305836007234631779e+00
-1.287346053673418256e+00
-1.086139630791608690e+00
-7.634506216520113853e-01
-4.172479208428112596e-01
-1.524945376282587084e-01
-4.932803856987466595e-02
-1.388074121588321885e-01
-3.935652265517758375e-01
-7.361774117745683021e-01
-1.062690760371325149e+00
-1.274159109101088205e+00
-1.306622306179227699e+00
-1.150446564941840943e+00
-8.531798004333377428e-01
-5.050772660230125055e-01
-2.117037747718449880e-01
-6.192820978384949715e-02
-1.010116611177861445e-01
-3.169360993922714642e-01
-6.441006162793313505e-01
-9.832474099040381388e-01
-1.231565622571136442e+00
-1.313845248099065888e+00
-1.205244577282964968e+00
-9.387831942128174179e-01
-5.953036219262834994e-01
-2.789543460474840364e-01
-8.562755120520559871e-02
-7.391210365785860770e-02
-2.473557721841020407e-01
-5.533913018679122997e-01
-8.992519477205904721e-01
-1.180071860956607210e+00
-1.310664164200392001e+00
-1.251351520103845871e+00
-1.020018989951474442e+00
-6.867272419298460218e-01
-3.525055894014456070e-01
-1.187400622677958761e-01
-5.642812388105589161e-02
-1.846209784795956321e-01
-4.645985032193441500e-01
-8.115587805904419527e-01
-1.120295512886028799e+00
-1.297091064941479743e+00
-1.288159086233736872e+00
-1.096005836789097465e+00
-7.787333233105503405e-01
-4.324753861883593453e-01
-1.622745134743037720e-01
-5.022037261941447728e-02
-1.305130152423261691e-01
-3.790253909870843207e-01
-7.205507175315220003e-01
-1.051558780516358649e+00
-1.271576657644022834e+00
-1.313683189094521975e+00
-1.164862497026510679e+00
-8.700263881918068876e-01
-5.184626526967311966e-01
-2.167975882164045465e-01
-5.665928131043007632e-02
-8.684785572427111688e-02
-2.984649643261432228e-01
-6.275338462040823684e-01
-9.743395076816752098e-01
-1.233643019227581572e+00
-1.326615264719902321e+00
-1.224800470693673482e+00
-9.588249031905299313e-01
-6.091855995683987945e-01
-2.818890939019206843e-01
-7.631238004490759064e-02
-5.502975377214680552e-02
-2.247666499233058612e-01
-5.342776132139920309e-01
-8.898170713498956275e-01
-1.183532645613240675e+00
-1.326181544017503544e+00
-1.274245836746948468e+00
-1.043208046631562969e+00
-7.029372795818845665e-01
-3.565603038681540715e-01
-1.092069356394543833e-01
-3.610196577231683523e-02
-1.596880510687970212e-01
-4.427368649290402969e-01
-7.995628440187337871e-01
-1.121962027513807358e+00
-1.312023839262269398e+00
-1.311865969396896148e+00
-1.121262005282018581e+00
-7.977934473551178129e-01
-4.394546356171080692e-01
-1.549654138639655621e-01
-3.078529731170631667e-02
-1.048371978789877090e-01
-3.549265373565778092e-01
-7.053922838268892326e-01
-1.049997174302815584e+00
-1.284132033300978915e+00
-1.336571798353757945e+00
-1.191142948424718018e+00
-8.917107147637765019e-01
-5.289484814663854007e-01
-2.128798045430709829e-01
-3.950803853822637546e-02
-6.165512213925294915e-02
-2.728676123764596229e-01
-6.092937437339678297e-01
-9.689867318241414118e-01
-1.242798690818669893e+00
-1.347502822565318947e+00
-1.251092112661142064e+00
-9.825639301773974044e-01
-6.231991251639747986e-01
-2.819580671516049297e-01
-6.244148404014571163e-02
-3.143483921312240081e-02
-1.985876733748564993e-01
-5.134115405143117039e-01
-8.805304376608977801e-01
-1.188577342135824111e+00
-1.343981424468859709e+00
-1.299394366780507237e+00
-1.068118819706208589e+00
-7.201412286844947053e-01
-3.609512433516846031e-01
-9.955799041408930350e-02
-1.540154977399077474e-02
-1.342050037393757167e-01
-4.201093084760011975e-01
-7.864971008054755242e-01
-1.122238843572833877e+00
-1.325407526519857271e+00
-1.334231393363167317e+00
-1.145882314054595508e+00
-8.173825062382584772e-01
-4.483380678707586942e-01
-1.507277062146895608e-01
-1.491205337667855790e-02
-8.218503262945819898e-02
-3.322096703483864433e-01
-6.891648464593315149e-01
-1.044746861958568029e+00
-1.291046672817360408e+00
-1.353318167494630408e+00
-1.212680586529341742e+00
-9.118531447561238901e-01
-5.421753349107176767e-01
-2.158556047699653480e-01
-3.188363844072505948e-02
-4.596960778518044410e-02
-2.536487060137418981e-01
-5.916867517338149085e-01
-9.573634813720568459e-01
-1.239724807074406909e+00
-1.353279956553964158e+00
-1.263903770681544358e+00
-9.990927998481973216e-01
-6.394948412824454920e-01
-2.943264067325369604e-01
-6.817851446846623364e-02
-2.930634093871775647e-02
-1.890211473057460956e-01
-4.984074172436936401e-01
-8.633137950461673427e-01
-1.173019741311684960e+00
-1.333844863335821085e+00
-1.297494796922792570e+00
-1.075564729649480800e+00
-7.358455855213178465e-01
-3.816089818399992506e-01
-1.202036650395800210e-01
-3.051586999662647681e-02
-1.391592305777470395e-01
-4.125814119962498694e-01
-7.674267233338141203e-01
-1.095953566056701689e+00
-1.298754351740572410e+00
-1.314839373737580530e+00
-1.139979236429442988e+00
-8.277896705248108944e-01
-4.732904699000706206e-01
-1.839808008052309374e-01
-4.723701075100594782e-02
-1.039215457408423360e-01
-3.361744774247199530e-01
-6.730341967984682094e-01
-1.012120078417967584e+00
-1.250751347280286030e+00
-1.317042681182208463e+00
-1.191559080596665154e+00
-9.130067868777445028e-01
-5.662962051688940068e-01
-2.566577407157084045e-01
-7.770149094324885208e-02
-8.311604769623803790e-02
-2.705629202746954176e-01
-5.825973694510888645e-01
-9.242719665647614047e-01
-1.192028585629530513e+00
-1.305086865174604593e+00
-1.229815021277877118e+00
-9.897306173850997091e-01
-6.581587010168453711e-01
-3.358376738437916509e-01
-1.203121917441248856e-01
-7.641257869958240079e-02
-2.167548690009368784e-01
-4.981263834270891477e-01
-8.347887101186162173e-01
-1.124603524890161799e+00
-1.280020313137646859e+00
-1.254524501503679002e+00
-1.056556344956444349e+00
-7.467362999363145182e-01
-4.193036205377532188e-01
-1.734511042719261154e-01
-8.327528413471030344e-02
-1.754455200754909683e-01
-4.213217363074071575e-01
-7.458488200752679820e-01
-1.050466903266125129e+00
-1.243044461660232525e+00
-1.265743359851513095e+00
-1.112388130932926433e+00
-8.301238670184949431e-01
-5.049251611899225889e-01
-2.354095057804400648e-01
-1.029311096286951166e-01
-1.470243497142960099e-01
-3.536090267092514283e-01
-6.594753036237019916e-01
-9.716229858915859108e-01
-1.195538629684750997e+00
-1.263812724407785026e+00
-1.156432124503258052e+00
-9.066394013935500373e-01
-5.906458740206543823e-01
-3.043804033336631742e-01
-1.343674093138841341e-01
-1.315749419184668589e-01
-2.961371141793036066e-01
-5.775296676006280716e-01
-8.900798198974141373e-01
-1.139049874474162616e+00
-1.249353373583037552e+00
-1.188199572828066763e+00
-9.748373693042489130e-01
-6.745044751193731702e-01
-3.784815581496723813e-01
-1.763492469264107410e-01
-1.288799202952475298e-01
-2.497675232369835907e-01
-5.016875927768373877e-01
-8.078177541165050268e-01
-1.075263852756980665e+00
-1.223248379639966021e+00
-1.207507501718596110e+00
-1.033528255605417279e+00
-7.546680989877184720e-01
-4.557927525491462517e-01
-2.274492272079208233e-01
-1.384338115533354507e-01
-2.150657792925522727e-01
-4.334107496230346634e-01
-7.267498684878798132e-01
-1.005965740961167310e+00
-1.186616527400825127e+00
-1.214473041782323293e+00
-1.081795930193780952e+00
-8.294677904483043207e-01
-5.343988478616414906e-01
-2.860850860507608284e-01
-1.594636358174662538e-01
-1.922985286140389549e-01
-6.844450838994394770e-01
