-2.558919970785347164e+00
-2.253654703023392880e+00
-2.368199844167354406e+00
-2.841686150269721267e+00
-3.452542159744761641e+00
-3.926364878648608503e+00
-4.059136220430374031e+00
-3.800936319375442185e+00
-3.268149605680704450e+00
-2.685699545905693153e+00
-2.289518513252318588e+00
-2.232169068006580215e+00
-2.528456296150545679e+00
-3.058145186871184862e+00
-3.619181040056059118e+00
-4.006720821593646953e+00
-4.086727907314387842e+00
-3.838519656739307173e+00
-3.354609849518116693e+00
-2.802276214919813047e+00
-2.363635905254524605e+00
-2.176044039378929984e+00
-2.291831641179979506e+00
-2.667919141148717088e+00
-3.185278979004119382e+00
-3.689192218689195446e+00
-4.036245504484192281e+00
-4.133873689626756942e+00
-3.962208771840520338e+00
-3.574237408941688621e+00
-3.076671554383080487e+00
-2.598723687311732977e+00
-2.258145122776112679e+00
-2.133315166831871945e+00
-2.247478572120169549e+00
-2.567459838480809609e+00
-3.015445871954709478e+00
-3.489611661487086902e+00
-3.887962863637754563e+00
-4.129852573262717819e+00
-4.170912563746667523e+00
-4.009125461496801712e+00
-3.681902219301203871e+00
-3.255845215641647084e+00
-2.812060132143288094e+00
-2.430310454528623154e+00
-2.175042372116395839e+00
-2.085525106583245858e+00
-2.171294047578554931e+00
-2.412994655928506482e+00
-2.767801516740907797e+00
-3.177963136565922220e+00
-3.580743623925632058e+00
-3.918069649345694572e+00
-4.144486489630260451e+00
-4.232485158963071648e+00
-4.174782679022556842e+00
-3.983630189136796229e+00
-3.687622178638907400e+00
-3.326745602689239689e+00
-2.946528210153341654e+00
-2.592132082422189399e+00
-2.303118296800075182e+00
-2.109417648964442726e+00
-2.028818227798907969e+00
-2.066057479622872783e+00
-2.213411138142126866e+00
-2.452521896932858603e+00
-2.757115588251694227e+00
-3.096212319697706938e+00
-3.437448517217138289e+00
-3.750172883721003103e+00
-4.008052548597756726e+00
-4.191012553296865839e+00
-4.286420892912030212e+00
-4.289513375736195400e+00
-4.203120983490139295e+00
-4.036813356814568543e+00
-3.805604139212833470e+00
-3.528377903194374277e+00
-3.226196500366501851e+00
-2.920628136678068643e+00
-2.632218937219395372e+00
-2.379197905458931395e+00
-2.176475352435455868e+00
-2.034964882907517314e+00
-1.961232027749897355e+00
-1.957450063299282395e+00
-2.021626262504179650e+00
-2.148050012524839403e+00
-2.327907682495527375e+00
-2.550007270044142516e+00
-2.801557914982213848e+00
-3.068954452825330304e+00
-3.338524379453772895e+00
-3.597203051411049124e+00
-3.833111893358428723e+00
-4.036023193312840540e+00
-4.197703247994797771e+00
-4.312132827652400024e+00
-4.375609947244375242e+00
-4.386744659921472334e+00
-4.346359026112147639e+00
-4.257307628104169517e+00
-4.124235119754335877e+00
-3.953287481481348564e+00
-3.751793066582373104e+00
-3.527928353977772602e+00
-3.290381735192698276e+00
-3.048026815228824127e+00
-2.809614733592659341e+00
-2.583493026268241621e+00
-2.377356641749091004e+00
-2.198034961708080992e+00
-2.051317105936421914e+00
-1.941816449747881812e+00
-1.872874162212158966e+00
-1.846500684414315696e+00
-1.863353397193057592e+00
-1.922748258453956138e+00
-2.022702896572004860e+00
-2.160008500274639864e+00
-2.330327816234543548e+00
-2.528316621905518868e+00
-2.747766151289617209e+00
-2.981764084218870625e+00
-3.222871835190328493e+00
-3.463315966864295881e+00
-3.695191578566274782e+00
-3.910675455843728887e+00
-4.102246589837490021e+00
-4.262911364284206250e+00
-4.386430246520017562e+00
-4.467542195250826964e+00
-4.502182207554824345e+00
-4.487686475729090851e+00
-4.422978529247417079e+00
-4.308728533220437029e+00
-4.147476658843975095e+00
-3.943710216607106300e+00
-3.703883164831665464e+00
-3.436365826931182532e+00
-3.151312364227848217e+00
-2.860433993615062676e+00
-2.576667387609947291e+00
-2.313730457338389890e+00
-2.085562120861749413e+00
-1.905649010799743692e+00
-1.786250630667251205e+00
-1.737545365488223359e+00
-1.766732927881498938e+00
-1.877143916787519240e+00
-2.067423409395994671e+00
-2.330871588368373715e+00
-2.655038368137892402e+00
-3.021678144181917158e+00
-3.407171743858584012e+00
-3.783511411261404778e+00
-4.119916947075488167e+00
-4.385102995954412997e+00
-4.550146189354936865e+00
-4.591806128769970741e+00
-4.496039758136149977e+00
-4.261323967870840335e+00
-3.901283021458273659e+00
-3.446030514749062856e+00
-2.941612697589619962e+00
-2.447018670022092834e+00
-2.028439665605703546e+00
-1.750839678575676350e+00
-1.667443279232552866e+00
-1.808412052399764880e+00
-2.170669414050583779e+00
-2.711340578726833872e+00
-3.347481183893568524e+00
-3.964645949928804480e+00
-4.435356330160014515e+00
-4.645962562635181925e+00
-4.527192015220800059e+00
-4.080642165860123960e+00
-3.391880021793062916e+00
-2.621977009786867541e+00
-1.974032696320050961e+00
-1.639110228638917421e+00
-1.734981624389974497e+00
-2.257708317446056157e+00
-3.066576687476073815e+00
-3.914938495137724850e+00
-4.523989455904914081e+00
-4.678359502736858744e+00
-4.309113106042140373e+00
-3.529756902738009572e+00
-2.606286116758916194e+00
-1.867097030868716034e+00
-1.583573198915383395e+00
-1.866402192367138779e+00
-2.619133725706519478e+00
-3.569500437683380767e+00
-4.368644881668048541e+00
-4.721104708213502477e+00
-4.495668978862000564e+00
-3.774438040235549074e+00
-2.821605244171138782e+00
-1.984641375987602041e+00
-1.566112486784461355e+00
-1.714432247494809269e+00
-2.373185657538774418e+00
-3.305520058191246058e+00
-4.182039519527208427e+00
-4.698386965664754555e+00
-4.679964860723778486e+00
-4.138133241789073935e+00
-3.261038136885400895e+00
-2.345430886626925115e+00
-1.695157192505157173e+00
-1.521329389170939184e+00
-1.876401954986870013e+00
-2.641478192062656660e+00
-3.568461854453928161e+00
-4.361602854720396216e+00
-4.771490109922851275e+00
-4.671937605665013926e+00
-4.096714251798416306e+00
-3.226210624851465258e+00
-2.329644563976771554e+00
-1.681570519189973689e+00
-1.478509735828644311e+00
-1.780667265666331600e+00
-2.495529196528373461e+00
-3.407304929262144455e+00
-4.242584766053771439e+00
-4.752179030565126361e+00
-4.784793123044744689e+00
-4.331041894558042671e+00
-3.525314959630125422e+00
-2.605447564421130124e+00
-1.842396470669675379e+00
-1.460668783262435877e+00
-1.572719240174415223e+00
-2.146295388800226966e+00
-3.014055402164763198e+00
-3.922516490025197200e+00
-4.606035570576291427e+00
-4.864319899485070486e+00
-4.620962716488374866e+00
-3.945978945484116984e+00
-3.035713134727858975e+00
-2.155833552922469032e+00
-1.563870578520953902e+00
-1.433796892929150024e+00
-1.804697464718584943e+00
-2.568707613620319297e+00
-3.502189606016288703e+00
-4.331131712506524067e+00
-4.811589984297959255e+00
-4.801643576711132511e+00
-4.303641684845711524e+00
-3.464103028375343563e+00
-2.531004594382911144e+00
-1.780772160531875148e+00
-1.436362700938708103e+00
-1.600684339837681991e+00
-2.225301044304297982e+00
-3.124084789836403697e+00
-4.028172007448522329e+00
-4.666172757773378699e+00
-4.845797934035674714e+00
-4.512330055014983188e+00
-3.766019538440812386e+00
-2.832671332674883580e+00
-1.995813687579729878e+00
-1.510657370565065438e+00
-1.525910345618180619e+00
-2.037495518643989811e+00
-2.888782042565705144e+00
-3.817832428390310451e+00
-4.537646488709228265e+00
-4.824940119811728323e+00
-4.589966818608992583e+00
-3.905377930984202273e+00
-2.984590668504572442e+00
-2.115826016396327169e+00
-1.572019016471204900e+00
-1.524721000696698914e+00
-1.989268908108759115e+00
-2.818975734804789024e+00
-3.750754130972126177e+00
-4.488208606619086716e+00
-4.796050804069220241e+00
-4.575705715857105282e+00
-3.897627178704480500e+00
-2.979482321547290979e+00
-2.116721298990175804e+00
-1.587546978994225810e+00
-1.562860100132616337e+00
-2.050470479976135962e+00
-2.891999850568145458e+00
-3.813875367275569417e+00
-4.516130516629951686e+00
-4.770202953497491904e+00
-4.493741692370504914e+00
-3.777767098346841657e+00
-2.857053762022084165e+00
-2.033265259432448069e+00
-1.575999900952295363e+00
-1.634298063423028635e+00
-2.187806496539206336e+00
-3.053705213578140842e+00
-3.947069741222138717e+00
-4.574706065202981620e+00
-4.731486249638780173e+00
-4.367464142033128383e+00
-3.603777546780280616e+00
-2.692288365180454779e+00
-1.932446797674932881e+00
-1.572869571628763730e+00
-1.730010152021968395e+00
-2.350521256365679434e+00
-3.229436374331058346e+00
-4.077936782304045771e+00
-4.618267810422653774e+00
-4.674609856067364788e+00
-4.230204493255456555e+00
-3.432222767280822318e+00
-2.543026759570978790e+00
-1.853949306506813111e+00
-1.589878828591008153e+00
-1.835875399950482878e+00
-2.509765216821509881e+00
-3.389560748093786824e+00
-4.186582583980232641e+00
-4.640205449024112028e+00
-4.603105432231840766e+00
-4.089101259470768746e+00
-3.268054721263322637e+00
-2.409700665482697346e+00
-1.794999318509763686e+00
-1.624162966363292382e+00
-1.951472957194217539e+00
-2.668101412997304855e+00
-3.538348407579028798e+00
-4.277207722961177794e+00
-4.643716761155929795e+00
-4.519508906011945548e+00
-3.946970932692698497e+00
-3.114729995219627678e+00
-2.295456029696444578e+00
-1.756507547743407782e+00
-1.672708523230658884e+00
-2.069701906215097864e+00
-2.816210529846209898e+00
-3.667499031916698016e+00
-4.345630710101207050e+00
-4.630194890774607330e+00
-4.429897985043580455e+00
-3.811785963454207060e+00
-2.978770685402277962e+00
-2.203003655089608603e+00
-1.736975733329622074e+00
-1.731371901728684604e+00
-2.186387259096016056e+00
-2.952214118527944020e+00
-3.778353352198483783e+00
-4.395524994129583085e+00
-4.603410943864123084e+00
-4.335659743356085727e+00
-3.681073051565107335e+00
-2.854210945464498828e+00
-2.125126398890421875e+00
-1.731210940546202837e+00
-1.799900133819461345e+00
-2.307392094072389988e+00
-3.086760769258545256e+00
-3.882737086312215702e+00
-4.435228325710078856e+00
-4.564293997914471213e+00
-4.228836871242791062e+00
-3.539851704690542444e+00
-2.723911654289703943e+00
-2.048827734528324562e+00
-1.735796921531886472e+00
-1.886821995193085577e+00
-2.451239904279610915e+00
-3.242416743806158852e+00
-3.999211309503174050e+00
-4.472060814537432982e+00
-4.505360909363876232e+00
-4.088930396912367371e+00
-3.361457978959978998e+00
-2.564644378110136902e+00
-1.963084854487898268e+00
-1.756376182224843152e+00
-2.012645098232666463e+00
-2.645712455456982859e+00
-3.443676581201496223e+00
-4.139573021067609382e+00
-4.500645584871685756e+00
-4.406397826578272614e+00
-3.889186908091852857e+00
-3.123555230953943163e+00
-2.367666288409139064e+00
-1.876376741353175781e+00
-1.815170718485014545e+00
-2.204067072130706961e+00
-2.910633739378038598e+00
-3.694698589824346957e+00
-4.289794894520316149e+00
-4.493787340707980249e+00
-4.237830987326344889e+00
-3.610031018689008775e+00
-2.825522864298286585e+00
-2.152993176318060531e+00
-1.822657682467246021e+00
-1.947218651510461696e+00
-2.483029587392040494e+00
-3.244987628205219021e+00
-3.970210358434992148e+00
-4.408679687985191720e+00
-4.409606514463655813e+00
-3.973611666037345724e+00
-3.252543558542480895e+00
-2.496857334140171858e+00
-1.968704613709685969e+00
-1.850876822718330761e+00
-2.183286230208441481e+00
-2.849160236949316527e+00
-3.615832970537400826e+00
-4.215958476796582310e+00
-4.440811299016780289e+00
-4.213066967074896141e+00
-3.613600882770669376e+00
-2.852933757262825054e+00
-2.197352759276071321e+00
-1.875633875114110616e+00
-1.999084796117391427e+00
-2.522920162940613054e+00
-3.262427658651574358e+00
-3.958114992061558812e+00
-4.366838367486684191e+00
-4.346856387731771854e+00
-3.907001292458268882e+00
-3.202884042206358917e+00
-2.481726440345852325e+00
-1.995434954643008352e+00
-1.912554171933932956e+00
-2.259926596961826739e+00
-2.914250863531052893e+00
-3.646098515685645580e+00
-4.200577770155646817e+00
-4.386177655271684017e+00
-4.140763771421952733e+00
-3.552005770134883278e+00
-2.825649634637374508e+00
-2.213259157054138004e+00
-1.924955830944322210e+00
-2.057510882347092007e+00
-2.562366790213678858e+00
-3.263988835683276690e+00
-3.921445183167940218e+00
-4.311404358234135259e+00
-4.303830531187568198e+00
-3.904741185973774620e+00
-3.252161235219191315e+00
-2.567608473372332334e+00
-2.080430807105743796e+00
-1.951029227079707828e+00
-2.218684896067203649e+00
-2.790764044291519586e+00
-3.475802264319659773e+00
-4.048340360079478728e+00
-4.323289939606916654e+00
-4.215114260678991975e+00
-3.763085449170661345e+00
-3.115897338526388616e+00
-2.482097893998163940e+00
-2.063116126217964030e+00
-1.990181322600316438e+00
-2.284294748816711351e+00
-2.850770871491802971e+00
-3.509297053107617081e+00
-4.050085387720386620e+00
-4.299289764472507436e+00
-4.174243989418854106e+00
-3.711776336804472720e+00
-3.060193670441112346e+00
-2.435452207987276019e+00
-2.052340407652275545e+00
-2.050725993834685568e+00
-2.441332909628668446e+00
-3.092455290690632630e+00
-3.767781487090046788e+00
-4.208139574466038368e+00
-4.231605192301660878e+00
-3.814242697934975279e+00
-3.114679783971418203e+00
-2.422994831715489461e+00
-2.044645883772701733e+00
-2.162549418258115974e+00
-2.739461733181123737e+00
-3.145552646570363819e+00
