6.028016067196480421e+00
7.874856810590299183e+00
8.957731907668001980e+00
9.078502730682684430e+00
8.218709659669389822e+00
6.539831556157111869e+00
4.350713956969827656e+00
2.049086556063677289e+00
4.851101747120001306e-02
-1.295712468824431696e+00
-1.748476177504056039e+00
-1.234081432838185499e+00
1.534190730398834468e-01
2.169639964098412310e+00
4.464739213556336850e+00
6.645233888275418721e+00
8.341673846590353492e+00
9.270529134123293602e+00
9.280076827796758465e+00
8.373150622351118955e+00
6.703740724461065170e+00
4.548863154841386702e+00
2.261110104671376853e+00
2.102169443219388256e-01
-1.276580818696691821e+00
-1.965827852104368390e+00
-1.752912055180248174e+00
-6.759365109414767758e-01
1.093048195760797370e+00
3.277317330370010495e+00
5.540037670563913608e+00
7.536783513943459134e+00
8.967756877909508262e+00
9.621855489835875019e+00
9.406284795055590564e+00
8.357827800866761692e+00
6.634760713740126548e+00
4.491282714134638532e+00
2.238792239874268120e+00
2.000550269269134596e-01
-1.336933476914392571e+00
-2.158840477463956020e+00
-2.155258963713082565e+00
-1.331821716269725897e+00
1.930940155635214595e-01
2.207013438418806039e+00
4.434252015003773195e+00
6.574410795705411203e+00
8.343029129769325536e+00
9.508901727413626048e+00
9.923257601020019081e+00
9.537286757855394370e+00
8.406180988671493992e+00
6.679684426783488504e+00
4.580881585600563355e+00
2.376368531410252505e+00
3.418950716036373016e-01
-1.272057625186980623e+00
-2.270501011072370900e+00
-2.536420234762172043e+00
-2.043082263177907976e+00
-8.550900825398306537e-01
8.814930369001059418e-01
2.958337339146913436e+00
5.130722336750981327e+00
7.146802524395456047e+00
8.776737095987293458e+00
9.838345857264075178e+00
1.021651475971231804e+01
9.874420207894653245e+00
8.855656741828548562e+00
7.277412174535484723e+00
5.315816318009422226e+00
3.185390191541593641e+00
1.115065977797884855e+00
-6.765081800408987434e-01
-2.003726518834112902e+00
-2.732535893813266448e+00
-2.792951138207120820e+00
-2.184542259128077646e+00
-9.746379967364928731e-01
7.102525806610260339e-01
2.698638649206677176e+00
4.792202005399465392e+00
6.785937695534668634e+00
8.488220365269405931e+00
9.738853088275673642e+00
1.042345487278264748e+01
1.048298263468582903e+01
9.917710807002869444e+00
8.785550219466177424e+00
7.195122240223030374e+00
5.294465918958271011e+00
3.256607214437342357e+00
1.263435869333508599e+00
-5.105929090813647875e-01
-1.913484026993701015e+00
-2.828200926585784813e+00
-3.181673900954400835e+00
-2.949711822749574885e+00
-2.157596328792892315e+00
-8.765165367511373873e-01
7.836571056981278538e-01
2.684485266569677897e+00
4.670990841727323151e+00
6.584540788271492140e+00
8.275504394298923927e+00
9.614694684463415797e+00
1.050275471340168565e+01
1.087686147294738603e+01
1.071436593765118950e+01
1.003324633670119681e+01
8.889501906545357102e+00
7.371837479065030507e+00
5.594170352827468662e+00
3.686619572454794991e+00
1.785708499459336185e+00
2.452374445408667114e-02
-1.476469076166057270e+00
-2.617342201664300205e+00
-3.324871563720614986e+00
-3.556619826444733512e+00
-3.302768922545157970e+00
-2.585698159974651134e+00
-1.457456143545959648e+00
4.594173129520484622e-03
1.703575183659447045e+00
3.529886985474320227e+00
5.368505116898927731e+00
7.106295397808607639e+00
8.638888003474626487e+00
9.876710114677809571e+00
1.074985459671762378e+01
1.121155446275896139e+01
1.124013239555121757e+01
1.083939456128038969e+01
1.003753218921102253e+01
8.884677688602483414e+00
7.449330375059882492e+00
5.813917422778319022e+00
4.069787016583948258e+00
2.311942693236521684e+00
6.338215299433609395e-01
-8.776038770407854628e-01
-2.146156085936295810e+00
-3.110019406929160013e+00
-3.724399473065431287e+00
-3.963190020405077618e+00
-3.819618331238353370e+00
-3.305894999295779790e+00
-2.451942288886574950e+00
-1.303316356830473310e+00
8.152943297704551284e-02
1.634470753749098115e+00
3.281246711206497579e+00
4.945118666603581126e+00
6.550476414997741692e+00
8.026229121879634221e+00
9.308839310222989383e+00
1.034488391502073767e+01
1.109305533714305980e+01
1.152554590682700209e+01
1.162878968071875718e+01
1.140356467688454778e+01
1.086448533877955747e+01
1.003893828951744993e+01
8.965533623698394905e+00
7.692180824115971483e+00
6.273934743650285917e+00
4.770083617186754665e+00
3.241337793654930355e+00
1.747338516614394877e+00
3.443672746036656740e-01
-9.166719341730660275e-01
-1.991940161389087471e+00
-2.845981409400452300e+00
-3.452648838351679572e+00
-3.795633745228523814e+00
-3.868606827891713174e+00
-3.674994450975281879e+00
-3.227423715567600659e+00
-2.546878935967352930e+00
-1.661618582014326329e+00
-6.059058835881687699e-01
5.813917772974201981e-01
1.858279669086178032e+00
3.181135611388237638e+00
4.506183352754321803e+00
5.790894553023306912e+00
6.995280228557137825e+00
8.083038942767737822e+00
9.022535864332681399e+00
9.787593813606068949e+00
1.035808434194902716e+01
1.072031353726502090e+01
1.086720345317858616e+01
1.079827568454473408e+01
1.051944855797454892e+01
1.004266360535317659e+01
9.385360404133173517e+00
8.569821491487676468e+00
7.622410905490366595e+00
6.572731011167586068e+00
5.452723602638577916e+00
4.295751329821525744e+00
3.135667093670397421e+00
2.005881989433296209e+00
9.384603488621197087e-01
-3.673654418769567442e-02
-8.928377736370149975e-01
-1.606662376520209712e+00
-2.159314358958085656e+00
-2.536658644911463867e+00
-2.729666174559663538e+00
-2.734619424963875112e+00
-2.553172972855439760e+00
-2.192267295113916603e+00
-1.663897731395494795e+00
-9.847443286948980301e-01
-1.756720529858748492e-01
7.388855152029840667e-01
1.731642494440742031e+00
2.773257479302954742e+00
3.833188652580241218e+00
4.880583079453037598e+00
5.885174649896531385e+00
6.818164473214052279e+00
7.653057638107030769e+00
8.366431164039390467e+00
8.938609690060044244e+00
9.354227952977314686e+00
9.602662345991658910e+00
9.678317740630621557e+00
9.580760184038762617e+00
9.314689506122990181e+00
8.889747849016256254e+00
8.320174414175454558e+00
7.624322746075634427e+00
6.824057832011931168e+00
5.944053731635600357e+00
5.011015308690360825e+00
4.052849658819027923e+00
3.097813961974499097e+00
2.173666718899201378e+00
1.306848673283504514e+00
5.217182198725103248e-01
-1.601361730068218137e-01
-7.204869430520997042e-01
-1.144945733374530761e+00
-1.423316854238691143e+00
-1.549817956283217057e+00
-1.523164305763911486e+00
-1.346517382461900780e+00
-1.027302699167499611e+00
-5.769056377782852962e-01
-1.025759496953115857e-02
6.546722683847172597e-01
1.397461953681632174e+00
2.195878711880618006e+00
3.026557646894437958e+00
3.865695736443671926e+00
4.689740381966054805e+00
5.476052441146315175e+00
6.203525119118153519e+00
6.853142029950625158e+00
7.408460107921031934e+00
7.856005757569978876e+00
8.185575585274701638e+00
8.390436152565740713e+00
8.467420332348922329e+00
8.416920936655820640e+00
8.242785227867010178e+00
7.952116642657407475e+00
7.554992478205720730e+00
7.064108355010018769e+00
6.494361935139568054e+00
5.862389608404786401e+00
5.186070645679770053e+00
4.484013656557106486e+00
3.775040089165151880e+00
3.077678997181661824e+00
2.409686407594295421e+00
1.787601396601232739e+00
1.226349471651265510e+00
7.389021218764209031e-01
3.359994974371791621e-01
2.594117242642379750e-02
-1.855521025891881948e-01
-2.954047842925024980e-01
-3.031821423750482580e-01
-2.110180104569248094e-01
-2.347927599140664512e-02
2.526268299827978403e-01
6.084953482517230228e-01
1.033607836949153480e+00
1.516049259114396364e+00
2.042848083124638059e+00
2.600329994956084079e+00
3.174475708658370365e+00
3.751273691908126207e+00
4.317059175234807533e+00
4.858831560072326639e+00
5.364543252213375801e+00
5.823353990987044426e+00
6.225845886520986028e+00
6.564195583244651466e+00
6.832301203246080590e+00
7.025862955429856171e+00
7.142417494933427591e+00
7.181327253968817104e+00
7.143727015465421104e+00
7.032430943567550941e+00
6.851804103106035271e+00
6.607603180642907859e+00
6.306791653733545999e+00
5.957335037865213678e+00
5.567982071180760606e+00
5.148037778238816031e+00
4.707134291600779896e+00
4.255005112713144300e+00
3.801268172508649013e+00
3.355222620444136439e+00
2.925663742821406288e+00
2.520719802664719289e+00
2.147713920114277197e+00
1.813053390280503274e+00
1.522148080510582258e+00
1.279358776137937248e+00
1.087975567176080904e+00
9.502256011266925206e-01
8.673087808744326388e-01
8.394592719839422124e-01
8.660300097196906854e-01
9.456080645365547710e-01
1.076539578727096380e+00
1.257034233102289011e+00
1.484568327586671010e+00
1.755827706634768060e+00
2.066713878009302174e+00
2.412373794882989309e+00
2.787252324036136653e+00
3.185165789405909997e+00
3.599394450187839656e+00
4.022791344972173277e+00
4.447904605226363550e+00
4.867110108658386558e+00
5.272751200399103944e+00
5.657282151471372700e+00
6.013412042972404947e+00
6.334245853601380816e+00
6.613419680108378884e+00
6.845227227172856921e+00
7.024734957298813143e+00
7.147883584661898659e+00
7.211573921663124054e+00
7.213735435582837141e+00
7.153376237757733236e+00
7.030613601994324391e+00
6.846684485708150802e+00
6.603935900185486929e+00
6.305795339518684983e+00
5.956721825799489167e+00
5.562138456251753738e+00
5.128347641923470590e+00
4.662430503705627949e+00
4.172132136813490710e+00
3.665734667060927432e+00
3.151920199531372813e+00
2.639625901431519761e+00
2.137893565435760923e+00
1.655716067665238711e+00
1.201883166076560094e+00
7.848290814363365619e-01
4.124842655980289763e-01
9.213369224176704009e-02
-1.697160943446185399e-01
-3.674590641486039644e-01
-4.964989641316162050e-01
-5.533439778345812243e-01
-5.356851956508412727e-01
-4.424575211293477750e-01
-2.738818644310754280e-01
-3.148771126596860981e-02
2.818845983202060701e-01
6.621022945189736220e-01
1.103779462392454835e+00
1.600337084752848416e+00
2.144083482828827769e+00
2.726314537120552828e+00
3.337432816637910804e+00
3.967084494614802725e+00
4.604312683799348882e+00
5.237725585307873466e+00
5.855677612465973070e+00
6.446461425555164659e+00
6.998508595425919410e+00
7.500596403995039907e+00
7.942058088278477257e+00
8.312993642528132554e+00
8.604478111224665327e+00
8.808764135454905997e+00
8.919475358400063669e+00
8.931787154707050647e+00
8.842591026589609271e+00
8.650638910689696814e+00
8.356663569145943882e+00
7.963471202294627460e+00
7.476002426645251830e+00
6.901357819400844029e+00
6.248784350601415127e+00
5.529619218427982652e+00
4.757187886509420593e+00
3.946653510108716567e+00
3.114815448283054344e+00
2.279855210296386048e+00
1.461028996378476386e+00
6.783069853748924238e-01
-4.803928564794546219e-02
-6.978986944501093248e-01
-1.251827061226295612e+00
-1.691592148178786559e+00
-2.000748720179716500e+00
-2.165232891988448038e+00
-2.173962410635112086e+00
-2.019426771483754379e+00
-1.698248205334137673e+00
-1.211691691070731380e+00
-5.660994384774840071e-01
2.267681804692536218e-01
1.149508325823919375e+00
2.179028430367939251e+00
3.286709915908530899e+00
4.438815143572822031e+00
5.597165742959835377e+00
6.720112403524175271e+00
7.763804902243913730e+00
8.683756446870052770e+00
9.436678406842492706e+00
9.982540530199502271e+00
1.028678848291865933e+01
1.032262605802178967e+01
1.007324516065860465e+01
9.533864575792218687e+00
8.713420844305803215e+00
7.635743888862096540e+00
6.340049078914150371e+00
4.880588894275594392e+00
3.325333610591785671e+00
1.753593213107182525e+00
2.525527529695441586e-01
-1.087230110455132959e+00
-2.177226067518728492e+00
-2.936994244388214881e+00
-3.300559287325095070e+00
-3.222666845897214749e+00
-2.684399562298730224e+00
-1.697585720958689315e+00
-3.074245671987716477e-01
1.407202594809067620e+00
3.336159289533192851e+00
5.343469077207787521e+00
7.275731744164012582e+00
8.973261274063403903e+00
1.028333947285170424e+01
1.107464562633394500e+01
1.125161943901378159e+01
1.076728476411357072e+01
9.632950487565970832e+00
7.923254301325380666e+00
5.775256995212319389e+00
3.380744132950761482e+00
9.715392646760596662e-01
-1.201560667635863666e+00
-2.894722299825590817e+00
-3.899498161401870888e+00
-4.070603977952081287e+00
-3.349451605770526363e+00
-1.779772492389988692e+00
4.878964750230254666e-01
3.205106955814081893e+00
6.048509038755355505e+00
8.655805332547346964e+00
1.067138044964578114e+01
1.179634443343920758e+01
1.183618612011144045e+01
1.073848958297792322e+01
8.613515778362778263e+00
5.732059196472953033e+00
2.497835216901720834e+00
-6.045126459283105547e-01
-3.080365049291414081e+00
-4.505481311158391122e+00
-4.603064698462748794e+00
-3.303506424468166891e+00
-7.738371344762215998e-01
2.592365235857447381e+00
6.227712125934540488e+00
9.481686697089060090e+00
1.173641493979342343e+01
3.760948699458030120e+00
