-3.615479686975122675e+00
-2.638285745440946961e+00
-3.156610979521998317e+00
-5.096423065305013544e+00
-7.319766974829168049e+00
-8.161385045441027941e+00
-6.735688051251218056e+00
-4.048183197210747153e+00
-2.551782289928958836e+00
-3.907979791874560682e+00
-6.897024856084501110e+00
-8.206912289625776680e+00
-6.126222621674929592e+00
-3.062596823479586838e+00
-2.987940556852869634e+00
-6.157214234435709699e+00
-8.275999380713454201e+00
-6.266664228439091211e+00
-2.939242867497583234e+00
-3.191052177184837912e+00
-6.706977982503441460e+00
-8.255041856724986360e+00
-5.519105576779163691e+00
-2.564092976953949776e+00
-3.689181996414813369e+00
-7.206455943445543966e+00
-8.206161731606115950e+00
-5.483399206074893506e+00
-2.654924355135762415e+00
-3.037814487728240032e+00
-5.921490291857978150e+00
-8.192629773782543978e+00
-7.958865321392380565e+00
-5.834415567942587977e+00
-3.582287399971188169e+00
-2.412240052042592620e+00
-2.452837719946124206e+00
-3.209415031870815227e+00
-4.157199789927559230e+00
-4.982612916484763232e+00
-5.562550261501802318e+00
-5.877572671379133418e+00
-5.942410097966627447e+00
-5.771291108108428602e+00
-5.372069175789108364e+00
-4.760231024413430490e+00
-3.985172219297152818e+00
-3.159219117953060429e+00
-2.473946023540574135e+00
-2.182563135478613248e+00
-2.529766568731576015e+00
-3.630243008903757396e+00
-5.335404341338374046e+00
-7.169339260792798818e+00
-8.425120674518833397e+00
-8.455438928587321712e+00
-7.064890723748935564e+00
-4.778184444020230792e+00
-2.734197024106044704e+00
-2.128162378590275239e+00
-3.447207419194536548e+00
-6.003714724046384177e+00
-8.206199573481740117e+00
-8.546905846067380352e+00
-6.699114078595461486e+00
-3.886921692622562929e+00
-2.117149386087335383e+00
-2.725257862530970243e+00
-5.314624805467068391e+00
-7.973051657672012738e+00
-8.687726456421534849e+00
-6.895906865624120918e+00
-3.943332790512124930e+00
-2.063854196318989143e+00
-2.671613092357191466e+00
-5.299610662271384776e+00
-7.987147714316649605e+00
-8.771919959623874163e+00
-7.119209060037547943e+00
-4.241618744675741404e+00
-2.157618338645855172e+00
-2.257641248545667612e+00
-4.413567117502264381e+00
-7.174644008795492134e+00
-8.796348692605269193e+00
-8.341477206745670614e+00
-6.162164897644045958e+00
-3.564300872029647849e+00
-1.976777788385220447e+00
-2.173155508117933454e+00
-3.956567034279885320e+00
-6.385081743427657663e+00
-8.318739220005976875e+00
-8.959753012996308996e+00
-8.139440052228865241e+00
-6.283292162823588711e+00
-4.145068906901832051e+00
-2.473509725402925241e+00
-1.756422304539471568e+00
-2.114809225870427856e+00
-3.342332427541929274e+00
-5.035495288717466877e+00
-6.746760642904732208e+00
-8.107751656373768157e+00
-8.896810335114835766e+00
-9.050541353088833674e+00
-8.634907303457850958e+00
-7.796699034130147865e+00
-6.713544561564070534e+00
-5.554112294409263129e+00
-4.453269148781277664e+00
-3.501709848433782746e+00
-2.746634103898016654e+00
-2.199139426359924432e+00
-1.844435353203822903e+00
-1.652061294892560817e+00
-1.584472637697738051e+00
-1.603343223625154579e+00
-1.673603538800949142e+00
-1.765603391342455364e+00
-1.855925433223728938e+00
-1.927364894531954143e+00
-1.968502662031212935e+00
-1.973183137367962914e+00
-1.940093678162160717e+00
-1.872540953845903022e+00
-1.778432958594651669e+00
-1.670400621017390286e+00
-1.565926495071043423e+00
-1.487289463907672360e+00
-1.461088545398030902e+00
-1.517086865264187789e+00
-1.686135510551822314e+00
-1.997016098759104796e+00
-2.472197734936898872e+00
-3.122744996075032642e+00
-3.942924372031829439e+00
-4.905393226550112118e+00
-5.958140286112097783e+00
-7.024474889952028178e+00
-8.007221160212733224e+00
-8.797777054320073731e+00
-9.289831094588855365e+00
-9.396385080290269087e+00
-9.067530176643369799e+00
-8.305492524622209771e+00
-7.173162754438672017e+00
-5.792932140036917588e+00
-4.334253162234182000e+00
-2.990706490580782528e+00
-1.949951167991645917e+00
-1.362096087837679548e+00
-1.314338113899998994e+00
-1.817012925765842279e+00
-2.802608125276841555e+00
-4.136984450132062285e+00
-5.639904986500598127e+00
-7.110777211264040609e+00
-8.355350606496227073e+00
-9.209625201823298468e+00
-9.559606587304468661e+00
-9.356399721882770137e+00
-8.623753824978690474e+00
-7.456142330484383685e+00
-6.006747436699072296e+00
-4.467241237717165525e+00
-3.042261661896430880e+00
-1.922038535035816675e+00
-1.256877006506534222e+00
-1.136947746751453714e+00
-1.580105065350878579e+00
-2.529360700130939499e+00
-3.860336157230706888e+00
-5.397679679576357969e+00
-6.938245322384031688e+00
-8.277947547911230330e+00
-9.238737518835957729e+00
-9.692151631970510550e+00
-9.576350665878631929e+00
-8.904431287770291803e+00
-7.762933494802511269e+00
-6.300738052527957933e+00
-4.709784439436652370e+00
-3.200087165176815684e+00
-1.972257944871156798e+00
-1.191066966642810421e+00
-9.634454383723562998e-01
-1.323762037816819337e+00
-2.228406748240405300e+00
-3.560564184324537251e+00
-5.144752835762194110e+00
-6.769426830615071111e+00
-8.214836616039161044e+00
-9.282572091554774474e+00
-9.822879404593475527e+00
-9.756013176493389949e+00
-9.084559824383500626e+00
-7.894779499242263299e+00
-6.346437023509717612e+00
-4.652150211955861536e+00
-3.048772416858757328e+00
-1.764537146780488452e+00
-9.864431505342361461e-01
-8.325173595433135176e-01
-1.333103566249999261e+00
-2.424217498164682905e+00
-3.954405097912431888e+00
-5.704641439514849921e+00
-7.418871211496861129e+00
-8.841100643455332531e+00
-9.753772091823737611e+00
-1.001169642456373055e+01
-9.566201842994933813e+00
-8.475378923345720850e+00
-6.898229704904656145e+00
-5.072913164940716868e+00
-3.281779046953048340e+00
-1.808110401053030891e+00
-8.910786209255023849e-01
-6.860533370444850121e-01
-1.236932482658071208e+00
-2.465563085492693762e+00
-4.180792959751993720e+00
-6.106580087564841719e+00
-7.925369350993028306e+00
-9.330161513222488878e+00
-1.007685329445545008e+01
-1.002790643220109601e+01
-9.179395849532193452e+00
-7.665930974991147728e+00
-5.741516668381223987e+00
-3.738569858623789877e+00
-2.011333929604575133e+00
-8.730980588020349487e-01
-5.382918540156254039e-01
-1.080268734330414482e+00
-2.413318468153031748e+00
-4.303433860192429350e+00
-6.407224749906281325e+00
-8.333015446899116441e+00
-9.713588717219643343e+00
-1.027719253218137752e+01
-9.902989138702288585e+00
-8.649366767735763517e+00
-6.748210780338407488e+00
-4.564594006163857465e+00
-2.528243031380278172e+00
-1.049210045121177437e+00
-4.341243624146988722e-01
-8.202385929546807120e-01
-2.141800135478049150e+00
-4.137371441177199571e+00
-6.399248496815266307e+00
-8.455715392595267943e+00
-9.869467520182375608e+00
-1.033200393112063509e+01
-9.733463613579818485e+00
-8.191706050614790513e+00
-6.032570185877125013e+00
-3.723630436511654374e+00
-1.774234347884264373e+00
-6.228044121954265933e-01
-5.363074150375215510e-01
-1.545259855598596577e+00
-3.430641438225488393e+00
-5.767895360073579170e+00
-8.020147540406796338e+00
-9.660831983753595864e+00
-1.029797662966499061e+01
-9.770644797599965514e+00
-8.193268451330192548e+00
-5.935032132311998332e+00
-3.536674072653634759e+00
-1.582556500124605581e+00
-5.577896411258169707e-01
-7.253575728422161362e-01
-2.054853140077110840e+00
-4.222889841227106089e+00
-6.687952887142982306e+00
-8.823475564763931800e+00
-1.007710271839229321e+01
-1.011576785015579638e+01
-8.918029487130461064e+00
-6.787237820339671934e+00
-4.278935484781580811e+00
-2.058577009808219227e+00
-7.252083624297069875e-01
-6.476505055986967463e-01
-1.858451327872203240e+00
-4.037018735813676429e+00
-6.590020366018245035e+00
-8.810305920813231495e+00
-1.007264847026964460e+01
-1.001227835383064502e+01
-8.634665950389806000e+00
-6.322464456036524183e+00
-3.733769689945702019e+00
-1.617267795641178729e+00
-5.953596792772559709e-01
-9.780619683552176369e-01
-2.664086014747473197e+00
-5.161857514176849904e+00
-7.728510571311984378e+00
-9.589005807129925785e+00
-1.017141447759486894e+01
-9.286693674106050622e+00
-7.195395604092446717e+00
-4.536532051518205932e+00
-2.135994388949149059e+00
-7.506818424905379317e-01
-8.272735872462675388e-01
-2.353196163917040451e+00
-4.850893247669125330e+00
-7.522207761549873695e+00
-9.501038248355875737e+00
-1.013519993141699693e+01
-9.205553989810869808e+00
-7.007572775832180412e+00
-4.263465880290770116e+00
-1.888698978230078485e+00
-6.869679458381012793e-01
-1.075000787804714975e+00
-2.932354895352541124e+00
-5.632039629888213383e+00
-8.247271274095458793e+00
-9.868031447597669370e+00
-9.919987303108257493e+00
-8.373355639017564300e+00
-5.764076410565582620e+00
-3.013766845246468318e+00
-1.106737950351242894e+00
-7.362281447767990983e-01
-2.047404118427256670e+00
-4.574036037871521465e+00
-7.398096318256889958e+00
-9.480133382680760334e+00
-1.004282582441732075e+01
-8.865953713530419833e+00
-6.379241911295440381e+00
-3.511943051253140879e+00
-1.349119613943561724e+00
-7.203021716978277311e-01
-1.876623046370901715e+00
-4.383742685377740145e+00
-7.278377233780767952e+00
-9.434826874267203678e+00
-1.000354881837893295e+01
-8.750697670157375541e+00
-6.161157020573021725e+00
-3.257435930570848903e+00
-1.199246596318690017e+00
-8.191451614867828468e-01
-2.280556430104138776e+00
-5.000614747605871102e+00
-7.876358858694773701e+00
-9.729231218448916252e+00
-9.789944975869801169e+00
-8.023544292435827785e+00
-5.155093135209623867e+00
-2.377762448981143528e+00
-8.583362374483396451e-01
-1.244262290449900554e+00
-3.381630482051877440e+00
-6.369380763944154644e+00
-8.934371585660443316e+00
-9.973300426521856110e+00
-9.031069058451041798e+00
-6.506580337169330264e+00
-3.490305606792298398e+00
-1.296750006864406224e+00
-8.907329138549613390e-01
-2.458289101549617772e+00
-5.315097404476578191e+00
-8.199860188193333954e+00
-9.829297481348390875e+00
-9.471326072968256682e+00
-7.279305287627646059e+00
-4.232371523886627074e+00
-1.701896933159527947e+00
-8.343534169212327711e-01
-2.028386292953605174e+00
-4.746311377196109405e+00
-7.751519872147568435e+00
-9.669160605395536123e+00
-9.616633448898209480e+00
-7.613862126863788049e+00
-4.580643307040783263e+00
-1.917162582944241134e+00
-8.577585644926619679e-01
-1.896434927314388563e+00
-4.552843768702235394e+00
-7.591304785992985416e+00
-9.594371924093199056e+00
-9.625074464430689147e+00
-7.667743766024675445e+00
-4.638725966357030828e+00
-1.959114508340880967e+00
-8.880620855691176985e-01
-1.929626420971178202e+00
-4.593416970491282392e+00
-7.623736095389442191e+00
-9.590890810761177221e+00
-9.566354366518432073e+00
-7.562475728634089123e+00
-4.527748628689296950e+00
-1.898684812557874135e+00
-9.197375818121642510e-01
-2.053428187883516109e+00
-4.760773220855482712e+00
-7.756772653590854105e+00
-9.620147355094001540e+00
-9.467966359885053862e+00
-7.374649786959946773e+00
-4.336144580625944656e+00
-1.796279571452433110e+00
-9.605388277872410896e-01
-2.223577843459526804e+00
-4.982584319884312940e+00
-7.924892755533139876e+00
-9.652620890787877883e+00
-9.346962722690678405e+00
-7.156305064361570878e+00
-4.124132833703204604e+00
-1.691794782380620532e+00
-1.013213891156925506e+00
-2.407497440528382882e+00
-5.209138579595088636e+00
-8.086005361910352462e+00
-9.672985625715430302e+00
-9.219720272024428454e+00
-6.945050097529140487e+00
-3.930890390185112881e+00
-1.607225548367424039e+00
-1.073602665183205573e+00
-2.579148911682946022e+00
-5.406889372430808471e+00
-8.215775098396450815e+00
-9.676960751581550113e+00
-9.102273460306825825e+00
-6.767707028218296728e+00
-3.780160183239915650e+00
-1.552100600074595160e+00
-1.133745296612316267e+00
-2.718538873266132416e+00
-5.554557790029194919e+00
-8.301991328103445866e+00
-9.666394723127384125e+00
-9.008258487943933801e+00
-6.641973909364875972e+00
-3.684802083367141101e+00
-1.528792920257501464e+00
-1.185525777183261020e+00
-2.812105550328810377e+00
-5.640229806399964296e+00
-8.339863289849359873e+00
-9.645010842026827902e+00
-8.947035999802684714e+00
-6.577637585266002063e+00
-3.650328616260644754e+00
-1.536582286964685906e+00
-1.223350050271898581e+00
-2.852893635170785647e+00
-5.659167042980235429e+00
-8.328694415015533536e+00
-9.615586727157173996e+00
-8.922618083962824187e+00
-6.577544493645989476e+00
-3.677229794728442691e+00
-1.574095944003567116e+00
-1.245569473831344531e+00
-2.840459260146339204e+00
-5.612478420917969224e+00
-8.270141861293520691e+00
-9.578677977742158234e+00
-8.933347939249692615e+00
-6.638165366351721275e+00
-3.761929196303991141e+00
-1.640080703710165899e+00
-1.254741297748870110e+00
-2.780674546067560815e+00
-5.506795955558541955e+00
-8.168097094500872402e+00
-9.532802569575515861e+00
-8.972188023604498852e+00
-6.749637072933384552e+00
-3.896344939364402293e+00
-1.732573307050908173e+00
-1.256832594383646473e+00
-2.685505315449212116e+00
-5.354950183543204290e+00
-8.030113474927873085e+00
-9.475997048950102197e+00
-9.027577867487508456e+00
-6.895327115607748247e+00
-4.066166746226335782e+00
-1.846583891544398615e+00
-1.259415546946955011e+00
-2.572703636877660127e+00
-5.177495681928154347e+00
-5.377222867822519348e+00
