7.761824836736174404e+00
1.073978161324029301e+01
9.749245138821503787e+00
5.209229464443093427e+00
-7.492863672588550017e-01
-5.252481284612050771e+00
-6.070333535886084597e+00
-2.753461578776900787e+00
3.072986943032922635e+00
8.463590543434555968e+00
1.062926292470795531e+01
8.404137527775633387e+00
2.920830896291437995e+00
-2.917706575682750270e+00
-5.953445708190041152e+00
-4.497964039542926784e+00
6.828404619458297020e-01
6.720520572655792613e+00
1.020552319506378325e+01
9.124688360621753702e+00
4.067904839841254727e+00
-2.042364753242901010e+00
-5.612205592438368029e+00
-4.501046532169081793e+00
6.522115118548907908e-01
6.747310135522074148e+00
1.006249523056196793e+01
8.539870901870214581e+00
3.104718761963512819e+00
-2.852064336302830405e+00
-5.570062685191712326e+00
-3.309867557361057422e+00
2.493296285555990810e+00
8.103280661359891113e+00
9.877350564154447454e+00
6.652251989180308911e+00
5.437286962959033687e-01
-4.413665631267890355e+00
-4.929633376570911274e+00
-6.646908574961871707e-01
5.517153844701178755e+00
9.455870335087272593e+00
8.501084929558047065e+00
3.315793441614824033e+00
-2.565851175238218040e+00
-5.143634991397691536e+00
-2.681510209528479294e+00
3.111516248629685677e+00
8.263548030588312443e+00
9.268320275522277996e+00
5.477375164677662056e+00
-4.849158161972644265e-01
-4.547697229965196541e+00
-3.980829639622410987e+00
7.761291734898054795e-01
6.468472436547588522e+00
9.272422509624817621e+00
7.365779207881140600e+00
2.088189422562352959e+00
-3.033149099850310115e+00
-4.663401044394590578e+00
-1.820707134273683359e+00
3.579281848285225998e+00
8.060974114752468722e+00
8.846080104203467798e+00
5.548299658972453585e+00
2.877109425711756874e-01
-3.728770714376571149e+00
-4.178628095319274038e+00
-9.239860944602407145e-01
4.059179795480597264e+00
7.946042753467517983e+00
8.681284192283829526e+00
6.016395694117375292e+00
1.476296858242993171e+00
-2.587769624956994363e+00
-4.244979291548627742e+00
-2.862526880341397906e+00
7.550933213326709303e-01
4.907340492599068682e+00
7.849084996235188960e+00
8.515419609367823384e+00
6.836631291641637631e+00
3.602530869214810139e+00
3.184361278838432341e-02
-2.720344218566189909e+00
-3.923210980436588891e+00
-3.408147730691370114e+00
-1.498636680629819917e+00
1.187021867559343580e+00
3.963102570793802570e+00
6.258935382409982928e+00
7.719985605304811926e+00
8.227039461669594544e+00
7.855816066043990631e+00
6.807053282564234031e+00
5.333504278658825370e+00
3.681034905412005287e+00
2.051073851782547752e+00
5.840161226574811515e-01
-6.411783673331243882e-01
-1.597363547031390052e+00
-2.295171999594930234e+00
-2.768656231214200680e+00
-3.063002864774555967e+00
-3.225298150241485473e+00
-3.298352876288361379e+00
-3.317062160173217755e+00
-3.306583210521734095e+00
-3.281644927962664937e+00
-3.246457842552924689e+00
-3.194903121723511319e+00
-3.110905900423758474e+00
-2.969120638825318181e+00
-2.736260258237570575e+00
-2.373565049537760707e+00
-1.840992401148819013e+00
-1.103650889143774183e+00
-1.407183544651164908e-01
1.043512017511718737e+00
2.407767027429211115e+00
3.863674256071741198e+00
5.271272059245820429e+00
6.444940017289670919e+00
7.174323636478023403e+00
7.262675755900243502e+00
6.580375731844058329e+00
5.124383032800430726e+00
3.066500879104447908e+00
7.676314646340380854e-01
-1.264037770656781579e+00
-2.481767188650242595e+00
-2.463895422219145814e+00
-1.090200249024523949e+00
1.337185634240725118e+00
4.101991734453060090e+00
6.255397960892760345e+00
6.948615391417710008e+00
5.809358094156756636e+00
3.192761641955519369e+00
1.445651768884932409e-01
-1.982862636018261071e+00
-2.146709759480448731e+00
-1.824538032754952077e-01
3.001592488616031229e+00
5.790018838450826877e+00
6.677069044906072115e+00
5.125706559392905426e+00
1.956396118275909313e+00
-1.037296639749609284e+00
-2.100124933532576676e+00
-5.814685500869187784e-01
2.618415519393622048e+00
5.555473662711357896e+00
6.430960225215903492e+00
4.720447992952719218e+00
1.506578633264497036e+00
-1.211388810111240222e+00
-1.781592906427763801e+00
8.734778128668718722e-02
3.202380721028010413e+00
5.683922138897280263e+00
6.125909704570560166e+00
4.376766844230372655e+00
1.511924114217261694e+00
-8.868898477727555907e-01
-1.634977227191013238e+00
-4.986711015943283698e-01
1.835207057758079241e+00
4.239905743370834479e+00
5.736487311615038109e+00
5.877435242154847472e+00
4.801974517964566758e+00
3.033439714083220551e+00
1.185926202701333088e+00
-2.691375206843069634e-01
-1.106119792343981167e+00
-1.328327061501580975e+00
-1.084880718560572443e+00
-5.776229659047804610e-01
6.788418747917468465e-03
5.293959091295989960e-01
9.027964408885174041e-01
1.079611117827138811e+00
1.038368664077283343e+00
7.766205189165786837e-01
3.183667794017899233e-01
-2.601193934013319442e-01
-7.897171697322624695e-01
-9.771136736796237621e-01
-4.542731194760558644e-01
9.798974132897735334e-01
3.040937348967002851e+00
4.837591209724170227e+00
5.238586270279642854e+00
3.723713384511716740e+00
1.121928452110481977e+00
-6.460595869225111976e-01
-3.653947342479035854e-02
2.556814948981709801e+00
4.842776817269513145e+00
4.655575806131571071e+00
2.144639334306487122e+00
-2.356722359922716059e-01
-1.439414828844105543e-01
2.280808676331661289e+00
4.604502114449140038e+00
4.593515690495533654e+00
2.364288921760947293e+00
8.652185306084581029e-02
-2.048769535357943816e-01
1.604879219213240615e+00
3.864372509928783117e+00
4.759498456942695910e+00
3.746018092910846420e+00
1.724107856704075958e+00
1.359653577522772494e-01
-8.719260756242119825e-02
1.018744935271699070e+00
2.698228829309647026e+00
4.055143019221707945e+00
4.529767101924692341e+00
4.060789761549335353e+00
2.968519778477992865e+00
1.718229025547987954e+00
7.112565273481636918e-01
1.755651172216614597e-01
1.550510548945425171e-01
5.594186714795414961e-01
1.232357957841228702e+00
2.009506509903695282e+00
2.754555027827985114e+00
3.373998142141240386e+00
3.816760582266438995e+00
4.065839400957402816e+00
4.127553297070332583e+00
4.021894121993302207e+00
3.776059014040527018e+00
3.420956816387581867e+00
2.989411562976427739e+00
2.515303177021118497e+00
2.033051723257707444e+00
1.576994863313621487e+00
1.180352523341741122e+00
8.736239524015916302e-01
6.824294120468048508e-01
6.249909880874047197e-01
7.096259716595392231e-01
9.327659000540644563e-01
1.278188260618185357e+00
1.718018199597492357e+00
2.214964662228567249e+00
2.723015950341852953e+00
3.190077653797323887e+00
3.563407601655054435e+00
3.796122194469905509e+00
3.853886970615940655e+00
3.720784980058714275e+00
3.403351659125411821e+00
2.931923400471286634e+00
2.358763777217009139e+00
1.752873710197724977e+00
1.191901511357274401e+00
7.520688351737039312e-01
4.974348766696301549e-01
4.700559794515950518e-01
6.826044204804917470e-01
1.114764934566992771e+00
1.714247605848370437e+00
2.402599749427818843e+00
3.085261125976446639e+00
3.664601861478432809e+00
4.054129814750170979e+00
4.191755915312580960e+00
4.050028388709254301e+00
3.641606283494456697e+00
3.018900114286115599e+00
2.267671316624734423e+00
1.495321734899285993e+00
8.154696235773326585e-01
3.310552624694313995e-01
1.185331442993713402e-01
2.156253643304060219e-01
6.146320684375319310e-01
1.262484552892642498e+00
2.067706022885183348e+00
2.913372729469500655e+00
3.674214817548460577e+00
4.235316367848138697e+00
4.509580795454818158e+00
4.451273281259226167e+00
4.063518734171346125e+00
3.398536879093914109e+00
2.550496317735315710e+00
1.641995866096405576e+00
8.061587354444501585e-01
1.670013135333152654e-01
-1.789909633461852501e-01
-1.773236262765349736e-01
1.761749713814229068e-01
8.343964093684155259e-01
1.705515542421344399e+00
2.666105019435105472e+00
3.578869151109705715e+00
4.312397954706927550e+00
4.760065194483615869e+00
4.855342601641487121e+00
4.581347214366731535e+00
3.973292907942894026e+00
3.113550168913868710e+00
2.120076548628798463e+00
1.129910870644231347e+00
2.800967089480279615e-01
-3.112746758069020458e-01
-5.612720357414398009e-01
-4.333791227726093709e-01
5.768334251965123727e-02
8.481385688161346970e-01
1.833940881098475861e+00
2.884884757702097513e+00
3.862060787600489320e+00
4.636277854199427395e+00
5.104995123696015824e+00
5.205560699229538457e+00
4.923090996084800608e+00
4.292064934337286530e+00
3.391545427574866434e+00
2.334764396799642316e+00
1.254510491240030001e+00
2.862550157711232224e-01
-4.488141637462503830e-01
-8.587281627178575683e-01
-8.918309890262587913e-01
-5.427468926542715622e-01
1.473971097580362155e-01
1.096392640382118255e+00
2.191232991328915691e+00
3.301913037702771447e+00
4.297020599851705924e+00
5.059232650342911697e+00
5.498897737793069673e+00
5.564165082422279696e+00
5.246569007015501107e+00
4.581535110459787674e+00
3.643872646954538386e+00
2.538885665768895628e+00
1.390210392583556942e+00
3.258187442656363952e-01
-5.362129857275439448e-01
-1.100595173288035244e+00
-1.304996620780379590e+00
-1.126456968210965304e+00
-5.834382908445765459e-01
2.665990960877782090e-01
1.333731341945715299e+00
2.505427558834806501e+00
3.658614748407169159e+00
4.672641350605803545e+00
5.441775970589926459e+00
5.885966167221968526e+00
5.958797213304498186e+00
5.651905184481423206e+00
4.995476758840503351e+00
4.054869381436370546e+00
2.923769385425329048e+00
1.714635409817297118e+00
5.474202353829875634e-01
-4.622942789978377043e-01
-1.214586487935548575e+00
-1.634829573669134728e+00
-1.680775910189885813e+00
-1.346457640643975218e+00
-6.625835119100615955e-01
3.065535200552449435e-01
1.469319260999341292e+00
2.715508343876550157e+00
3.926796698049733081e+00
4.987891888767695292e+00
5.797348293808081365e+00
6.277058641654638116e+00
6.379564732128089943e+00
6.092534722685390314e+00
5.440012975205274159e+00
4.480337958917994357e+00
3.300919012543054532e+00
2.010339195215458563e+00
7.284935522248097151e-01
-4.243774102443573781e-01
-1.338812283487057719e+00
-1.926404740580019315e+00
-2.128287045208852035e+00
-1.921019515169319014e+00
-1.319300222921094612e+00
-3.751829306806091502e-01
8.261991406434514573e-01
2.174086707277788300e+00
3.542106951345787014e+00
4.799972397609147734e+00
5.825810016892384979e+00
6.517972451670729583e+00
6.805195216328393748e+00
6.654083228981633624e+00
6.073130794483979855e+00
5.112784943876357957e+00
3.861427560715679164e+00
2.437544502402709146e+00
9.787329571936880246e-01
-3.714665951139344280e-01
-1.477675828358408605e+00
-2.226344601320346506e+00
-2.537594303534688400e+00
-2.373988399334071353e+00
-1.745246128920926232e+00
-7.082934985778095438e-01
6.374977237912844430e-01
2.159541110685353260e+00
3.704919006777148915e+00
5.115690974453276141e+00
6.245103365746424551e+00
6.973029471356296582e+00
7.218995508213216894e+00
6.951350836843971592e+00
6.191506814437578221e+00
5.012664406274540241e+00
3.533026882842916550e+00
1.904090112331529250e+00
2.951536441615350004e-01
-1.124362189090626352e+00
-2.202927971687879349e+00
-2.823299679512809135e+00
-2.915483723611062672e+00
-2.464800200734473812e+00
-1.514085036746284363e+00
-1.597039252268590559e-01
1.458267234227726528e+00
3.170686642376074449e+00
4.797256642275534944e+00
6.165759583467714577e+00
7.130514888771936732e+00
7.588026212369977763e+00
7.488093288000489345e+00
6.839167170568940080e+00
5.707372202352447133e+00
4.209328081725255188e+00
2.499597646604597934e+00
7.541792854857134465e-01
-8.481117099995985065e-01
-2.144319312331043115e+00
-3.004055554425268504e+00
-3.342476236121256328e+00
-3.128212406521488909e+00
-2.385538451835343743e+00
-1.190713725236120180e+00
3.369240034484553004e-01
2.047982967976060387e+00
3.778627650912842917e+00
5.367166950542099357e+00
6.669984674682236658e+00
7.573337566218510730e+00
8.000524069870653676e+00
7.915083664455834445e+00
7.320969555555423725e+00
6.260852352314196345e+00
4.813624338228361665e+00
3.091858678453952347e+00
1.240282101851880370e+00
-5.666277412487050746e-01
-2.132649572930322535e+00
-3.255104297266734115e+00
-3.748601342705916828e+00
-3.476802463681806898e+00
-2.389103661964721681e+00
-5.556953407053768501e-01
1.809069861348661767e+00
4.347384213775802309e+00
6.594429276645549010e+00
8.056635613973780252e+00
8.326473271292574196e+00
7.212565062284803652e+00
4.847764102797375685e+00
1.728823687896329897e+00
-1.352182469364506368e+00
-3.497107219583804216e+00
-3.978500796520555660e+00
-2.521200386132421478e+00
5.239913819968617936e-01
4.214020037442303135e+00
7.288025907836939155e+00
8.613547175566051095e+00
7.640489402843057221e+00
4.664319495613652222e+00
7.579480367035149602e-01
-2.626256499222904495e+00
-4.217713410071587177e+00
-3.416319724281189352e+00
-5.152693993513604021e-01
3.417134731596595643e+00
6.936248227442201042e+00
8.744675713101074166e+00
2.236557535749496672e+00
