5.388874526288966571e+00
5.700133844130910177e+00
5.935547048115147106e+00
6.055346205127982273e+00
6.031886515561778239e+00
5.857004439183016942e+00
5.547332823755200870e+00
5.145774064121616753e+00
4.717705670487774228e+00
4.341398037857148395e+00
4.093490961099775838e+00
4.031949497455808995e+00
4.180276671936709043e+00
4.517390791976783504e+00
4.977040208410868694e+00
5.458751912279327989e+00
5.849338166845571507e+00
6.050631866879390586e+00
6.006439749012820961e+00
5.720773150064474066e+00
5.260929093042131299e+00
4.742881375408766864e+00
4.301716964743452998e+00
4.054939032622006501e+00
4.069565752542676940e+00
4.342882179742437287e+00
4.802614739507985675e+00
5.326516262532960511e+00
5.775652315503919887e+00
6.031854904437136788e+00
6.028925260431491573e+00
5.769303303545303407e+00
5.322243681006984417e+00
4.804665481116104253e+00
4.350300242732753730e+00
4.075244721114684054e+00
4.048656359838107122e+00
4.275871532857256518e+00
4.697917597113406174e+00
5.207196374485831392e+00
5.675096702839226737e+00
5.984430442731177635e+00
6.058548194019209632e+00
5.879980847368171837e+00
5.494175004261138362e+00
4.997636763998215770e+00
4.513633238184819874e+00
4.161591218383904334e+00
4.027771384379316366e+00
4.144368282974479456e+00
4.482031309175384060e+00
4.957472387667889890e+00
5.454145172703252165e+00
5.850840208824094724e+00
6.051187035140842774e+00
6.006913483056639969e+00
5.729293903470266791e+00
5.286119656925996502e+00
4.785035354082757486e+00
4.347355814303529797e+00
4.078731842238640048e+00
4.043739904361626003e+00
4.250477924712234845e+00
4.648809307789179890e+00
5.142604519974605104e+00
5.612976201597631665e+00
5.946889695921384167e+00
6.064273928835922867e+00
5.937148549742118142e+00
5.596219337419105599e+00
5.123405708729245944e+00
4.632129372101243092e+00
4.240109091514811190e+00
4.041180979585167421e+00
4.082878623912995941e+00
4.355116686442513263e+00
4.792661066478970611e+00
5.290774729991043479e+00
5.730286250317103480e+00
6.006085532702541308e+00
6.052240478801935275e+00
5.857740633275192010e+00
5.469114107035800032e+00
4.979297764859238029e+00
4.505421000349615568e+00
4.160808893338034053e+00
4.027890755187168992e+00
4.138485708369577409e+00
4.466178330128567353e+00
4.932612798797586962e+00
5.426210484109280863e+00
5.828846081422415004e+00
6.044110564352614290e+00
6.020402319803176638e+00
5.763315786940568231e+00
5.334349282970109130e+00
4.836222972222247840e+00
4.388303842551520617e+00
4.098009969825874066e+00
4.035040720368181510e+00
4.214615949466647749e+00
4.593760232330788895e+00
5.081548059767877490e+00
5.560877968063097754e+00
5.916570155335954873e+00
6.063050687526335913e+00
5.964967703177379121e+00
5.645766769775643290e+00
5.182135083728446112e+00
4.685618664795622834e+00
4.275808263547797416e+00
4.051533046688936324e+00
4.067000111474945001e+00
4.318646238886387323e+00
4.745901869950790442e+00
5.245719546437230818e+00
5.697394816509549820e+00
5.991709774592203885e+00
6.057365056719600460e+00
5.878298747268040358e+00
5.497674629446915873e+00
5.007535751383382916e+00
4.526588700297475398e+00
4.171469694365395497e+00
4.028443249356573830e+00
3.199522424494302797e+00
3.858206886117071743e+00
4.805741324448787211e+00
5.811947030585567830e+00
6.632046576272571770e+00
7.066224151502424888e+00
7.008387357527389838e+00
6.472213085245012820e+00
5.588054147407651939e+00
4.571368312839109826e+00
3.670285912501132675e+00
3.105057090167711031e+00
3.014153432326982518e+00
3.420228232729457751e+00
4.224331024677822732e+00
5.229886089447017383e+00
6.190657786015023589e+00
6.871022018057866276e+00
7.103798209932040031e+00
6.831436778874712346e+00
6.120389192384802612e+00
5.145038521709643931e+00
4.145040132808104794e+00
3.366481028073871506e+00
3.001292596563422954e+00
3.139839824376868371e+00
3.748421328427380406e+00
4.677316128000133411e+00
5.697494892328124116e+00
6.557025051771643298e+00
7.043294940231811019e+00
7.035686607580067253e+00
6.535628375035487103e+00
5.666506913899035602e+00
4.643356966423247023e+00
3.719740488152363689e+00
3.124916959974339825e+00
3.006870558582765529e+00
3.395368381441079553e+00
4.194302255352439168e+00
5.205320170261902746e+00
6.176973339163741805e+00
6.867226206508775022e+00
7.103796681438891980e+00
6.827271486672917611e+00
6.106178291427585059e+00
5.120154444788603598e+00
4.115307632668472770e+00
3.342832921004266211e+00
2.996184575316012122e+00
3.162525191430186844e+00
3.800662408072098764e+00
4.751094144745771075e+00
5.775753212204947751e+00
6.617578961102377200e+00
7.065024655400423903e+00
7.005308723695533146e+00
6.452982734839731727e+00
5.546544812126541046e+00
4.513842363126974178e+00
3.614873075957032000e+00
3.076324681573661124e+00
3.034335043944240251e+00
3.499945441669899626e+00
4.356046975757482898e+00
5.386697296758246267e+00
6.331503922554119868e+00
6.951399907097739472e+00
7.089199776548236187e+00
6.709580490306416678e+00
5.908286774341256375e+00
4.888125167640154700e+00
3.907729215113771026e+00
3.216015039812445409e+00
2.988931873678335016e+00
3.284592539306341763e+00
4.028255308960191350e+00
5.031074831247250856e+00
6.037955145683357117e+00
6.792404877439049748e+00
7.101914618052412642e+00
6.887181864886406046e+00
6.202569910612057313e+00
5.222487122421974881e+00
4.197062012086507643e+00
3.388352008543624727e+00
3.003344130225769959e+00
3.140885046121717483e+00
3.766171577267038995e+00
4.719418743266214911e+00
5.756583417885355658e+00
6.611791861986311858e+00
7.065513896966575835e+00
7.000996885396125080e+00
6.434430268324126345e+00
5.511015518152762027e+00
4.467858699242862386e+00
3.573142042615557123e+00
3.057167217205182475e+00
3.053005270027756346e+00
3.562067748569373915e+00
4.453535883803772855e+00
5.497879485942064548e+00
6.425902264070900038e+00
6.998136553841277419e+00
7.066694994326343959e+00
6.613586000107003926e+00
5.755539696346797740e+00
4.714023675025176274e+00
3.758128395306741254e+00
3.135041266052713826e+00
3.006076694811717243e+00
3.404832802068196607e+00
4.228351556400443911e+00
5.263631185521015610e+00
6.242681563370256370e+00
6.911899317531257303e+00
7.097798596967798801e+00
6.752046415549931346e+00
5.964092496760269313e+00
4.938075385080699320e+00
3.939955399840726624e+00
3.228563649589440310e+00
2.988450252191032774e+00
3.281967572432215707e+00
2.716910437173482240e+00
5.048075684892824100e+00
7.378718841862430544e+00
9.104238959335127390e+00
9.777025287380839202e+00
9.222564991037664583e+00
7.584681240242479916e+00
5.288221836338061976e+00
2.928885144528912576e+00
1.118727754721767997e+00
3.274037589005480697e-01
7.603060138609318841e-01
2.305226292844580804e+00
4.561395055551638933e+00
6.943400504727242684e+00
8.833057197345182132e+00
9.739837787774369815e+00
9.428235225128251074e+00
7.978979172558756439e+00
5.768179167399198448e+00
3.369764851213790990e+00
1.406514704631524726e+00
3.883341899572494427e-01
5.797825952703741237e-01
1.931277699250608215e+00
4.091884896021309004e+00
6.500408164308320025e+00
8.531148021469178389e+00
9.656468695049110096e+00
9.583927047657040177e+00
8.332308999481480072e+00
6.226788537417693448e+00
3.814447687798329767e+00
1.722106128890144916e+00
4.934170520686222972e-01
4.475833088377703106e-01
1.596426995303699581e+00
3.641367230437706937e+00
6.051075137786448011e+00
8.199592928236851819e+00
9.528987427941132182e+00
9.694246745514949026e+00
8.652773198041279201e+00
6.675259663048116465e+00
4.275194871897500803e+00
2.075395118219606871e+00
6.463001448316996189e-01
3.580588205193580009e-01
1.284780227153198062e+00
3.185693578033309770e+00
5.567947441792155061e+00
7.814596206630081809e+00
9.344470341465349605e+00
9.762462862879164760e+00
8.961370416661905480e+00
7.149084595452717572e+00
4.794317838135974341e+00
2.505122437271583902e+00
8.717647515533695213e-01
3.145975927361428504e-01
9.761285874748040214e-01
2.684937898489028196e+00
5.000484059151453664e+00
7.326984599733785686e+00
9.066847548956850744e+00
9.774097263743357189e+00
9.268416564078322040e+00
7.680710364267310908e+00
5.418784824879761430e+00
3.062250991709804193e+00
1.213831388256897181e+00
3.452639761710623034e-01
6.771894190439535777e-01
2.123534541369436646e+00
4.314298483331572065e+00
6.690594709095529780e+00
8.647434138247540147e+00
9.687716224004432775e+00
9.548238509757858594e+00
8.265850796007766732e+00
6.167240338788739784e+00
3.785286627552797878e+00
1.723509793223686692e+00
5.031563567475432208e-01
4.316666821383519093e-01
1.525652468470960255e+00
3.507569313219909724e+00
5.876576901858275193e+00
8.035383461914758385e+00
9.440879229136204032e+00
9.740560886444935562e+00
8.860533118171815659e+00
7.023223402845989227e+00
4.690700281591304588e+00
2.448153712209450550e+00
8.569973263714478762e-01
3.144864795609754182e-01
9.549101428235022837e-01
2.616835994233130513e+00
4.884270425992286668e+00
7.191125320016400480e+00
8.962674720384777416e+00
9.758625292643589688e+00
9.382218216744231398e+00
7.928413761519154335e+00
5.759476814878551565e+00
3.414349136037755805e+00
1.474566389293205493e+00
4.201149836889532807e-01
5.109354444435156850e-01
1.723252591422030910e+00
3.756220714590592369e+00
6.106940800757261201e+00
8.195058159996969849e+00
9.506027683886863144e+00
9.717691456514515380e+00
8.779091322991224189e+00
6.922329868696221133e+00
4.604829575563365474e+00
2.396436376845412219e+00
8.392765969518336533e-01
3.148300668674650638e-01
9.507641345162030078e-01
2.590201768349371658e+00
4.830729842700449694e+00
7.891304622587730577e+00
1.033448029812141122e+01
1.148375935799727898e+01
1.105916739243127367e+01
9.165516055345893420e+00
6.266190852539181400e+00
3.069534207710859164e+00
3.557274883959955503e-01
-1.213520068002965857e+00
-1.256098742138394897e+00
2.377185059000073153e-01
2.903287448514805025e+00
6.090730417960608989e+00
9.023386952732007416e+00
1.098696131078325422e+01
1.150335168906511640e+01
1.044692295029921070e+01
8.075002159710937377e+00
4.965223139405305908e+00
1.874965287242799761e+00
-4.429562080978364236e-01
-1.423564899407329776e+00
-8.274096036343507876e-01
1.200853394877363201e+00
4.167321793351523418e+00
7.348809493303125606e+00
9.968868422881602243e+00
1.138713403427941628e+01
1.125590497028649928e+01
9.605700400052931798e+00
6.838698971489260536e+00
3.631325849684408524e+00
7.694135674217381649e-01
-1.044067182708956487e+00
-1.361792417079840334e+00
-1.029535613866849886e-01
2.425345468908063573e+00
5.601990244390586682e+00
8.643546736988440671e+00
1.079697110413876793e+01
1.152614129878711680e+01
1.064607498579041689e+01
8.371129265371482830e+00
5.264373758837429307e+00
2.099665725619807244e+00
-3.302161973528132677e-01
-1.412139822873206718e+00
-8.682873593237250276e-01
1.170717650411711386e+00
4.194817812245130284e+00
7.439911209832979821e+00
1.007944793580902498e+01
1.143471042511436053e+01
1.115052299109616385e+01
9.290778978773177599e+00
6.327631400147632590e+00
3.024881875938879361e+00
2.433919244645439406e-01
-1.282919699817676396e+00
-1.142568688275876987e+00
6.389983662614930893e-01
3.598699402096688260e+00
6.952377551237080233e+00
9.800560062353977031e+00
1.137008725001932774e+01
1.122658775050247115e+01
9.398589663538601258e+00
6.376621374376303386e+00
2.984403674459739531e+00
1.550780795042383531e-01
-1.326827379423440867e+00
-1.045669898824140631e+00
9.257893691058463048e-01
4.043127246799590679e+00
7.440303494062785461e+00
1.017162354251776435e+01
1.147721131286181873e+01
1.099621717759257677e+01
8.866772545855823751e+00
5.684468930993823221e+00
2.332196840464095366e+00
-2.687462013081818313e-01
-1.414341251138409916e+00
-8.078118324463066102e-01
1.367999653406035687e+00
4.512520091078219053e+00
7.781479519605897899e+00
1.032021361537397652e+01
1.148935089483646266e+01
1.102173829640741864e+01
9.072519405918328061e+00
6.157182892452000011e+00
3.002927585544434841e+00
3.590099073942889518e-01
-1.182506274175084471e+00
-1.312673774665562121e+00
-5.380357197808915970e-02
2.272543105499433835e+00
5.140642351933927934e+00
7.949409622279009824e+00
1.015221981672315366e+01
1.135988310245842747e+01
1.139923916046982377e+01
1.032218078934657868e+01
8.371071023367239405e+00
5.914239533346425048e+00
3.368585956585840258e+00
1.125532117898623063e+00
-5.072517007414809598e-01
-1.341290864408784422e+00
-1.318353605049767729e+00
-5.000497501650444931e-01
9.581388100136649655e-01
2.841305564028885566e+00
4.911236900569526220e+00
6.938722475148994207e+00
8.728449389561323102e+00
1.013481720197188451e+01
1.106869559511450518e+01
1.149637606130839629e+01
1.143268333478766863e+01
1.093045366194098023e+01
1.006845959494333265e+01
8.939493651683340758e+00
7.832974083474161020e+00
