6.270852587589670790e+00
9.763571980823485319e+00
1.140465177045868117e+01
1.081585603796472839e+01
8.132997575230371368e+00
3.974585092935281505e+00
-7.007897832243719094e-01
-4.815437717080325086e+00
-7.420982345679616898e+00
-7.916937084000172931e+00
-6.189074482917142461e+00
-2.635708876017229141e+00
1.924149058037812665e+00
6.439582011746209034e+00
9.869978311950452721e+00
1.142484104725506810e+01
1.074593157271668353e+01
7.989782627300852980e+00
3.791581505039776534e+00
-8.812375281083681955e-01
-4.951940472040901042e+00
-7.482599182632924339e+00
-7.890185956571825088e+00
-6.080872819022202336e+00
-2.471605005986571069e+00
2.106005638087435905e+00
6.597309059513676743e+00
9.967606415985752477e+00
1.144051498898230967e+01
1.067679782624672491e+01
7.852471212535188982e+00
3.618211867859960407e+00
-1.050568703265395865e+00
-5.078432804889436269e+00
-7.537638718248770076e+00
-7.861815062137058163e+00
-5.976377640025431148e+00
-2.315663152778046463e+00
2.277150200456044438e+00
6.744269542740747525e+00
1.005691750833454456e+01
1.145225193685756615e+01
1.060901601969440655e+01
7.721478378787013597e+00
3.454650867612269582e+00
-1.208886945442729122e+00
-5.195270199505575448e+00
-7.586624078346712707e+00
-7.832393172012418248e+00
-5.876072024398890647e+00
-2.168170348345495491e+00
2.437555927033894232e+00
6.880700514919384503e+00
1.013835540945247438e+01
1.146059834907310560e+01
1.054310852282142541e+01
7.597182472089711425e+00
3.301047215314241612e+00
-1.356305107175125979e+00
-5.302798507712791931e+00
-7.630052236826349699e+00
-7.802452567740452594e+00
-5.780400798000242091e+00
-2.029382562754720620e+00
2.587212633537889328e+00
7.006837399434086677e+00
1.021234449484770757e+01
1.146606803663028984e+01
1.047955953800000195e+01
7.479927095209909282e+00
3.157526414179083751e+00
-1.492942327676696213e+00
-5.401351535625122935e+00
-7.668392668094286435e+00
-7.772489058086922142e+00
-5.689771896041117216e+00
-1.899527081652028659e+00
2.726123936260728353e+00
7.122911358681916383e+00
1.027928787021042467e+01
1.146914155507261057e+01
1.041881583378885345e+01
7.370022997597960313e+00
3.024193356390380671e+00
-1.618921335925448624e+00
-5.491248868583369358e+00
-7.702086187619642033e+00
-7.742962088664937070e+00
-5.604557699699428852e+00
-1.778804745916548136e+00
2.854304636740159218e+00
7.229146909567987223e+00
1.033956576260205296e+01
1.147026573001052085e+01
1.036128749732502818e+01
7.267749863671086885e+00
2.901134720986061843e+00
-1.734366003100243692e+00
-5.572793936546164062e+00
-7.731543966120604239e+00
-6.006179747387278667e+00
-4.212856039184197599e+00
-1.052744135982235818e+00
2.747520578147141013e+00
6.314167356809424092e+00
8.827193088089725137e+00
9.708880423155253681e+00
8.756592630428613688e+00
6.189324482188238719e+00
2.597320015870877352e+00
-1.193647076826278131e+00
-4.312119685227042254e+00
-6.041282608028781809e+00
-5.983718046126268675e+00
-4.152726083201983442e+00
-9.692304954109620674e-01
2.835005462585432845e+00
6.385595120756859089e+00
8.866504467288692126e+00
9.707593770731474336e+00
8.715625603022363777e+00
6.118639672224320591e+00
2.513509066408048831e+00
-1.271256536210231491e+00
-4.365921147390359636e+00
-6.059384014130213103e+00
-5.962565821673914357e+00
-4.097781973752029572e+00
-8.935779004102468726e-01
2.913773450332330484e+00
6.449466554414247099e+00
8.901167153235180152e+00
9.705639940856755743e+00
8.678125658243684981e+00
6.054752991182743571e+00
2.438254321335910912e+00
-1.340530410387518856e+00
-4.413534461648664475e+00
-6.074874312338996774e+00
-5.942981756170462759e+00
-4.048221383168444376e+00
-8.258787275131123096e-01
2.983856883579125707e+00
6.505929228424573552e+00
8.931408193078476998e+00
9.703272079787160109e+00
8.644313579049130780e+00
5.997802811910290188e+00
2.371581455876550670e+00
-1.401559633779689396e+00
-4.455144261730636046e+00
-6.087987825267283881e+00
-5.925195223219576590e+00
-4.004216205907992432e+00
-7.662090006886677074e-01
3.045291289649149302e+00
6.555119992008400231e+00
8.957432434681772193e+00
9.700714697138719700e+00
8.614381578702488440e+00
5.947905495094049755e+00
2.313505696489348118e+00
-1.454431636684903939e+00
-4.490918489082115883e+00
-6.098932738933495301e+00
-5.909405892649006731e+00
-3.965911752122001754e+00
-7.146272726688653876e-01
3.098116597446130882e+00
6.597165992075671781e+00
8.979423038792399225e+00
9.698163430802498652e+00
8.588492227877287277e+00
5.905153591496471677e+00
2.264029622139990927e+00
-1.499232458697429049e+00
-4.521009872730374468e+00
-6.107891472166810942e+00
-5.895782719464543575e+00
-3.933424395304803145e+00
-6.711713166020789600e-01
3.142380717543408419e+00
6.632187672954026780e+00
8.997543071069079801e+00
9.695784641607090748e+00
8.566775881277289173e+00
5.869611448069525395e+00
2.223137796867561633e+00
-1.536051890452781787e+00
-4.545559548374265901e+00
-6.115021689491857870e+00
-5.884461776876300121e+00
-3.906836367302635171e+00
-6.358507926112983988e-01
3.178147459366249095e+00
6.660305403724368745e+00
9.011939061272768114e+00
9.693714671718232978e+00
8.549325316056592072e+00
5.841306005208306118e+00
2.285483077082652859e+00
-2.244894190613736740e+00
-5.863269269538319506e+00
-7.739884085613200071e+00
-7.444455570832102964e+00
-5.044811047981019314e+00
-1.091290937322498156e+00
3.509488844662080442e+00
7.702553455636785174e+00
1.052647975619799148e+01
1.133382952718805470e+01
9.939567212951278208e+00
6.663443676540637739e+00
2.256643260922891692e+00
-2.270472843354300441e+00
-5.880022274362190160e+00
-7.744540647181421988e+00
-7.436656720305672152e+00
-5.027028947364835076e+00
-1.068105403497693118e+00
3.532554779503671138e+00
7.720345897429128357e+00
1.053536307669633310e+01
1.133241665898626849e+01
9.928887748062496854e+00
6.646545898556240672e+00
2.237758589505603801e+00
-2.286980207183459068e+00
-5.890661633546413256e+00
-7.747425503234229183e+00
-7.431808862104658076e+00
-5.016216132409722306e+00
-1.054286186036644146e+00
3.546017444101923211e+00
7.730497522294943025e+00
1.054030161589889403e+01
1.133162832861060565e+01
9.923221397184029513e+00
6.637865198790738219e+00
2.228387076117138932e+00
-2.294864984754021453e+00
-5.895529828803240946e+00
-7.748677889286993192e+00
-7.429792644189666007e+00
-5.011998757547585726e+00
-1.049273091805579039e+00
3.550502030782567431e+00
7.733549020646416139e+00
1.054160828786283410e+01
1.133144873050854606e+01
9.922194127321548152e+00
6.636725532396855698e+00
2.227687160369208552e+00
-2.294943193999177122e+00
-5.895213348710582224e+00
-7.748486728331512197e+00
-7.430312199691853081e+00
-5.013619230968268781e+00
-1.051985542492766879e+00
3.547180078577448104e+00
7.730485002377669446e+00
1.053982037907667291e+01
1.133179035015371916e+01
9.925050800896190850e+00
6.641820058977748076e+00
2.234062767653900661e+00
-2.288740264694466564e+00
-5.890787518588211924e+00
-7.747168672016009339e+00
-7.432770208750270058e+00
-5.019617677504866649e+00
-1.060367824030990391e+00
3.538264024790416684e+00
7.723152300324244379e+00
1.053593208705439110e+01
1.133246504353125950e+01
9.930344819595534389e+00
6.650665711655911139e+00
2.244491096070144298e+00
-2.279139726433437207e+00
-5.884281536277448765e+00
-7.745317455004869345e+00
-7.436032654250759322e+00
-5.027229584883411206e+00
-1.070528211398166452e+00
3.527943896338022967e+00
7.715052430352494994e+00
1.053183503649036190e+01
1.133312906122587371e+01
9.935349864292311040e+00
6.658569780072616240e+00
2.253249685340332764e+00
-2.271610393176317633e+00
-5.879556263839956998e+00
-7.744082340980421364e+00
-7.437978154546970089e+00
-5.031240554784709218e+00
-1.075106613685762103e+00
3.524158987744487881e+00
7.712834772779553205e+00
9.154273135176888232e+00
9.830803096969672694e+00
8.651352908976917888e+00
5.886038084508166790e+00
2.168472174857569268e+00
-1.649360356521950788e+00
-4.692326432872874875e+00
-6.262740057029386520e+00
-6.000356532883008853e+00
-3.965072211019034842e+00
-6.233334618120172088e-01
3.258679447514886363e+00
6.790653547225966591e+00
9.162302123826165712e+00
9.829277249569395636e+00
8.638180988025562002e+00
5.861954635294592819e+00
2.137459358521494046e+00
-1.680506410870085787e+00
-4.715319949127700028e+00
-6.269806577576886752e+00
-5.986468165741698044e+00
-3.929834777081639974e+00
-5.719437559811249017e-01
3.315826184021845702e+00
6.839823545208497890e+00
9.189487537300909281e+00
9.823835883564395743e+00
8.596170892741078262e+00
5.788231296465806253e+00
2.045792729169098045e+00
-1.769623573163397356e+00
-4.778940755322912182e+00
-6.288065757013329815e+00
-5.948128828688547642e+00
-3.836415479215980806e+00
-4.391614820083296067e-01
3.460062531714042322e+00
6.960851945724126466e+00
9.253841852802500156e+00
9.807982284536480577e+00
8.493848661316766524e+00
5.614276194210391147e+00
1.834967442145449379e+00
-1.969128031316501382e+00
-4.916282204842733705e+00
-6.322473928368481211e+00
-5.860434607838575616e+00
-3.636195843570470654e+00
-1.651349895330564976e-01
3.747169361566546897e+00
7.191793171017900832e+00
9.367708702792064912e+00
9.768282953443856442e+00
8.299537458863948558e+00
5.302475078570730638e+00
1.474092969516122231e+00
-2.294666538436311409e+00
-5.126347553021361136e+00
-6.361450844090693835e+00
-5.712218512033128803e+00
-3.329794160510959333e+00
2.309684462768417657e-01
4.140860257838176572e+00
7.489631841179759775e+00
9.498113623798040805e+00
9.699610016539267576e+00
8.048259882943725074e+00
4.929179158119620041e+00
1.068195859981431628e+00
-2.637551244453582466e+00
-5.328456192791080070e+00
-6.381959262962803692e+00
-5.556319927641871104e+00
-3.045438769299982251e+00
5.675916189811400780e-01
4.446882285466930540e+00
7.697964775454533282e+00
9.574398895972388246e+00
9.647094916152060051e+00
7.898921336693826234e+00
4.726849058036889595e+00
8.543407580851541949e-01
-2.826164347685325762e+00
-5.451275265985456642e+00
-6.385322580453403063e+00
-5.376382264060856286e+00
-2.631967124798804125e+00
1.209084149493400151e+00
5.210741877346103834e+00
8.357378288603953820e+00
9.809073251922796999e+00
9.133322986198734839e+00
6.449441679055935239e+00
2.436141004012453593e+00
-1.816756781868077653e+00
-5.089903342521203911e+00
-6.383838441167679179e+00
-5.239483091025718409e+00
-1.925933787830468091e+00
2.728578875963195927e+00
7.743405143447276373e+00
1.081481223689122828e+01
1.082537424828397299e+01
7.660859801466866514e+00
2.339862923800578365e+00
-3.262762371991457133e+00
-7.050682187821900371e+00
-7.500225511630283393e+00
-4.315957028903035564e+00
1.342980221346105063e+00
7.221653410022369712e+00
1.083877636938537670e+01
1.055109970187898760e+01
6.356301800774843969e+00
2.726285276154682968e-02
-5.573510480004429724e+00
-7.773077424201524366e+00
-5.403827285752113241e+00
5.030835715303578759e-01
7.078664480366278156e+00
1.096704003706676467e+01
1.005917380076199308e+01
4.709362120898829218e+00
-2.295577282568198374e+00
-7.129491196603416014e+00
-7.024919453106960532e+00
-1.925652573724605521e+00
5.324855958066687656e+00
1.050700930232978436e+01
1.048588295035608375e+01
5.173067450851020155e+00
-2.273949801756299127e+00
-7.275035448367107804e+00
-6.655562411774932130e+00
-7.242713278105301633e-01
6.798576704420025152e+00
1.108088214260787119e+01
9.303997152608419086e+00
2.571987536315329947e+00
-4.726852601657220987e+00
-7.772649345287527822e+00
-4.523860419259035481e+00
2.882006942232864244e+00
9.524882850615057350e+00
1.098644732970874216e+01
6.306504342882956138e+00
-1.392351118077907124e+00
-7.018813556201981996e+00
-6.906249821438439795e+00
-1.189823735484891287e+00
6.378901490264613727e+00
1.095946691525174899e+01
9.737817509704893126e+00
3.596136885875728773e+00
-3.622382837241759024e+00
-7.609526413531657596e+00
-6.167059336304738792e+00
-3.107258448818779328e-01
6.577156292003902394e+00
1.081643620969206410e+01
1.039753910817040428e+01
5.800995782156917357e+00
-5.666727886662026314e-01
-5.778015835067190409e+00
-7.772500399955214689e+00
-6.075476285084961958e+00
-1.679926695462685693e+00
3.643631103330006837e+00
8.162865979062159383e+00
1.075965979223406244e+01
1.111851631840011478e+01
9.583567780487392440e+00
6.843077635030923034e+00
3.620694389475470842e+00
4.829158951596395077e-01
-2.225606448339546795e+00
-4.358996810430626923e+00
-5.908536229052124611e+00
-6.937948819309834647e+00
-7.532588558185127070e+00
-7.765831192676650119e+00
-7.679013616629658756e+00
-7.269503952255975676e+00
-6.483059841821981806e+00
-5.210896473589631483e+00
-3.299881489138542623e+00
-5.981105684942913392e-01
2.922676769776218375e+00
6.917272963998382096e+00
1.029707825939881083e+01
1.104837688683588759e+01
7.293569388359701477e+00
-1.821478430413348004e-01
-6.661312353663719321e+00
-7.024184822207494960e+00
-1.345631906073001982e+00
5.395116014625060075e+00
9.308734626274766555e+00
9.325286789369631180e+00
