1.101470176143645840e+00
1.373605034336440323e+00
1.583316608430696881e+00
1.706328510637836526e+00
1.727932484202936436e+00
1.644740606053662013e+00
1.465173832532414178e+00
1.208619878810076820e+00
9.033433653553951670e-01
5.833731018757590814e-01
2.847091667806993520e-01
4.127252274403969690e-02
-1.189471222013301910e-01
-1.771078015683588136e-01
-1.257266832266091816e-01
3.037269634240524763e-02
2.744957450100224960e-01
5.798577429044847742e-01
9.125209362618835751e-01
1.235165921170994219e+00
1.511278266315742691e+00
1.709280705451638127e+00
1.806143300945588726e+00
1.790058960946354194e+00
1.661873819582009970e+00
1.435100111625851049e+00
1.134497971035302921e+00
7.933742672314609834e-01
4.498928972644288815e-01
1.428051958045423175e-01
-9.292188436911619220e-02
-2.300866135895474063e-01
-2.523892256663382572e-01
-1.563630882914898157e-01
4.812788384709443257e-02
3.388935816373242482e-01
6.838226466763006606e-01
1.044427710753858651e+00
1.380139639167007992e+00
1.652871668326946430e+00
1.831339960914482257e+00
1.894650501910415397e+00
1.834741242705306030e+00
1.657394481043602985e+00
1.381693761074972882e+00
1.037974343540228883e+00
6.644868953262175193e-01
3.031411616201252768e-01
-5.196801354841795728e-03
-2.253261277815599151e-01
-3.317287599668410358e-01
-3.115247489227126465e-01
-1.660232862302365442e-01
8.931646963921469062e-02
4.265224928352718825e-01
8.081721903093810333e-01
1.191544879345585839e+00
1.533403746976413018e+00
1.794872027347368615e+00
1.945853478086333688e+00
1.968494598802466244e+00
1.859290523726449651e+00
1.629586753110890296e+00
1.304408227269949538e+00
9.197356440592078242e-01
5.185251555596246398e-01
1.459116524866465037e-01
-1.558687559548658230e-01
-3.522658643334448669e-01
-4.203695562740601410e-01
-3.515786598606338575e-01
-1.526739671438225310e-01
1.548371186236542352e-01
5.370426383488502431e-01
9.513645445930719591e-01
1.351301600273309589e+00
1.691648420600449176e+00
1.933604902307583195e+00
2.049198558140572501e+00
2.024515814739369368e+00
1.861369286740000462e+00
1.577202017472690621e+00
1.203227326154069132e+00
7.810020650465326897e-01
3.578092867550134448e-01
-1.863671477211037431e-02
-3.055700432234100816e-01
-4.700309891495320080e-01
-4.926502388263891419e-01
-3.699252274423001641e-01
-1.147216317741854841e-01
2.450684695876419461e-01
6.695726522261334912e-01
1.111356035920368024e+00
1.520721598132756647e+00
1.851300677728516808e+00
2.065304784530290760e+00
2.137843923140658298e+00
2.059818090740141550e+00
1.839046405087408242e+00
1.499495013967288681e+00
1.078678579054159092e+00
6.235167085155037814e-01
1.851028690137056509e-01
-1.870310407273376718e-01
-4.505106325053633842e-01
-5.749432961182421309e-01
-5.454216497964525789e-01
-3.643025785841784714e-01
-5.105027795624272891e-02
3.598511809923226612e-01
8.226924074975046075e-01
1.285623009268293870e+00
1.696460195349595246e+00
2.008570952961265199e+00
2.186164749171372268e+00
2.208396108629400167e+00
2.071806977293928487e+00
1.790823185364299963e+00
1.396237091643538264e+00
9.318352563463014882e-01
4.495402158628996059e-01
3.605298118263267071e-03
-3.554884918162724006e-01
-5.867469538761720393e-01
-6.633416807342775723e-01
-5.757196067727865518e-01
-3.327830091424839321e-01
3.900464454867125230e-02
4.984985012616682809e-01
9.944247672378220271e-01
1.471102243350861150e+00
1.874694542224203619e+00
2.159290941025957089e+00
2.292129011527272997e+00
2.257364934835127457e+00
2.057957744849683301e+00
1.715443961480821011e+00
1.267615749116396628e+00
7.643523214484795325e-01
2.620641174222655412e-01
-1.826315344895804715e-01
-5.192942254881456332e-01
-7.093838597345072383e-01
-7.306740566074332310e-01
-5.798500155374262111e-01
-2.729872285986165714e-01
1.561551780924688160e-01
6.598464074773848775e-01
1.181693755414367386e+00
1.662959864392937970e+00
2.049179884151089315e+00
2.296332861465081532e+00
2.375867559959554676e+00
2.278008116602506128e+00
2.012955850018832038e+00
1.609839021452628582e+00
1.113516117217653534e+00
5.795817354168815161e-01
6.812984094493568232e-02
-3.630265069227855967e-01
-6.649136124282593041e-01
-8.029883884617348144e-01
-7.611215359425378413e-01
-5.435098149369774756e-01
-1.742865217329007121e-01
3.051405896244164251e-01
8.407357702831865787e-01
1.371979087440242662e+00
1.838830911491184938e+00
2.188576625032108147e+00
2.381795760490739600e+00
2.396804768868133984e+00
2.232076730215286631e+00
1.906372512041626610e+00
1.456577683674421753e+00
9.334984123330229977e-01
3.960985520130247961e-01
-9.516632981670181124e-02
-4.851633254827187880e-01
-7.302767059248971293e-01
-8.032871636281777583e-01
-6.963910332575886653e-01
-4.220259995367816597e-01
-1.141766926588283493e-02
4.889821041000799728e-01
1.022757917561007313e+00
1.529897588441887724e+00
1.953544049323403309e+00
2.246372582450485655e+00
2.375878217107385559e+00
2.327982858236646635e+00
2.108562316068173015e+00
1.742728249894196502e+00
1.271952622154695733e+00
7.493641800217818449e-01
2.337506305750806090e-01
-2.170562303403105187e-01
-5.526680510538937163e-01
-7.357723634845407812e-01
-7.462804209056872473e-01
-5.835295057091467452e-01
-2.662985511198325828e-01
1.693579368817822450e-01
6.742078612038802099e-01
1.191405610192398878e+00
1.662893353001354102e+00
2.035918686302061076e+00
2.268936948672259035e+00
2.336237837483100321e+00
2.230781156854810821e+00
1.964929071630873159e+00
1.568999235109969081e+00
1.087807897826124970e+00
5.755971055828995597e-01
8.992017259584061950e-02
-3.148252951854513260e-01
-5.934901609257039468e-01
-7.152098963940809462e-01
-6.668223832531685602e-01
-4.542889949251709414e-01
-1.019657925288811606e-01
3.501866395740882432e-01
8.511351944788988488e-01
1.344534135715594214e+00
1.775062796829729006e+00
2.094628229887108173e+00
2.267737354172004061e+00
2.275438539012860417e+00
2.117394961534090569e+00
1.811863075783671562e+00
1.393585285220451109e+00
9.098398946123450459e-01
4.150973819317216318e-01
-3.511304449003904704e-02
-3.904359731963227276e-01
-6.113218707736809421e-01
-6.734288005302440094e-01
-5.703039273096963679e-01
-3.140495308380586437e-01
6.609467474381636176e-02
5.270871239422871835e-01
1.016957459311192524e+00
1.480665384128004192e+00
1.866284821273719308e+00
2.130818545112332707e+00
2.244992176325262712e+00
2.196493061918875611e+00
1.991295779772707331e+00
1.652931842648365013e+00
1.219792283937811028e+00
7.407722061707485706e-01
2.697513698203992671e-01
-1.404661458849093547e-01
-4.440715505428851628e-01
-6.073666031866802317e-01
-6.125033488155591233e-01
-4.594333680690954047e-01
-1.658538289212583283e-01
2.348369272210117931e-01
6.973382690145073504e-01
1.169568591202906793e+00
1.598530112203967679e+00
1.936256734736276908e+00
2.145177450920350282e+00
2.202295587719378389e+00
2.101719056910873018e+00
1.855263338177543853e+00
1.491066077823110625e+00
1.050375461508265440e+00
5.828788455511130229e-01
1.411006471837591425e-01
-2.254988920397651420e-01
-4.760610527864961306e-01
-5.828821663995744640e-01
-5.344758887630987054e-01
-3.368058186399298659e-01
-1.255648013517551842e-02
4.014687934217292531e-01
8.585247118646025521e-01
1.307201626731940625e+00
1.697208041783333288e+00
1.985007625196727910e+00
2.138678894913486950e+00
2.141455149305386829e+00
1.993552158182239742e+00
1.712084580222599461e+00
1.329087176044284613e+00
8.878694322546812900e-01
4.381183636227751754e-01
3.030322591417955458e-02
-2.899877735524494238e-01
-4.871432819610133080e-01
-5.394875494490241064e-01
-4.416621190911600436e-01
-2.051689289227718316e-01
1.429795317054317616e-01
5.633448424912057551e-01
1.008529861318528509e+00
1.428522522883029389e+00
1.776313734017639145e+00
2.013158314199814392e+00
2.112890261616413135e+00
2.064811838637648833e+00
1.874837682930452054e+00
1.564772022093280146e+00
1.169806884180065953e+00
7.345283682100839373e-01
3.078842650827249838e-01
-6.231892121502602411e-02
-3.347708854036377524e-01
-4.792646545370404798e-01
-4.800423621877529801e-01
-3.375094600726433747e-01
-6.813147995087875941e-02
2.974681260526592652e-01
7.179890325005087170e-01
1.146117930734056767e+00
1.533848333492680904e+00
1.837858088751918917e+00
2.024342456326202466e+00
2.072764131764676776e+00
1.978105168437054306e+00
1.751375210778773450e+00
1.418326587540732264e+00
1.016527504949142013e+00
5.911273122826138371e-01
1.897922122909841969e-01
-1.426200976824391065e-01
-3.690523034100290367e-01
-4.643518120168041996e-01
-4.180355571093277156e-01
-2.354150486682753396e-01
6.303492299987101255e-02
4.439910785607896759e-01
8.649455196686512970e-01
1.278864419471356761e+00
1.639407751402750524e+00
1.906096256738106343e+00
2.048846940781071879e+00
2.051367357440033068e+00
1.913023346874953345e+00
1.648963481138820741e+00
1.288477575809745979e+00
8.717645417083370596e-01
4.454642955903958534e-01
5.744907709766677861e-02
-2.485447568340375391e-01
-4.378425532701557543e-01
-4.887596607834048257e-01
-3.950865325666343963e-01
-1.668451309894367629e-01
1.707757932314943883e-01
5.801945749823432807e-01
1.015614941000962057e+00
1.428144698412343594e+00
1.771282948722972872e+00
2.006160063907192370e+00
2.105939885784425591e+00
2.058885427797715995e+00
1.869737715621685004e+00
1.559245830975192870e+00
1.161893667425769827e+00
7.220720824017848871e-01
2.891211346652683423e-01
-8.820400356699165112e-02
-3.672227851953384636e-01
-5.161565371306839900e-01
-5.177472271400707093e-01
-3.712556700710385460e-01
-9.260793773360764813e-02
2.873336729846522886e-01
7.261876953136552348e-01
1.174780371462273543e+00
1.582655221408345358e+00
1.903748015680798877e+00
2.101588875566874570e+00
2.153444025199653389e+00
2.052926867129801991e+00
1.810778607578955146e+00
1.453723616542315078e+00
1.021521121110914754e+00
5.625383705627491349e-01
1.283381093523622285e-01
-2.321139706026644767e-01
-4.779710667928869228e-01
-5.811337042020945365e-01
-5.294603498888108550e-01
-3.281934594250890402e-01
5.662268501309686286e-04
4.202851908757699317e-01
8.840564075974434166e-01
1.339841409844534370e+00
1.736309342480673035e+00
2.028617828037002635e+00
2.183484608245129799e+00
2.182976386996986484e+00
2.026583626945968497e+00
1.731341455519267658e+00
1.329975943663843863e+00
8.672772616713512184e-01
3.951015780584925530e-01
-3.344059031410251404e-02
-3.699582549727389313e-01
-5.762441182271980100e-01
-6.286120406427939677e-01
-5.206154576636481401e-01
-2.638348967176129545e-01
1.133609875405251488e-01
5.689486390555673623e-01
1.051931134604601636e+00
1.508046528369173522e+00
1.885864051325160773e+00
2.142583272141834527e+00
2.248882334637277491e+00
2.192266123075146123e+00
1.978532139486012253e+00
1.631182431578964920e+00
1.188840533301871449e+00
7.009571776267156107e-01
2.222821824529307433e-01
-1.932795155229609652e-01
-4.987382104536175476e-01
-6.593325695635987582e-01
-6.564848343211988624e-01
-4.899481237446068338e-01
-1.778978403951441134e-01
2.450502420905784629e-01
7.316792921916078773e-01
1.227442377935288764e+00
1.676576679150523219e+00
2.028375610594634004e+00
2.242913377528128471e+00
2.295575701800634860e+00
2.179882629650362613e+00
1.908279831996885667e+00
1.510802386969978039e+00
1.031754198503556541e+00
5.247700685079967897e-01
4.681074894973080713e-02
-3.482367203525245092e-01
-6.156343725038040393e-01
-7.248594302209654394e-01
-6.630875290007076650e-01
-4.366956423082826166e-01
-7.060887886944466896e-02
3.944425652087519274e-01
9.064545529569286719e-01
1.407964219788442550e+00
1.842498997768907465e+00
2.160935681296638045e+00
2.327053478760280125e+00
2.321653339089644774e+00
2.144775139528719343e+00
1.815756874492033157e+00
1.371122044001687357e+00
8.605258527438027771e-01
3.412100913448784523e-01
-1.284140850635495656e-01
-4.953360667886739233e-01
-7.179294255781885070e-01
-7.706738819864753509e-01
-6.470800096991278227e-01
-3.604816274907962637e-01
5.740025714898611131e-02
5.599675757397191145e-01
1.090941069982473755e+00
1.590662578321049958e+00
2.002797999799075690e+00
2.280687815739868007e+00
2.392629286025918844e+00
2.325492372301305899e+00
2.086257060058008150e+00
1.701292379087911089e+00
1.213451022955166270e+00
6.772995642419645801e-01
1.530151282206463348e-01
-3.003688247422939828e-01
-6.316095223170918871e-01
-8.030462743339599196e-01
-7.948817255476741117e-01
-6.074663437095975116e-01
-2.613227125439305798e-01
2.051002512048445414e-01
7.396975745083850251e-01
1.282528788482786286e+00
1.772538587949995748e+00
2.154424057514992885e+00
2.384876070623529021e+00
2.437490482234267120e+00
2.305792241675304943e+00
2.004026195879810679e+00
1.565618622565959184e+00
1.039475382495190114e+00
4.845265733847178291e-01
-3.687381261918953879e-02
-4.659539769236888951e-01
-7.541489446531697283e-01
-8.685970314940125725e-01
7.979487552551587370e-01
