1.909654423660412936e+00
3.349012434551292827e+00
4.198683043813177918e+00
4.302259756568177274e+00
3.640676277693931429e+00
2.335716215887615466e+00
6.275952817998176059e-01
-1.169257373771484199e+00
-2.724078955683737480e+00
-3.750659500762336229e+00
-4.060027114469161091e+00
-3.595233723561269912e+00
-2.441838019044185515e+00
-8.121559000254972016e-01
9.938224193783957716e-01
2.643654301180048627e+00
3.833640383582587408e+00
4.344729248220807527e+00
4.082840180735726854e+00
3.096181452245218679e+00
1.566376190207966257e+00
-2.249706207233815869e-01
-1.948109695644341555e+00
-3.285847359785315280e+00
-3.991934235053534952e+00
-3.936394573157659504e+00
-3.129452058133765036e+00
-1.719647841066836325e+00
3.350276275282972060e-02
1.807281587076429608e+00
3.275173243967841152e+00
4.166969741750931711e+00
4.318510095166012697e+00
3.701898911278647564e+00
2.430641344819444161e+00
7.387491856390708822e-01
-1.062335791715660394e+00
-2.641071710646264226e+00
-3.706846481330933418e+00
-4.063473376354333588e+00
-3.645304882407467417e+00
-2.529317027251739791e+00
-9.209397114256885342e-01
8.837586172894753567e-01
2.552570940280364020e+00
3.778303995590117648e+00
4.335326098719841426e+00
4.121101191848579148e+00
3.175063576262089793e+00
1.671358886590548432e+00
-1.132124591225412980e-01
-1.850148396665540762e+00
-3.219715538938521249e+00
-3.969805370138030920e+00
-3.962342122945974321e+00
-3.198699624255963325e+00
-1.819448402526857578e+00
-7.847960898263703355e-02
1.703731005277565158e+00
3.199115937068312210e+00
4.132406260849410984e+00
4.331802850400808147e+00
3.760600985890620418e+00
2.523946921081064776e+00
8.494826687062269066e-01
-9.545581079090372789e-01
-2.556089431667886824e+00
-3.660303057992034148e+00
-4.063936474318196268e+00
-3.692689255075552790e+00
-2.614900207870206383e+00
-1.028967635825289273e+00
7.731716187083441660e-01
2.459781608869702652e+00
3.720392896371013336e+00
4.322953447480214706e+00
4.156544533547197773e+00
3.251798536886927771e+00
1.775260173239768147e+00
-1.270888801070430008e-03
-1.750772632201418322e+00
-3.151198569198520261e+00
-3.944759728684987810e+00
-3.985378185787893823e+00
-3.265576936555851795e+00
-1.917856257182845026e+00
-1.903031889734145832e-01
1.599076069942484413e+00
3.120894419618695625e+00
4.095017098043746806e+00
4.342128601006126409e+00
3.816740896318938425e+00
2.615566814161680131e+00
9.597172484272094017e-01
-8.460007099971136313e-01
-2.469192350106097056e+00
-3.611062218488582332e+00
-4.061416080139157003e+00
-3.737353257798127881e+00
-2.698526903651854880e+00
-1.281588913829816656e+00
7.207508263593895848e-01
2.617210867902937554e+00
4.058692790141665618e+00
4.779850078285495130e+00
4.647932837887448265e+00
3.687224259350619260e+00
2.074570593127987639e+00
1.068274731987048781e-01
-1.853784963770907623e+00
-3.446359189925108701e+00
-4.377735774031997096e+00
-4.476467869109249875e+00
-3.724380972291122305e+00
-2.259918468687851512e+00
-3.526571149530198790e-01
1.646316373776908204e+00
3.369033006556576559e+00
4.498376871332717464e+00
4.826459507005173677e+00
4.292887798269655164e+00
2.995881078382656160e+00
1.174191014966040392e+00
-8.368475522587097704e-01
-2.667044705062995291e+00
-3.979499627430317599e+00
-4.532616962459889542e+00
-4.224579438040430901e+00
-3.112090285942172851e+00
-1.399935369030831600e+00
5.967135904720917150e-01
2.510315498578743032e+00
3.988616477402697313e+00
4.759492397955629173e+00
4.681041210896069948e+00
3.767704130328966006e+00
2.187607309914679110e+00
2.316133528253154217e-01
-1.740220378126031475e+00
-3.364920750788732651e+00
-4.343414585809514783e+00
-4.495581740950967742e+00
-3.793411442259276622e+00
-2.366158478623908490e+00
-4.765501127193248476e-01
1.527576484224357767e+00
3.277303742383412377e+00
4.450543661469456680e+00
4.831327439696531556e+00
4.349560789455225951e+00
3.093926821932270865e+00
1.295561350899728126e+00
-7.144943509804200232e-01
-2.566231290324723080e+00
-3.918783629287748926e+00
-4.523174919619908252e+00
-4.268149432071357552e+00
-3.200651997000086624e+00
-1.517186448116107700e+00
4.723566018202572936e-01
2.401744107370991532e+00
3.915816394051612193e+00
4.735864587187585961e+00
4.710935055899795110e+00
3.845616802756021801e+00
2.299196724881797937e+00
3.563382451995095179e-01
-1.625319238695379420e+00
-3.280994248279454961e+00
-4.305911824782509889e+00
-4.511406191217408157e+00
-3.859650155233477431e+00
-2.470618299913378557e+00
-6.000021854878083705e-01
1.407857090999165672e+00
3.183354851899228954e+00
4.399659289193158074e+00
4.832874328722493118e+00
4.403254190037055871e+00
3.189882907924243227e+00
1.416116624343210839e+00
-5.915315812569792442e-01
-2.463495884940699376e+00
-3.855187016366889541e+00
-4.510423898484953398e+00
-4.308591197623570679e+00
-3.286842070487688616e+00
-1.633259049152455233e+00
3.477679986647066457e-01
2.291573644467086002e+00
3.840344137290925719e+00
4.708983392238835108e+00
4.737593185577062549e+00
3.920907055871686975e+00
2.409259748811485302e+00
4.809137513080455339e-01
-1.509162981888096944e+00
-3.194639165471385489e+00
-4.265254071106819644e+00
-4.523930004298255092e+00
-5.721866392185517292e-01
-3.340615065821707086e-01
-7.647299479888958196e-03
3.469699894051279099e-01
6.645127730020528034e-01
8.865281011737815575e-01
9.721476198664051882e-01
9.056105758352239743e-01
6.991650399479654165e-01
3.908132948531419792e-01
3.731641374082640683e-02
-2.962542598326033394e-01
-5.484953781710024678e-01
-6.729746547467267970e-01
-6.467780719134950118e-01
-4.747278697889019683e-01
-1.884948732361474422e-01
1.592314411155794085e-01
5.044419697246025347e-01
7.835907123101928384e-01
9.452922544523876258e-01
9.597807420106256870e-01
8.243891490452495141e-01
5.640402212189034037e-01
2.266587223196236123e-01
-1.256505071363904769e-01
-4.280347452923622398e-01
-6.248314115190907181e-01
-6.798143772055060818e-01
-5.828624343831625421e-01
-3.518223973153227768e-01
-2.922387921956165480e-02
3.255495153423769716e-01
6.471914635266593496e-01
8.764944451803893255e-01
9.712486024662110307e-01
9.140116872298129636e-01
7.153198121625830019e-01
4.117479739764461910e-01
5.917736549693403125e-02
-2.774911770364318908e-01
-5.362840533845558699e-01
-6.695629361206354435e-01
-6.527939851155810658e-01
-4.890640116829724771e-01
-2.085122615162569581e-01
1.372175867670900606e-01
4.844839370529700484e-01
7.693623555134971870e-01
9.394127148663349303e-01
9.633323192559468673e-01
8.367180724228364674e-01
5.828769951499943591e-01
2.485358927658736505e-01
-1.047600672875990124e-01
-4.119765267966121747e-01
-6.165613947781112270e-01
-6.808548984245732516e-01
-5.930219554827644846e-01
-3.692307640645065558e-01
-5.067657730993710419e-02
3.040014765872156577e-01
6.295146249949582495e-01
8.659427411910758376e-01
9.697643798746131694e-01
9.218681602093310445e-01
7.310707692196860563e-01
4.324939950801126032e-01
8.109954434615208874e-02
-2.584282526549563919e-01
-5.235894670523186800e-01
-6.655734942782569608e-01
-6.582440601284176296e-01
-5.029503593287480978e-01
-2.282786971532337339e-01
1.152096483512509428e-01
4.642856946046761135e-01
7.546918808003273416e-01
9.329705338368869949e-01
9.663043019911705667e-01
8.485571393869870693e-01
6.014038230308442756e-01
2.703400820762940082e-01
-8.369220936753460349e-02
-3.955231499592096189e-01
-6.077512197676047112e-01
-6.813096932268458694e-01
-6.026580019367686614e-01
-3.862742686155042349e-01
-7.199018910902860169e-02
2.823411453544801830e-01
6.114947859010246844e-01
8.548804677468120339e-01
9.676960040372974969e-01
9.291744264830983369e-01
7.464067475974651700e-01
4.530366543808257429e-01
1.030674129010352713e-01
-2.390789975733649264e-01
-5.104206164873210660e-01
-3.559872283748247046e+00
-3.569589965926270203e+00
-2.895425811116840276e+00
-1.661479265948638817e+00
-9.489394571512979604e-02
1.515954729516122645e+00
2.874543386657550936e+00
3.730784418196385399e+00
3.927061852656282603e+00
3.427245141077686075e+00
2.323340031437726605e+00
8.185522448648365756e-01
-8.101184252301698585e-01
-2.262867951211870565e+00
-3.272275689342140748e+00
-3.652530897784413089e+00
-3.333636587513549188e+00
-2.374294496311599723e+00
-9.510993330434243109e-01
6.739685953488974146e-01
2.201768450230304097e+00
3.351064400241751784e+00
3.910295224883105991e+00
3.776518287141306995e+00
2.974359108600455937e+00
1.651478328668454676e+00
5.139048542051055657e-02
-1.531361890978127027e+00
-2.805427365331504053e+00
-3.536277270981725174e+00
-3.589377506385816652e+00
-2.954953434635994913e+00
-1.749789188603194434e+00
-1.957301674566264138e-01
1.421154037033063533e+00
2.803229037738851570e+00
3.696083885096826283e+00
3.935362773942307157e+00
3.477019491666990092e+00
2.405425399890449789e+00
9.178384406900430559e-01
-7.119079031959965054e-01
-2.183811595203311473e+00
-3.226926112343962760e+00
-3.649236003449112697e+00
-3.373002896613253032e+00
-2.449075499015888280e+00
-1.047529419021878017e+00
5.736401774866721759e-01
2.116010052812074882e+00
3.295662341165843667e+00
3.895447858399446961e+00
3.804958701254339104e+00
3.040852021030372665e+00
1.743783792247499242e+00
1.525170050220968909e-01
-1.440029581432020978e+00
-2.740701623770453121e+00
-3.510072745571372277e+00
-3.606517899305145214e+00
-3.012283559924561871e+00
-1.836755775558647885e+00
-2.963244958893042624e-01
1.325449267996375413e+00
2.730031063889244880e+00
3.658866914435791262e+00
3.940977668283438984e+00
3.524432667015005016e+00
2.485909087523613614e+00
1.016577285881030912e+00
-6.130896458667733917e-01
-2.103104289260750548e+00
-3.179186275944478002e+00
-3.643251536745979458e+00
-3.409875414103357816e+00
-2.522017545472446276e+00
-1.143113897295416459e+00
4.730083601868861343e-01
2.028855098271292956e+00
3.238027644085936796e+00
3.877942754745832943e+00
3.830805512565674587e+00
3.105292892772313795e+00
1.834956514798849581e+00
2.536385970635304243e-01
-1.347573478918107748e+00
-2.673930235371558606e+00
-3.481277280026129350e+00
-3.620998996397064129e+00
-3.067375554143453975e+00
-1.922317389075588467e+00
-3.966056345849873765e-01
1.228908253349393576e+00
2.655001344316697320e+00
3.619159883814571543e+00
3.943902556112263813e+00
3.569451062940266706e+00
2.564734051365269440e+00
1.114698799087336711e+00
-5.137336908767866639e-01
-2.653784550775920792e+00
-4.085896689233408097e+00
-4.739085778268784743e+00
-4.493113439862449709e+00
-3.393258009957474286e+00
-1.641979748787143256e+00
4.383478363153515134e-01
2.464780175728932932e+00
4.064293681418198467e+00
4.942451546687101072e+00
4.937603371770024729e+00
4.050641603736709229e+00
2.444837255749675808e+00
4.157851463075762366e-01
-1.663008891972570957e+00
-3.408882583196928717e+00
-4.500457287728513833e+00
-4.736797052773378702e+00
-4.074396696619910330e+00
-2.635190197897622877e+00
-6.841052137677501310e-01
1.419704531667209668e+00
3.288971896780364723e+00
4.579604060918422093e+00
5.054022778148075545e+00
4.624897537260082458e+00
3.371221272762640719e+00
1.523769426461356380e+00
-5.773809593337402291e-01
-2.545452275192041647e+00
-4.018163970477185210e+00
-4.724420785785689247e+00
-4.534215690437794599e+00
-3.482561443433256354e+00
-1.763045480661536990e+00
3.078054618790587726e-01
2.348791265216648938e+00
3.984209354593487351e+00
4.913013644348943387e+00
4.964230792808299597e+00
4.128432799778489759e+00
2.559472503160330259e+00
5.461625062398978159e-01
-1.540889150304113109e+00
-3.317500136671058808e+00
-4.456633723438899963e+00
-4.748599367517130965e+00
-4.139652332395847623e+00
-2.741886964156158069e+00
-8.126024791357155941e-01
1.293060412094813483e+00
3.187493442729768311e+00
4.521971322200242227e+00
5.050844730234642199e+00
4.676759191953880013e+00
3.468575989823550643e+00
1.648696249356979227e+00
-4.478784321171463412e-01
-2.435212736130492495e+00
-3.947480200930311600e+00
-4.706304181603901959e+00
-4.572001137550189220e+00
-3.569293435463878783e+00
-1.882758481413574048e+00
1.771480988831516390e-01
2.231240813439105963e+00
3.901404380713699105e+00
4.880196803087082813e+00
4.987442974668092610e+00
4.203401130114619910e+00
2.672396888563762118e+00
6.762559415879627611e-01
-1.417574131249980773e+00
-3.223663236226006479e+00
-4.409548342058156045e+00
-4.756932933944824526e+00
-4.201870812265491750e+00
-2.846537243464566380e+00
-9.404206417297302778e-01
1.165603002577633829e+00
3.083859015594855979e+00
4.461236796574059582e+00
5.044190055344119905e+00
4.725409353532183054e+00
3.563575515991718401e+00
1.772557724708267557e+00
-3.179553010129739787e-01
-2.323144066081459957e+00
-3.873895477853504854e+00
-4.684748805902335000e+00
-4.606443000689616873e+00
-3.653392514578988504e+00
-2.001033904218718629e+00
4.646835099083472531e-02
2.112212134510762063e+00
3.815937447967062468e+00
4.844024281902469475e+00
5.007223465669834006e+00
4.275493460793322598e+00
9.386157022265475547e-01
