4.269961402256712724e+00
7.239703562162515205e+00
7.794110263547762152e+00
5.741405037906056386e+00
1.747127506059670043e+00
-2.881469432400082908e+00
-6.622805222763595623e+00
-8.240761626327229195e+00
-7.193020695569027012e+00
-3.813192522187408784e+00
7.945010348598782191e-01
5.115099024532921312e+00
7.720448396533896585e+00
7.741339236726126671e+00
5.158243610995718598e+00
8.132370761978211515e-01
-3.863077045263272780e+00
-7.321651311957285024e+00
-8.408057447402430995e+00
-6.748743206268349226e+00
-2.881034476861421556e+00
1.918806933679923832e+00
6.055220577768962720e+00
8.143313737459653368e+00
7.473395519029407907e+00
4.254079264742169464e+00
-4.498743225368232457e-01
-5.067568422763023328e+00
-8.045601780706828521e+00
-8.371224098422999305e+00
-5.918744232989601173e+00
-1.500123501477258481e+00
3.401024967146947020e+00
7.125944715477589675e+00
8.402258627384895817e+00
6.780494182120496482e+00
2.795307619439594937e+00
-2.207293801461873706e+00
-6.522215437387067105e+00
-8.665978105748855853e+00
-7.888369321371370368e+00
-4.438128626767614548e+00
5.123917791037323477e-01
5.262501120353038075e+00
8.166280806793439595e+00
8.204116110398322448e+00
5.343884393929270615e+00
5.628679945144743346e-01
-4.482392502146002933e+00
-8.028209086423570895e+00
-8.821000254060299639e+00
-6.563532358379474019e+00
-2.030345720524983744e+00
3.193576782159267324e+00
7.264424051531482185e+00
8.730501682860218438e+00
7.052761505082422389e+00
2.807383817694733441e+00
-2.507084986887755385e+00
-6.995462674565632533e+00
-9.041365855755671532e+00
-7.891895963255379343e+00
-3.939279023425681370e+00
1.407369998530701105e+00
6.220549573159575019e+00
8.748304927536965536e+00
8.054232670013565354e+00
4.369046885379991529e+00
-9.798292943864694848e-01
-6.042005788936315014e+00
-8.953874562819160943e+00
-8.626740617485713969e+00
-5.158619673323000754e+00
1.876550502276112253e-01
5.439379026104239401e+00
8.640031781743550354e+00
8.580032147752856275e+00
5.258699679523197723e+00
-1.006587888363031646e-01
-5.496024235283674564e+00
-8.892365048364681002e+00
-8.990954730957060548e+00
-5.730955290969839133e+00
-3.278320524965051552e-01
5.174204652953130257e+00
8.673229749157362889e+00
8.814329301636391278e+00
5.519405968842399979e+00
3.308924378344449413e-02
-5.541553021490067010e+00
-9.046731908896161301e+00
-9.107014300654993733e+00
-5.674450693593085404e+00
-6.377454998746133474e-02
5.545160795487478644e+00
8.951917058251794401e+00
8.800850587885921783e+00
5.126311426943455984e+00
-6.436818433834275988e-01
-6.236374887325737859e+00
-9.427360622638291332e+00
-8.927860169967688719e+00
-4.911407749306740733e+00
1.037564682149127782e+00
6.542845173628601074e+00
9.383876269170110973e+00
8.394572235092915946e+00
3.948581885947531234e+00
-2.173408828829805461e+00
-7.491239843051307190e+00
-9.828995736765362423e+00
-8.209244886470328240e+00
-3.268848928253952124e+00
2.983203310243292439e+00
7.977618563046582345e+00
9.640484446224229842e+00
7.259263597666297585e+00
1.795659479541395598e+00
-4.494784466863865902e+00
-8.989484400341464010e+00
-9.793156633364736408e+00
-6.542805485482628747e+00
-5.791974689405542387e-01
5.598628609701127523e+00
9.377285236510811472e+00
9.136847936673575532e+00
4.952135922564390391e+00
-1.418821875932159582e+00
-7.266496218374212113e+00
-1.008029617303194492e+01
-8.630226606482420237e+00
-3.512274258474811894e+00
3.087368175712398077e+00
8.320410886861482780e+00
9.905533948583695292e+00
7.128282104238031103e+00
1.171368499490539339e+00
-5.380496503853493984e+00
-9.657902903628535540e+00
-9.765169881942185270e+00
-5.627363928880762423e+00
9.553934699848768419e-01
7.083612364210202017e+00
1.003333533575150582e+01
8.470798075569797803e+00
3.063629807724538523e+00
-3.794850307377881649e+00
-9.039130874858162912e+00
-1.030182096405866510e+01
-6.988299456758939598e+00
-5.653559730139970929e-01
6.079628310713288464e+00
9.933048421825139584e+00
9.224512545308963141e+00
4.247939558039765195e+00
-2.749815495316382474e+00
-8.576586168043416336e+00
-1.055014439034597373e+01
-7.738183965505372797e+00
-1.407507255659851353e+00
5.537673148227429287e+00
9.883674482640083525e+00
9.596462180034098566e+00
4.781075401737279407e+00
-2.344477989821270203e+00
-8.463679092819193173e+00
-1.070380995112078004e+01
-7.989593229058225887e+00
-1.568076703349384982e+00
5.555244899362608457e+00
1.001863565005961831e+01
9.692654004560859349e+00
4.703503132359680983e+00
-2.603962584091699561e+00
-8.761305866779435902e+00
-1.082168485282972625e+01
-7.775365476035001500e+00
-1.053235125652282722e+00
6.136592634994971540e+00
1.033590326397592918e+01
9.502241702392334233e+00
4.009883280569837893e+00
-3.508160608957973992e+00
-9.416159846640979936e+00
-1.083364592182604369e+01
-7.045466815156980367e+00
1.290393077277260658e-01
7.201974282963405471e+00
1.070972415925757204e+01
8.912476951874850783e+00
2.664844816909678116e+00
-4.981720728846382507e+00
-1.026441486449425611e+01
-1.056173597454967172e+01
-5.700605490254078589e+00
1.936839645401098986e+00
8.574183646451086105e+00
1.090682819331645881e+01
7.751662351611200208e+00
6.545691932516981559e-01
-6.859701755155490410e+00
-1.103505081891489681e+01
-9.763993514768019466e+00
-3.657824846956856391e+00
4.239637070885816428e+00
9.964942851154034997e+00
1.062472496510086195e+01
5.862928736376789907e+00
-1.941079786223884218e+00
-8.856223042299042447e+00
-1.137895456641071057e+01
-8.211826258740551054e+00
-9.365713761043524821e-01
6.770364650671679030e+00
1.099359479663096018e+01
9.569991609557657597e+00
3.201418142303963155e+00
-4.885932788962128015e+00
-1.057316036249518376e+01
-1.094726181850035118e+01
-5.796767649355337504e+00
2.265533581380834605e+00
9.125211593267476218e+00
1.126592388825922342e+01
7.574377637099255267e+00
-7.751939845671812490e-02
-7.779419152193766784e+00
-1.158046182519085399e+01
-9.517403692116776170e+00
-2.630785514454139218e+00
5.558023720824787794e+00
1.084695390952314042e+01
1.051028041819620640e+01
4.704644650116810212e+00
-3.602025068695740018e+00
-1.014747922434439786e+01
-1.156260453083739570e+01
-7.106270321304181792e+00
9.462587991627705586e-01
8.465051576515230991e+00
1.158407612462845293e+01
8.689435353772918091e+00
1.254417589431865876e+00
-6.910742660114460811e+00
-1.161213147889193209e+01
-1.042673874842673953e+01
-3.951152518598948227e+00
4.499188553928229695e+00
1.058839482479895011e+01
1.118574481733360315e+01
5.975715070269158602e+00
-2.375924331628135544e+00
-9.587959044115830665e+00
-1.195994749692534498e+01
-8.270858422657326514e+00
-4.064123822165393030e-01
7.606316852518239635e+00
1.166191512581827006e+01
9.679975841090957545e+00
2.671365116976005094e+00
-5.778457101385816586e+00
-1.134432938650207490e+01
-1.117518033374804887e+01
-5.353794691195231437e+00
3.144365160081831423e+00
9.972393215784761011e+00
1.163536902503521731e+01
7.278857088148819265e+00
-8.724963853785058232e-01
-8.651183452945401697e+00
-1.207750302567960610e+01
-9.395463084430611289e+00
-1.972567526888116651e+00
6.397469102578459577e+00
1.143355286646642810e+01
1.055681780831684513e+01
4.211207529539713335e+00
-4.361191918681883273e+00
-1.077645539761255300e+01
-1.175070208414454243e+01
-6.781151576409143011e+00
1.594230426862558447e+00
9.092682949215216581e+00
1.187657472367846268e+01
8.517569824840830250e+00
7.296854981917092475e-01
-7.505106770931138982e+00
-1.197279288419223242e+01
-1.038385649741960570e+01
-3.546764639165763899e+00
5.043192494958409711e+00
1.099071743904172038e+01
1.124955987468277918e+01
5.682894778777014544e+00
-2.864334456658167660e+00
-1.001935703359569096e+01
-1.211873090221810934e+01
-8.084111726299699541e+00
2.384513711534122504e-02
8.057969664510247654e+00
1.190586439047045886e+01
9.594914023731462294e+00
2.303511296338535352e+00
-6.239870235090071660e+00
-1.166327784820423474e+01
-1.118856141374866198e+01
-5.054437874489446259e+00
3.603575011185865762e+00
1.035594548349059352e+01
1.174531862816946237e+01
7.056715638335381513e+00
-1.314594558422980564e+00
-9.086798182095495946e+00
-1.228163136673396671e+01
-9.260662242490308671e+00
-1.565500748565956668e+00
6.868913107854591082e+00
1.172645866928016467e+01
1.051849906951268743e+01
3.858842785968435329e+00
-4.848162197344201729e+00
-1.114790405466045975e+01
-1.181453596169860276e+01
-6.502787568825368680e+00
2.073249378833338152e+00
9.526918257414514812e+00
1.204277672230315233e+01
8.329666497744916853e+00
2.833319720677844877e-01
-7.981458785712227666e+00
-1.223513850634993005e+01
-1.029784852671914308e+01
-3.156533404654223052e+00
5.537842872679747508e+00
1.133682997470434550e+01
1.127052422635149753e+01
5.368580775167998809e+00
-3.352768445502748662e+00
-1.043217314944239682e+01
-1.224533641185100663e+01
-7.860474273320739336e+00
4.828403271695513865e-01
8.517527466851278817e+00
1.213133689484858024e+01
9.471550887935556773e+00
1.894838285240176612e+00
-6.724716696990252096e+00
-1.197648094331207425e+01
-1.117019871941757891e+01
-4.714105565732833014e+00
4.091729599885151281e+00
1.074224002049142612e+01
1.183215302231471888e+01
6.799607798337889975e+00
-1.784198753566042184e+00
-9.528654646454723931e+00
-1.246952381486788752e+01
-9.098169422340653512e+00
-1.135481209562383853e+00
7.346522228579943636e+00
1.200706470996725628e+01
1.045806672309878493e+01
3.487818673208035403e+00
-5.340154631814676200e+00
-1.150892804794893820e+01
-1.185931040288507532e+01
-6.207760103742368862e+00
2.557506667955919077e+00
9.952522152113873588e+00
1.219138911404564851e+01
8.124488788266370776e+00
-1.712051274332714035e-01
-8.452827866897685283e+00
-1.248165117791938172e+01
-1.019256909604574091e+01
-2.752641391072213395e+00
6.033903045512129637e+00
1.167086546309232808e+01
1.127084880147881307e+01
5.034259645383419191e+00
-3.851045874789386758e+00
-1.083924486133729737e+01
-1.235224385193493468e+01
-7.611733111931314966e+00
9.604499631155484218e-01
8.979590038233634886e+00
1.234089937268434767e+01
9.320651166806042554e+00
1.460125111240101914e+00
-7.220928603089546982e+00
-1.227992797410274939e+01
-1.112497733142155631e+01
-4.342778160173224045e+00
4.599396067129177368e+00
1.112628011537947792e+01
1.189555228393516195e+01
6.509384850584309490e+00
-2.279846384504391921e+00
-9.976048630782637261e+00
-1.263936879761958032e+01
-8.903087679363675733e+00
-6.749620828447095988e-01
7.836879638628935218e+00
1.227611011366096250e+01
1.036775317797445695e+01
3.084037992885233059e+00
-5.850904177900465797e+00
-1.186517162410466675e+01
-1.187847848184526001e+01
-5.879760631126295323e+00
3.064987316070014955e+00
1.037976640439758391e+01
1.231958565509773607e+01
7.887805789505679677e+00
-6.518177928098177754e-01
-8.931459894387522525e+00
-1.271326957533248425e+01
-1.005847045939222006e+01
-2.321286157120213467e+00
6.541848730176754501e+00
1.199542384775058501e+01
1.124579841314462669e+01
4.672265355699404488e+00
-4.364838154832792583e+00
-1.124190665618191076e+01
-1.243761704312575311e+01
-7.335979996017324645e+00
1.456338088446331724e+00
9.441880969221806197e+00
1.253294604177930616e+01
9.144029263297651866e+00
1.005074885594994027e+00
-7.721606196760623320e+00
-1.256996690631148894e+01
-1.105580943933606086e+01
-3.949633537845329112e+00
5.115430659581018169e+00
1.150110894309242049e+01
1.193722459842609851e+01
6.196391156849013981e+00
-2.787471328901476753e+00
-1.041854794667586326e+01
-1.279017923659849032e+01
-8.684839211425520844e+00
-1.991711154140531626e-01
8.326787570750131096e+00
1.252933843567781302e+01
1.025452068584728238e+01
2.662092049282500206e+00
-6.365735766450112187e+00
-1.220937445745513195e+01
-1.187572749993678656e+01
-5.531245234804779365e+00
3.581058973131738821e+00
1.079928886852044378e+01
1.242771254689879079e+01
7.628975871522085228e+00
-1.145330332547627172e+00
-9.407141764161199404e+00
-1.292756855529078308e+01
-9.901494349825313179e+00
-1.873155109727528744e+00
7.051893830605504121e+00
1.230628763129546854e+01
1.119818620680454302e+01
4.290309506296983599e+00
-4.885808013710416731e+00
-1.163525271947730566e+01
-1.250186043839001471e+01
-7.038001456770164310e+00
1.964224943650389354e+00
9.899785019870273928e+00
1.270638723432190886e+01
8.944009174112711236e+00
5.337445430879470543e-01
-8.223114844601477458e+00
-1.284490372736696528e+01
-1.096325089872828151e+01
-3.536715408753583034e+00
5.637516881024016158e+00
1.186513263760576287e+01
1.195669899189942242e+01
5.861109419450062141e+00
-3.306089702801517483e+00
-1.085509946169800877e+01
-1.292109787571765445e+01
-8.442889259430181426e+00
2.920232185014666193e-01
8.815908592933697108e+00
1.276596191129580760e+01
1.011733101093847154e+01
2.221080023202288700e+00
-6.884980973985134867e+00
-1.254106133124482270e+01
-1.184991679666629594e+01
-5.160918327038878317e+00
4.106527595516581641e+00
1.121097338422524992e+01
1.251476859366130334e+01
-1.320573612062901636e-01
