5.928934136701899504e+00
6.494469325376262425e+00
6.123830840301975442e+00
5.013610095135742739e+00
3.751531014510260054e+00
3.005210732904909587e+00
3.169115183973490346e+00
4.156306655884090873e+00
5.444755287885030270e+00
6.353422862485835765e+00
6.402118765467994521e+00
5.565114626543705256e+00
4.284717412444019047e+00
3.237680076721729527e+00
2.977695867412168074e+00
3.642635451549653514e+00
4.881196509520913551e+00
6.038062578098926991e+00
6.500258276056091411e+00
6.021969085809245392e+00
4.855845602088682433e+00
3.620401983697079995e+00
2.972562378277387118e+00
3.258259144470839086e+00
4.326855662856397444e+00
5.609357132132387846e+00
6.420518725104196633e+00
6.325011134593596651e+00
5.372056645510918216e+00
4.071579945544971935e+00
3.122480230426999626e+00
3.037136184814621664e+00
3.863754101269951668e+00
5.157535218355002726e+00
6.218651678313051434e+00
6.470508194783103129e+00
5.774041397703431500e+00
4.506224355350645361e+00
3.357563235670865343e+00
2.956483451137487783e+00
3.524649563075199499e+00
4.752742796743412157e+00
5.967236032999950979e+00
6.499174521824666151e+00
6.053372178761492250e+00
4.873839091021644698e+00
3.611828844920072168e+00
2.966939788510940978e+00
3.298707820643130173e+00
4.424707338075197782e+00
5.719379571017754849e+00
6.460905463539921456e+00
6.234097364625245774e+00
5.164085570610128073e+00
3.848522239096935138e+00
3.024306312739823532e+00
3.154452489369903745e+00
4.167055119841786670e+00
5.494138777195137990e+00
6.389935901825076314e+00
6.350304567348862506e+00
5.397049919794960182e+00
4.066319789490398406e+00
3.106986802043593343e+00
3.058869338626077017e+00
3.948776151958734548e+00
5.275777764674828951e+00
6.293660058522568157e+00
6.430881906607233134e+00
5.611315287612237412e+00
4.295752580571454260e+00
3.221977242712000589e+00
2.990612350466413272e+00
3.729604629769110780e+00
5.024624831083268184e+00
6.152580037338768015e+00
6.485875913667605630e+00
5.841004522170291757e+00
4.578085768409736467e+00
3.398215469507922748e+00
2.953568074019318423e+00
3.487567817867907483e+00
4.703369474808742012e+00
5.930730078926560012e+00
6.496422319034461879e+00
6.092896596876386184e+00
4.943586572519175881e+00
3.677058964212615244e+00
2.982040581897512865e+00
3.233359858832791645e+00
4.291754441824871869e+00
5.583396506542662507e+00
6.412527528231715124e+00
6.336020196179040553e+00
5.398304202331484447e+00
4.103137612121356526e+00
3.141114051763583603e+00
3.021306580712268541e+00
3.803614896938322776e+00
5.071611620714568502e+00
6.156414868464342049e+00
6.490082144267863562e+00
5.901514948678745931e+00
4.701466587814725706e+00
3.515955047592826066e+00
2.958653269806768016e+00
3.314241412068898995e+00
4.395571162519158470e+00
5.644909025301760863e+00
6.423170068726502535e+00
6.336361994704871492e+00
5.432747055593950769e+00
4.173273142650688605e+00
3.194361680229404588e+00
2.986146084689865532e+00
3.648906129842263812e+00
4.847774412073980521e+00
5.984451523282936947e+00
6.496673358688845212e+00
6.135122825417808734e+00
5.082042184940962493e+00
3.856555834275191330e+00
3.057162815586196736e+00
3.069884521020383339e+00
3.884140852438176861e+00
5.103011951653021683e+00
6.138965612499544200e+00
6.497500373411865482e+00
6.011593426035549470e+00
4.916607199299639852e+00
3.733576884002528296e+00
3.019953689398762187e+00
3.107635476160607979e+00
3.951024458591869681e+00
5.153468184224385240e+00
6.155932622993200098e+00
6.497225045579296143e+00
6.024526246025292409e+00
4.958932281703784639e+00
3.789365372085251149e+00
3.046890916953560513e+00
3.064188220671726803e+00
3.828795936203791772e+00
4.993760305473039729e+00
6.037296198365325495e+00
6.497050055659071788e+00
6.173581682873839682e+00
5.214168875555810878e+00
4.043026172720383116e+00
3.172063807758090714e+00
2.977290616128801748e+00
3.538414032758629979e+00
4.609166772799470735e+00
5.727875126460514110e+00
6.417636581987730793e+00
6.388876198972421427e+00
5.658611197581182140e+00
4.538352461662224613e+00
3.499040373545936777e+00
2.972430772532454135e+00
3.172918890687337790e+00
4.012790048179773805e+00
5.143254402535425207e+00
6.101189546402117969e+00
6.499131088618170793e+00
6.180504646371322686e+00
5.278562745406406798e+00
4.473480475092676656e+00
4.076585670242500292e+00
3.937526765911997906e+00
4.109033958822102761e+00
4.521615809089103877e+00
5.012851595783684999e+00
5.392012361486957062e+00
5.514056827333270405e+00
5.334334736349681805e+00
4.923690870358709226e+00
4.439416036677363842e+00
4.064332759775419746e+00
3.937836890569363035e+00
4.104864659349354739e+00
4.501154526685353652e+00
4.979098988505029411e+00
5.363425158646970559e+00
5.515465036299581847e+00
5.382468490979435138e+00
5.014707690674948815e+00
4.545328908511081956e+00
4.141365379227835319e+00
3.944188560567845947e+00
4.020647808604989493e+00
4.341546917152915519e+00
4.793934451193962332e+00
5.221763936276693663e+00
5.480005674735075161e+00
5.483367245084992625e+00
5.233427080583256341e+00
4.815940508251382646e+00
4.370372371113642629e+00
4.042786354099906276e+00
3.938155060484426429e+00
4.087579131882310257e+00
4.440342076968074814e+00
4.882284938420355047e+00
5.273548166455260144e+00
5.492978931589624914e+00
5.475078566251573520e+00
5.228424825899820938e+00
4.830793915935464256e+00
4.403568519246411128e+00
4.074127742635095473e+00
3.938013060187461001e+00
4.032040947207558013e+00
4.325650388586542050e+00
4.732023931016559715e+00
5.134728796481793367e+00
5.421469635375742335e+00
5.515085725781419868e+00
5.393354408583440396e+00
5.092833716824482160e+00
4.696674952136016934e+00
4.310675130272015210e+00
4.034666518200597629e+00
3.937054081495061642e+00
4.039049928711757609e+00
4.311753226083016699e+00
4.685470528922698108e+00
5.067920667941306689e+00
5.366462561745851012e+00
5.509300646185933736e+00
5.461457473584778732e+00
5.232708049682924134e+00
4.876231921810940229e+00
4.478189159688478860e+00
4.139678595610558176e+00
3.953661753961236869e+00
3.980269206065172760e+00
4.225456607044819179e+00
4.629988467570586685e+00
5.075749691415157194e+00
5.413692931123396335e+00
5.511417774656409030e+00
5.308896396529418915e+00
4.861030409649447215e+00
4.341082358188465662e+00
3.986431035821239366e+00
3.991738283765411843e+00
4.390026946375652273e+00
4.991742837906254948e+00
5.448034323989145555e+00
5.446089722771149333e+00
4.943369350645091309e+00
4.267011718631940731e+00
3.937174600772903599e+00
4.263036175858217369e+00
5.009891023841340107e+00
5.503481174594160308e+00
5.225893217582762595e+00
4.411946386825289501e+00
3.937432087989313878e+00
4.391133761162730131e+00
5.270339585239660174e+00
5.445732718180351206e+00
4.629387468140696349e+00
3.944973185367047552e+00
4.440075340477383392e+00
5.393277126154744749e+00
5.247510913948719491e+00
4.200721903248237687e+00
4.095143615040273133e+00
5.169017910675948180e+00
5.385319053177538784e+00
4.276707693251688092e+00
4.105219011564332554e+00
5.269732463817494050e+00
5.223779442315125365e+00
4.040366272235595524e+00
4.479144249699755775e+00
5.512740609134247016e+00
4.584100046557661123e+00
4.026603938866056609e+00
5.299905302809312602e+00
5.028455169864674446e+00
3.937036415702029224e+00
5.055119638193239062e+00
5.225444947231851600e+00
3.952591182517016133e+00
4.970978258463649269e+00
5.243321383148050963e+00
3.945460911513217095e+00
5.067586802889137765e+00
5.108839921016134156e+00
3.944221793606505599e+00
5.291504652870746561e+00
4.796336811310936810e+00
4.081428385931510583e+00
5.493949526909512215e+00
4.345760868805551347e+00
4.482099613677123173e+00
5.436371341689921088e+00
3.982347638869749407e+00
5.068112182922265063e+00
4.979438409128811749e+00
4.024878275612499223e+00
5.483210908532789141e+00
4.333151694578971203e+00
4.538368385048747733e+00
5.392523633296845809e+00
3.953260823096987231e+00
5.166219479361401135e+00
4.879519483492443577e+00
4.064507766512440945e+00
5.493287184777271293e+00
4.348584031747583012e+00
4.451326776845102806e+00
5.471712506634417217e+00
4.063050030422345138e+00
4.772207742651659146e+00
5.352848545626192944e+00
3.987776297731846498e+00
4.846439472490683187e+00
5.369276286508627649e+00
4.048361071030696756e+00
4.585649888951234487e+00
5.510089369473160303e+00
4.455218734946313042e+00
4.038309649216762054e+00
5.170604013418570233e+00
5.376753213751202409e+00
4.334366235711354598e+00
3.983325990146773243e+00
4.781266088219950916e+00
5.477923459883632162e+00
5.846510389323290369e+00
4.482347081624864060e+00
3.423303251074324205e+00
3.179553884805275565e+00
3.512712999630830168e+00
4.005194452767362634e+00
4.435599039074126004e+00
4.772928897397440196e+00
5.044748610385701326e+00
5.283542529457858627e+00
5.509844576503937219e+00
5.727991384513587469e+00
5.928241969504210118e+00
6.096417371147010655e+00
6.217972729428204559e+00
6.279229540782750085e+00
6.268782494201904143e+00
6.178953070459082930e+00
6.007121992353040341e+00
5.756757584217456980e+00
5.437965886613858935e+00
5.067423645261713183e+00
4.667615608762183399e+00
4.265377052880132247e+00
3.889831295768725106e+00
3.569897757476026001e+00
3.331615745572990228e+00
3.195571051183505595e+00
3.174718669864690312e+00
3.272862724449129068e+00
3.483986983553154726e+00
3.792534731266236303e+00
4.174627807244805311e+00
4.600106205608303078e+00
5.035176291706997986e+00
5.445389597208878385e+00
5.798643179119504332e+00
6.067899337371282620e+00
6.233364403349495930e+00
6.283936071875396934e+00
6.217815890007482693e+00
6.042276137902272026e+00
5.772656900864938656e+00
5.430740008531875773e+00
5.042695076221331618e+00
4.636816013296059857e+00
4.241264424889499729e+00
3.882012637349094852e+00
3.581139037339221787e+00
3.355578548567365260e+00
3.216378025129577267e+00
3.168456065053385728e+00
3.210823904350406099e+00
3.337191701376069908e+00
3.536864066034711485e+00
3.795820030576832593e+00
4.097874506376205872e+00
4.425828520921190723e+00
4.762531661837853925e+00
5.091799589662810988e+00
5.399149858913454558e+00
5.672338661690044859e+00
5.901698048903337046e+00
6.080286798237329648e+00
6.203877990016415822e+00
6.270812543572040099e+00
6.281750791949528789e+00
6.239354171247335046e+00
6.147926916664421704e+00
6.013043955312666000e+00
5.841186588137598612e+00
5.639376794486453015e+00
5.414478558403135189e+00
5.172516709783957722e+00
4.918455430332708822e+00
4.656337833858740005e+00
4.389790259480651713e+00
4.123070049099088585e+00
3.863011100098114881e+00
3.620332395149640448e+00
3.410398445805871148e+00
3.253393930745644091e+00
3.173489627857732920e+00
3.196496003177416334e+00
3.345558065759040911e+00
3.634750027904502634e+00
4.061079337613379359e+00
4.596419976912416772e+00
5.182088539694054141e+00
5.729696651155714804e+00
6.131829588554172261e+00
6.284225615533340914e+00
6.117097362576702224e+00
5.627701542481778674e+00
4.901179514715756191e+00
4.106707955619598671e+00
3.462356868089793593e+00
3.172487907048639588e+00
3.354511055409862941e+00
3.981728385250087321e+00
4.869768929411526059e+00
5.722331583303940761e+00
6.229536377170038719e+00
6.187177164073746738e+00
5.589249441714830624e+00
4.649341839386418762e+00
3.731405995340874249e+00
3.209002290283858194e+00
3.307678315860907325e+00
3.999570354094966973e+00
5.002459438446067885e+00
5.891748704248759516e+00
6.281799077746184068e+00
5.997623166788621063e+00
5.157865627781452744e+00
4.127723589541549387e+00
3.359633483840060109e+00
3.192313354875897957e+00
3.699380798567850182e+00
4.656715653568281432e+00
5.643171863188823245e+00
6.228118794487747856e+00
6.160482144521091108e+00
5.475128623589462507e+00
4.471857337175719316e+00
3.580364728386804529e+00
3.174078418682242386e+00
3.414936380235547908e+00
4.193416098528413904e+00
5.183794379327309798e+00
5.985002436568839457e+00
6.284180724222395931e+00
5.975643967417024527e+00
5.191419453925546712e+00
4.238306936467812314e+00
3.473209572777050003e+00
3.168965887836033168e+00
3.421118307493233424e+00
4.125555555103252559e+00
5.027994123563242823e+00
5.820694449981044016e+00
6.248390783673572813e+00
6.187062231192026474e+00
5.672943528750639786e+00
4.878407817214897690e+00
4.048720645915067529e+00
3.423819446273125067e+00
3.170255737088671033e+00
3.341617179801227078e+00
3.874668215973410934e+00
4.617234027044557543e+00
5.375796051879050630e+00
5.967522787105770554e+00
6.262935220026934147e+00
6.210207344393188222e+00
5.838244334440501504e+00
5.241286740194234461e+00
4.551570162115044837e+00
3.908016667808228206e+00
3.428243921986546816e+00
3.189016617878251303e+00
3.217475853108521910e+00
3.492834387326456902e+00
3.956253011855892066e+00
4.525557895546589826e+00
5.111300721415777737e+00
5.627170732898179928e+00
