7.937577951242824170e+00
2.103436826434034401e+00
-7.452137744886994319e+00
-4.388473308654551985e+00
5.836638503806566902e+00
5.679444589844303337e+00
-4.389478298260237388e+00
-7.040041997757445991e+00
2.089713322581430166e+00
7.230680508521829530e+00
-2.809031284877174239e-01
-7.409567440191137777e+00
-2.040409707573323406e+00
6.435183295368949175e+00
3.541532639049305597e+00
-5.559125522234647399e+00
-5.263426929422950984e+00
3.720938360383260424e+00
5.933608385555648290e+00
-2.234526928031240089e+00
-6.670172864128804058e+00
7.831690395259330306e-02
6.287601920327280602e+00
1.420860817134161458e+00
-5.993018140546427119e+00
-3.297865458185089693e+00
4.684034971473042042e+00
4.263739372196392097e+00
-3.636846407610724530e+00
-5.410862963362241373e+00
1.797789231019115253e+00
5.518737599870731536e+00
-4.697422319928581946e-01
-5.750752596288026375e+00
-1.390698517630146736e+00
4.958403908738931776e+00
2.474543631718518544e+00
-4.391012177123720051e+00
-3.841240151898769994e+00
2.995299891166975037e+00
4.256320428002344336e+00
-2.083030517649820723e+00
-4.893833702142894815e+00
6.047730876997556848e-01
4.626167521569313656e+00
1.714368607455717952e-01
-4.701649571371119940e+00
-1.363925232951769484e+00
4.028044750279986985e+00
1.777255553977706182e+00
-3.855157672363980215e+00
-2.591081821814823716e+00
3.069178970993592603e+00
2.653065889922028298e+00
-2.887007414268730532e+00
-3.167345228043507710e+00
2.160939495865425553e+00
2.990992804193824739e+00
-2.081273256426845464e+00
-3.331383180748984429e+00
1.485199349279239911e+00
3.060670705632883681e+00
-1.564288834752791679e+00
-3.450472223391765958e+00
1.168267997851182294e+00
3.365650636270138829e+00
-1.433141477671573405e+00
-3.897515031301576727e+00
1.164508423063909337e+00
3.839087857354336997e+00
-1.538035742300692288e+00
-4.352856748275206300e+00
1.385663035377660446e+00
4.257305064565390040e+00
-1.888366680139712539e+00
-4.718845733994524672e+00
1.877491540299211170e+00
4.552810832997240986e+00
-2.531108935454687181e+00
-4.920034214325817779e+00
2.675949777158594944e+00
4.629536017939446246e+00
-3.483601359337948900e+00
-4.836007859535196296e+00
3.772128513664745775e+00
4.343291133495611689e+00
-4.702020628046450490e+00
-4.302762360885711956e+00
5.077750536340162490e+00
3.517869046944298805e+00
-6.043960938020608964e+00
-3.143700511574469392e+00
6.387679446471836719e+00
1.992743333686663121e+00
-7.235683320580402089e+00
-1.235545975571108457e+00
7.358487295235371484e+00
-2.927847385960447579e-01
-7.870081820985435073e+00
1.391815112825537604e+00
7.534796353886837217e+00
-3.190135462503512542e+00
-7.470172966679001547e+00
4.446682792531991169e+00
6.456813057585713445e+00
-6.248621363537059104e+00
-5.643500815577162655e+00
7.317633873260262156e+00
3.857858585065456758e+00
-8.713913767730916859e+00
-2.310106361597087155e+00
9.149039555435445337e+00
-1.004071678510616294e-01
-9.695950381030487009e+00
2.088547143128615780e+00
9.105807191109194676e+00
-4.686516170009153548e+00
-8.518447774774116965e+00
6.558005921248534875e+00
6.775007530833175196e+00
-8.710368015964004229e+00
-5.119376870552447834e+00
9.810266779489634104e+00
2.500706201012411700e+00
-1.087728828672885051e+01
-2.796655256285103253e-01
1.058227235389015242e+01
-2.443799748510267822e+00
-1.021590414196104746e+01
4.271959583204015587e+00
8.827283181058076522e+00
-6.267783307847715868e+00
-7.790364850357310189e+00
7.219099197575807203e+00
6.121155571338031898e+00
-8.320521424991056847e+00
-5.168052860604754883e+00
8.460055225913141186e+00
3.905562298905926433e+00
-8.892282337051504726e+00
-3.628145411289097400e+00
8.509244251261236514e+00
3.254919524311588486e+00
-8.498027023125242607e+00
-4.024972858707192458e+00
7.595968067493384268e+00
4.772791218721072148e+00
-6.741588815407129509e+00
-6.525298964707003435e+00
4.394822715176086803e+00
7.617977972419542887e+00
-1.427702876282790800e+00
-8.249980897248169853e+00
-3.093944092073624308e+00
5.979202696256386673e+00
6.570219262513340652e+00
-1.399498730450949857e+00
-7.536362213868183169e+00
-4.889945267106615034e+00
2.854813658522799003e+00
7.129829499192847919e+00
4.000368677710567589e+00
-2.889648996076247478e+00
-7.008328512785682030e+00
-5.107819467866709928e+00
7.075689234740130118e-01
5.588009486836981843e+00
6.028284714288925095e+00
2.121121082197583441e+00
-3.117245731552059862e+00
-6.193449975580088918e+00
-5.392301556428423126e+00
-1.521507276427457533e+00
2.944857126159785121e+00
5.491841934750036458e+00
4.917194855050825097e+00
1.766214213337658823e+00
-2.184299296190467032e+00
-4.955499510344163916e+00
-5.327158436481982839e+00
-3.303144165283998124e+00
3.787866501598877167e-02
3.138208530424601683e+00
4.679848784104055248e+00
4.110396942344128668e+00
1.790844925954013345e+00
-1.241261169006532050e+00
-3.748532233577760220e+00
-4.766932178358358918e+00
-3.902026878082217376e+00
-1.490925592948408429e+00
1.505536508158562103e+00
3.873079036845868295e+00
4.629954813129145919e+00
3.432557157172273943e+00
7.327358164842040500e-01
-2.385674403578890601e+00
-4.635977175022761188e+00
-5.057216192867858950e+00
-3.427107655834986222e+00
-3.812618209445526318e-01
2.825492398012054096e+00
4.831511355248042427e+00
4.748173400243584474e+00
2.559851890049124279e+00
-8.388614293258426224e-01
-4.002176070027876342e+00
-5.548012251751476498e+00
-4.766939944912453875e+00
-1.953425001636437841e+00
1.698724777499700078e+00
4.603772828626273572e+00
5.477506977002541078e+00
3.909165115803865831e+00
5.526142683627210950e-01
-3.153366814565681242e+00
-5.612978695608793700e+00
-5.763586550581150547e+00
-3.519767333576643065e+00
1.975578515125516188e-01
3.834597715126800033e+00
5.824107798160262028e+00
5.226272202561299984e+00
2.175120673387208381e+00
-2.057800996963669249e+00
-5.497765230381736146e+00
-6.331263606859681481e+00
-3.890852949987903209e+00
7.442974023652546567e-01
5.024896431834262600e+00
6.225650471853132473e+00
3.243955554544795561e+00
-2.233407758317832226e+00
-6.360540242628478502e+00
-5.732116893913138611e+00
-4.063153890977795890e-01
5.336446942567921070e+00
6.127509604455480208e+00
7.137741562226217473e-01
-5.775603582870921571e+00
-6.227242015412626230e+00
4.114817782468918050e-01
6.549588678266735187e+00
4.187201852765658927e+00
-4.124545391647457038e+00
-6.966389753093737092e+00
3.060498645143405749e-01
7.025555759756187513e+00
2.188620091446828120e+00
-1.467877809669905220e-01
