3.746920291209629994e+00
5.150775432896088191e+00
5.192959963027383274e+00
3.862624883878484461e+00
1.657619615636066746e+00
-6.034361429859840253e-01
-2.084884625919292134e+00
-2.241188921386100930e+00
-1.015811451651979835e+00
1.139277155097085492e+00
3.429376567674608189e+00
5.007717057831285956e+00
5.286235625727623955e+00
4.154372502210391005e+00
2.025764742243621797e+00
-3.068855636529221886e-01
-1.960751738972006608e+00
-2.294717752311900227e+00
-1.161884747819190933e+00
1.017174796893323130e+00
3.398694639918057980e+00
5.034274822838543884e+00
5.248381866371570226e+00
3.926258416349189595e+00
1.587390719022348184e+00
-8.024874711692435714e-01
-2.221628525442576496e+00
-2.032600232157912856e+00
-2.833735525621763340e-01
2.277373950169256034e+00
4.502676872513023731e+00
5.355741491583409619e+00
4.403696584658697510e+00
2.058869996058764418e+00
-5.731923699566034980e-01
-2.200156404369676189e+00
-1.981597299520129196e+00
1.512946318548458180e-02
2.796834720803144769e+00
4.915166557407578019e+00
5.218251224666602184e+00
3.497445103895318042e+00
6.584250805373665916e-01
-1.725324260322980807e+00
-2.277206767910788798e+00
-6.325750747819751663e-01
2.286363449163156147e+00
4.752706242714217488e+00
5.247399324978795576e+00
3.417464066171158610e+00
3.655606115326148764e-01
-1.977276259241800949e+00
-2.067233931166026828e+00
2.058003329177084950e-01
3.364765780982230670e+00
5.270025091803623774e+00
4.571558242590028520e+00
1.705192591078150910e+00
-1.324140246266078291e+00
-2.318587583139388286e+00
-5.015242876452850052e-01
2.825425977124501387e+00
5.165341122080475245e+00
4.693380126111176942e+00
1.721528566778361524e+00
-1.441264610086769649e+00
-2.251464524206238771e+00
-5.431554983914566037e-04
3.506464168587947405e+00
5.347034399490643075e+00
3.920803392199368353e+00
3.976511132866658027e-01
-2.176359796601824215e+00
-1.498326188524732538e+00
1.881785435327015588e+00
4.931039128448388098e+00
4.825657127833931526e+00
1.607710088623166778e+00
-1.725538384118714186e+00
-1.973049542475538543e+00
1.159782279443124509e+00
4.642804725690593770e+00
5.004805692535271078e+00
1.827192027845334410e+00
-1.696783313177177233e+00
-1.921315148809361828e+00
1.443058151677209633e+00
4.882432709789505942e+00
4.702287465933605581e+00
1.041175619314171907e+00
-2.127015097348776251e+00
-1.267473784576375939e+00
2.713481946989814375e+00
5.327408665014382372e+00
3.541264936143295294e+00
-6.283425877076658228e-01
-2.301255031087237946e+00
5.529995011647911296e-01
4.559293442070891267e+00
4.851954207682716458e+00
1.018203609941359833e+00
-2.225202502080862565e+00
-7.876733232493526859e-01
3.565748426425098039e+00
5.277571362924939891e+00
2.088871895519333499e+00
-1.879316652255101472e+00
-1.374779665954428909e+00
2.984019012869512100e+00
5.347346123976205234e+00
2.459770160271550932e+00
-1.757511861680075116e+00
-1.441314302246540224e+00
3.018095493479920677e+00
5.331439006376147205e+00
2.153461726371420415e+00
-1.975653702031040515e+00
-1.028172166737158166e+00
3.654988884199545041e+00
5.138688808562592136e+00
1.156789198377031980e+00
-2.309292124370153410e+00
5.184481185538691861e-02
4.655522985385452728e+00
4.352565016011509691e+00
-2.757629709196431911e-01
-1.863778977432621664e+00
1.925638180126993060e+00
5.036348197094077328e+00
2.404950055334727388e+00
-1.710571523752561829e+00
-5.239622334410507509e-01
4.037356629522915519e+00
4.346499103477908577e+00
-1.574924833008146674e-01
-1.837657740524800909e+00
2.216580159472015144e+00
5.036695888538163857e+00
1.695799184062631415e+00
-1.989029541010629787e+00
4.961369297753437380e-01
4.773179092795806433e+00
3.186947209613422594e+00
-1.442416964876841456e+00
-7.262675252544579241e-01
4.063052068397160710e+00
4.142120871390535086e+00
-6.660231570650421151e-01
-1.441067809753077578e+00
3.292442831339922549e+00
4.655916949823760476e+00
5.034530082240973314e-02
-1.796462712633342784e+00
2.658944452906450540e+00
4.892839747548588747e+00
5.878395473110951119e-01
-1.948999978404455602e+00
2.219033403962231255e+00
4.988064691783739235e+00
9.370467967259054065e-01
-2.007123173464039567e+00
1.947331974223076134e+00
5.023344639050746352e+00
1.148922742998890190e+00
-2.028981814501855219e+00
1.776480299207870539e+00
5.037485705890284216e+00
1.295476305935320260e+00
-2.038566418138800351e+00
1.640345638233801528e+00
5.044069201125740420e+00
1.432387444287638756e+00
-2.042624719656594756e+00
1.493960747894095276e+00
5.045273628447330516e+00
1.594600664108423826e+00
-2.040000939537844893e+00
1.311798321024481018e+00
5.037337992971268719e+00
1.798659922799510369e+00
-2.024936197010750227e+00
1.086041079799811460e+00
5.013234239075945453e+00
2.044111947541982666e+00
-1.989993966113066337e+00
8.236605429944040546e-01
4.965824262965642610e+00
2.320723551985310884e+00
-1.928653584211457828e+00
5.353402211877582584e-01
4.889260693251676670e+00
2.618372782684313282e+00
-1.835743400467195086e+00
2.306250741828264061e-01
4.779046282638740095e+00
2.927987354045341384e+00
-1.707427837322350372e+00
-8.180290458271888276e-02
4.631987572194381286e+00
3.241210612419935355e+00
-1.541133143692918539e+00
-3.938614187382136755e-01
4.446107806513809102e+00
3.550194999168701848e+00
-1.335458121415465937e+00
-6.979074353085625848e-01
4.220562066973124082e+00
3.847479735840496851e+00
-1.090097423166723756e+00
-9.866469950279010970e-01
3.955570518836545091e+00
4.125928241042291056e+00
-8.057851758127225761e-01
-1.253096794391035607e+00
3.652371919857784199e+00
4.378711211335317266e+00
-4.842572786818051256e-01
-1.490586647622446970e+00
3.313193231197871569e+00
4.599326727111321844e+00
-1.282266268987481972e-01
-1.692795756414184671e+00
2.941228641306508074e+00
4.781651373127499660e+00
2.586359096693333637e-01
-1.853817469749060587e+00
2.540620674898573572e+00
4.920017480381805086e+00
6.717220149164596643e-01
-1.968247870816851597e+00
2.116436342160741724e+00
5.009311916860756497e+00
1.105514684668035708e+00
-2.031293608764178416e+00
1.674631999428467966e+00
5.045091763554244046e+00
1.553631101496632860e+00
-2.038894179881419078e+00
1.222001510075553909e+00
5.023711913877186852e+00
2.008884536301041468e+00
-1.987853507379322648e+00
7.661033176970843961e-01
4.942459243931332402e+00
2.463369122799468069e+00
-1.875975261100465863e+00
3.151631472002744960e-01
4.799687592106597123e+00
2.908570205920511853e+00
-1.391154543796033094e+00
