-1.175951785777776815e+00
-1.524542563112307070e+00
-3.062361632322409211e+00
-3.734308371899499157e+00
-2.605498369866151798e+00
-1.245644557504838712e+00
-1.526374302510878467e+00
-3.001005352781400681e+00
-3.712127211313575703e+00
-2.907918003763176884e+00
-1.651657164882666784e+00
-1.167036061571047556e+00
-1.645491858069435098e+00
-2.526947800028287894e+00
-3.251529275102490235e+00
-3.604066122361687441e+00
-3.639733909525003863e+00
-3.501944935050606666e+00
-3.311833154811268720e+00
-3.141581735924126484e+00
-3.024325749868566504e+00
-2.970051222851390005e+00
-2.977040140555697434e+00
-3.037594906482854906e+00
-3.139712939689268900e+00
-3.266732000641464406e+00
-3.396638221023366988e+00
-3.502342009324901362e+00
-3.553819616117630975e+00
-3.522476791396025320e+00
-3.387361408115808992e+00
-3.142024212797022376e+00
-2.800135193278197487e+00
-2.397710784003261875e+00
-1.990236995466680092e+00
-1.644130011025372484e+00
-1.423623795827115845e+00
-1.375827322595382762e+00
-1.517761749124000081e+00
-1.829196548058779515e+00
-2.253900997083460922e+00
-2.709779898735239279e+00
-3.105892185898280644e+00
-3.362330291251031333e+00
-3.428017615577175548e+00
-3.291961157698730656e+00
-2.985226020922534751e+00
-2.573340605919183233e+00
-2.141265087690358282e+00
-1.774782481931147515e+00
-1.542780600364019872e+00
-1.484323177293902951e+00
-1.602933470939785332e+00
-1.868619672885671212e+00
-2.226388329121398613e+00
-2.608740330807331809e+00
-2.949140719443201775e+00
-3.193691816595058519e+00
-3.309033753524654564e+00
-3.285566532783072535e+00
-3.136146329791903220e+00
-2.891232893455313757e+00
-2.591933085271731052e+00
-2.282481093097026736e+00
-2.003484472795483029e+00
-1.786859710346171859e+00
-1.652904780723151390e+00
-1.609514451854932915e+00
-1.653207520266517072e+00
-1.771435546417705842e+00
-1.945577879213250760e+00
-2.154072197547184153e+00
-2.375246122018666917e+00
-2.589564988117702526e+00
-2.781160908436657753e+00
-2.938635856620406273e+00
-3.055224325065772017e+00
-3.128456005374831150e+00
-3.159479490550259673e+00
-3.152201687131140240e+00
-3.112373354610681098e+00
-3.046717402136676078e+00
-2.962160094609595173e+00
-2.865190833879335486e+00
-2.761123715578289506e+00
-2.653591530683192534e+00
-2.545774038508469950e+00
-2.440492030623117703e+00
-2.340062236203718893e+00
-2.246233296101031396e+00
-2.160187270162745587e+00
-2.082587660125728490e+00
-2.013656111241024060e+00
-1.953263181454378383e+00
-1.901022337863354394e+00
-1.856379873929904223e+00
-1.818696387869139564e+00
-1.787317718343056860e+00
-1.761634821854276556e+00
-1.741133079243226245e+00
-1.725432037343359148e+00
-1.714316724746075771e+00
-1.707761514446059170e+00
-1.705947112951580635e+00
-1.709270694366530119e+00
-1.718348519544087960e+00
-1.734009632914980559e+00
-1.757278466314028620e+00
-1.789343466415507677e+00
-1.831508287471894647e+00
-1.885121768762184402e+00
-1.951482993086617324e+00
-2.031718376785274671e+00
-2.126629175080127165e+00
-2.236510207526672289e+00
-2.360944201357447092e+00
-2.498581029219731686e+00
-2.646917261782833819e+00
-2.802098631235325321e+00
-2.958775673546038654e+00
-3.110050063490570782e+00
-3.247554606630942864e+00
-3.361711680075438746e+00
-3.442210918208531645e+00
-3.478734759718582481e+00
-3.461937969662292502e+00
-3.384653080564807404e+00
-3.243248055544455166e+00
-3.039007951462462831e+00
-2.779354740841061044e+00
-2.478668268645565220e+00
-2.158439799070889009e+00
-1.846493675659991229e+00
-1.575068639618109501e+00
-1.377671410536152719e+00
-1.284806002537923320e+00
-1.318933652935216250e+00
-1.489301656045058264e+00
-1.787544227974916744e+00
-2.185133959409673032e+00
-2.633766131043635550e+00
-3.069513350933853690e+00
-3.421047992353241529e+00
-3.621407232772780205e+00
-3.621767735787440934e+00
-3.404699753822208130e+00
-2.993664906982662188e+00
-2.455427868815849290e+00
-1.892843301851186322e+00
-1.427271113089125798e+00
-1.172509709533683386e+00
-1.205119335487968124e+00
-1.538511397666674441e+00
-2.109203895014848840e+00
-2.782297743956628544e+00
-3.379116808316598330e+00
-3.723537027181971659e+00
-3.696314149312906139e+00
-3.281098769155359030e+00
-2.584476476961606206e+00
-1.817249730464854274e+00
-1.235410155129773591e+00
-1.054337491391012183e+00
-1.363660011124467664e+00
-2.076620828430518539e+00
-2.941579196302531507e+00
-3.623308842767305027e+00
-3.833168252641809826e+00
-3.459783942585866967e+00
-2.637126793975044681e+00
-1.709555029122935554e+00
-1.094561304082235509e+00
-1.092737868593671058e+00
-1.730384110543806031e+00
-2.719605731358075928e+00
-3.574886728056785756e+00
-3.848128294568803121e+00
-3.372054800986384215e+00
-2.377580206388929529e+00
-1.399826832481630312e+00
-9.973198341848390491e-01
-1.425522751523645715e+00
-2.457426527336819433e+00
-3.482944207794403724e+00
-3.861069700109711178e+00
-3.329082200816206427e+00
-2.204695802147387695e+00
-1.218188775072325480e+00
-1.044614368784691827e+00
-1.829060030720327301e+00
-3.044882337428843844e+00
-3.827442773326214187e+00
-3.589011906659760776e+00
-2.479782024090444903e+00
-1.322154490995904652e+00
-1.013610798616901620e+00
-1.819847394372762883e+00
-3.121280572914139739e+00
-3.867269633397031114e+00
-3.425588934986034673e+00
-2.140963557408397389e+00
-1.093372035586335222e+00
-1.197113343191009038e+00
-2.384940036478578218e+00
-3.619198365401721240e+00
-3.785728687605915521e+00
-2.712572906948955254e+00
-1.370885837167360011e+00
-1.011177577609930323e+00
-1.988701373973443820e+00
-3.390407887190961311e+00
-3.873093123191823750e+00
-2.957200940454637994e+00
-1.521744238246036662e+00
-9.722136893323622964e-01
-1.858952598211545348e+00
-3.313023685855326583e+00
-3.891054068129691679e+00
-3.011853122907961922e+00
-1.548003185531311221e+00
-9.626142392201708642e-01
-1.844455794330135401e+00
-3.312973209558747634e+00
-3.897701470339968388e+00
-3.012137073412766153e+00
-1.541627021476281723e+00
-9.561355677927598773e-01
-1.840193808950101984e+00
-3.311853759440744227e+00
-3.905735404838535541e+00
-3.032153815143548314e+00
-1.558959446379506453e+00
-9.458466452699136884e-01
-1.798491489730371207e+00
-3.274147995752214158e+00
-3.917740004476764071e+00
-3.095854138746326534e+00
-1.616809716697530375e+00
-9.337322271419830066e-01
-1.717996088830766599e+00
-3.201244148978991344e+00
-3.928066968110028867e+00
-3.183577353248761010e+00
-1.696642238265686276e+00
-9.263309965370174481e-01
-1.630156356338096302e+00
-3.119139765111268225e+00
-3.932280638432445574e+00
-3.270117727683723885e+00
-2.428651993139987475e+00
