9.418242719134740426e+00
6.719180602090931487e+00
-1.040161236274284917e+00
-2.912453030273677079e+00
3.511925322828864271e+00
9.033780302427153686e+00
6.013977449488770333e+00
-1.062742642780181157e+00
-2.228773754200167545e+00
3.927679579057541837e+00
8.595401671735402260e+00
5.345470177860735639e+00
-1.015299851863037617e+00
-1.533775602048943476e+00
4.285935465128688726e+00
8.110184926954620011e+00
4.706044420030568887e+00
-9.017621186844864134e-01
-8.322384008691892099e-01
4.574600779435393783e+00
7.579485056617333072e+00
4.122032548935225194e+00
-7.055802045089962782e-01
-1.511513468186880260e-01
4.755244689041939310e+00
7.014390812131026109e+00
3.645966392477832496e+00
-4.101894421428045057e-01
4.589741553372204130e-01
4.782127511815357224e+00
6.444882800945926249e+00
3.340344631325549596e+00
-1.471335499932324709e-02
9.417640586674251857e-01
4.633590765312984416e+00
5.907278194451090592e+00
3.224676959358950157e+00
4.539753157868595679e-01
1.288264942772010535e+00
4.346667815097023713e+00
5.416432809839887952e+00
3.249950679909085149e+00
9.525724079218993445e-01
1.536009429239895141e+00
3.996816507959861209e+00
4.980981001586275880e+00
3.338821064711276154e+00
1.409158456881423493e+00
1.705866614581815544e+00
3.686531427611615896e+00
4.686872841232536224e+00
3.451629410115575336e+00
1.661315952495874049e+00
1.694775351396841323e+00
3.512489008299518378e+00
4.685323930468570097e+00
3.603346417229710497e+00
1.683633249292723955e+00
1.547085562073854392e+00
3.452770128378830794e+00
4.816720845893734726e+00
3.687304242586745495e+00
1.556350103026841181e+00
1.443551641341647596e+00
3.617092136224082655e+00
4.993358960151645043e+00
3.475976385811197389e+00
1.204193511128748506e+00
1.613397724395534194e+00
4.208114114066958678e+00
5.038361919383619991e+00
2.708292686013750838e+00
7.841842274838093374e-01
2.366823553907884126e+00
5.048569888651011084e+00
4.545917991471620567e+00
1.565705611770940475e+00
8.168828798302940619e-01
3.540469717849745734e+00
5.519530227926065180e+00
3.694817193660027144e+00
8.044386363243085647e-01
1.075397272090751644e+00
4.073126264779070027e+00
5.706349981075016231e+00
3.963139563354185047e+00
1.085908762705519504e+00
3.195265984173469853e-01
2.285808980062554951e+00
4.918725197761974144e+00
5.926284598103574552e+00
4.714874663418161305e+00
2.374673715193442725e+00
4.755008657962758178e-01
-1.525837651009531726e-02
9.389937924668898539e-01
2.728219133523365425e+00
4.567080327292983633e+00
5.843910642148717471e+00
6.257872438161458106e+00
5.797346527472566180e+00
4.650070502201955058e+00
3.111696727163386189e+00
1.523289761068590265e+00
2.390596075131021792e-01
-3.954330672564152493e-01
-8.746044299607369510e-02
1.291959204002029349e+00
3.486681323302436297e+00
5.659349006690212569e+00
6.582859011134384986e+00
5.414825799417769758e+00
2.588371368126670014e+00
-6.118604898703150496e-02
-4.429501247776443940e-01
1.986274698301859098e+00
5.373619032866544742e+00
6.760072742373695931e+00
4.744795314528343688e+00
1.054926318967777998e+00
-8.269009996820879671e-01
1.008473521414631424e+00
4.860536690218008715e+00
6.939510575534222347e+00
5.125026720786351575e+00
1.171489577081002764e+00
-9.871656732106401932e-01
8.221509247208760307e-01
4.829176183271440159e+00
7.094604019635236902e+00
5.406373479047350550e+00
1.398571647391889439e+00
-1.104166434818451670e+00
2.381299724623802128e-01
4.155396829454662821e+00
7.065510731591193583e+00
6.385369009921941341e+00
2.756822217404332420e+00
-6.680171236009959657e-01
-1.020189267695546853e+00
1.935375969135097574e+00
5.767728588249521060e+00
7.460100308589218798e+00
5.765207789189288334e+00
2.020294127855434052e+00
-1.008780668480047105e+00
-1.196749479048567544e+00
1.515774129618150168e+00
5.235982238176591252e+00
7.508650917788229684e+00
6.927358688857909286e+00
3.928031576399775737e+00
3.822873719445265550e-01
-1.615463925696326797e+00
-9.644502388287112815e-01
1.904297321928347886e+00
5.375934693303076273e+00
7.592409642696032357e+00
7.429904776680933409e+00
5.018789443719665400e+00
1.603409517228316039e+00
-1.123572807325313505e+00
-1.853413519453932956e+00
-2.619444060214282111e-01
2.878723955038634319e+00
6.095311457609211558e+00
7.907787090908585448e+00
7.498418257390359720e+00
5.061658321295805507e+00
1.695402372872822916e+00
-1.101386356782311005e+00
-2.093587911198911300e+00
-8.456690970897695614e-01
2.098558279314547192e+00
5.461028513086132463e+00
7.786390382116356257e+00
8.068479487308350073e+00
6.179177993855979878e+00
2.920145233193879530e+00
-3.208940107391402563e-01
-2.161065794819800878e+00
-1.809607618276838359e+00
5.961837853919416119e-01
4.047264228992310642e+00
7.087269972667834317e+00
8.426469187380632775e+00
7.487148068325852890e+00
4.650840273222339505e+00
1.102434359554181009e+00
-1.664927863797712959e+00
-2.477553538904857078e+00
-9.781576694524196647e-01
2.217855819267609441e+00
5.774874449995774484e+00
8.194963895990117209e+00
8.448484786935052782e+00
6.412225458718278759e+00
2.928640898975917395e+00
-5.421365573332068699e-01
-2.534255002691769398e+00
-2.195928058519317716e+00
3.451432540457513021e-01
4.029077516423625660e+00
7.306156782355527568e+00
8.789101876964132032e+00
7.840819177377193583e+00
4.848543330516960737e+00
1.066293068304120073e+00
-1.910528715000264555e+00
-2.818342718818724890e+00
-1.262227774307113748e+00
2.111938331876890729e+00
5.885256873718645920e+00
8.462562817127139425e+00
8.747032899514991300e+00
6.607180059512350212e+00
2.937294746438781967e+00
-7.162893435906725337e-01
-2.806868123494854927e+00
-2.442242896204653846e+00
2.345466763817687372e-01
4.101091486426035715e+00
7.526346546495259915e+00
9.058732799863221885e+00
8.041259649970296408e+00
4.893015017130330158e+00
9.365071640078950210e-01
-2.157971122563060895e+00
-3.077467077419035135e+00
-1.423318505990667227e+00
2.116255421378983925e+00
6.052513025262980406e+00
8.722345807893987057e+00
8.990904304610760178e+00
6.733891043293652956e+00
2.894598502579134980e+00
-9.102983941924156497e-01
-3.071478145387908754e+00
-2.667621810683320938e+00
1.418775260132849603e-01
4.179512253236972619e+00
7.743126314902137430e+00
9.323477597532180638e+00
8.243416337787484949e+00
4.947988579089351191e+00
8.211961623243118069e-01
-2.395207278038806287e+00
-3.336834319317730113e+00
-1.595440453382267698e+00
3.016448411627993487e+00
