2.327735118265472636e+00
3.291421801675419534e+00
3.795543693490504467e+00
3.734030077472242581e+00
3.119823841869315384e+00
2.082158206635683850e+00
8.393651643555271047e-01
-3.470630739183295788e-01
-1.227493839891779626e+00
-1.616678439823395763e+00
-1.432729754875507577e+00
-7.143518546002167735e-01
3.873036057197721815e-01
1.640440733818302910e+00
2.781390851781258888e+00
3.570090200883584419e+00
3.840591008940854589e+00
3.535978043903900137e+00
2.720343970466694294e+00
1.565303812223048041e+00
3.138859693640168036e-01
-7.706026296456212066e-01
-1.459978118330145680e+00
-1.609191148448115172e+00
-1.186846271331860159e+00
-2.818077564025702753e-01
9.154980628267886944e-01
2.153149800151577864e+00
3.170737010472547190e+00
3.754152340020064482e+00
3.780641187428165573e+00
3.244630116862130098e+00
2.258899547283709897e+00
1.030853975960212443e+00
-1.811173554612997005e-01
-1.122007336058642224e+00
-1.593846237153223822e+00
-1.497355905979084412e+00
-8.528385724213018992e-01
2.040948799053556861e-01
1.451058377067365068e+00
2.625682215596771840e+00
3.480817454163121827e+00
3.836537752117084921e+00
3.617997110113764681e+00
2.871177983588779181e+00
1.753216257607335127e+00
4.993387749774370610e-01
-6.266300106970601469e-01
-1.387778516130885098e+00
-1.623955856297948586e+00
-1.285468693064048651e+00
-4.435370556020545862e-01
7.246908440001016416e-01
1.973411813989657482e+00
3.039886366517934313e+00
3.699720914491354762e+00
3.814081726943681083e+00
3.358906501714709947e+00
2.429967239461300998e+00
1.222719155457868689e+00
-8.824443143354177010e-03
-1.005538305676879407e+00
-1.557706974432442326e+00
-1.549150360565917151e+00
-9.816688345355837342e-01
2.533558423539683524e-02
1.259982234167798198e+00
2.462492961235679623e+00
3.379851230796424133e+00
3.819038548157664081e+00
3.687646878533139105e+00
3.013321933666635921e+00
1.937946323777518742e+00
6.877864796999280106e-01
-4.741153617046303115e-01
-1.303287054874580075e+00
-1.625265167836066116e+00
-1.372303289236120882e+00
-5.976263396341621181e-01
5.357683181655860105e-01
1.789406646265591316e+00
2.899514510821338931e+00
4.588598277554744698e+00
4.866620825450606702e+00
4.353645864024524137e+00
3.157606856302599407e+00
1.530158642628018484e+00
-1.862724700519879928e-01
-1.630537560311916767e+00
-2.498753311340146332e+00
-2.608241152623675951e+00
-1.935964088680047546e+00
-6.233738414855753973e-01
1.053351565533105605e+00
2.741417564742064439e+00
4.085643449845660413e+00
4.803194841432495643e+00
4.743093987337291040e+00
3.917986520975150544e+00
2.501480733022868108e+00
7.916191920010572369e-01
-8.518314637643240594e-01
-2.083077903354833449e+00
-2.643057400406354507e+00
-2.413946414034246146e+00
-1.443951472891891630e+00
6.283381029490930914e-02
1.789371439755419679e+00
3.372386013363735113e+00
4.478800367908389646e+00
4.875817307019714164e+00
4.479901733781545659e+00
3.374357010148935743e+00
1.791797356161386690e+00
6.520421681063304220e-02
-1.442135326114371452e+00
-2.413066656778599661e+00
-2.643299139655151730e+00
-2.084390275506068146e+00
-8.539383366834838451e-01
7.891611188791614051e-01
2.499188655203582687e+00
3.916342707409603996e+00
4.742444307715035556e+00
4.803675992818241980e+00
4.087154194675783003e+00
2.743640031904833521e+00
1.055818132638848716e+00
-6.211821571349724902e-01
-1.934508432558736946e+00
-2.607827804799795146e+00
-2.499469243041183120e+00
-1.632232134579737703e+00
-1.885891367957881481e-01
1.527707326038239888e+00
3.155536663751393966e+00
4.352392378275127705e+00
4.866447788533259100e+00
4.589542097627932193e+00
3.579938169048593188e+00
2.050063619132282522e+00
3.218145843081935409e-01
-1.241173441828645974e+00
-2.310037019510442935e+00
-2.659879894306142134e+00
-2.217092717161463167e+00
-1.074840958141272118e+00
5.265377497908226845e-01
2.250102303149262184e+00
3.733202855485735938e+00
4.663784841437768058e+00
4.846047405356847193e+00
4.241641249161991034e+00
2.977737588639320254e+00
1.320270454238149149e+00
-3.820176595335627034e-01
-1.770953615576158935e+00
-2.554295727783980841e+00
-2.567223423492527523e+00
-1.807016626534938553e+00
-4.336280799915646078e-01
1.263971812013610752e+00
2.928596346512603255e+00
4.209997062747826035e+00
4.838558429304454123e+00
4.577155933618545447e+00
3.695124273759028188e+00
2.268586043230211402e+00
5.976947055306395251e-01
-9.659827000500467165e-01
-2.093437683563763141e+00
-2.547445955469412215e+00
-2.232481050122245403e+00
-1.214813751716702583e+00
2.914317348933463947e-01
1.969330990852548036e+00
3.465842462629532328e+00
4.466089835095411686e+00
4.759614175726763818e+00
4.284655942734774570e+00
3.141149617789045223e+00
1.569696803159793319e+00
-9.905801161771199403e-02
-1.513997326383895725e+00
-2.377408169359439327e+00
-2.507622955760983707e+00
-1.877243598176132178e+00
-6.189062527539674896e-01
1.002626241069926927e+00
2.646172284526725260e+00
3.965918476471006038e+00
4.684181133441832401e+00
4.649832848141009833e+00
3.870100736237570782e+00
2.509045801481886162e+00
8.530433711776446160e-01
-7.494722439917540502e-01
-1.961320727431825173e+00
-2.527520816281386029e+00
-2.328940114321044863e+00
-1.407361368204095520e+00
4.330891005739334609e-02
1.717839708005243882e+00
3.263898218860791900e+00
4.356183089408519393e+00
4.764870063974189662e+00
4.403968589849547755e+00
3.349414821511254914e+00
1.823094131000770890e+00
1.461548982647138395e-01
-1.328563318659982784e+00
-2.290769655482735701e+00
-2.538009275440646473e+00
-2.018261260582626893e+00
-8.408841710002477043e-01
7.463937490020557952e-01
2.409598298784070280e+00
3.798779792147331857e+00
4.621644880243623632e+00
4.705057084219111729e+00
4.031465902176612381e+00
2.742599555586352711e+00
1.109644395880708068e+00
-5.238145706401062807e-01
-1.814086333254221639e+00
-2.489688831323342288e+00
-2.408470648640035794e+00
-1.587520649918764182e+00
-1.995723660259465237e-01
1.463340329951619889e+00
3.051329159865126428e+00
4.230270342735267697e+00
4.752106538263162427e+00
4.507039818770041784e+00
3.546633908991773776e+00
2.072964823447417171e+00
3.961026819634541063e-01
-1.131129177953473341e+00
-2.187390660041336865e+00
-2.550437077530444796e+00
-2.143880965095243951e+00
-1.053264527383706906e+00
4.919390296837615750e-01
2.166608241053670447e+00
3.618381176810746336e+00
4.541794817769305048e+00
4.742556577411821905e+00
4.178424799535052081e+00
2.346222660508690439e+00
