-4.784029612280097155e+00
-4.514555752237995101e+00
-4.350874256186371802e+00
-4.329614551758749208e+00
-4.461945854082966179e+00
-4.727538467065477867e+00
-5.074994623266965377e+00
-5.430063905639858746e+00
-5.711044166741366723e+00
-5.848497727995958684e+00
-5.804456663610269906e+00
-5.585429623225272699e+00
-5.244342323341220968e+00
-4.869243513738707563e+00
-4.560803655258058420e+00
-4.404414757779452572e+00
-4.444933987479657844e+00
-4.672000501025662444e+00
-5.021142766039435656e+00
-5.391256093392581050e+00
-5.673866036692690962e+00
-5.785592502028982231e+00
-5.693801303663849289e+00
-5.427193246591023090e+00
-5.067603509338420409e+00
-4.725180453686406601e+00
-4.504479957388344502e+00
-4.472061618281699680e+00
-4.635847572277959294e+00
-4.942848616171967358e+00
-5.296030176557313673e+00
-5.584971473829828170e+00
-5.720561704102531841e+00
-5.662715683880379380e+00
-5.432380706645559165e+00
-5.104184315800749161e+00
-4.782273338202602808e+00
-4.567205372618819759e+00
-4.524479370351280672e+00
-4.664600232587603479e+00
-4.940748237370796048e+00
-5.264451617978639142e+00
-5.533984686075942072e+00
-5.666333463003542903e+00
-5.622665392282548247e+00
-5.419513284525586450e+00
-5.122531649121702557e+00
-4.825181340774061134e+00
-4.619306089585952790e+00
-4.566879389852792848e+00
-4.681581381607792913e+00
-4.925602330534204043e+00
-5.222255186966515694e+00
-5.480141618549371429e+00
-5.621229014903693866e+00
-5.604235904208096031e+00
-5.436391854082534003e+00
-5.170336580745556354e+00
-4.887468285453921979e+00
-4.673055564565451903e+00
-4.590721136818382675e+00
-4.663874151618895070e+00
-4.869406188991248108e+00
-5.145218670307907693e+00
-5.409048055044226366e+00
-5.582855982686376173e+00
-5.615664383349946220e+00
-5.498216837566278770e+00
-5.265321545669413794e+00
-4.985366736140598221e+00
-4.740206574801553607e+00
-4.601339154870633052e+00
-4.609278173264414136e+00
-4.762009540275779607e+00
-5.015747880458150121e+00
-5.297656643779998120e+00
-5.526792657890164051e+00
-5.637242821196011278e+00
-5.596866952176022814e+00
-5.416374344831151433e+00
-5.146242840994343481e+00
-4.862434402793846644e+00
-4.644995243650868133e+00
-4.555580872464851439e+00
-4.620190760806292651e+00
-4.821891196853508532e+00
-5.105491305530574841e+00
-5.392812748625165575e+00
-5.604281840685831462e+00
-5.680868090768894874e+00
-5.600345665366565306e+00
-5.383453815325363045e+00
-5.088320357257008375e+00
-4.794715251881218165e+00
-4.582446176262481075e+00
-4.509759889853559578e+00
-4.597570425696690499e+00
-4.823730325761709459e+00
-5.128844057615904006e+00
-5.432032348564529656e+00
-5.652418693831130270e+00
-5.730617825926161757e+00
-5.644540050536640763e+00
-5.415357241685048173e+00
-5.102085700051398831e+00
-4.786232467625018749e+00
-4.550540421110534695e+00
-4.457385068201218381e+00
-4.532440965450295067e+00
-4.757846842535508713e+00
-5.076628617923184983e+00
-5.407233494464303014e+00
-5.664434335326225423e+00
-5.781240885778746730e+00
-5.726207987316825232e+00
-5.511712650195628171e+00
-5.191072660967011920e+00
-4.845211707021354286e+00
-4.562224263531902579e+00
-4.414993129228797386e+00
-4.442506663497968411e+00
-4.639628727088048521e+00
-4.957985696780288443e+00
-5.317845711038009071e+00
-5.628082598082555066e+00
-5.809239863027992889e+00
-5.813873576193032910e+00
-5.638962559421175413e+00
-5.327136942865548619e+00
-4.956305822857493659e+00
-4.620197026697611342e+00
-4.404661863830984458e+00
-4.365731117529105809e+00
-4.515031967087810294e+00
-4.816365257715983894e+00
-5.194440952600542616e+00
-5.553678333390703159e+00
-5.802382357754191311e+00
-5.876178881610985449e+00
-5.754710567513031449e+00
-5.467252188784487821e+00
-5.085693682057260467e+00
-4.706559767400904981e+00
-4.426563628165085973e+00
-4.317897273442178552e+00
-4.409596020799712690e+00
-4.679796701038369200e+00
-5.060942779139171677e+00
-5.456691748008909215e+00
-5.766282320042455112e+00
-5.910195581282724930e+00
-5.850579065456196659e+00
-5.601188229498498039e+00
-5.224238203857001217e+00
-4.814879580561793659e+00
-4.477172797274075577e+00
-4.297629258133153662e+00
-4.323047952927145943e+00
-4.548325568801237395e+00
-4.917412801465136596e+00
-5.337259182789277467e+00
-5.701277066310355579e+00
-5.916406855506659568e+00
-5.926909812254242738e+00
-5.728804927432985750e+00
-5.371211970086386955e+00
-4.944175846985872980e+00
-4.555989440889629094e+00
-4.305726705092889794e+00
-4.257953614836889500e+00
-4.426072704650691136e+00
-4.768596950939977930e+00
-5.199381043968684502e+00
-5.609288577298104705e+00
-5.893845124989253392e+00
-5.979869537083641440e+00
-5.844294173483095989e+00
-5.520334172698027508e+00
-5.089359814466492438e+00
-4.660458160728235377e+00
-4.342817617403590624e+00
-4.217927096568141465e+00
-4.318669168787697465e+00
-4.620671360521408033e+00
-5.048188160471990926e+00
-5.493098099302108572e+00
-5.842251700469788034e+00
-6.006252221689857507e+00
-5.942347636411737355e+00
-5.665570573650366093e+00
-5.245223736533950465e+00
-4.787527957345028895e+00
-4.408777313706917056e+00
-4.205786509562429387e+00
-4.231141344955450023e+00
-4.479579595099298039e+00
-4.889028450734915765e+00
-5.356110842953055950e+00
-5.762247626256140620e+00
-6.003764479722848435e+00
-6.018358741981541193e+00
-5.801169096116217894e+00
-5.406303910568012405e+00
-4.933365485226598679e+00
-4.502325345816734270e+00
-4.223088519645409988e+00
-4.167468653985661575e+00
-4.350720504065261451e+00
-4.727378476520911477e+00
-5.202531119238474666e+00
-5.655737154814159950e+00
-5.971556542284229607e+00
-6.068956603226558499e+00
-5.922102207789678552e+00
-5.567196302711201028e+00
-5.093562614312630465e+00
-4.621165101716354862e+00
-4.270221852392147355e+00
-4.130610360519921365e+00
-4.238850612373065374e+00
-4.568560159178635338e+00
-5.036873809366289478e+00
-5.525268600746773728e+00
-5.909560787866450227e+00
-6.091482701150740198e+00
-6.023810062324481684e+00
-5.722614851285772630e+00
-5.263466077208243554e+00
-4.762471769194542404e+00
-4.346917706213895727e+00
-4.122927824917115736e+00
-4.148362999476256086e+00
-4.417878945435345095e+00
-4.864000776669860748e+00
-5.374012935851364858e+00
-5.818437393296114202e+00
-6.083904948598174656e+00
-6.102074308443458328e+00
-5.867222182463969204e+00
-5.437977852392294587e+00
-4.922690489286175364e+00
-4.452080305908609148e+00
-4.146076673426609460e+00
-4.083255974982836101e+00
-4.280667374123471980e+00
-4.689225444263784404e+00
-5.205910067480068903e+00
-5.699742649742063350e+00
-6.044989030542883057e+00
-5.107241251675894489e+00
