-3.974059506142801901e-01
-1.003392150377762082e-01
-1.244596922982252885e+00
-2.912512497957958857e+00
-3.766458616211562749e+00
-3.121591465546065258e+00
-1.495078661554772204e+00
-1.913435225972428544e-01
-2.559496077477039222e-01
-1.637084423571499858e+00
-3.227111771240133375e+00
-3.750868772208283630e+00
-2.788315176229890113e+00
-1.111395325018091462e+00
-6.495775070435216847e-02
-4.882196852667326503e-01
-2.041735453354680985e+00
-3.479623566448401206e+00
-3.648733075284593230e+00
-2.413442307447915436e+00
-7.644241175057471249e-01
-2.415059057249346885e-02
-7.863029126347824693e-01
-2.439653641399909922e+00
-3.658256102033387691e+00
-3.464821052446250604e+00
-2.014478651251655261e+00
-4.703678808673121825e-01
-7.082765266048141051e-02
-1.136279416137595977e+00
-2.812257026638488977e+00
-3.754667605938515784e+00
-3.207721016947389536e+00
-1.610054989922454771e+00
-2.429584366313746191e-01
-2.028092141595017051e-01
-1.521806012783243567e+00
-3.142145797233264481e+00
-3.764355859200289700e+00
-2.889439011723297313e+00
-1.219057076752958491e+00
-9.281533817949805254e-02
-4.139320075657344500e-01
-1.924879403338249695e+00
-3.413914826008966230e+00
-3.686868440315134166e+00
-2.524838151875579584e+00
-8.597437102066007863e-01
-2.694995944227907003e-02
-6.943370325980935398e-01
-2.326676889378305191e+00
-3.614873058210847923e+00
-3.525823852393234592e+00
-2.130944547762737340e+00
-5.488940855783834838e-01
-4.843807815554579399e-02
-1.030929951236423836e+00
-2.708435354596057110e+00
-3.735636157662782786e+00
-3.288742546504654474e+00
-1.726152220660289727e+00
-3.010242410806456270e-01
-1.562762433653888117e-01
-1.407992566378811539e+00
-3.052327463746645986e+00
-3.770564735967944614e+00
-2.986695732080137056e+00
-1.329364139794395161e+00
-1.277091887106809320e-01
-3.454286345241461831e-01
-1.807916829321959851e+00
-3.342294162541844749e+00
-3.718027700349594067e+00
-2.633788374198367421e+00
-9.591094925524799031e-01
-3.704238499427781051e-02
-6.070622239538641107e-01
-2.212027099424860310e+00
-3.564794602460298556e+00
-3.580478422329452570e+00
-2.246500520723571093e+00
-6.326784095374404782e-01
-3.325778321000005811e-02
-9.289592610738741651e-01
-2.601452258120632521e+00
-3.709438470526738030e+00
-3.364340170322955625e+00
-1.842917717961037205e+00
-3.653145510252413519e-01
-1.165321164782204821e-01
-1.296087816227333267e+00
-2.958006951345540259e+00
-3.769471195560490706e+00
-3.079706156213529056e+00
-1.441886452837594534e+00
-1.695032593784797648e-01
-2.829766446878090314e-01
-1.691303740883185469e+00
-3.265040808175420750e+00
-3.742089372758862886e+00
-2.739868203114371514e+00
-1.062134060719561734e+00
-5.438851923402876487e-02
-5.248187506621566634e-01
-2.096151264115739821e+00
-3.508215978907005983e+00
-3.628571676936358514e+00
-2.360696044563421303e+00
-7.213941973635473737e-01
-2.534595222483648769e-02
-8.307649053970238562e-01
-2.491724839153114157e+00
-3.676176683153361324e+00
-3.434219151040418083e+00
-1.959896240602924999e+00
-4.355787136616584565e-01
-8.373178650461676753e-02
-1.186528052640174025e+00
-2.859551993532497782e+00
-3.761079501434922978e+00
-3.168107658347172340e+00
-1.556185317838810311e+00
-2.180346049274008990e-01
-2.268195236821353156e-01
-1.575494785037047984e+00
-3.307298772019749755e+00
-3.939816470218751032e+00
-2.934492158604105061e+00
-1.097571242294031801e+00
9.778082232070284263e-02
-3.070789603185635208e-01
-1.987462988709616907e+00
-3.595744545710320317e+00
-3.842121325251366848e+00
-2.529005201652405610e+00
-7.094830532541487322e-01
1.572330480689498877e-01
-6.239419226452267431e-01
-2.426524826119824674e+00
-3.804888448847213223e+00
-3.653619020795983552e+00
-2.094030907780423334e+00
-3.768754698032679151e-01
1.207308086855851670e-01
-1.000280085446139111e+00
-2.840884949397876724e+00
-3.924963891255267789e+00
-3.383112226818379753e+00
-1.649881681993720317e+00
-1.152805820857736308e-01
-1.002131631650660104e-02
-1.418519230452584212e+00
-3.211193592912046313e+00
-3.950363596707485936e+00
-3.043233054304059770e+00
-1.217298379749960802e+00
6.308566660796399717e-02
-2.289174715896158396e-01
-1.859128449695467200e+00
-3.520158104544743871e+00
-3.879901451193369155e+00
-2.649853161652749645e+00
-8.164817516627322913e-01
1.498939392716049923e-01
-5.257356568392537177e-01
-2.301532198742631152e+00
-3.753350476983694950e+00
-3.716867892004025897e+00
-2.221342580871305650e+00
-4.661491099900061386e-01
1.410904680916846843e-01
-8.866150732165671844e-01
-2.725071132310431299e+00
-3.899881105992802244e+00
-3.468876251077483097e+00
-1.777711874856298557e+00
-1.826602686439438017e-01
3.708635706811391763e-02
-1.294703394119979256e+00
-3.109966853203004256e+00
-3.952907312535422601e+00
-3.147507228053722184e+00
-1.339677685258553463e+00
2.074642647527480399e-02
-1.572616156972830304e-01
-1.730943734191078054e+00
-3.438245522787193753e+00
-3.909952881813667958e+00
-2.767768095417233454e+00
-9.276953079213613451e-01
1.345723010085611016e-01
-4.328777995501087439e-01
-2.174964566670555488e+00
-3.694577202293671370e+00
-3.773023697407031030e+00
-2.347391889734164572e+00
-5.610034726304620190e-01
1.535019206964469696e-01
-7.768914855052038160e-01
-2.606031031803929032e+00
-3.866991729431942471e+00
-3.548514070634484874e+00
-1.906009315312218177e+00
-2.567259339975771493e-01
7.665131122800206143e-02
-1.173237941887548041e+00
-3.004013212151531942e+00
-3.947437700352592671e+00
-3.246908139365435986e+00
-1.464232030680129970e+00
-2.907182733442570388e-02
-9.239076197674500612e-02
-1.603408604264944692e+00
-3.350326158335671600e+00
-3.932158453649602592e+00
-2.882290280341989419e+00
-1.042690126521507388e+00
1.113278687451439986e-01
-3.457303817317545214e-01
-2.047315387344064597e+00
-3.628797767957112619e+00
-3.821867498722473222e+00
-2.471687397749148030e+00
-6.610687428658346132e-01
1.579167771641962759e-01
-6.715371087837154196e-01
-2.484228757242935348e+00
-3.826423989519350144e+00
-3.621715196354518440e+00
-2.034273801804987958e+00
-3.371888135308767076e-01
1.085192917089532472e-01
-1.054596438996122210e+00
-2.893745758093470677e+00
-3.933976084890938196e+00
-3.341048247456057663e+00
-1.590475807905590955e+00
-8.617486516223937798e-02
-3.455782663501394403e-02
-1.477020289403970121e+00
-3.256742788121528953e+00
-3.946431592397343202e+00
-2.992973221353104396e+00
-1.161017869701732597e+00
8.025126705781615577e-02
-2.646331706771400949e-01
-1.919082334901919040e+00
-3.556268632523059026e+00
-3.863208865452581353e+00
-2.161865453446202068e+00
