2.009249613277989344e+00
1.913898323348533381e+00
1.599979937853455603e+00
1.498987877317724760e+00
1.749666317505304436e+00
2.007519232124554076e+00
1.918299965582916045e+00
1.604617563657646739e+00
1.497350560441377709e+00
1.743796442686908588e+00
2.005478978216522989e+00
1.923043968600539833e+00
1.609702383517688240e+00
1.495740436276551621e+00
1.737667454175918280e+00
2.003257868789081186e+00
1.927720182981450092e+00
1.614760572486706014e+00
1.494330119437359272e+00
1.731999892482939618e+00
2.001162228320267911e+00
1.931662222285547292e+00
1.618947509510132887e+00
1.493326634023916855e+00
1.727920299505507629e+00
1.999712787292168281e+00
1.934004466244005460e+00
1.621198985468740306e+00
1.492894461070709111e+00
1.726436001669345632e+00
1.999337864357147110e+00
1.934266367307406309e+00
1.621017986239684516e+00
1.493051378347460822e+00
1.727707436082333015e+00
2.000055518113948327e+00
1.932607490642304082e+00
1.618742975032639642e+00
1.493692833506978346e+00
1.730971445104033002e+00
2.001440976711081898e+00
1.929873216163189076e+00
1.615588929587357558e+00
1.494513310130204609e+00
1.734406346957913181e+00
2.002652057712309031e+00
1.927813178559969032e+00
1.613784112122567560e+00
1.494833726660335316e+00
1.734821257508506465e+00
2.002374975283486513e+00
1.929405042181498331e+00
1.616935567873692747e+00
1.493569733560900614e+00
1.727212921079322339e+00
1.998392181974699700e+00
1.938736127235342943e+00
1.630313957963378746e+00
1.490185709919975787e+00
1.705920815197526919e+00
1.987015252851116021e+00
1.958287241019082803e+00
1.659461708900652477e+00
1.487168441851876910e+00
1.667604654727403046e+00
1.962263514376731077e+00
1.985964021745585839e+00
1.709502288204576281e+00
1.492064481922023678e+00
1.613023949933020118e+00
1.915436051257239702e+00
2.012956555284318050e+00
1.783310138260170818e+00
1.518157944394602721e+00
1.550294341617396654e+00
1.837641248320883713e+00
2.021880045309053742e+00
1.876302790143687282e+00
1.581901849059788701e+00
1.499162157124053207e+00
1.727063285116597902e+00
1.988210980442097764e+00
1.968781425075040392e+00
1.706590060794329844e+00
1.546360260809239495e+00
1.632599536203857449e+00
1.862266305069327554e+00
1.966212277318112323e+00
1.824710307076574445e+00
1.602874267288186161e+00
1.555859435130702462e+00
1.736019028662725061e+00
1.937282774791135864e+00
1.932454550524788539e+00
1.728468410632224561e+00
1.554308223713221082e+00
1.602919808091068932e+00
1.819064421464330117e+00
1.964453776390308049e+00
1.881003122606433875e+00
1.660878447985260964e+00
1.542574722337592741e+00
1.652366037360666784e+00
1.871454398954957909e+00
1.966361937320817432e+00
1.837594687267334770e+00
1.622040252285590789e+00
1.545889623479656194e+00
1.687635012257501232e+00
1.898949786489921632e+00
1.961174570999975053e+00
1.811113382450479481e+00
1.603628112681435125e+00
1.550830842460594106e+00
1.705742852482595051e+00
1.910363723384060020e+00
1.957524169867583597e+00
1.800156355509906270e+00
1.597304727925357160e+00
1.553003173964387695e+00
1.711463319825349050e+00
1.913475577625626922e+00
1.956388704059637940e+00
1.797163258937366281e+00
1.595510597760555482e+00
1.553809884246151851e+00
1.713983077931211518e+00
1.915246520298659494e+00
1.955476886619250010e+00
1.794241285078721271e+00
1.593479120290288265e+00
1.554858281765063799e+00
1.717176246039398890e+00
1.917379733203041337e+00
1.954370869213353679e+00
1.791008253354701818e+00
1.591379436626552346e+00
1.555963355998874142e+00
1.720304233315907760e+00
1.919370370028221640e+00
1.953300697796864105e+00
1.788050628134847608e+00
1.589520587700590459e+00
1.556990437632005397e+00
1.723102521730934589e+00
1.921123651450038494e+00
1.952297631571726644e+00
1.785334199521173559e+00
1.587817155477148301e+00
1.557998204379514195e+00
1.725807563643874110e+00
1.922811552267979396e+00
1.951272700235267221e+00
1.782623646942699924e+00
1.586141468100027874e+00
1.559040379215282046e+00
1.728522601938558667e+00
1.924474396308610613e+00
1.950213589373403833e+00
1.779904953734327888e+00
1.584491968399210693e+00
1.560116166550501005e+00
1.731244273167686476e+00
1.926110151454494934e+00
1.949121346682789468e+00
1.777180860066831292e+00
1.580866186232259718e+00
1.558968407859460781e+00
1.733726568094654530e+00
1.929730929212007062e+00
1.950246408158972766e+00
1.774681093869219017e+00
1.579254801828759325e+00
1.560122257204757279e+00
1.736487249498154695e+00
1.931327433656183201e+00
1.949076549331742569e+00
1.771919422133009681e+00
1.577673320987391214e+00
1.561308008398271108e+00
1.739249671818443810e+00
1.932893771925689341e+00
1.947875011606488016e+00
1.769156456878224537e+00
1.576122224243272640e+00
1.562525236475150292e+00
1.742012999176882015e+00
1.934429544735776441e+00
1.946642180794732724e+00
1.766392925157276084e+00
1.574601843734059869e+00
1.563773590366952959e+00
1.744776598214024421e+00
1.935934476922043235e+00
1.945378375647397684e+00
1.763629376355246858e+00
1.573112404551690435e+00
1.565052783119998736e+00
1.747539998650238013e+00
1.937408389379119189e+00
1.944083849910389628e+00
1.760866201947737464e+00
1.571654041375959210e+00
1.566362597672745327e+00
1.750302892064666604e+00
1.938851192674955204e+00
1.942758778161948197e+00
1.758103618247303546e+00
1.570226795190516000e+00
1.567702910446853171e+00
1.753065168640622007e+00
1.940262899982307943e+00
1.941403221237257615e+00
1.755341609003013836e+00
1.568830592212735020e+00
1.569073733565527595e+00
1.755826974740377855e+00
1.941643636156652475e+00
1.940017108000408719e+00
1.752579959029679113e+00
1.567465303273101185e+00
1.570475144197383210e+00
1.758588472279214443e+00
1.942993473363584300e+00
1.938600412420152574e+00
1.749818651094589672e+00
1.566130942762105072e+00
1.571907094047795717e+00
1.761349517101332918e+00
1.944312314641778450e+00
1.937153256632362375e+00
1.747057976833791493e+00
1.564827679026140617e+00
1.573369389505073102e+00
1.764109681005463504e+00
1.945599929346117030e+00
1.935675902384770275e+00
1.744298481540236478e+00
1.563555788033879512e+00
1.574861719701564411e+00
1.766868357106947895e+00
1.946856030145144523e+00
1.934168670141622304e+00
1.741540753927733665e+00
1.562315532921133787e+00
1.576383790503416815e+00
1.769625025843839516e+00
1.948080391916318321e+00
1.932631818342847474e+00
1.737550988860008916e+00
