3.434256214355311254e+00
2.889791199982847392e+00
1.708658273563463226e+00
2.994330501534356870e+00
2.911558381199117029e+00
1.840869869315324259e+00
3.481275112197879995e+00
1.750744604141777794e+00
3.333753445446447916e+00
1.965750652408555954e+00
3.131347957341457988e+00
2.132838116060265854e+00
2.993872912381184470e+00
2.258376743943999454e+00
2.858262725776857138e+00
2.427257477193887958e+00
2.633503020525162164e+00
2.726780466718258467e+00
2.251519655442984824e+00
3.173105707728739677e+00
1.806649800607884382e+00
3.482646627536275297e+00
1.827868711310138616e+00
2.949232410569117668e+00
2.868894869123462588e+00
1.791031404050144049e+00
3.383735629519577515e+00
2.523075899518235410e+00
1.833747087255652497e+00
3.291955425929561585e+00
2.942555383881741093e+00
1.730649522368524984e+00
2.461316452016871104e+00
3.471606400471975995e+00
2.814113026730540756e+00
1.783354045956420553e+00
2.052975535675694019e+00
3.104848263053222368e+00
3.454320024221579910e+00
2.729555445552122706e+00
1.861963571500132808e+00
1.810991662063014651e+00
2.574399764921798894e+00
3.347655392679294906e+00
3.391722959670986359e+00
2.694942032291253398e+00
1.912036364138171463e+00
1.744182582091077904e+00
2.331897149737620190e+00
3.152249648996433784e+00
3.479218063974311104e+00
3.016517370391655906e+00
2.170241843070845000e+00
1.709211721708266296e+00
2.074124980739466828e+00
2.939825058905960464e+00
3.475013290682576361e+00
3.131342863869797100e+00
2.231739632458033640e+00
1.708814815271158860e+00
2.146310040013481135e+00
3.090022193577827814e+00
3.471483198580390894e+00
2.818518816648183378e+00
1.888818442933459796e+00
1.833372251485157367e+00
2.751243556736806095e+00
3.469968137400713193e+00
3.022196097491908873e+00
1.989349246747194710e+00
1.793550649881628045e+00
2.728083580751373027e+00
3.474742049284657686e+00
2.950733665453596721e+00
1.907052348267743280e+00
1.871405130879624013e+00
2.901637424363343598e+00
3.479289905366413027e+00
2.749665465075010751e+00
1.791461581199866426e+00
2.019451785782577335e+00
3.094886036074092850e+00
3.435319958067473589e+00
2.565266885941913433e+00
2.079324059495457622e+00
2.343493907536618792e+00
2.971907165250212035e+00
3.055120446700864800e+00
2.474742207079295930e+00
2.067535832720442723e+00
2.419171879150284976e+00
3.023673453041995085e+00
3.011394585620149833e+00
2.400469879290752839e+00
2.068913316521718837e+00
2.491557814079082167e+00
3.061907183266343146e+00
2.965283239447489283e+00
2.341351510440314865e+00
2.077866225626408436e+00
2.546402133577008176e+00
3.083007857300186227e+00
2.933164558903179397e+00
2.309881754990096958e+00
2.084674079265328217e+00
2.568242432268276865e+00
3.088196134397065418e+00
2.928642535806889491e+00
2.312049349925249686e+00
2.081887505335271449e+00
2.548194259245808446e+00
3.077036354741175650e+00
2.957434200400254287e+00
2.353344545535266619e+00
2.071349250701977063e+00
2.482571041862697392e+00
3.041171115591647212e+00
3.014539773938064826e+00
2.441135405020295579e+00
2.067869998883161475e+00
2.374968586347797395e+00
2.963981704602253409e+00
3.080858604590588801e+00
2.579923896385891702e+00
2.098591139161099406e+00
2.242877049036827053e+00
2.828357583873278180e+00
3.121750768119516017e+00
2.759814897157435887e+00
2.194032916239484265e+00
2.123517567514595417e+00
2.632858672141975109e+00
3.095266308444918124e+00
2.945483804849904352e+00
2.368107794136232069e+00
2.067199200075320320e+00
2.408007100865875216e+00
2.975749139215897898e+00
3.081145098971622698e+00
2.596276920690028689e+00
2.109639772472038821e+00
2.213100967006007114e+00
2.782048052932829307e+00
3.122749351985701693e+00
2.816237657780069181e+00
2.236531793787402744e+00
2.100058119084913244e+00
2.580683660686357683e+00
3.080265209539299942e+00
2.965523409349641426e+00
2.375642773169872601e+00
2.068091384149884249e+00
2.451047249523405025e+00
3.027031068905836619e+00
3.020725301982481792e+00
2.428102831706862474e+00
2.066899025480376739e+00
2.460862085471240412e+00
3.053380587365378762e+00
2.960231325984212347e+00
2.304439269095197584e+00
2.103843275833486182e+00
2.694995666639318888e+00
3.122971699249602828e+00
2.663580571425810728e+00
2.085695078594649754e+00
2.208053803343078769e+00
3.468657942461131682e+00
3.185777006934443545e+00
1.856779769558381199e+00
1.830834152058690600e+00
3.139522421611745440e+00
3.509992631887218995e+00
2.348368179696314062e+00
1.591968422968701669e+00
2.384071041518081913e+00
3.468457635757995039e+00
3.368738563301063138e+00
2.341217965934912382e+00
1.623591711792435444e+00
1.844683470933019542e+00
2.651415055318213643e+00
3.366087561656302185e+00
3.597561379051762209e+00
3.353700120531816431e+00
2.851446959239193113e+00
2.317442461936521259e+00
1.897131142641167001e+00
1.652858546116178440e+00
1.593545570827093805e+00
1.699853815377401656e+00
1.939018948111018492e+00
2.271228800513963364e+00
2.651125863399091287e+00
3.027764808292548793e+00
3.345741416087928410e+00
3.549560286390016639e+00
3.592349538156456745e+00
3.448387711069405448e+00
3.126522125536121077e+00
2.679060535527754805e+00
2.199561946089113817e+00
1.804924432243986576e+00
1.603107658201246899e+00
1.656098984784705630e+00
1.953836090938021020e+00
2.413487106961952122e+00
2.907943233341591771e+00
3.312816106880568157e+00
3.548032547839588879e+00
3.592967736052766092e+00
3.476126373187718777e+00
3.251881068296154087e+00
2.977676240039735411e+00
2.699395037319145985e+00
2.446053279665406865e+00
2.231109673933415305e+00
2.056827994019208017e+00
1.919040694098604671e+00
1.811019437826340672e+00
1.726228050002973413e+00
1.660347930984810816e+00
1.613227962593783094e+00
1.591437165828148981e+00
1.611821483913936426e+00
1.705397760344743663e+00
1.917828252602279626e+00
2.295767429047221420e+00
2.838296810373379664e+00
3.394940585914029363e+00
3.583353305156694368e+00
3.000024934707087532e+00
1.926003789320036130e+00
1.700299260454224415e+00
2.964850313958761419e+00
3.501270622515364028e+00
1.979055472339164012e+00
2.062959706205553356e+00
3.594527306537606215e+00
2.140625705356284048e+00
2.134587449357875144e+00
3.582585662926956349e+00
1.856003155233268531e+00
2.448514021566209564e+00
3.537779730199628325e+00
1.955504414869307261e+00
1.905603610251708435e+00
3.203367318643039141e+00
3.590167281164184931e+00
3.488899001883731810e+00
