2.869449970415423046e-01
2.071256156828598538e+00
3.076235984250474953e+00
3.106098097092194532e+00
2.155024871080071680e+00
4.083008075161114192e-01
-1.793783894929394274e+00
-4.022227394170949211e+00
-5.842892726677425763e+00
-6.901084734447369584e+00
-6.990650438846811809e+00
-6.094140986917294001e+00
-4.386210971144601345e+00
-2.199592880022882113e+00
3.972459128689020957e-02
1.895486052999201920e+00
3.006159051497832468e+00
3.155366459335607221e+00
2.314040251679457594e+00
6.460844293511800451e-01
-1.523556140859408492e+00
-3.772200260427078344e+00
-5.661775557104758327e+00
-6.824162093392462936e+00
-7.032908105318977476e+00
-6.247346481603331725e+00
-4.620517377000441073e+00
-2.469353506159221112e+00
-2.129365066723609701e-01
1.709146966043188165e+00
2.922443854154857856e+00
3.190584230829927481e+00
2.461329998504138583e+00
8.767517181640696045e-01
-1.254449041881105398e+00
-3.517079782043161629e+00
-5.470343309366340279e+00
-6.733712185296854003e+00
-7.061061647056179780e+00
-6.388618706282644055e+00
-4.847386162264058385e+00
-2.737621130329293884e+00
-4.703400823072272363e-01
1.512753833396070835e+00
2.825321734393175799e+00
3.211654089272917734e+00
2.596487084742104212e+00
1.099665238062434103e+00
-9.872062601091570189e-01
-3.257570969905865699e+00
-5.269124995557021407e+00
-6.629984963321158276e+00
-7.075033263352064949e+00
-6.517567263222279195e+00
-5.066190387990856081e+00
-3.003654410259045893e+00
-7.317748155219629957e-01
1.306849376275180052e+00
2.715061083649672025e+00
3.218517809312874345e+00
2.719138011496660123e+00
1.314208980251923897e+00
-7.225663057239419818e-01
-2.994390961811711716e+00
-5.058676671006898218e+00
-6.513267071725309165e+00
-7.074784344442139883e+00
-6.633835810442130665e+00
-5.276325401186628739e+00
-3.266718178157588248e+00
-9.965182463472159746e-01
1.092002599900130377e+00
2.591966600941896015e+00
3.211156423451081654e+00
2.828943839929417781e+00
1.519790065341513952e+00
-4.612604961406765458e-01
-2.728267040697692103e+00
-4.839579897653939256e+00
-6.383881053743582612e+00
-7.060315578199620745e+00
-6.737103046445502841e+00
-5.477210505731338053e+00
-3.526085472311113467e+00
-1.263838771416369022e+00
8.688072210796895511e-01
2.456378450849846740e+00
3.189590274457378083e+00
2.925601127898330933e+00
1.715840381731694730e+00
-2.040109350558030332e-01
-2.459934624836522588e+00
-4.612440136931169832e+00
-6.242184460254694756e+00
-7.031666948234509107e+00
-6.827083598117461349e+00
-5.668290567099860233e+00
-3.781039546000054763e+00
-1.532997665710165602e+00
6.378800275089888672e-01
2.308671323490420146e+00
3.153878959154044370e+00
3.008842768502759224e+00
1.901818155558634871e+00
4.847148304589610213e-02
-2.190135235549838466e+00
-4.377885076607940462e+00
-6.088568861710379920e+00
-6.988917623401183832e+00
-6.903528809337176497e+00
-5.849037546444347591e+00
-4.030875848187788435e+00
-1.803251123980594173e+00
3.998591733124001735e-01
2.149253399082922567e+00
3.104121163723470911e+00
3.078438728218042097e+00
2.077209447854848623e+00
2.954890374066523329e-01
-1.919614448057296086e+00
-4.136562896211572138e+00
-5.923458766053030899e+00
-6.932185739019823600e+00
-6.966227428124820875e+00
-6.018951959799521134e+00
-4.282224630723927561e+00
-2.074304096283185572e+00
1.619075297102412492e-01
1.990759926549375169e+00
3.055962963216483086e+00
3.149997798852374853e+00
2.254544921195277940e+00
5.440530849134002089e-01
-1.648246137282988188e+00
-3.895257273689107791e+00
-5.759226083682714936e+00
-6.877021188988935663e+00
-7.030877960155521578e+00
-6.190822600909104523e+00
-4.520511530174090353e+00
-2.345348455357983308e+00
-8.909044851904868167e-02
1.808706809274318594e+00
2.978321609046004514e+00
3.191894003776136746e+00
2.407816624476553091e+00
7.788404709991980646e-01
-1.377683462037594841e+00
-3.641629309926214475e+00
-5.571943675380255812e+00
-6.792569989066020497e+00
-7.065710433085007125e+00
-6.338152815598283141e+00
-4.751637169483968748e+00
-2.615242493349456243e+00
-3.451731459396694124e-01
1.616324518361706097e+00
2.887118917469189139e+00
3.219638676165731628e+00
2.549103548327132263e+00
1.006144660315757111e+00
-1.108644552709448838e+00
-3.383268826895574399e+00
-5.374594434192005110e+00
-6.694678825080268680e+00
-7.086348133918207282e+00
-6.473298822157486754e+00
-4.974962846135858818e+00
-2.883240373481939400e+00
-6.056328926279204161e-01
1.414144691296234324e+00
2.782606921920780518e+00
3.233155145201946912e+00
2.678015254393863120e+00
1.225337510704582300e+00
-8.418728829746511266e-01
-3.120889789051674690e+00
-5.167723723486494336e+00
-6.583618213678311903e+00
-7.092734031546310547e+00
-6.595887152308121060e+00
-5.189871412363812553e+00
-3.148601498903939255e+00
-8.697499229336516091e-01
1.202726040495237125e+00
2.665074435337781100e+00
3.232406058893758871e+00
2.794195502531715558e+00
1.435813295228909325e+00
-5.781056611228643227e-01
-2.855217265896351719e+00
-4.951903218670616447e+00
-6.459695064523687691e+00
-7.084850478905586613e+00
-6.705579040193669016e+00
-5.395768980605879506e+00
-3.410592559284248981e+00
-1.136794364511937827e+00
9.826528093382607132e-01
2.534846252041445869e+00
3.217393487298501054e+00
2.897323235253399520e+00
1.636990376066593811e+00
-3.180717928226415303e-01
-2.586985428289698685e+00
-4.727729327395765679e+00
-6.323251832168699238e+00
-7.062719261744017984e+00
-6.802071358540505486e+00
-5.592086564679797256e+00
-3.668489557275913526e+00
-1.406028255284831330e+00
7.545331576434137766e-01
2.392282250186146708e+00
3.188158916801270504e+00
2.987113464953599529e+00
1.828312811832863094e+00
-6.248986683307422574e-02
-2.316935519611343253e+00
-4.495821541420610856e+00
-6.174665569701351941e+00
-7.026401538417571757e+00
-6.885097456332145427e+00
-5.778281652142614355e+00
-3.921579809238666670e+00
-1.676707582755883053e+00
5.189974810531019500e-01
2.237776397257210004e+00
3.144783135469704671e+00
3.063318061455298835e+00
2.009251893892067375e+00
1.879338307752473902e-01
-2.045813807376440252e+00
-4.256820724680513202e+00
-6.014346886780579382e+00
-6.975997670882593482e+00
-6.954427895684197836e+00
-5.953839703493185809e+00
-4.169163914700932949e+00
-1.948084340046796425e+00
2.766966689714771555e-01
2.071755661364207857e+00
3.087386009800759279e+00
3.125726437703817862e+00
2.179307607414165293e+00
4.325072684015647262e-01
-1.774369520968415603e+00
-4.011387342296730552e+00
-5.842738814940000580e+00
-6.926622161723095417e+00
