7.402918471069867223e+00
7.659439730446072403e+00
7.839481844426955170e+00
7.918120974625098896e+00
7.884425721351387750e+00
7.742988547450382342e+00
7.513312275136720508e+00
7.227131811196598754e+00
6.924037361079189878e+00
6.646001629287142443e+00
6.431566963270170412e+00
6.310497521540864518e+00
6.299639162798341907e+00
6.400564134439417963e+00
6.599331420287847472e+00
6.868400702194694674e+00
7.170438827596888665e+00
7.463493995522505919e+00
7.706821357123283533e+00
7.866551257718217727e+00
7.920411130777233133e+00
7.860841720433618285e+00
7.696070177166999926e+00
7.448986047844538660e+00
7.153971969626114813e+00
6.852126419608057795e+00
6.585541272215443165e+00
6.391430517910433373e+00
6.296929337386559133e+00
6.315291238473963453e+00
6.444017540945037759e+00
6.665184823989671159e+00
6.947929341983939189e+00
7.252745624607854324e+00
7.537001753573965956e+00
7.760901967712030114e+00
7.893062636230693485e+00
7.914919670481566527e+00
7.823347217656404062e+00
7.631116681260729173e+00
7.365127080062358722e+00
7.062650291227119403e+00
6.766113984161771455e+00
6.517151707813527928e+00
6.350754369105104047e+00
6.290345169260623592e+00
6.344472273254591066e+00
6.505587671975766817e+00
6.751088315049570632e+00
7.046477591626384651e+00
7.350206323216512239e+00
7.619514787133605083e+00
7.816454607710205948e+00
7.913242059812001017e+00
7.896186641836242970e+00
7.767638040857818282e+00
7.545673028603377297e+00
7.261562309534675741e+00
6.955371006553067836e+00
6.670310955508033324e+00
6.446640730946819886e+00
6.315974934630594895e+00
6.296808131778272255e+00
6.541876301727874932e+00
6.696616059853279346e+00
6.909152227911590671e+00
7.149449591596155784e+00
7.383532605160718632e+00
7.578291382789588582e+00
7.706168939885857050e+00
7.749065121570672510e+00
7.700902966570662755e+00
7.568492492462252308e+00
7.370568286970190286e+00
7.135136584415838534e+00
6.895507798246207187e+00
6.685577499793123657e+00
6.535025843016285307e+00
6.465117075473790997e+00
6.485695293159532859e+00
6.593802127313995953e+00
6.774110912903285708e+00
7.001113116948489257e+00
7.242743424995574664e+00
7.464925592407727351e+00
7.636391192357674385e+00
7.733086275399500664e+00
7.741541865643758236e+00
7.660734199710242720e+00
7.502177878353843532e+00
7.288248185454302863e+00
7.048981171350678920e+00
6.817815350965310550e+00
6.626886193685764148e+00
6.502543137378919980e+00
6.461720811174085810e+00
6.509667960881969861e+00
6.639341670031140730e+00
6.832530157946371752e+00
7.062506936586331996e+00
7.297810824809205954e+00
7.506602224384222311e+00
7.660982488035370075e+00
7.740687366979609685e+00
7.735670212797860934e+00
7.647257690950737263e+00
7.487764379480683630e+00
7.278663259743142433e+00
7.047597887653155091e+00
6.824664659001008715e+00
6.638473325211561971e+00
6.512503400934528841e+00
6.462215689471099367e+00
6.493262979740135776e+00
6.600989924958326149e+00
6.771241045049493756e+00
6.982330416569749509e+00
7.207887532885365545e+00
7.420197051604623617e+00
7.593605414891427152e+00
7.707577267268961307e+00
7.749044922032864768e+00
7.713794652442635957e+00
7.606759876074336013e+00
7.441226740847283416e+00
7.273152918450490390e+00
6.994541708053725770e+00
6.729596013393270404e+00
6.508446128953267795e+00
6.355744381624828243e+00
6.288012720997651961e+00
6.311982901485269082e+00
6.424077248051858646e+00
6.611044863047480291e+00
6.851640276222767945e+00
7.119122712979343071e+00
7.384275093641066157e+00
7.618599352094874710e+00
7.797341048653743556e+00
7.902029600497117556e+00
7.922285029832622172e+00
7.856729313001868498e+00
7.712939819377234940e+00
7.506483027084634330e+00
7.259158385194817598e+00
6.996656175746964301e+00
6.745883204949614687e+00
6.532232630118337546e+00
6.377068655593680191e+00
6.295665413019323253e+00
6.295786606094583959e+00
6.377024672484692402e+00
6.530942489784377969e+00
6.741984436659679503e+00
6.989053834547210187e+00
7.247596281578051247e+00
7.491987480739505934e+00
7.698002430549403030e+00
7.845141035979827038e+00
7.918602339907791610e+00
7.910733233302648770e+00
7.821824123830916520e+00
7.660179373998529329e+00
7.441449832324889435e+00
7.187274067998030702e+00
6.923330031832897191e+00
6.676946555947360196e+00
6.474461959311438086e+00
6.338543488063121067e+00
6.285695583995639879e+00
6.324186780804241792e+00
6.452614349976690811e+00
6.659302484585993831e+00
6.922693079520154669e+00
7.212836327266107794e+00
7.494018415866643856e+00
7.728471301870636800e+00
7.880989158695152597e+00
7.924132182511629985e+00
7.843632573781008865e+00
7.643173581072908895e+00
7.347277823520656170e+00
7.000995385703121521e+00
6.665291926904508557e+00
6.407668780337059999e+00
6.288641797081824691e+00
6.346155909655635696e+00
6.585133928891252708e+00
6.952456506910543510e+00
7.368708904187542430e+00
7.723503384282546236e+00
7.909084101697174241e+00
7.855299466059863178e+00
7.560588901908574577e+00
7.105897147762923360e+00
6.640593651931381736e+00
6.337551864658987455e+00
6.327419208523724414e+00
6.635490245415843091e+00
7.151625411405148292e+00
7.657519179784870289e+00
7.913758828257662081e+00
7.777260352602564986e+00
7.292709428599954968e+00
6.698616792136164122e+00
6.321761483071902887e+00
6.396220983701753404e+00
6.903835099151318211e+00
7.547724865059060484e+00
7.910004652728941821e+00
7.725405483505253912e+00
7.095268880745546625e+00
6.463214316387022151e+00
6.316790151913723506e+00
6.799097715007529352e+00
7.542265886842885791e+00
7.919249142042894540e+00
7.574627894028341579e+00
6.791472411559954736e+00
6.299626236073137875e+00
6.602126346917755129e+00
7.425758174087482288e+00
7.917423404840454815e+00
7.519023842853073347e+00
6.644271617425140164e+00
6.305401817889908500e+00
6.940989225410780783e+00
7.790121034336815242e+00
7.752148954971142203e+00
6.841456014106465311e+00
6.291403059930705588e+00
6.905740555837859063e+00
7.818943339753757549e+00
7.651861568683766990e+00
6.629591275697462649e+00
6.366569596842237111e+00
7.318606482218542375e+00
7.914253101011522240e+00
7.116823896498483570e+00
6.297452631086756014e+00
6.927857156127888771e+00
7.883878770814612302e+00
7.392870075077471625e+00
6.358674381719695567e+00
6.752491130557992882e+00
7.829231624147321433e+00
7.492520620158929390e+00
6.394303429944543815e+00
6.701300239249844637e+00
7.662615343730035278e+00
