4.230144275017769573e+00
5.445998888271502025e+00
3.131536955505026754e+00
-1.118556465682690515e+00
-4.377024072594872806e+00
-4.400262954595193676e+00
-1.172802160551637662e+00
3.082933727891130626e+00
5.437323395493043776e+00
4.270205999460170432e+00
3.853512338996279984e-01
-3.543571267866713725e+00
-4.813298088041610967e+00
-2.550718867778554610e+00
1.687221245756364452e+00
4.985313443183622795e+00
5.075474879872480471e+00
1.896180442153836188e+00
-2.366029929838191492e+00
-4.780631693132583848e+00
-3.687955248526559426e+00
1.604263019766907772e-01
4.119068443522372114e+00
5.467349190041336016e+00
3.279064928808749890e+00
-9.417035313866819468e-01
-4.294716693248478379e+00
-4.476471489926890257e+00
-1.362446863247584794e+00
2.907930105528020892e+00
5.401329271166362744e+00
4.405358164278361244e+00
6.043269106167123983e-01
-3.391168304913682707e+00
-4.837300220533887085e+00
-2.741153193236811614e+00
1.457729678626971337e+00
4.876063215973466924e+00
5.166670409545579545e+00
2.130049384742555674e+00
-2.148718649323617225e+00
-4.731624875088620286e+00
-3.845025556725263360e+00
-9.758785258329011336e-02
3.937417734922389556e+00
5.488928563211922906e+00
3.491105194058541361e+00
-6.842280167834891014e-01
-4.169163077218602353e+00
-4.569340947044045365e+00
-1.609197468183760638e+00
2.677694985834706554e+00
5.345031914562671460e+00
4.558560562139668093e+00
8.580128957587070948e-01
-3.212269452191637509e+00
-4.851943157451742650e+00
-2.931443174346865188e+00
1.228694167915538760e+00
4.764331799319712957e+00
5.238882820984592570e+00
2.323402145539380736e+00
-1.973193131267149791e+00
-9.286416989880075690e+00
-7.867598466575543625e+00
-8.056028596248143714e-01
7.028729288507753026e+00
1.024685381284913888e+01
6.653031910780482505e+00
-1.269996596742617889e+00
-8.097881723935140386e+00
-9.191182509057121308e+00
-3.837771100865869034e+00
4.313422235214559919e+00
9.767678630639430537e+00
8.893532199532783622e+00
2.315608291206459945e+00
-5.569265484258963284e+00
-9.557592274837356072e+00
-7.067104863505775825e+00
2.282919912510751326e-01
7.566048112508056533e+00
1.022470898921224958e+01
6.545295471341725957e+00
-1.078157652533035193e+00
-7.798320927315742779e+00
-9.410299870657141241e+00
-4.958192903395202578e+00
2.746624659830525950e+00
8.939906997291824808e+00
9.857975171044657259e+00
4.995915306122912014e+00
-2.664686245743769000e+00
-8.519579141480278395e+00
-9.112545456125365817e+00
-4.145373759689066517e+00
3.421420222651614829e+00
9.164968644433438172e+00
9.786758532876818961e+00
4.978148022904850478e+00
-2.471099651592480573e+00
-8.319858208226515117e+00
-9.291558942503485241e+00
-4.884532075994941991e+00
2.406470616641701810e+00
8.527481663066058815e+00
1.012130185290977913e+01
6.348528512318260653e+00
-6.999769221263305585e-01
-7.182112127436852234e+00
-9.600809389249405967e+00
-6.675816803968569246e+00
-8.041445144106873499e-04
6.838699060923874029e+00
1.019312648614676675e+01
8.287757572002030670e+00
2.149462604019205081e+00
-4.955237485229055494e+00
-9.259918351529497826e+00
-8.490394644931653190e+00
-3.059816695049248914e+00
4.157079222095442006e+00
9.345689406944067912e+00
9.765109872082430087e+00
5.193602223619761205e+00
-7.911033665027618067e-01
-3.697603095850464872e+00
-4.478401108668306208e+00
-2.717803610685420423e+00
6.543642174950043966e-01
3.851307373775247456e+00
5.174274089378638308e+00
3.915701176953304330e+00
7.405701466468617156e-01
-2.660895366403400519e+00
-4.470216176723191381e+00
-3.713293924777666621e+00
-7.887818392732204309e-01
2.736160002413018155e+00
4.961436331668094724e+00
4.678213939086036888e+00
2.030924823468087226e+00
-1.548146751830293599e+00
-4.111250243958354034e+00
-4.260993642240887169e+00
-1.919815594349509436e+00
1.631066384769539690e+00
4.466560578529696457e+00
5.077640373656075568e+00
3.171884205173455928e+00
-2.133305356206668391e-01
-3.304339532546259672e+00
-4.532404647331194525e+00
-3.315165022055326371e+00
-3.002426956887357390e-01
3.005111872359886416e+00
4.993591809544154714e+00
4.723586796403550281e+00
2.341428875017411038e+00
-1.008850939137885927e+00
-3.725764032542371762e+00
-4.493422237406891284e+00
-2.904687812459780805e+00
3.091707913842787203e-01
3.565655386046121755e+00
5.154429196169793670e+00
4.117657865070672329e+00
8.814580745773318293e-01
-2.762901733752646916e+00
-4.525389603440906683e+00
-3.056422808299724458e+00
8.716896711502681860e-01
4.475083116404610095e+00
4.787949249544274366e+00
1.240093109909036651e+00
-3.234938929409312713e+00
-4.316466447805007434e+00
-5.832165688330260833e-01
4.220737853077455526e+00
4.533409921675055188e+00
-3.739471426855786040e-01
-4.440192966192736179e+00
-1.993595427698338973e+00
3.831281788146054801e+00
4.382131672754534080e+00
-1.506204309106416339e+00
-4.407788332010690979e+00
1.111054549215050313e+00
8.101875035708664186e+00
7.403893428217438455e-01
-7.430384166268906299e+00
-4.067560944903791942e-01
8.080243200078518484e+00
5.850549277098839873e-01
-7.457192609798006799e+00
1.136884528398672600e+00
7.952036553882461334e+00
-1.968780652776277673e+00
-6.824178333203253288e+00
4.171964710526228970e+00
6.626092857857569740e+00
-4.852867040519610597e+00
-5.008595889031973059e+00
6.352728042276721609e+00
4.951699526568202003e+00
-6.002847719878063870e+00
-4.355175989529067593e+00
6.204853586910422436e+00
6.095719344510358795e+00
-3.735548929562774401e+00
-7.136428273742609463e+00
-9.005494291775922866e-02
7.188094715709169691e+00
7.002867157984434598e+00
1.287559844964978328e+00
-4.391838177403158738e+00
-7.142878786238300748e+00
-7.288414658486058073e+00
-6.148899349127502134e+00
-4.657884894845038204e+00
-3.220185720775117222e+00
-1.931885825306062454e+00
-7.528099679071844630e-01
4.008892987874623781e-01
1.611129199516926791e+00
2.930756950431388841e+00
4.359010114741035835e+00
5.814477071123969054e+00
7.111396698829020480e+00
7.957382115751753915e+00
7.999102875935237833e+00
6.934770976471574144e+00
4.675361455015663026e+00
1.468380043446483985e+00
-2.097781939629274728e+00
-5.223408602112707300e+00
-7.129661182880242976e+00
-7.310148971248066729e+00
-5.701960112161795990e+00
-2.708117747720609536e+00
9.328842847909041280e-01
4.373017822093562046e+00
6.888353400151991934e+00
8.043138893567137515e+00
7.746168257152994840e+00
6.206040411116935829e+00
3.822782027064786536e+00
1.062376457166664512e+00
-1.648436221042904881e+00
-4.273353748258728046e+00
