4.262170030310334923e-01
-4.565873176343788309e+00
-1.031932365783657346e+01
-5.869706650279650439e+00
1.625157172446174414e-01
-3.722187474960468201e+00
-9.985796241439068410e+00
-6.684558619777081212e+00
-2.392292852278448123e-01
-2.942659014848198584e+00
-9.518121349516253105e+00
-7.422339655460168828e+00
-7.698521207871511507e-01
-2.252906794669240043e+00
-8.928233743600042516e+00
-8.058004677668842319e+00
-1.414622072183133739e+00
-1.677080938644249120e+00
-8.233651427070677542e+00
-8.568631093892957296e+00
-2.153281308349177969e+00
-1.236536573072982037e+00
-7.457283139640692227e+00
-8.934773796405448110e+00
-2.960402767063361473e+00
-9.484688871518756059e-01
-6.626896369280794730e+00
-9.141819006196818975e+00
-3.806102724639766066e+00
-8.245933469320965159e-01
-5.774220365939249255e+00
-9.181245357585833489e+00
-4.657123013041482906e+00
-8.699693202117675384e-01
-4.933681257580491142e+00
-9.051688583959458967e+00
-5.478272309276553287e+00
-1.082074556517465869e+00
-4.140794570959839938e+00
-8.759700466494932058e+00
-6.234185481531657302e+00
-1.450239469407555770e+00
-3.430272418553732550e+00
-8.320096215961855890e+00
-6.891327773358734810e+00
-1.955540660719372603e+00
-2.833932636356614854e+00
-7.755801187139331532e+00
-7.420147681577173415e+00
-2.571227789612032577e+00
-2.378502566216687431e+00
-7.097142654913270121e+00
-7.797317054559523619e+00
-3.263715819907328619e+00
-2.083286255928447517e+00
-6.380567820828488834e+00
-8.008316864203820273e+00
-3.994195941388662519e+00
-1.956918401180076650e+00
-5.646537971489324903e+00
-8.052284578344600874e+00
-4.721791183681166792e+00
-1.988845919612922675e+00
-4.933687663930832024e+00
-7.955683149631955331e+00
-5.414965180573534376e+00
-2.146161290163967728e+00
-4.264057865616952547e+00
-7.731938460926501833e+00
-6.054664084863718543e+00
-2.439460222811928425e+00
-3.662572440253201833e+00
-7.370635829598581878e+00
-6.609360953653011350e+00
-2.864428610309120327e+00
-3.162819151046417865e+00
-6.888194048609046938e+00
-7.046778676443391731e+00
-3.396787719934395433e+00
-2.794159093005064154e+00
-6.314539593011354590e+00
-7.341382777573196350e+00
-4.002271525116753992e+00
-2.577658591388451548e+00
-5.687337129662387802e+00
-7.477087515153755248e+00
-4.640636811980352938e+00
-2.524005307108236451e+00
-5.048601971585658710e+00
-7.448923717304302805e+00
-5.268929428753896360e+00
-2.632239123561107785e+00
-4.441358893436464506e+00
-7.263868441696724076e+00
-5.844949154858452900e+00
-2.889412796819692542e+00
-3.906077894677619788e+00
-6.940650205590062072e+00
-6.330851211645573073e+00
-3.271351265784621987e+00
-3.477117920305925480e+00
-6.508410876222881392e+00
-6.696563951068818632e+00
-3.744565086938423271e+00
-3.179545332984179851e+00
-6.004238981401655906e+00
-6.922638792917479300e+00
-4.269229980290062620e+00
-3.026700819668075582e+00
-5.469733240092845783e+00
-7.002203609974917420e+00
-4.803017470325137595e+00
-3.018745526326723549e+00
-4.946824515660545707e+00
-6.941977311955898067e+00
-5.305645921901533946e+00
-3.141877937574639734e+00
-4.472618126226344692e+00
-6.763298917993811443e+00
-5.745407936467613830e+00
-3.366099399109610424e+00
-4.069454713646217137e+00
-6.507353059316931976e+00
-6.117567506945816191e+00
-3.633902231528762350e+00
-3.706297299441781767e+00
-6.252382500592080561e+00
-6.503449643459907392e+00
-3.879048541852703647e+00
-3.294759589056612370e+00
-5.984598313060121910e+00
-6.917012066633576595e+00
-4.190898090574907364e+00
-2.898394386900452258e+00
-5.624500997088520471e+00
-7.283206750610704105e+00
-4.595202935101989183e+00
-2.570720624712417912e+00
-5.184108911019072785e+00
-7.567721489600262252e+00
-5.061453801368089422e+00
-2.330752120594841603e+00
-4.703294139156737330e+00
-7.764764763201031705e+00
-5.545122226694553902e+00
-2.172408562594596582e+00
-4.222922049411304002e+00
-7.886073618022007459e+00
-6.046954258360493384e+00
-2.106317269824399485e+00
-3.622458528018469792e+00
-7.835627651217045297e+00
-6.846193495770855009e+00
-2.395665095299280622e+00
-2.566008103826318276e+00
-7.109797496609353118e+00
-8.100726205475989872e+00
-3.820833646235805237e+00
-1.392429772449542025e+00
-4.754157154782211236e+00
-8.594995956409714921e+00
-7.051129527437949740e+00
-2.449453065603176771e+00
-1.389872898951700630e+00
-5.281378358457126332e+00
-8.880012191267788069e+00
-7.594262652767584498e+00
-3.103872441981815555e+00
-7.851260768914967159e-01
-3.220589264122428297e+00
-7.636891539935735551e+00
-9.352008768194252752e+00
-6.702777439632368939e+00
-2.368727997655705408e+00
-4.461811860216808867e-01
-2.619817141183162335e+00
-6.908457853123241676e+00
-9.638331833881089494e+00
-8.575545748834441540e+00
-4.610180651826977005e+00
-8.912702392192217715e-01
-3.210334069002760415e-01
-3.361359216600581235e+00
-7.719464921726155282e+00
-1.008133853431722926e+01
-8.606909676664789899e+00
-4.354543138668628188e+00
-5.437366916820476348e-01
-1.253360056109951159e-01
-3.466220204948506023e+00
-8.007481852481310725e+00
-1.021192798728482032e+01
-8.332409359590251086e+00
-3.831763445727984330e+00
-2.710644412230172051e-01
-4.848596390199819695e-01
-4.296153490774473838e+00
-8.650383877652132014e+00
-1.007876983834731632e+01
-7.476162388907111378e+00
-2.943374946295949979e+00
-6.145148364312458256e-02
-1.047650678542282332e+00
-5.074395785856441243e+00
-9.008813661266650286e+00
-9.880799580520950087e+00
-7.106127395267046509e+00
-2.813129360462923945e+00
-1.586392097645248356e-01
-1.003058992227631840e+00
-4.659084120991487943e+00
-8.510853860449817176e+00
-9.919463767327737713e+00
-8.006424123783663305e+00
-4.132193536855471194e+00
-8.730900517844037978e-01
-2.949731044065568852e-01
-2.683030436861341350e+00
-6.474935956352807942e+00
-9.324962707412236540e+00
-9.555013229006998898e+00
-7.102313626271131497e+00
-3.461750250605425627e+00
-7.456593755973610627e-01
-4.633467028496616180e-01
-2.715222516055417312e+00
-6.205367033614481720e+00
-9.004729249006544478e+00
-9.611156182592591080e+00
-7.734793208802464903e+00
-4.414394623168118592e+00
-1.433988475389516015e+00
-3.680679462793730039e-01
-1.759972586697823971e+00
-4.853777714749336170e+00
-8.006539825723518078e+00
-9.557228530724902527e+00
-8.697494469350839807e+00
-5.892244366288627688e+00
-2.632118888913983934e+00
-6.465271275298416498e-01
-9.880870984509178001e-01
-3.470621347230440357e+00
-6.762405963804361875e+00
-9.093209739446464823e+00
-9.204959668517183502e+00
-7.037249018065828032e+00
-3.771000834266798662e+00
-1.194255301422100679e+00
-5.003670776048005919e+00
