3.423845839852589279e+00
9.387248857930241552e-02
-4.900539025150450811e+00
-2.665146923169287696e+00
2.819175818923993049e+00
1.785734501746840452e+00
-3.925078485476658052e+00
-4.143225828313772396e+00
1.519777724225386484e+00
2.979035753725770341e+00
-2.364155049587734148e+00
-4.994433218021277376e+00
-2.276973495234528855e-01
3.447264399276402713e+00
-5.140624213197932946e-01
-5.057193332436916933e+00
-2.091544560138885789e+00
3.101541511705377729e+00
1.274015744404977335e+00
-4.319593078114951190e+00
-3.717969364775060015e+00
2.007492036159947979e+00
2.660667346845482228e+00
-2.921643365442560203e+00
-4.798244622627608535e+00
3.727878954495273955e-01
3.382678874197851293e+00
-1.128702307842113894e+00
-5.127313025982203065e+00
-1.492272190199762427e+00
3.302998460410957904e+00
7.188949222480760515e-01
-4.642710975533749895e+00
-3.233663450611407697e+00
2.436751001672093686e+00
2.270438345136541969e+00
-3.436425389482514525e+00
-4.520835869998623302e+00
9.483671561975026698e-01
3.231414766351151435e+00
-1.737432792850391650e+00
-5.109459025198340498e+00
-8.796288008525067204e-01
3.419412123522794111e+00
1.317648916725552288e-01
-4.887800764070500570e+00
-2.700247593605243246e+00
2.798744852589162058e+00
1.816357496966471752e+00
-3.897936146586260975e+00
-2.299168291489647853e+00
1.796783831959332112e-01
8.412804295152396250e-01
-1.492568742981423391e+00
-2.665659987951677579e+00
-5.889069071413488565e-01
1.039328047035795732e+00
-6.805790979951157338e-01
-2.685750975831674658e+00
-1.405299717255843905e+00
8.804974022966889358e-01
1.010041965104853112e-01
-2.355627593885389004e+00
-2.114532773332389759e+00
3.949376486326676705e-01
7.038213915169939661e-01
-1.737953696925180314e+00
-2.581979812329282975e+00
-3.251825050119401261e-01
1.013446029366146472e+00
-9.499758343239185221e-01
-2.718910271717259519e+00
-1.143170212194716928e+00
9.711053165705152423e-01
-1.412675688091402648e-01
-2.499332080362520969e+00
-1.903755456538802626e+00
5.848363460001164693e-01
5.346625022062072574e-01
-1.964925460435029470e+00
-2.462564328377382594e+00
-7.203950005563874992e-02
9.495096716041799834e-01
-1.217131208537691300e+00
-2.713524007886913836e+00
-8.748343779054719160e-01
1.024527857725246571e+00
-3.978952545654180217e-01
-2.608997454552926420e+00
-1.671162166417560879e+00
7.454771460996580945e-01
3.372754435252187655e-01
-2.168825846311809524e+00
-2.309864324115256551e+00
1.653268028711614157e-01
8.488311524926737128e-01
-1.476562337104691203e+00
-2.669702727717650603e+00
-6.057993247396191716e-01
1.039668624193130775e+00
-7.269640162118389259e-01
-2.023791168541263730e+00
-1.213838889524435416e+00
2.604983808631509135e-01
-2.263363643135938297e-01
-1.807368924448437220e+00
-1.667035181459123994e+00
-5.524690900526463277e-02
1.576608091879574403e-01
-1.407466351036118946e+00
-1.963389224794622523e+00
-5.200987918798607446e-01
3.521373533839000647e-01
-8.999927542481183096e-01
-2.046647243639188929e+00
-1.045819316465016025e+00
3.201778281800709003e-01
-3.812765177413928730e-01
-1.901005242607569201e+00
-1.532616476419809803e+00
6.784877462377003621e-02
5.021990259371189591e-02
-1.554108913299745653e+00
-1.888086678958328379e+00
-3.569528328757086699e-01
3.125900726339421176e-01
-1.071805942985021742e+00
-2.044754748494202801e+00
-8.735913662102873234e-01
3.560310182743959828e-01
-5.456468396255578224e-01
-1.972882030633285488e+00
-1.383998758063810453e+00
1.722968009981595827e-01
-7.550686036530296352e-02
-1.686111368637550179e+00
-1.791289733271293594e+00
-2.037362422095461145e-01
2.493722596961032156e-01
-1.238877425758650563e+00
-2.018152523165177570e+00
-7.006897076582816464e-01
3.673221289074277696e-01
-7.160739247571267230e-01
-2.021524146733868932e+00
-1.224232137746408711e+00
2.559535622439121916e-01
-2.169391640200950544e-01
-1.800764604082344178e+00
-1.674984970938146134e+00
1.642809577210753824e+00
2.369422153673915510e+00
-2.620790554193653588e+00
-4.441064164593496955e+00
1.502151840490583146e-01
2.976719112369211828e+00
-9.951002273244153873e-01
-4.692072871098430298e+00
-1.530486513588403596e+00
2.859383208336928384e+00
6.598859921091768665e-01
-4.212028191738181881e+00
-3.080265562286018444e+00
2.039687084039320197e+00
2.030019449868386339e+00
-3.092051966818471165e+00
-4.204943680195875721e+00
6.732250467332940858e-01
2.855222100089425119e+00
-1.544737521713134720e+00
-4.691035030974525455e+00
-9.806217649064403741e-01
2.978854389526020441e+00
1.362046915473507092e-01
-4.446269998179938732e+00
-2.607920978457807681e+00
2.377448498995799575e+00
1.631699064993237025e+00
-3.517109757593502195e+00
-3.899779473254591622e+00
1.165162993049112528e+00
2.657871606610157755e+00
-2.079927040132613758e+00
-4.610977317649518348e+00
-4.278867015063791412e-01
3.019934759148473091e+00
-4.075271485141624961e-01
-4.606515293467444927e+00
-2.099308690524865462e+00
2.649161876559054996e+00
1.182635808501914854e+00
-3.887240379901287568e+00
-3.531834490228124679e+00
1.615932881481619399e+00
2.388717895842120242e+00
-2.589684980345456022e+00
-4.453542771692069913e+00
1.163747836230420996e-01
2.981781216507798149e+00
-9.601504100518274409e-01
-5.944317974972648244e+00
-1.800955080430605815e+00
4.052352094988289188e+00
1.191807058555728771e+00
-5.288420616110627748e+00
-3.848090090303398547e+00
2.947802159057821392e+00
2.996867572673840741e+00
-3.788271441478870294e+00
-5.324376102524997378e+00
1.124108361975761916e+00
4.073470653433478361e+00
-1.728628015118361061e+00
-5.949585246576703845e+00
-1.072556654232442286e+00
4.217256043934329846e+00
4.995491806392551304e-01
-5.605040636261271914e+00
-3.225223037763384148e+00
3.400930473456170056e+00
2.473308667870883326e+00
-4.356143556727984922e+00
-4.925272735204035079e+00
1.779448452420087312e+00
3.817992410501900302e+00
-2.439959025322698594e+00
-5.850003165519161108e+00
-3.394011150740881000e-01
4.278353214830945106e+00
-2.202162288780273869e-01
-5.823882462154886142e+00
-2.553419266675038379e+00
3.767005623839645878e+00
1.881734368130907109e+00
-4.851868843924929564e+00
-4.442342187120299712e+00
2.381013380821777048e+00
3.466901557455235761e+00
-3.118469448401054223e+00
-5.647615474899166266e+00
3.834648383067347233e-01
4.234389698139628955e+00
-9.527172795853287024e-01
-5.940454758939673674e+00
-1.846466341086274721e+00
4.038514576195377792e+00
1.234285671908896154e+00
-5.265273433196997033e+00
-3.885495739140083060e+00
2.483787071690848336e+00
