-2.883425524181813859e+00
-2.985845869148101794e+00
-4.108322068459860255e+00
-5.018705669985131124e+00
-4.727415223622219109e+00
-3.563057095732778734e+00
-2.802056254542243607e+00
-3.269382820828782510e+00
-4.444314805453622341e+00
-5.040469675539576144e+00
-4.414208917001035459e+00
-3.259414817034293144e+00
-2.838802722153586977e+00
-3.603199400456247758e+00
-4.708542835988108521e+00
-4.947836672101444400e+00
-4.069142203753461473e+00
-3.040419471608845736e+00
-2.983280231906839219e+00
-3.950115801424243678e+00
-4.877856573222474346e+00
-4.756827734946689645e+00
-3.729561641855836385e+00
-2.923783307978745416e+00
-3.214414585017106862e+00
-4.273632562627735609e+00
-4.940313400295855750e+00
-4.492863447234272556e+00
-3.430155732446122485e+00
-2.915514711634501488e+00
-3.503246195011552544e+00
-4.541759128314063254e+00
-4.895834490747893675e+00
-4.187560313906502962e+00
-3.199432769809467558e+00
-3.009934302931507322e+00
-3.816428955132852963e+00
-4.730125432307787037e+00
-4.755526060648787912e+00
-3.875056471237297906e+00
-3.057125070671200540e+00
-3.190988981209738728e+00
-4.119934636101913128e+00
-4.823944330457180740e+00
-4.539779153289980940e+00
-3.588473576538969478e+00
-3.013011750278522527e+00
-3.434649044884122482e+00
-4.382117815671136007e+00
-4.818178905735138962e+00
-4.275560393357340949e+00
-3.357850001140484597e+00
-3.067911848049412082e+00
-3.711341581629258979e+00
-4.574829799428073329e+00
-4.717170022060389378e+00
-3.995416440997130003e+00
-3.207244589214645281e+00
-3.209272443170857247e+00
-3.985992560634541881e+00
-4.681319249729431142e+00
-4.542188860298249864e+00
-3.734106436516023919e+00
-3.145504514120660566e+00
-3.410951284709101028e+00
-4.227167041134132219e+00
-4.698926127147379894e+00
-4.320953433416415912e+00
-3.518844989874494011e+00
-3.170220448911213573e+00
-3.644477912488307769e+00
-4.411805830187391919e+00
-4.634811147899186246e+00
-4.082365477812126997e+00
-3.368400927331209438e+00
-3.269811156568024124e+00
-3.881121874372725600e+00
-4.525680434099818683e+00
-4.504524262503090348e+00
-3.854246554229996846e+00
-3.292231090848993791e+00
-3.425325293612881961e+00
-4.094765576392355833e+00
-4.564280022448821583e+00
-4.329753697375761767e+00
-3.660169755988311735e+00
-3.289759453194146754e+00
-3.613095958657695395e+00
-4.265335944837478799e+00
-4.533454705657684158e+00
-4.135241048633649719e+00
-3.515428873021982703e+00
-3.349483437896216831e+00
-3.808555263503095034e+00
-4.384398533691607369e+00
-4.451141726239689511e+00
-3.943229155016248821e+00
-3.417715016561186925e+00
-3.445616071149105952e+00
-3.996246680787653549e+00
-4.472691320792542946e+00
-4.352500013098707043e+00
-3.753307300213718278e+00
-3.322724724708965294e+00
-3.544995099424680607e+00
-4.198783414353959742e+00
-4.572907992505404806e+00
-4.236957129539947076e+00
-3.534705449020608015e+00
-3.235417325381889420e+00
-3.692499261999330873e+00
-4.428522418712077524e+00
-4.632037914452562966e+00
-4.051559397769680437e+00
-3.302297190620118172e+00
-3.215200488705151294e+00
-3.915816621245724161e+00
-4.653759340579981973e+00
-4.605838157867497173e+00
-3.793917139742298161e+00
-3.094491722642426001e+00
-3.292747101786477337e+00
-4.201693367341165164e+00
-4.833975117368119356e+00
-4.474302832531952490e+00
-3.487773302131922826e+00
-2.951538352974316659e+00
-3.478724269640198763e+00
-4.518678567611783770e+00
-4.930821852758550783e+00
-4.235588796982228565e+00
-3.170477305158344805e+00
-2.908490850460024646e+00
-3.766337413120155908e+00
-4.824988312410886770e+00
-4.913826505633146269e+00
-3.905000147667140986e+00
-2.886889286711198821e+00
-2.990064252600371564e+00
-4.131956034229052221e+00
-5.073972716700657415e+00
-4.765063600201133731e+00
-3.514282712759723371e+00
-2.684337393795320104e+00
-3.206516152135051811e+00
-4.535750400271451710e+00
-5.218325538208144820e+00
-4.482775528756572037e+00
-3.112020404785565297e+00
-2.610221451212454191e+00
-3.549899475071511379e+00
-4.918167586220757670e+00
-5.210614708193710420e+00
-4.087885536629577210e+00
-2.767905117343258503e+00
-2.703144785493342361e+00
-3.981428906956779645e+00
-5.211574215261910226e+00
-5.038202593528719575e+00
-3.635415803315791283e+00
-2.533151708389262069e+00
-2.948205133524183896e+00
-4.440964119603543203e+00
-5.380655038371994436e+00
-4.727064578429843955e+00
-3.181922517899435476e+00
-2.435688989068895971e+00
-3.318028229185332023e+00
-4.875603624055924179e+00
-5.401997547142223688e+00
-4.307228906307344118e+00
-2.778633603439804922e+00
-2.493215518916227502e+00
-3.777819179934312377e+00
-5.235584878413376053e+00
-5.264826740226751234e+00
-3.818831549557515803e+00
-2.473078423520782998e+00
-2.708700207626130840e+00
-4.282389462174044148e+00
-5.476744675425978315e+00
-4.974516129737884818e+00
-3.311335597790738827e+00
-2.304846732446171220e+00
-3.068209558085489341e+00
-4.779047211834010156e+00
-5.565191838619044873e+00
-4.553500564000397155e+00
-2.839514692662023165e+00
-2.301195801137191133e+00
-3.541072821650429692e+00
-5.212000590674941591e+00
-5.480952110987385772e+00
-4.040358128158713313e+00
-2.459481493769370086e+00
-2.474545370528170807e+00
-4.080869150834413261e+00
-5.524645523911761558e+00
-5.219009359868291398e+00
-3.490302299731814273e+00
-2.230232986281128760e+00
-2.822494297639771776e+00
-4.620941932096615190e+00
-5.656342797056590044e+00
-4.795031032421451123e+00
-2.980689470838205235e+00
-2.199328452080941521e+00
-3.304278946160220887e+00
-5.084161507176876427e+00
-5.591522636236707200e+00
-4.274107874302451648e+00
-2.575946381488762427e+00
-2.354244919524066226e+00
-3.848042042684539865e+00
-5.420574179405377890e+00
-5.352833672175767887e+00
-3.722773652912357178e+00
-2.315785614276095750e+00
-2.669104650905871345e+00
-4.392243798112038355e+00
-5.598538556377586239e+00
-4.970888310512513897e+00
-3.199844534551955277e+00
-2.223863552842510138e+00
-3.107597194314716038e+00
-4.880522430255945565e+00
-5.602770660705829187e+00
-4.487666399378817950e+00
-2.758559146355020530e+00
-2.306726026063206980e+00
-3.622712581142243149e+00
-5.263791534486748525e+00
-5.435633480075712676e+00
-3.954197833431612352e+00
-2.442744551201315950e+00
-2.553174613017886507e+00
-4.160632875865285740e+00
-5.504526871424219259e+00
-5.116840657220011579e+00
-3.425731874475193450e+00
-2.282717338767813242e+00
-2.935533243069953002e+00
-4.666090813678402505e+00
-5.580343133370035957e+00
-4.681266608726684986e+00
-2.956136728828218541e+00
-2.292414463104354372e+00
-3.412679201724035494e+00
-5.087993722806240626e+00
-3.923253419617176441e+00
