4.508919923748711867e+00
5.039113428436570175e+00
5.439057720717266342e+00
5.647491345359920700e+00
5.624823982341311535e+00
5.362745814171754333e+00
4.889580939263439952e+00
4.269261509490303474e+00
3.592964070082270478e+00
2.964207045570316890e+00
2.480120969807217524e+00
2.213047593779643218e+00
2.197001476315267432e+00
2.422527028239045421e+00
2.841279730397561210e+00
3.378923758805282063e+00
3.953287284614142916e+00
4.502046649769520847e+00
4.993930925211234495e+00
5.402566381425907949e+00
5.649389052950564150e+00
5.554703390664112561e+00
4.897412806756959114e+00
3.664951616556065161e+00
2.434739415442090937e+00
2.340978410299246804e+00
3.897341417560866716e+00
5.551111382505933278e+00
4.968593066603441244e+00
2.800208437339982925e+00
2.364428545282670324e+00
4.338626469012237585e+00
5.667400420162263863e+00
4.334760285897288234e+00
2.375672861763471033e+00
2.746914327066097616e+00
4.884079004698807402e+00
5.570665081277637043e+00
3.770854341387128716e+00
2.195393566690175824e+00
3.231665179123059950e+00
5.316181376991637286e+00
5.268279934218515592e+00
3.147684075212221710e+00
2.219206853892734088e+00
3.936582958103287844e+00
5.630103207813354160e+00
4.629777480207433626e+00
2.502344732370838098e+00
2.636163730367338420e+00
4.832108305619918553e+00
5.557112571002561729e+00
3.625853784944781832e+00
2.172956123568037690e+00
3.577113072318280018e+00
5.544188599672169815e+00
4.844017719921318132e+00
2.625833484540851970e+00
2.532418453880002307e+00
4.710603920210605366e+00
5.598646393698778034e+00
3.767397393507051273e+00
2.184166265364443138e+00
3.486435202035046199e+00
5.073175971212371849e+00
4.880705662415275370e+00
3.241984100168278538e+00
2.608953191000751293e+00
3.855793768793278620e+00
5.182856476293624226e+00
4.802974546603590689e+00
3.282395433868802836e+00
2.573297421835781584e+00
3.486252350291099589e+00
4.885961602123681580e+00
5.205140120495508782e+00
4.170792114184237676e+00
2.901518174478966650e+00
2.624837022094296479e+00
3.529697027690297695e+00
4.756395153522631425e+00
5.272442062422429743e+00
4.717839568254216687e+00
3.575476538716851671e+00
2.699304042705134243e+00
2.675570821044650938e+00
3.474864657497688025e+00
4.548517850237034033e+00
5.220150968192149854e+00
5.095108048648214982e+00
4.264577058686506383e+00
3.228689795131090445e+00
2.605721620843515662e+00
2.771933597986480535e+00
3.632866463603997342e+00
4.671370144428713012e+00
5.252203994828112066e+00
5.009433476573211586e+00
4.082988199442438848e+00
3.048860193383521544e+00
2.568511667729118209e+00
2.964162999158237444e+00
3.991862613730395637e+00
4.977463928812727367e+00
5.251908630015535095e+00
4.611444198580819887e+00
3.484037814773529362e+00
2.659152173524635288e+00
2.738005570545251288e+00
3.682839413840603537e+00
4.809960378677700099e+00
5.271434388664664183e+00
4.698036120536372984e+00
3.514250156757165566e+00
2.645049229430601834e+00
2.797268965041496358e+00
3.868536340387505046e+00
4.988708868559174725e+00
5.214101686058946861e+00
4.333150753913971975e+00
3.088687679097511296e+00
2.570491678407733183e+00
3.256128569836329589e+00
4.546949059524266090e+00
5.267919475889233816e+00
5.099673529213852419e+00
3.218437861090793106e+00
1.999077357547897726e+00
2.630400771965596629e+00
4.524051851779695710e+00
5.828036814054782688e+00
5.232925948759755030e+00
3.313622440712602035e+00
2.005119304801094238e+00
2.655160369790072750e+00
4.612231091977319508e+00
5.854224471365455429e+00
5.077852273342071676e+00
3.085439510187546919e+00
1.969975752557652893e+00
2.912098667302821742e+00
4.919283723132448216e+00
5.870702143313083710e+00
4.765698834708406828e+00
2.774465621764887757e+00
1.983236722647270911e+00
3.200361322356165328e+00
5.151047661420506962e+00
5.846874534832811499e+00
4.618928859358147676e+00
2.716154279861291876e+00
1.979336503800349201e+00
3.054499392051994722e+00
4.896522092084708788e+00
5.865664605814810528e+00
5.203831818176027468e+00
3.543546190888796410e+00
2.202444599909638256e+00
2.086622754483908881e+00
3.139691018591983962e+00
4.597731441457727719e+00
5.635840234110316871e+00
5.844150648147996563e+00
5.296274632192588427e+00
4.340425626473614962e+00
3.349998549272354964e+00
2.576283969339073998e+00
2.119380984734422047e+00
1.968146362305662755e+00
2.056783164563734001e+00
2.308100180653618327e+00
2.654869654562308057e+00
3.046373243133633668e+00
3.447974783976325952e+00
3.837949643777088582e+00
4.203797976778712808e+00
4.539005953554086759e+00
4.840536703286825393e+00
5.107023592194265049e+00
5.337532925579946408e+00
5.530754075577577034e+00
5.684504089394661008e+00
5.795472958776281658e+00
5.859173081883431777e+00
5.870087690957408455e+00
5.822036484016131830e+00
5.708790866876354286e+00
5.670499765966329875e+00
5.389421647800891613e+00
5.028005350900885517e+00
4.592255644306134421e+00
4.095864771316701791e+00
3.561913215095431795e+00
3.023893190627259031e+00
2.525486945667752892e+00
2.118464368864859004e+00
1.858121562385750991e+00
1.795938799174324529e+00
1.969657131802503791e+00
2.391778274600301568e+00
3.038514689572457517e+00
3.842234295251116372e+00
4.691107198860231087e+00
5.439493461877706437e+00
5.931097133694883894e+00
6.033765560454076748e+00
5.680254100983732179e+00
4.904312923328554064e+00
3.857967812514480510e+00
2.796299483347057802e+00
2.022494521006157342e+00
1.798890023494750690e+00
2.246550719350847825e+00
3.270369414355521087e+00
4.550156222726963406e+00
5.623249123160587004e+00
6.049771614219997318e+00
5.607483126625405490e+00
4.429726671442584696e+00
3.001397441504889407e+00
1.978005295325326429e+00
1.880956634348778689e+00
2.807985247923816985e+00
4.325939737644775462e+00
5.645735699015748565e+00
6.029625288597681099e+00
5.224562176200875818e+00
3.657254016315169665e+00
2.232531030177743681e+00
1.811749656429094468e+00
2.673153543170441182e+00
4.306992764891784731e+00
5.705862873103360045e+00
5.989521319852233461e+00
4.970225663413457617e+00
3.285850023994013824e+00
2.002108290617286013e+00
1.933856812402363179e+00
3.123805773623380855e+00
4.816371570607120844e+00
5.941610266932473294e+00
5.794500916422244075e+00
4.474456311893930227e+00
2.811846122651944668e+00
1.839547178278067463e+00
2.150853493353853896e+00
3.543987893247940946e+00
5.161928404523338898e+00
6.025518183379748649e+00
5.397108992608675493e+00
