6.109472947262186260e+00
3.036982935479183965e+00
-5.626687792301449775e+00
-7.387551769868593965e+00
2.937548914068461858e-01
6.339924160797293595e+00
2.031700009822547059e+00
-6.417973832516701727e+00
-6.823717482979594351e+00
1.399596990859054424e+00
6.393025436171386744e+00
9.554826465139500957e-01
-7.071483294836631295e+00
-6.112085185861423575e+00
2.450116968456837796e+00
6.267465357257284708e+00
-1.650852660628826518e-01
-7.571074083053610515e+00
-5.270233283246950506e+00
3.419366145227322740e+00
5.966345916660934279e+00
-1.302324686904065887e+00
-7.904406509508616452e+00
-4.318956508748510892e+00
4.283403877729298870e+00
5.497105588686840960e+00
-2.428145330366953125e+00
-8.063247835210328063e+00
-3.281752019879154325e+00
5.020888739970982506e+00
4.871335259986207866e+00
-3.514739514254273445e+00
-8.043675290790904597e+00
-2.184238824308789795e+00
5.613605429133826874e+00
4.104491612098659203e+00
-4.535268950350030082e+00
-7.846172598817850563e+00
-1.053524848034375294e+00
6.046914368173897714e+00
3.215515011503724985e+00
-5.464527494052194179e+00
-7.475617576607769266e+00
8.246271478952116318e-02
6.310112853731158822e+00
2.226361329178466519e+00
-6.279563436363698514e+00
-6.941161082865998644e+00
1.195667181679026969e+00
6.396698758205509705e+00
1.161459391915827810e+00
-6.960245719675954845e+00
-6.256000619389013195e+00
2.258594400343448605e+00
6.304530425754623302e+00
4.710896528120533944e-02
-7.489759663112746324e+00
-5.437055510907986999e+00
3.244989741984862341e+00
6.035879948427218977e+00
-1.089166960515665528e+00
-7.855022179107110425e+00
-4.504550390296883755e+00
4.130486392703311971e+00
5.597378228359889185e+00
-2.219301555991743058e+00
-8.047005918756633847e+00
-3.481516486980109626e+00
4.893207764616429145e+00
4.999852278715692044e+00
-3.315377365336554583e+00
-8.060963281504308853e+00
-2.393223342938082254e+00
5.514308556587009136e+00
4.258058763480615738e+00
-4.350316059133835900e+00
-7.896544766853185848e+00
-1.266555051782483066e+00
5.978441136958763558e+00
3.390320420380344757e+00
-5.298547710752550266e+00
-7.557808819342181295e+00
-1.293464326746357473e-01
6.274135812073737384e+00
2.418074389629609300e+00
-6.136643144463347355e+00
-7.053123013500104399e+00
9.903045132628343072e-01
6.394085722501755775e+00
1.365343619732933389e+00
-6.843893890355471576e+00
-6.394959125508723474e+00
2.064731006084374876e+00
6.335329530415439336e+00
2.581443752526015878e-01
-7.402825680486561311e+00
-5.599587270528544103e+00
3.067381838505800928e+00
6.099327670895815956e+00
-8.761556346638443848e-01
-7.799638818380683070e+00
-4.686566009232214114e+00
3.973708254917634797e+00
5.691751873103929604e+00
-2.009758088855951641e+00
-8.024540492455924934e+00
-3.677641983835939321e+00
4.763898796719383988e+00
5.115818451737694339e+00
-3.138800490149235678e+00
-8.070147155781691950e+00
-2.530599645354084437e+00
5.462820582196807884e+00
4.302216875101466442e+00
-4.342230827596579523e+00
-7.884332104104857741e+00
-1.138502069101972269e+00
6.046957341828496091e+00
3.135010661318084146e+00
-5.620441942639006427e+00
-7.339055376753364612e+00
5.345172686706807230e-01
6.378180863834900016e+00
1.522804160461115996e+00
-6.845635578556113821e+00
-5.194504825447480378e+00
1.760792458955042550e+00
4.829611324884185208e+00
-5.962683282766775283e-01
-6.390358251317855398e+00
-3.837260948787413639e+00
3.233581406754911569e+00
4.157075511407022361e+00
-2.474880565756437889e+00
-6.633260170481071860e+00
-2.009318658387389434e+00
4.390284899960782639e+00
2.844555121026587585e+00
-4.303438028264904069e+00
-6.183765771557759194e+00
6.627578855737470409e-02
4.937137465214719967e+00
1.020831933542134973e+00
-5.723243163931580391e+00
-5.051722204805698446e+00
2.004711969396479887e+00
4.753547357110300631e+00
-9.429541015790343650e-01
-6.481071492632302089e+00
-3.554514701816539279e+00
3.423592476798439144e+00
4.057323462631556410e+00
-2.547306616262944523e+00
-6.635896360116642967e+00
-2.272219261388590539e+00
4.151904777933205892e+00
3.419611149169838882e+00
-3.339445574954305940e+00
-6.583923864929193570e+00
-1.886602317975479393e+00
4.220964914063086937e+00
3.508669200946195055e+00
-2.956991300640801512e+00
-6.637529098688055740e+00
-2.861660160413631360e+00
3.452461723913696545e+00
4.401053513401664397e+00
-1.069905847093885365e+00
-6.239809749109961778e+00
-4.979887482877947136e+00
1.113891708521623780e+00
4.930619192119828575e+00
2.171961583817163977e+00
-3.957773511349020445e+00
-6.606721449502670040e+00
-2.911826761938495878e+00
3.031095517420172136e+00
4.773250655496682704e+00
4.681660313903401871e-01
-5.237066762653822316e+00
-6.230001786282705289e+00
-1.454584217412360214e+00
3.979342037202068028e+00
4.251581696001541566e+00
-9.407742104170819797e-01
-6.028660505416052473e+00
-5.525815465281810113e+00
4.377640231109880542e-02
4.659845114412192402e+00
3.301304652499408299e+00
-2.570387158316118192e+00
-6.556608628107730929e+00
-4.291812860856537348e+00
1.756286892345156891e+00
4.957885434464682106e+00
1.789820629153440423e+00
-4.272481669183212816e+00
-6.556823649313050950e+00
-2.540885896665099786e+00
3.351954333192758817e+00
4.618996675662937257e+00
-1.424473545597557678e-01
-5.675298958965384166e+00
-5.864644996369403174e+00
-4.990505948512156120e-01
4.489734894491591355e+00
3.584108412126248311e+00
-2.214983993125230199e+00
-6.493336284755665488e+00
-4.518714951112661637e+00
1.524428592655676207e+00
4.952453989235355181e+00
1.975376516957657591e+00
-4.114061953291288098e+00
-6.584440765963076814e+00
-2.707135501537772271e+00
3.232328668163835239e+00
4.673818349869441668e+00
2.783173867997179585e-02
-5.575493483286458662e+00
-5.954064263276592328e+00
-6.930295619476501967e-01
4.405224279819154987e+00
3.723162276880068511e+00
-1.984730290860785118e+00
-6.431696825288895525e+00
-4.725063859270652422e+00
1.254305965216312879e+00
4.930302575346703797e+00
2.265156651083545469e+00
-3.809965893900828071e+00
-6.624067479474238240e+00
-3.091834023868658576e+00
2.909043313932523134e+00
4.799859449213159657e+00
5.122101946244239645e-01
-5.255280941573842846e+00
-6.190477368234421185e+00
-1.274028839076602360e+00
4.115896919194010906e+00
4.090677906530315155e+00
-1.318229408442797013e+00
-6.204432147504275186e+00
-5.239208852856416243e+00
5.210243531315073007e-01
4.797414808877082493e+00
2.934880651923450046e+00
-3.035237878098508979e+00
-6.616900762055871965e+00
-2.755517591697359769e+00
