2.483099700090117601e+00
2.880609290476506157e+00
2.572031459943098231e+00
1.727334887312063305e+00
8.116421799791415648e-01
3.290961810654913222e-01
5.453125928392064115e-01
1.341209950386955008e+00
2.278633839692998819e+00
2.841588490535570166e+00
2.720252085097101702e+00
1.981454374147998410e+00
1.031831758571042368e+00
3.939936759307229863e-01
4.189194534735742881e-01
1.092853852146351112e+00
2.044928033212203289e+00
2.751266602498021019e+00
2.823243375414141276e+00
2.221282645099498687e+00
1.276598118461115927e+00
5.089411308242488552e-01
3.406464382210856456e-01
8.642934393837414797e-01
1.791787774500384511e+00
2.612861170122733334e+00
2.875790735916258889e+00
2.435912603642908625e+00
1.535220372256979715e+00
6.692511732264901925e-01
3.144707983190317968e-01
6.661189410413344003e-01
1.530745649484091198e+00
2.432596380489446375e+00
2.875362548253183270e+00
2.615311482943023513e+00
1.795495137460824786e+00
8.671211345048891461e-01
3.412689125021015624e-01
5.075368339266377316e-01
1.274494670656936446e+00
2.219864895054498799e+00
2.822944371050828405e+00
2.751397231539255195e+00
2.044476223395112147e+00
1.091619698092324509e+00
4.180170165367382840e-01
3.951487974240721623e-01
1.035824085280723672e+00
1.986851826615309013e+00
2.723622270422981551e+00
2.839473980674155573e+00
2.270252377918523301e+00
1.330004465439606154e+00
5.378559261287831905e-01
3.314256578854120061e-01
8.249686773706036425e-01
1.745967471742308375e+00
2.585458069729641650e+00
2.879251997743652147e+00
2.464690848149440061e+00
1.570865056335031928e+00
6.921635869967518451e-01
3.148688578180203201e-01
6.479710861171054104e-01
1.507258430300573160e+00
2.417054708737686131e+00
2.873490986992147889e+00
2.623618767163359067e+00
1.805710691967130632e+00
8.728545551713020600e-01
3.419995276146405860e-01
5.074398048549859652e-01
1.277575402197536958e+00
2.225556228053680474e+00
2.825849973564001250e+00
2.745619853207087679e+00
2.029319252226855941e+00
1.074081162460997607e+00
4.095143190790737631e-01
4.040337562021905082e-01
1.060613569401752887e+00
2.015222047716091147e+00
3.151071509033950058e+00
3.275725731749344227e+00
2.471088411518210570e+00
1.183144065235350206e+00
1.252643221387257366e-01
-1.170417628043831648e-01
5.899077540027255484e-01
1.854534174371010646e+00
2.977274556725357346e+00
3.337771409300640535e+00
2.737501075860286903e+00
1.508619672795653344e+00
3.295869120423771115e-01
-1.497444167422961048e-01
3.338548343201954705e-01
1.513097809059587018e+00
2.738746632587712337e+00
3.337539380530836652e+00
2.981793760200943666e+00
1.867878407155617371e+00
6.068502087751880270e-01
-1.112633032616208162e-01
1.052096734143508350e-01
1.136811413946176463e+00
2.419788474682132762e+00
3.254619531153704948e+00
3.187174208955701360e+00
2.255044360157404615e+00
9.659285985754283432e-01
2.087681112408401596e-02
-6.668394073045158521e-02
7.505813762223442209e-01
2.028561099306715132e+00
3.072836903707592882e+00
3.315587117532143857e+00
2.624147910081621848e+00
1.373911185214592878e+00
2.454092022849563293e-01
-1.453271868783136966e-01
4.168996447023944896e-01
1.626727853109853239e+00
2.822169532780118395e+00
3.345381962958493105e+00
2.904873952007793747e+00
1.740155909420744607e+00
4.948451692847317673e-01
-1.368225150384929645e-01
2.023789032074767569e-01
1.327345958412422977e+00
2.607391093934326776e+00
3.317339047464265001e+00
3.049224363722279563e+00
1.950499334283376518e+00
6.475222849728270447e-01
-1.090935976534685992e-01
1.220405413251293147e-01
1.211843423207477066e+00
2.528707006126253098e+00
3.302724906556143480e+00
3.077108056652111845e+00
1.980951241656228712e+00
6.582169001046832557e-01
-1.099329298452087489e-01
1.320516508662452626e-01
1.241971354348221368e+00
2.562776027477804419e+00
3.312629103895840643e+00
3.049240148076926893e+00
1.930710480431423237e+00
6.182519261610370798e-01
-1.180238128055772773e-01
1.476614464059839982e-01
1.253387092180077822e+00
2.554353182152836244e+00
3.304951567968387849e+00
3.087213496416748804e+00
2.037333304863755856e+00
7.503425172690343370e-01
-6.660212220968930730e-02
1.586779068320787189e-02
9.335293253760444943e-01
2.189192249894665654e+00
3.133885571084866761e+00
3.228471930457523342e+00
2.590574252627297902e+00
1.481541376729819337e+00
4.369680093067851434e-01
-6.252566398289438609e-02
1.946087629869275304e-01
1.074371159195951275e+00
2.176975025976266576e+00
3.023054075647753969e+00
3.258935781955120348e+00
2.796375323652094291e+00
1.837138261525576244e+00
7.816187530101477154e-01
6.371352202917468510e-02
-2.233357067310293154e-02
5.615707319836769074e-01
1.579852106592191552e+00
2.611965422604699327e+00
3.217525161293258940e+00
3.119543143881458480e+00
2.335703117870422840e+00
1.197935514948208047e+00
2.341297174654082269e-01
-6.202190376930216686e-02
5.108940057450430672e-01
1.701150852267363289e+00
2.859412428410287532e+00
3.260982779089061978e+00
2.584393188498169458e+00
1.222834359191278697e+00
1.080593218300973657e-01
7.220072477271188838e-02
1.186094878007583731e+00
2.627289121328287180e+00
3.269364250730272037e+00
2.580704328149229898e+00
1.095250382440215331e+00
1.558794814949315821e-02
2.326954203143056787e-01
1.574971838803302049e+00
2.936847747382307361e+00
3.194811147741004387e+00
2.140319633115362219e+00
6.444351999598463276e-01
-7.212449683565091973e-02
5.612038767170977049e-01
2.021458043284106498e+00
3.141070218895348098e+00
3.048800602065586673e+00
1.836044959493782214e+00
4.481036796997470706e-01
-6.700368697128999962e-02
6.561615953592171424e-01
2.064167106180111677e+00
3.128499361192531580e+00
3.100252477356949310e+00
2.021070858318508190e+00
6.561743261207211297e-01
-6.014732194222527362e-02
3.415466272638099099e-01
1.575787348464401827e+00
2.819643928855580128e+00
3.264487722852693175e+00
2.632816773489210505e+00
1.339363982671220921e+00
2.134756402079371895e-01
-3.041369939625360175e-02
7.592607593426119461e-01
2.080439942250874807e+00
3.096202760140937649e+00
3.162636638580100357e+00
2.236027777909134873e+00
9.031275724632117363e-01
1.211821185125283584e-02
1.336957579356452541e-01
1.193546266001779488e+00
2.514367637312239445e+00
3.246849898110786281e+00
2.916878123955282121e+00
1.735225740175091014e+00
4.647522305946003573e-01
-7.282090305395838570e-02
4.701356673144523324e-01
1.691052683750231100e+00
