-1.420389674685650139e+00
-1.542204175437530189e+00
-2.475620259380245880e+00
-3.148680483542354303e+00
-2.786658869139556405e+00
-1.805221987568491393e+00
-1.334943417815391165e+00
-1.919021213951315641e+00
-2.884191658334995800e+00
-3.115325859484536331e+00
-2.344217141405060545e+00
-1.462553743471562750e+00
-1.491846427153221466e+00
-2.399071232010447918e+00
-3.132211074525520722e+00
-2.839605480425341888e+00
-1.860387474196002700e+00
-1.332824790991263830e+00
-1.871266182483404261e+00
-2.849540028501525768e+00
-3.128143051123415397e+00
-2.381825938727659242e+00
-1.480377237963969250e+00
-1.475491868950457253e+00
-2.373299734241176129e+00
-3.125936277225064064e+00
-2.854406047214771203e+00
-1.875617836655029347e+00
-1.332845725491464517e+00
-1.860185167166689357e+00
-2.841579511169348038e+00
-3.130678872296148718e+00
-2.390055037427114559e+00
-1.484712947576093400e+00
-1.471239117222331805e+00
-2.364794001209122865e+00
-3.123081442727109192e+00
-2.862928930330454147e+00
-1.888202107430346555e+00
-1.333152359108919605e+00
-1.841882476355415577e+00
-2.822560720246745536e+00
-3.138279856286450453e+00
-2.425162896262733625e+00
-1.508891800394907889e+00
-1.445989714584952290e+00
-2.306547658986672467e+00
-3.100349460530479995e+00
-2.918913781052214329e+00
-1.972717410879160971e+00
-1.341742963184461956e+00
-1.740929235348962933e+00
-2.714427660213926341e+00
-3.161980001107616900e+00
-2.582920311584137263e+00
-1.630417086525276060e+00
-1.369107604273602563e+00
-2.086228795632116384e+00
-2.982704480181298301e+00
-3.068369367550670912e+00
-2.253041333972146454e+00
-1.434130810525445998e+00
-1.505157483728721601e+00
-2.466028664312615248e+00
-3.636847251782980184e+00
-3.308654605995325682e+00
-1.841355201113389572e+00
-8.123278074629831647e-01
-1.318504945674061624e+00
-2.814545292871937221e+00
-3.708872201960380366e+00
-3.057535532831138880e+00
-1.553417738560303629e+00
-7.825541886339753006e-01
-1.552254426992834002e+00
-3.051649645229292052e+00
-3.710317029723433357e+00
-2.841793426464350958e+00
-1.354777076565863769e+00
-8.004958794533778565e-01
-1.756115589639198671e+00
-3.225383236514705931e+00
-3.676806824803955820e+00
-2.639785657548593178e+00
-1.195275432027944618e+00
-8.491151728572485791e-01
-1.962241909833079223e+00
-3.374238427643277305e+00
-3.612961524482389386e+00
-2.429429123613235930e+00
-1.057632192771349677e+00
-9.280201240098433502e-01
-2.175837316832419432e+00
-3.499863982975615073e+00
-3.519250294083470010e+00
-2.213694995045957015e+00
-9.448350280606789831e-01
-1.036171449103962861e+00
-2.392502427840895507e+00
-3.599045761116551834e+00
-3.397163027450324613e+00
-1.997408193512089536e+00
-8.600006190825795205e-01
-1.171529723650132082e+00
-2.607011088445331470e+00
-3.668889597949311465e+00
-3.249379559788067695e+00
-1.786151864257495836e+00
-8.056657917893994547e-01
-1.330694754076348074e+00
-2.813488042729073157e+00
-3.707359586732529522e+00
-3.080087668472125895e+00
-1.586007284583268895e+00
-7.832146676746818414e-01
-1.508638678774159025e+00
-3.005753484441739065e+00
-3.713879503988421149e+00
-2.895190550831949317e+00
-1.403121133815402155e+00
-7.922585383624805022e-01
-1.698600192441801049e+00
-3.177899822065568092e+00
-3.689934645374421063e+00
-2.702110129413208828e+00
-1.415171818200356091e+00
-1.073245479506814926e+00
-1.953926709178976262e+00
-3.141171563674148182e+00
-3.400968050458883063e+00
-2.463784128164476339e+00
-1.303510332868509369e+00
-1.124935140289507363e+00
-2.112974809869772486e+00
-3.241933362297313881e+00
-3.340760371041550325e+00
-2.307457472012555577e+00
-1.213571812934713723e+00
-1.192551014689290811e+00
-2.265666380971281590e+00
-3.321292752221936873e+00
-3.266821480488408813e+00
-2.159133017773958940e+00
-1.144413145762319672e+00
-1.271785319971848516e+00
-2.409071334362974159e+00
-3.380730542348048928e+00
-3.183233984933593774e+00
-2.021026102478048703e+00
-1.094146495592013046e+00
-1.358892453691456392e+00
-2.541666982641209938e+00
-3.422415742205734634e+00
-3.093312544916970719e+00
-1.893999970507812325e+00
-1.060441362391830289e+00
-1.451067727484595560e+00
-2.663208969827987715e+00
-3.448727127215314603e+00
-2.999284436042573887e+00
-1.777724979975610964e+00
-1.040978164115464288e+00
-1.546720636902733315e+00
-2.774553854779223450e+00
-3.461821624905189410e+00
-2.902048538357685725e+00
-1.670865789025296033e+00
-1.033864884908461290e+00
-1.645697816113730338e+00
-2.877466507990742883e+00
-3.463221300850904072e+00
-2.800956382813820866e+00
-1.571279938730169690e+00
-1.038062598764466271e+00
-1.749511412682554612e+00
-2.974408840794182218e+00
-3.453353548622473568e+00
-2.693562241170821547e+00
-1.476256526025375715e+00
-1.053908179531710010e+00
-1.861620227953104667e+00
-3.068248210018823308e+00
-3.430928437340333481e+00
-2.575305421363734748e+00
-1.382901206849098674e+00
-1.083884261066890620e+00
-1.987781536217486877e+00
-3.185873542625993426e+00
-3.422210879701611752e+00
-2.444175012352750809e+00
-1.263518597679346600e+00
-1.104369300486299554e+00
-2.133421572108996855e+00
-3.282906859542774392e+00
-3.356713375353211681e+00
-2.275992221535504623e+00
-1.166464046018875322e+00
-1.187888882064721985e+00
-2.320284388134050246e+00
-3.378442028863245294e+00
-3.250303561501747041e+00
-2.067835032510076498e+00
-1.075605346925593064e+00
-1.322817182214820919e+00
-2.551007431899481315e+00
-3.459387181168784409e+00
-3.080887125791791359e+00
-1.815255165904394730e+00
-1.011992826554353186e+00
-1.532555961758158780e+00
-2.822264214122445658e+00
-3.496162214720108352e+00
-2.825793432148502315e+00
-1.531481783688334986e+00
-1.013335607616400846e+00
-1.836352562874579153e+00
-3.108963869633040389e+00
-3.444257468631553021e+00
-2.472702467008938143e+00
-1.255140072521327976e+00
-1.128422491712082643e+00
-2.235394702451911186e+00
-3.358048817287434318e+00
-3.254593434103057348e+00
-2.036120205302096586e+00
-1.053232674641566113e+00
-1.401050835166446573e+00
-2.695172673778125638e+00
-3.491090202251775132e+00
-2.895652032278140275e+00
-1.573741789438445338e+00
-1.010521201498361998e+00
-1.842596087830182361e+00
-3.133833452049414880e+00
-3.424907436391969817e+00
-2.383894701361677804e+00
-1.189220909200009668e+00
-1.198146127689895035e+00
-2.402731433922931981e+00
-3.432496486346174436e+00
-3.112414323890771772e+00
-1.806084597428054828e+00
-1.005575242023772242e+00
-1.627355124503405248e+00
-2.960882311347656781e+00
-3.478967651910945591e+00
-2.587307524593433605e+00
-1.307610381588075299e+00
-1.107164453362019296e+00
-2.210091021801117162e+00
