7.646991406515623035e-01
6.352908920297463125e-01
-6.289508208562692992e-01
-1.621446682533727479e+00
-1.237958381582372480e+00
9.484985424608782800e-02
8.941124860429795485e-01
2.705800552383550439e-01
-1.082013165236989316e+00
-1.658789128973214400e+00
-8.180342240951345989e-01
5.048383172661121687e-01
8.380173037354029519e-01
-1.891879764686388021e-01
-1.433921971921368499e+00
-1.511309435167183857e+00
-3.352500483004431930e-01
7.857874332078461643e-01
6.045509060790944522e-01
-6.773181803989932748e-01
-1.633628501745628014e+00
-1.200401264029630877e+00
1.403603950114170607e-01
8.969419601590106206e-01
2.275802989431038315e-01
-1.123001238686693881e+00
-1.652162624618242148e+00
-7.711655597226432235e-01
5.398036993475235912e-01
8.221772732492028668e-01
-2.382100799597067498e-01
-1.461584769176929033e+00
-1.486835659625221684e+00
-2.858690057893317205e-01
8.051350135999156832e-01
5.723393896089740140e-01
-7.252503908396569221e-01
-1.643952731342699369e+00
-1.161631404597472050e+00
1.850891286207373421e-01
8.978652095972637914e-01
1.836715047931126721e-01
-1.162889433361788960e+00
-1.643651480587753788e+00
-7.237249462014498924e-01
5.733918970944001936e-01
8.045434107702996718e-01
-2.874468909225421087e-01
-1.487644388708818433e+00
-1.460723891476651826e+00
1.050604968996678434e-01
3.609079397869936034e+00
2.669660055109309482e+00
-1.668011395000410957e+00
-4.577889147621619692e+00
-2.822472977330777066e+00
1.645180320561846266e+00
3.854404613952059133e+00
1.347237731708442077e+00
-3.086871252892497086e+00
-4.514574467952442660e+00
-1.347422218360563528e+00
2.890841349876091204e+00
3.484763455744647409e+00
-2.264476336968769543e-01
-4.113733076582537507e+00
-3.852137348500375147e+00
2.672890210025806734e-01
3.661314295886172854e+00
2.553784973699617655e+00
-1.823071362434906195e+00
-4.599617829343573661e+00
-2.686709662345926120e+00
1.787374224760403418e+00
3.844838063260229699e+00
1.196588431783413675e+00
-3.210975286250010718e+00
-4.474087260056857751e+00
-1.187444192504535367e+00
2.992306120287921090e+00
3.414882192640263270e+00
-3.898535393395862192e-01
-4.188857978941691762e+00
-3.755482345771984143e+00
4.281041082181494817e-01
3.707387602652759906e+00
2.433967714152490913e+00
-1.975389140560860568e+00
-4.615016334861167913e+00
-2.548190684272489737e+00
1.925624393454679062e+00
3.829082102638040386e+00
1.044503536581275149e+00
-3.330130324447863721e+00
-4.427850389445371349e+00
-1.027408778965153147e+00
3.088063534332885940e+00
3.339957979354144957e+00
-5.519552118775471472e-01
-4.257793881964922811e+00
-3.630371681766359604e+00
5.791097605957509220e-01
3.716323499282123688e+00
2.291057693352473112e+00
-2.111041001147852203e+00
-4.592559516186163648e+00
-2.392779575148801019e+00
2.041006151273597524e+00
3.776163969038883739e+00
8.823250279896820425e-01
-3.421088686000830048e+00
-4.346512546540665767e+00
-8.644191159174847705e-01
3.151355239818943499e+00
3.233270234352741745e+00
-7.097963077617611694e-01
-4.291197874042889104e+00
-3.526651863586805824e+00
7.332836934552900976e-01
3.749467489694101818e+00
2.166430188482701080e+00
-2.254712791715008269e+00
-4.595494224435362263e+00
-2.251828492403629589e+00
2.168986490455977467e+00
3.748857341355563033e+00
7.302014155593111733e-01
-3.528770829604365833e+00
-4.290013834237808688e+00
-7.066529252930665583e-01
3.234872941074268038e+00
3.149662671288530280e+00
-8.674949034526621139e-01
-4.347553818817170068e+00
-3.418968815041119491e+00
8.852257194404499208e-01
3.776627791275843915e+00
2.038538803576533276e+00
-2.395426617006401582e+00
-4.592445987161313248e+00
-2.108286294905996172e+00
2.293400914064132046e+00
3.715627937028360694e+00
5.760924944767710221e-01
-3.632377899498092422e+00
-4.227652307608878779e+00
-5.474113800589558432e-01
3.313864231056552700e+00
3.060185550096611085e+00
-1.026265474417803691e+00
-1.538319142743302947e+00
-1.224026812790562913e+00
2.412488638805981855e-02
8.173990046540503540e-01
2.731559692293477060e-01
-1.003055515239332118e+00
-1.591258002006772809e+00
-8.369999075028282665e-01
4.204891423031165143e-01
7.821115834249320331e-01
-1.544295510199568677e-01
-1.347145328158993127e+00
-1.469151534448397189e+00
-3.847953406743600535e-01
6.996432290527790920e-01
5.779521110577175991e-01
-6.144216832416615759e-01
-1.551291342285440855e+00
-1.190814644123028954e+00
6.604337771450158323e-02
8.216815518462489143e-01
2.359981157464813295e-01
-1.039746681968621189e+00
-1.587261994558710310e+00
-7.979800650204333934e-01
4.506662873874178743e-01
7.707840525465775583e-01
-1.933565846782862863e-01
-1.370147028731991679e+00
-1.451752261123116838e+00
-3.475237582835937200e-01
7.153812829832780773e-01
5.557681852558126190e-01
-6.489894658372481473e-01
-1.560050455736209152e+00
-1.164900549680806474e+00
9.736652022522512828e-02
8.238530891905649911e-01
2.069753488213201820e-01
-1.067676113771930169e+00
-1.583044990098898097e+00
-7.659201734212132129e-01
4.752225934538237828e-01
7.598803299528337218e-01
-2.289378570401878754e-01
-1.391128941971405908e+00
-1.433423632630657973e+00
-3.096091681989249222e-01
7.303411545227712631e-01
5.332755110552803712e-01
-1.029511341118197976e+00
-2.965960163791124149e+00
-2.054272215385749334e+00
6.958128535407949178e-01
2.256364988351126755e+00
9.126351240167890344e-01
-1.858199401040296905e+00
-3.007812119368443504e+00
-1.263615372754908428e+00
1.455979710641134517e+00
2.131778656289581519e+00
-9.303457308040441465e-03
-2.579542897343592767e+00
-2.657054576721194827e+00
-1.196001217430228691e-01
2.118038502701040215e+00
1.414983201726982109e+00
-1.438956782956219094e+00
-3.028479228739203055e+00
-1.379616949960821959e+00
1.515086447845203299e+00
2.019779405899090552e+00
-5.602524296462763065e-01
-2.921840501995204509e+00
-1.932895180547368419e+00
1.142515299971364140e+00
2.142800586928788054e+00
-3.609246060785374910e-01
-2.906995619064323133e+00
-1.852385154688607205e+00
1.337454002816700793e+00
1.998629002914620312e+00
-9.018290213514776887e-01
-3.026087323014620800e+00
-1.096840766360854147e+00
1.945455698626266106e+00
1.321738697786160266e+00
-2.024658150305989945e+00
-2.732217140136004474e+00
3.848536848690978784e-01
2.239945797098533919e+00
-2.606478470230766398e-01
-2.971610729796965611e+00
-1.323785067712638597e+00
1.918295781452410864e+00
1.235609782424837988e+00
-2.221072005435561714e+00
-2.526508667889398208e+00
8.497478889536137503e-01
3.975838508806897931e+00
