1.795624769625045136e+00
1.884616631160542566e+00
1.493514050822442041e+00
9.432567436027261554e-01
6.853871749044218031e-01
9.315137309764629503e-01
1.479664369881840802e+00
1.880025363286462081e+00
1.804059520241324321e+00
1.314104593657583475e+00
8.122187708291410679e-01
7.102507611095114637e-01
1.091875757716359363e+00
1.643931373587606881e+00
1.913399446929803904e+00
1.679153830778845391e+00
1.133417039291042760e+00
7.240219918230536011e-01
7.869192457450739919e-01
1.270495163708911024e+00
1.777926188186174539e+00
1.892813204057143928e+00
1.520879650686415285e+00
9.673350935837976561e-01
6.864195232865553109e-01
9.086529302024939359e-01
1.451670047869701330e+00
1.869869727788408209e+00
1.820076310092546557e+00
1.343150392710088514e+00
8.304585267507049728e-01
7.027168864658400738e-01
1.064750568100552686e+00
1.619473864623972137e+00
1.911679509104403429e+00
1.701582849194307911e+00
1.161589707667909144e+00
7.348197509546373629e-01
7.714814286031844714e-01
1.241490080048328171e+00
1.759155479190903426e+00
1.899680158526588336e+00
1.547749229321213171e+00
9.921580557434237502e-01
6.888260867162320222e-01
8.866682631827182970e-01
1.423334820859414318e+00
1.858435895998573839e+00
1.834926503299535661e+00
1.372098506768774540e+00
8.497496698689729344e-01
6.965207003553451903e-01
1.038151657937311123e+00
1.594299359851896414e+00
1.908587668688775274e+00
1.723110844792071772e+00
1.190071614483779516e+00
7.468832479775601163e-01
7.572271812570581240e-01
1.212615157876232530e+00
1.739354712547357851e+00
1.905202103986469719e+00
1.574062565202717368e+00
1.017669995542817452e+00
6.926014714759078927e-01
8.656090031183851785e-01
1.394722195263952802e+00
1.845749494026935000e+00
1.848576816821991819e+00
1.400884055785725391e+00
8.700489638512568513e-01
6.916760899988321221e-01
1.012138642114245979e+00
1.568464281706111407e+00
1.904130855279574819e+00
1.743689567887090730e+00
1.218798924579114207e+00
7.601854455427425883e-01
7.441884510815405251e-01
1.183935113199005240e+00
1.718568266783486509e+00
1.909366664359874566e+00
1.599760683487534418e+00
1.057790565325754217e+00
7.306271320853736650e-01
8.703358063016422008e-01
1.362271314997545169e+00
1.802750200450002671e+00
1.830314433323372514e+00
1.422344738043692880e+00
9.136220245585282562e-01
7.216053710839599455e-01
1.003864103771120897e+00
1.528776029935151604e+00
1.865597164626273230e+00
1.737931277276035580e+00
1.250541301089741042e+00
8.033806189163532618e-01
7.633903584985796131e-01
1.163386623401476250e+00
1.675131519758895626e+00
1.878685958844885207e+00
1.607012679976744574e+00
1.083047427059570245e+00
7.367573427073845771e-01
8.523089002798356351e-01
1.334880214628226147e+00
1.788472108359260737e+00
1.840865986108873420e+00
1.449067306195051419e+00
9.345870045903448275e-01
7.196088501240481827e-01
9.805444317053234604e-01
1.503269385563499760e+00
1.858834361465678819e+00
1.755461887812135524e+00
1.277979664291538642e+00
8.182107481641263114e-01
7.534426141802316179e-01
1.136824148351772257e+00
1.653751544680233110e+00
1.880032942539734631e+00
1.629981284396069929e+00
1.108789560355635917e+00
7.441489485873724608e-01
8.352844092391862318e-01
1.307409964826677706e+00
1.773098252636731154e+00
1.850204347326086518e+00
1.475454802750879146e+00
9.563699935539333730e-01
7.189121585328280828e-01
9.579397663491800996e-01
1.477306189022487670e+00
1.850818095061342650e+00
1.771970718972786463e+00
1.305466406591130779e+00
8.341197149793062593e-01
7.447188692048597458e-01
1.110626417625552032e+00
1.631577748839332376e+00
1.880078951607095039e+00
1.652209343220726989e+00
1.134959270580096824e+00
7.527853832663796707e-01
8.193004893715524206e-01
1.279922133373058157e+00
1.756663089982885007e+00
1.858308587344780216e+00
1.501448086654961100e+00
9.789221702595833907e-01
7.195168577724301295e-01
9.361007704771078242e-01
1.450944630404658042e+00
1.841566331894527675e+00
1.787420770290354843e+00
1.332939923244416125e+00
8.510718633420246704e-01
7.372386756922055806e-01
1.084852146965824105e+00
1.608659829323002555e+00
1.878823882929004263e+00
1.673647037746816890e+00
1.161497904790970814e+00
7.626472903091329192e-01
8.043929646855492166e-01
1.181289745013627490e+00
2.403870156254926282e+00
2.720255438155144923e+00
1.870819069935646617e+00
5.526105716597714546e-01
-1.526450029258916707e-01
3.337867613501380726e-01
1.612738792629535789e+00
2.634699988090180689e+00
2.561046540851315889e+00
1.452218646282144032e+00
2.181231327920996055e-01
-1.285382628264370997e-01
6.967056317015161149e-01
2.016657698219054939e+00
2.748162106700729801e+00
2.290944585955251966e+00
1.020198929566239032e+00
-2.129793055188455853e-02
2.110882573123173955e-02
1.112620112550472884e+00
2.357539151328053251e+00
2.734282394474057742e+00
1.933693433519073634e+00
6.127374890262456963e-01
-1.446058243059171744e-01
2.831412319762256491e-01
1.544968398075430072e+00
2.605417276588845699e+00
2.594280975658418420e+00
1.520697970524077069e+00
2.656530488345953955e-01
-1.409609180284405738e-01
6.345244658938558047e-01
1.955744035530649239e+00
2.738501844758319592e+00
2.340464958866740552e+00
1.088263400608266762e+00
9.456770516757861955e-03
-1.068362459682137278e-02
1.044369471779040826e+00
2.308836959543407730e+00
2.745093787005494335e+00
1.995146555737799865e+00
6.744037615217237658e-01
-1.333298925722976591e-01
2.347737663362701177e-01
1.476647993314443630e+00
2.573207820634065168e+00
2.624613625280114881e+00
1.588681680728062151e+00
3.155002240542469361e-01
-1.501549892739835190e-01
5.738338250875643087e-01
1.893359710499256998e+00
2.725616562172752388e+00
2.387652412505822053e+00
1.156801452896100590e+00
4.310293144387156161e-02
-3.953947534516277784e-02
9.766907896537171396e-01
2.257872734835149053e+00
2.752665384683344207e+00
2.055040704596387435e+00
7.374711794270698562e-01
-1.188424799410221500e-01
1.887927681584533612e-01
1.407930701659755091e+00
2.538143809766097547e+00
2.651976506573993753e+00
1.656017408198651841e+00
3.675529383193193445e-01
-1.560998703231644136e-01
5.147697323644231382e-01
1.829644542181538380e+00
2.709535138122491027e+00
2.432401187849686508e+00
1.225659475313386038e+00
7.956514266978409466e-02
-6.539405325125824398e-02
9.097357512249697464e-01
2.204760700925639139e+00
2.756980217641480824e+00
2.158748539763030827e+00
