2.821030753504981892e+00
5.188097783686089315e+00
6.241419171344023020e+00
5.477863357332556582e+00
2.899720118425014537e+00
-8.194378103860467943e-01
-4.408945498817013586e+00
-6.392064151645081793e+00
-5.727917416423930597e+00
-2.451856031514859424e+00
2.065154102569589867e+00
5.553478123174045322e+00
5.968733266421913264e+00
2.805624613186110228e+00
-2.247700210338349436e+00
-6.014525394689812288e+00
-5.802929960196036241e+00
-1.493282237521974753e+00
3.923760776093352387e+00
6.245906639183082198e+00
3.387875230694699091e+00
-2.497051056085917153e+00
-6.362419311277912826e+00
-4.574677832150119805e+00
1.433286271903929210e+00
5.989958714285675612e+00
4.474661753030837019e+00
-1.774761715212310520e+00
-6.332942925572913495e+00
-4.239555741535819600e+00
2.387117785143451965e+00
6.244142710810438146e+00
2.884983597782278419e+00
-3.955967823235203351e+00
-6.343015098189392909e+00
-1.383841368201262467e+00
5.096881092498199983e+00
5.301342212106946228e+00
-1.086943001815889209e+00
-6.306144150254887393e+00
-3.913577922221742167e+00
3.180360567439661779e+00
6.171530267506169842e+00
1.298889101942470869e+00
-5.360107644122226844e+00
-5.436194252290574624e+00
1.185507239400643398e+00
6.158971264498309672e+00
3.194542534295294001e+00
-3.965639702328747962e+00
-5.927261874829460098e+00
-7.541169264661711225e-01
5.217486588377529877e+00
4.440152305105963038e+00
-2.095829140755461673e+00
-6.141253291084468380e+00
-2.610015668703946634e+00
4.044179679206966860e+00
5.472571623291146103e+00
-9.534090539021702893e-02
-5.692610362114462141e+00
-4.357706834279237995e+00
2.228142124147789449e+00
5.903008786283460374e+00
2.151214196982270455e+00
-4.388192461902225894e+00
-5.701706555271252697e+00
-2.127933360999842982e-01
5.380242761463022383e+00
4.311897961210502395e+00
-2.096533275766597093e+00
-6.128740488665650687e+00
-2.980549763762116111e+00
3.563708476626202604e+00
5.734627218748221900e+00
9.975816086146251926e-01
-5.047390114899207525e+00
-5.329824127708295833e+00
4.444550581118682508e-01
5.554897480258736309e+00
4.117652268484714106e+00
-2.179107470677381198e+00
-6.119422669499002154e+00
-3.242686029765990519e+00
3.156982103600787681e+00
5.858779169839734458e+00
1.861426082101187429e+00
-4.339743513180346568e+00
-5.855780258974248476e+00
-1.043380694006560638e+00
4.773469582104905129e+00
5.231604532273697039e+00
-1.340377481055343434e-01
-5.478893435945993318e+00
-5.043766258129559255e+00
6.697160286886750802e-01
5.529528946586282245e+00
4.374755175725997702e+00
-1.537725791738328018e+00
-5.950337272329810467e+00
-3.905392936517896985e+00
1.617131925677659732e+00
5.322020577910036465e+00
3.376219321169790177e+00
-2.182257690596979050e+00
-5.613122924087943666e+00
-3.404663782840628983e+00
2.160224991528598260e+00
5.391454316841014283e+00
3.009656601066930115e+00
-2.549465243985754803e+00
-5.646043538138915352e+00
-3.155390631614978680e+00
2.396446078962806592e+00
5.406595660880312515e+00
2.846778296265911390e+00
-2.700636037618501462e+00
-5.653337073097853605e+00
-3.043792775102494907e+00
2.503025123162115673e+00
5.410689214612311559e+00
2.755138522955157931e+00
-2.794810271907173238e+00
-5.656153078953318314e+00
-2.945937101823421056e+00
2.610231207734268644e+00
5.412591382423175723e+00
2.629286840664520675e+00
-2.935029829089850217e+00
-5.656109640286275386e+00
-2.773737384944688689e+00
2.798757553798248754e+00
5.407842270882027513e+00
2.394876107385552011e+00
-3.182877962965712015e+00
-5.641636922815607136e+00
-2.462961326454969679e+00
3.112810134674030227e+00
5.375813033630327809e+00
1.994750740894091878e+00
-3.565810965226598572e+00
-5.580916736062417449e+00
-1.961434249058936485e+00
3.562819514369986340e+00
5.271615576162116845e+00
1.380804617283030611e+00
-4.076159723785631073e+00
-5.414647307414802491e+00
-1.225564657535529900e+00
4.121237623541833095e+00
4.443687837392515050e+00
4.442795157826997521e-01
-4.154335054380593029e+00
-4.500480435185607142e+00
-2.162545646472117111e-01
4.170638501787418129e+00
4.001154492048743627e+00
-5.571455929210428204e-01
-4.654541221920708516e+00
-3.909820873860318624e+00
8.929990570562842400e-01
4.609302622237875902e+00
3.237600089374085055e+00
-1.757641443302412787e+00
-4.988985449949044693e+00
-2.951979230645191521e+00
2.157714763935487223e+00
4.791149393052050343e+00
2.070551259185459347e+00
-3.047330637427821731e+00
-4.966012980155253942e+00
-1.570970798749442787e+00
3.419647650591253196e+00
4.510305511134690803e+00
4.851248047906908667e-01
-4.214973629067738869e+00
-4.377760301499727724e+00
1.907970967243469429e-01
4.413760437236180501e+00
3.574357060066622349e+00
-1.402513692095885389e+00
-4.946627826170966635e+00
-3.070078919071416834e+00
2.128652790491701641e+00
4.789737375541425202e+00
1.895027642447008942e+00
-3.288898839761245529e+00
-4.877500353612261641e+00
-1.051325846141612619e+00
3.837910443333597765e+00
4.200650213627871388e+00
-3.917332587874916561e-01
-4.677359048587812040e+00
-3.721215538981448745e+00
1.388236303779577963e+00
4.754516002651430817e+00
2.471822437846801002e+00
-2.824726019459278703e+00
-4.979287811204940795e+00
-1.470149521609621424e+00
3.055834621312962796e+00
3.659765292773142775e+00
-1.753650559006832976e-01
-3.950260156344088447e+00
-3.214505017635902906e+00
1.175117847080188627e+00
4.031590824945742391e+00
1.961564898469342788e+00
-2.587230764908492908e+00
-4.201573705566344685e+00
-9.458146449052234894e-01
3.297538710901886994e+00
3.442872627554558473e+00
-6.956047332270175465e-01
-4.145986478615405701e+00
-2.742709406681869133e+00
1.830406707613520423e+00
4.040132633260127726e+00
1.196690928109719554e+00
-3.253299779430138816e+00
-3.887583732771837663e+00
7.915908654440886871e-02
3.801732049931072943e+00
2.711484092957282321e+00
-1.863765135751970448e+00
-4.295575735626990799e+00
-1.575524194506300546e+00
2.944417658704474139e+00
3.664759036055934782e+00
-3.195104098823534633e-01
-4.060282153818586259e+00
-2.889993143271075038e+00
1.741192217400626463e+00
4.040761536080233363e+00
1.116010368023025334e+00
-3.367752868354498830e+00
-3.763115467490984578e+00
4.398748675082404525e-01
3.933913825734192127e+00
2.286188406394275674e+00
-2.422744122883429441e+00
-4.204823733333519442e+00
-7.787905315023796460e-01
3.488609105456912385e+00
3.132739894361890709e+00
-1.401392146805306549e+00
-4.292497371233505277e+00
-1.810291609892664466e+00
2.853322871168226804e+00
2.910405477152532061e+00
