2.419034487148952639e+00
-2.817052697437920639e-01
-4.649069195315357561e+00
-3.245960635886996570e+00
1.365588179311949979e+00
1.285976353794739957e+00
-3.189801508582399858e+00
-4.351072839694159811e+00
-3.553837443764142900e-01
1.869345453359614773e+00
-1.363308999609356142e+00
-4.399584830731302354e+00
-2.132200424998307309e+00
1.414212962412913388e+00
2.217366629183565863e-01
-3.511712256158956880e+00
-3.407395423552219249e+00
1.967169857543316080e-01
1.101892057791672208e+00
-2.089916986485613304e+00
-3.846216386296187117e+00
-1.293620251505146035e+00
1.094514449977135762e+00
-6.646764672683369568e-01
-3.427957733807389662e+00
-2.534430540703044965e+00
3.358684347203160225e-01
2.973094577436929953e-01
-2.426248024981473961e+00
-3.156118068345860728e+00
-7.956414579374219143e-01
5.545938647879631311e-01
-1.281827699915164764e+00
-3.062651875096699339e+00
-1.844856359273661761e+00
1.580238915566796187e-01
-4.160785936334672197e-01
-2.437095322055924829e+00
-2.467194518204129494e+00
-6.063734579837156691e-01
-6.398028955012446950e-02
-1.627873664635441697e+00
-2.555840139327459237e+00
-1.374996933964080181e+00
-2.023728228072285695e-01
-9.653409949886297969e-01
-2.248211787568510811e+00
-1.894819377839645824e+00
-6.120913023451096668e-01
-5.903595576271915002e-01
-1.797423492032834691e+00
-2.156800966153932908e+00
-1.070202304834189100e+00
-4.066696622870566991e-01
-1.328263227113189116e+00
-2.263533349184343013e+00
-1.562866801357740476e+00
-3.981333916570288789e-01
-8.178948901181324338e-01
-2.152674223770635109e+00
-2.069303083312471259e+00
-6.435634155376813714e-01
-3.477200812355015769e-01
-1.766014812795350108e+00
-2.463429066549593482e+00
-1.168024131959727097e+00
-7.519778180366021303e-02
-1.119511426894726158e+00
-2.564127943218957206e+00
-1.904180162689216971e+00
-1.986647206635550056e-01
-3.500719060517470949e-01
-2.169715762526200464e+00
-2.619162242957167486e+00
-8.898778687863899695e-01
1.898769080659041819e-01
-1.198860973008856634e+00
-2.840591789785639865e+00
-2.055480978520366264e+00
-4.686075706595960177e-02
-9.770797046206647352e-03
-2.056300690272973242e+00
-3.012033633675773370e+00
-1.356754003673575237e+00
4.120116188427787041e-01
-4.116116054012980419e-01
-2.637185245967706759e+00
-2.955708475382219369e+00
-8.542195086192219122e-01
6.273104766712220837e-01
-6.787849013434953394e-01
-2.944817320134425653e+00
-2.958298270262176732e+00
-6.595003712155627085e-01
7.800969936049013675e-01
-6.463894403156070778e-01
-3.031852761955591724e+00
-3.152558144791353989e+00
-8.097479744395209567e-01
9.092478751957178140e-01
-2.796477943936930277e-01
-2.858605172262590699e+00
-3.487442488349448588e+00
-1.324730865358081378e+00
8.884681363666819820e-01
3.224232760226641847e-01
-2.344175913369870301e+00
-3.762649733814328101e+00
-2.118826120642971489e+00
5.656945229281957754e-01
9.252341272656070537e-01
-1.537058393912626997e+00
-3.771517991786986101e+00
-2.955209604789739153e+00
-5.869964489936130292e-02
1.299042811271850173e+00
-6.284568213123024050e-01
-3.464588325824983439e+00
-3.636513977129367969e+00
-8.793061932452450602e-01
1.369043672703834424e+00
2.592638174370700543e-01
-2.873679998155539650e+00
-4.059512355384877758e+00
-1.402620174129152630e+00
1.484053881549557641e+00
-4.165457997086317032e-01
-4.093834295127711798e+00
-1.980090921413190319e+00
1.643601845036656073e+00
-1.901574213092996235e+00
-3.943290623333981504e+00
1.052292325818855456e+00
-6.027627077657948806e-01
-4.304636156272435343e+00
8.918508544007450745e-01
-6.964542343848924011e-01
-4.204797894871941111e+00
1.462562019544283221e+00
-1.873154737923967472e+00
-3.378819361489866946e+00
1.927368703628228985e+00
-3.616252003097749412e+00
-1.424729967892713667e+00
1.128375869663036823e+00
-4.656224939433661447e+00
9.583803030667072953e-01
-1.213474050173621865e+00
-3.772375839311810974e+00
2.110123424891554134e+00
-3.778583923812264267e+00
-1.258780913008253233e+00
1.094608427579193410e+00
-4.829785907175906168e+00
1.203246497733021059e+00
-1.287947850554155726e+00
-3.939175750957101929e+00
2.258169794205954872e+00
-3.502841068344632713e+00
-2.055859647578720306e+00
1.886628605486262877e+00
-4.710302703858483930e+00
-3.058800904268037524e-01
8.985158770110892590e-01
-5.041103642915857108e+00
7.975022950603554150e-01
6.579545236813055809e-02
-5.026914805532848085e+00
1.254284121858399992e+00
-2.002615742370876806e-01
-5.071189048449661563e+00
1.142361914067356654e+00
2.499934562515337966e-01
-5.210338204334780343e+00
3.256223441380874384e-01
1.350447678762278336e+00
-4.983967385639388681e+00
-1.479365102559770717e+00
2.516078892778535359e+00
-3.471708156006242163e+00
-4.023283046242671190e+00
2.236982848985403560e+00
-1.989080166438557118e-01
-5.383439172001725836e+00
-1.004058512191098984e+00
2.701744578432810240e+00
-2.668463170125087380e+00
-5.109840429718188304e+00
6.329944466174854956e-01
2.305822872007873059e+00
-3.488275388519149978e+00
-4.966120051985498662e+00
7.047892199910696931e-01
2.544509389919073605e+00
-2.808479466413348558e+00
-5.489229429956257178e+00
-8.087494514947728419e-01
3.014990369037211959e+00
-4.103329259937512630e-01
-5.329687746935457326e+00
-3.895426422416504053e+00
1.521337895930815698e+00
2.673650205967798232e+00
-2.018169557588409546e+00
-5.715038911166351099e+00
-3.306413807628374890e+00
1.792114287619020807e+00
2.779379734727259521e+00
-1.518296987469328840e+00
-5.563200784575242253e+00
-4.375562647418601792e+00
5.054451534692736558e-01
3.223405501186354716e+00
6.197315187774483647e-01
-4.249745756534469621e+00
-5.742601250531878421e+00
-2.081345582627409208e+00
2.519426206443456717e+00
2.532893367369259519e+00
-2.265567540130178692e+00
-5.914606880207122330e+00
-3.357318561976906590e+00
2.173657790843602999e+00
2.499379201019525709e+00
-3.271378072205098686e+00
-5.834295155979171810e+00
-4.827887931511558595e-01
3.381580926171773971e+00
-1.636038993988017332e+00
-6.066264297400000061e+00
-1.076906008728863995e+00
3.448184327108355429e+00
-1.740269111574646033e+00
-6.089766712325639375e+00
-6.377928833291293120e-01
3.441701609285518604e+00
-2.195244902022513767e+00
-6.084830609977426974e+00
-4.381820894051932092e-01
3.494377000259267785e+00
-1.909302716962669511e+00
-6.210701948191847066e+00
-1.410621555324694576e+00
3.569606723979384721e+00
-9.793089158865719845e-02
-5.872613901241471979e+00
-4.049376984200721452e+00
2.186308868930149529e+00
2.936827002619009530e+00
-1.319233127375461390e+00
