-4.835139623179699697e+00
-5.408466374823806433e+00
-6.248018894238533072e+00
-5.847218211582186242e+00
-4.925291037738523947e+00
-5.136705751881256887e+00
-6.102078601965469140e+00
-6.088903509843446749e+00
-5.120802750211290721e+00
-4.935248540378257331e+00
-5.865288639259188308e+00
-6.241692975219612194e+00
-5.388856812283605358e+00
-4.837503631617167343e+00
-5.577280096639309903e+00
-6.280341172346288303e+00
-5.684692822398246470e+00
-4.859516250152627670e+00
-5.286050682364399123e+00
-6.198650390999439708e+00
-5.959095649532317296e+00
-4.997403627796078496e+00
-5.039970243564565244e+00
-6.010395102734748640e+00
-6.166560043234583510e+00
-5.228099862146263099e+00
-4.879787274746800740e+00
-5.746948163593142311e+00
-6.272781444769036874e+00
-5.513250782464192312e+00
-4.831948899370254402e+00
-5.452035101860342792e+00
-6.260253182859182530e+00
-5.805585643174380195e+00
-4.904311463455143461e+00
-5.174506027519969464e+00
-6.131079067260645665e+00
-6.056699002562947243e+00
-5.084911411903711986e+00
-4.960322649776427895e+00
-5.906578470139641546e+00
-6.224965687595000574e+00
-5.343957854411425679e+00
-4.845063151853040928e+00
-5.623787514461795922e+00
-6.282314800258980370e+00
-5.638685904617312339e+00
-4.848137856921217903e+00
-5.329456054620443695e+00
-6.218799156563537878e+00
-5.920260747428299553e+00
-4.969607665969225430e+00
-5.072527002400875062e+00
-6.044284514608703418e+00
-6.141595053786156555e+00
-5.189987130086458400e+00
-4.896342265116849113e+00
-5.787254861705052988e+00
-6.264916944054997217e+00
-5.472762091729395095e+00
-4.831353268720069316e+00
-5.490879655315419328e+00
-6.268663704963043592e+00
-5.769893947417786606e+00
-4.888992289464931140e+00
-5.205922126472035671e+00
-6.152329678798024837e+00
-6.030309220632434908e+00
-5.058587239958277415e+00
-4.981150516613738866e+00
-5.937110247074769198e+00
-6.210476292094997852e+00
-5.311108554202687237e+00
-4.852309563525735392e+00
-5.655146914704086036e+00
-6.282039850134986558e+00
-5.613646377488377581e+00
-4.843997655470445807e+00
-5.344188692595031931e+00
-6.222707733587471424e+00
-5.917126464802716868e+00
-4.971056615974619675e+00
-5.066483652078002997e+00
-6.034562678991028939e+00
-6.151224121372172782e+00
-5.205689289582140056e+00
-4.889498602867959676e+00
-5.775340608119098107e+00
-6.265794946068827365e+00
-5.463871977228531129e+00
-4.832199717763808522e+00
-5.541621244206805130e+00
-6.279821782852145873e+00
-5.656193406418195124e+00
-4.843280949378311995e+00
-5.400577793032889318e+00
-6.261173794092830924e+00
-5.741424514944261759e+00
-4.856058607983113617e+00
-5.372854946254679298e+00
-6.261512996107225781e+00
-5.710704853078203413e+00
-4.842606584127080005e+00
-5.463015552787023665e+00
-6.280448234922777928e+00
-5.560840167565193504e+00
-4.833116708929998673e+00
-5.669762642018212340e+00
-6.259740019079161222e+00
-5.306406831789843181e+00
-4.907331776681752800e+00
-5.953330413677629274e+00
-6.111534377497109816e+00
-5.022502784561671874e+00
-5.140355165521690139e+00
-6.201467414615187579e+00
-5.798768043417132034e+00
-4.846122738200064894e+00
-5.509231490915433405e+00
-6.280620058387720306e+00
-5.412528062202416557e+00
-4.869476281076845936e+00
-5.868583085265230537e+00
-6.174189752322936542e+00
-5.117534640471125940e+00
-5.155132390033681844e+00
-5.944917000070089053e+00
-5.914729822503064227e+00
-5.142591333784206853e+00
-5.208770242842081899e+00
-5.960142838267771026e+00
-5.941817768114038500e+00
-5.217343155234745566e+00
-5.092178235386326079e+00
-5.742571331924993139e+00
-6.094057403240277004e+00
-5.648982729251800450e+00
-5.085231548894015852e+00
-5.130707358339340551e+00
-5.669968011204723268e+00
-6.073572807443969879e+00
-5.969429232127842155e+00
-5.515293737332753743e+00
-5.112450268707001477e+00
-5.029607168682094454e+00
-5.265339956578591440e+00
-5.640379767458082227e+00
-5.955764533347821299e+00
-6.094173575709167068e+00
-6.038727587767824367e+00
-5.841293340557808023e+00
-5.579889819696100872e+00
-5.327430500024824767e+00
-5.135908765375740259e+00
-5.032584032950626174e+00
-5.023088865200654674e+00
-5.097292174566402601e+00
-5.235361220333579091e+00
-5.412828921808841898e+00
-5.604348144534102794e+00
-5.786262641390313100e+00
-5.938287505449062031e+00
-6.044596707661805013e+00
-6.094546868855711175e+00
-6.083173581402972374e+00
-6.011503858722596405e+00
-5.886647347182613288e+00
-5.721566705178070755e+00
-5.534390853620191564e+00
-5.347132199566074995e+00
-5.183710200102497723e+00
-5.067276975929624783e+00
-5.016988020110638935e+00
-5.044551956664462544e+00
-5.151099128545176598e+00
-5.325079372219235552e+00
-5.541965706307390604e+00
-5.766427131538330642e+00
-5.957281102199441847e+00
-6.074934130296342438e+00
-6.090239511065762557e+00
-5.992919224743076256e+00
-5.797179174126502410e+00
-5.542192816618593199e+00
-5.285963608270848546e+00
-5.092719063585265715e+00
-5.016138208173660296e+00
-5.082734491367851604e+00
-5.280772934473846547e+00
-5.559454401747416341e+00
-5.840487434185294369e+00
-6.040100494664150332e+00
-6.095337981322742849e+00
-5.985874908804205141e+00
-5.743033826979484502e+00
-5.441535767972078830e+00
-5.175809114604578376e+00
-5.029306500036642369e+00
-5.047644910921110117e+00
-5.224473430748251879e+00
-5.504189357830377105e+00
-5.799848512533737122e+00
-6.020174534925457621e+00
-6.097539730114836409e+00
-6.008490754898465624e+00
-5.780680683613871551e+00
-5.484210617378836972e+00
-5.210087285639434462e+00
-5.042373375085800191e+00
-5.032495322332461996e+00
-5.183515429216077663e+00
-5.449162822141861540e+00
-5.747946646746089350e+00
-5.988085123175281410e+00
-6.095664286193880343e+00
-6.037410078378279366e+00
-5.831053619522348797e+00
-5.540032046889693085e+00
-5.254066475106355050e+00
-5.061529091121121482e+00
-5.022097775562930799e+00
-5.148174999115027184e+00
-5.400891914010090389e+00
-5.702023588237302043e+00
-5.958189937458608476e+00
-6.089855580026459769e+00
-6.056095375565799799e+00
-5.867364367916646728e+00
-5.582251973030473380e+00
-5.289260087368900187e+00
-5.079312775514660316e+00
-5.017548516702464489e+00
-5.123120702023371109e+00
-5.363263756023216366e+00
-5.663463316973988526e+00
-5.930574803484418567e+00
-6.081720114909834329e+00
-6.070000141827174289e+00
-5.899047226916133368e+00
-5.621901784659366186e+00
-5.324558993434520104e+00
-5.099287566015057394e+00
-5.015997609844723648e+00
-5.100542527885226107e+00
-5.326690684902989581e+00
-5.624261704746856161e+00
-5.900905143482167325e+00
-6.070763326314282615e+00
-6.081120118426793120e+00
-6.122529729568790380e+00
