2.600294482095397264e+00
3.892469162738934507e+00
4.505000077306830164e+00
4.268168207882629517e+00
3.212857630929170316e+00
1.578274754199502583e+00
-2.343191096380379257e-01
-1.755879327483102603e+00
-2.571461478465120631e+00
-2.438503617581464056e+00
-1.367033710859724582e+00
3.659772803847065603e-01
2.279583579941880433e+00
3.818247965099193841e+00
4.514564005547494041e+00
4.137641260871316007e+00
2.778557654175163094e+00
8.394657503691695943e-01
-1.078623485554884631e+00
-2.360719999503390731e+00
-2.579111065033663497e+00
-1.643789756906780308e+00
1.533178950960528697e-01
2.222778312834438275e+00
3.869032754056091594e+00
4.527028066414593432e+00
3.962009205026102876e+00
2.359121121298180412e+00
2.662726637945179720e-01
-1.593635274495435183e+00
-2.575985396144337525e+00
-2.341988729967352079e+00
-9.772540412052286296e-01
1.041875035444816966e+00
3.020606321427652841e+00
4.291536889440713765e+00
4.443172867080786403e+00
3.449848177356347190e+00
1.661873155255862322e+00
-3.317126518678348290e-01
-1.910160623603603280e+00
-2.620223757949974086e+00
-2.300751222633540927e+00
-1.098792822690307425e+00
6.147701942705798839e-01
2.378432058558586082e+00
3.765953202905131025e+00
4.472828491778252591e+00
4.357099283737788653e+00
3.445694681844524432e+00
1.922935641603767953e+00
1.130580508440143239e-01
-1.543459251150475886e+00
-2.537083805167442918e+00
-2.399905163429646660e+00
-9.327799796649618447e-01
1.496133720333473027e+00
3.793854429280407281e+00
4.472876632177728240e+00
2.669257983719116822e+00
-6.407360109791475633e-01
-2.625759291379886395e+00
-9.502908568687264967e-01
2.987879149936256695e+00
4.403267241875878923e+00
1.001221704721218186e+00
-2.536680273220952575e+00
-4.807584820992394370e-01
4.030555449251419731e+00
3.020482592921256870e+00
-1.861771916909207736e+00
-1.366541892716783835e+00
3.646361486383065120e+00
3.320059390019288958e+00
-1.724097507579830157e+00
-1.467999862886163243e+00
3.558912778863267512e+00
3.454584505361571800e+00
-1.529460711299559517e+00
-1.749829088113663111e+00
3.163531496270857613e+00
3.886071421507812929e+00
-9.026701897739823899e-01
-2.249093903895979185e+00
2.323922355674536533e+00
4.349778917337711270e+00
1.052765206540799969e-01
-2.595231107489428535e+00
1.207487500363114474e+00
4.527951274127050674e+00
1.262583400034178904e+00
-2.587791543622841139e+00
7.404899831580724623e-02
4.345240375332563687e+00
2.319557568821869253e+00
-2.259361745928999188e+00
-8.713589031986683775e-01
3.909685690644941314e+00
3.136761755892880199e+00
-1.755053075366256987e+00
-1.559752321965368171e+00
3.367753626709620640e+00
3.707461709212162670e+00
-1.194922921327250531e+00
-2.030771315377017494e+00
2.795105263125092776e+00
4.098280282224535220e+00
-6.047532634323200540e-01
-2.355937476232261574e+00
2.179496428932143459e+00
4.364253467857285074e+00
4.137428480873706071e-02
-2.562616905329811789e+00
1.502953828284921745e+00
4.507718904276025285e+00
7.416395108929134672e-01
-2.638171191134821125e+00
7.928355555079164008e-01
4.513143825811459564e+00
1.442686524107823498e+00
-2.576153818906089743e+00
1.197259469312615954e-01
4.391489405005202684e+00
2.072558647643404584e+00
-2.406375815964279852e+00
6.101743207078680342e-02
2.990858868584588048e+00
1.980979410333320478e+00
-1.028076387162030647e+00
-2.227409447878874182e-01
2.844868268182576543e+00
2.223886195733707716e+00
-8.855495980911751719e-01
-4.261650741790756758e-01
2.712219538128703977e+00
2.390233011010391539e+00
-7.677038340983270981e-01
-5.584931921766831397e-01
2.612523372172342651e+00
2.491968175332650581e+00
-6.879220206128393578e-01
-6.332564968345810730e-01
2.552888939042107008e+00
2.543522456635649132e+00
-6.472154716316294021e-01
-6.655636378694316235e-01
2.528527926988126673e+00
2.560894977071182410e+00
-6.353391028012298491e-01
-6.728850828345851465e-01
2.524056889120233294e+00
2.563873916877408288e+00
-6.319821701652517110e-01
-6.782951365138800703e-01
2.514214762841470829e+00
2.579713787562788241e+00
-6.064712117432795591e-01
-7.137714417643208353e-01
2.461699378308333408e+00
2.644892107876644971e+00
-5.124653168620276755e-01
-8.186332229174075881e-01
2.307002649367769997e+00
2.797338274669513236e+00
-2.710060477974562954e-01
-1.020641946203107109e+00
1.943494009775164288e+00
3.037742954298912501e+00
2.583670311263640551e-01
-1.262798402768381401e+00
1.204609884188517777e+00
3.205973288507883545e+00
1.232388496177020398e+00
-1.235181001230807762e+00
1.670247406316016647e-02
2.821785708513802948e+00
2.525807735799622478e+00
-3.306756076321626381e-01
-1.148357871130850860e+00
1.307999503038802080e+00
3.198764989235173495e+00
1.689959153752728760e+00
-9.129841107592067129e-01
-8.145416657230717394e-01
1.782107488116921434e+00
3.201169628465307948e+00
1.532697341317116546e+00
-9.148938891273079577e-01
-9.077979446193056301e-01
1.486770604516955085e+00
3.184163932197124680e+00
2.091966850884292128e+00
-3.949040636633052159e-01
-1.262191195029537916e+00
4.814685484190567299e-01
2.757110515189406641e+00
2.943317767868935508e+00
8.628733866496940408e-01
-1.118739575385211182e+00
-8.039841626032195876e-01
1.433402251996261256e+00
3.132436296807632914e+00
2.458561281659165321e+00
1.570292781516618996e-01
-1.297458373236656026e+00
-3.616887948381957152e-01
1.958673871027807101e+00
3.205161137416398631e+00
2.068697010766912037e+00
-2.484431146720904593e-01
-1.312046779222948434e+00
-1.003122928633626287e-02
2.291482307375964034e+00
3.183564854461029103e+00
1.733251930312607492e+00
-5.422806087988374379e-01
-1.260993608241319563e+00
3.319276601576161001e-01
2.568614376905947516e+00
3.100396180794004586e+00
1.364140070172164210e+00
-8.151608779763059864e-01
-1.136575094288760024e+00
7.455231745485573214e-01
2.840677171433057424e+00
2.920574811439458074e+00
8.929519431043745348e-01
-1.080918569699250487e+00
-8.831905384396074865e-01
1.281951574794696347e+00
3.085413753367840961e+00
2.572728628286292896e+00
2.909451505999653964e-01
-1.280361137361504476e+00
-4.192991822867753182e-01
1.940077724999357489e+00
3.205872731429270317e+00
1.973757996040746754e+00
-4.011420719442935212e-01
-1.279958818736896209e+00
3.265824986172449762e-01
2.628484177194899907e+00
3.037580745942901839e+00
1.082372695180811029e+00
-1.030969334800379666e+00
-8.971552953040704548e-01
1.341880914080973985e+00
3.128071616563984136e+00
2.402605303209675025e+00
2.936595965432275968e-01
