3.944340755394651343e-01
7.094995441919329515e-01
5.038656410964750254e-01
-1.136675838553164730e-01
-8.163658486550799953e-01
-1.232434400015177234e+00
-1.141733083686397032e+00
-5.922515919969706388e-01
1.252816844016615416e-01
6.312228487790609854e-01
6.578805180614997195e-01
1.911502293940547381e-01
-5.220229467435162363e-01
-1.104302024683563532e+00
-1.247605546178907288e+00
-8.761122091308533033e-01
-1.863776057680807674e-01
4.566625304132068686e-01
7.127783158886829007e-01
4.464599450363572752e-01
-2.013846306843747880e-01
-8.879835186070919040e-01
-1.250060079340153951e+00
-1.096041098159109106e+00
-5.074173826812714561e-01
2.043726872964438113e-01
6.627239218702896117e-01
6.251245735179746799e-01
1.114683023560645303e-01
-6.064714773667099212e-01
-1.148835789687925102e+00
-1.228661914201624406e+00
-8.037141777089613637e-01
-9.883067468630854502e-02
5.130376410490407046e-01
7.081537675874933768e-01
3.832825672281286455e-01
-2.896879480068736967e-01
-9.546918544981464194e-01
-1.259878328450519058e+00
-1.043774465384595729e+00
-4.207199278239396323e-01
2.796296984970481625e-01
6.867223152217662996e-01
5.851668980910085249e-01
2.869599939436545677e-02
-6.882639238004026883e-01
-1.186372333577930815e+00
-1.202082125013327119e+00
-7.270813122607286960e-01
-1.269086597758212198e-02
5.631081755556586188e-01
6.956629146246207096e-01
3.148391855738709721e-01
-3.778707474469871763e-01
-1.015956916292838130e+00
-1.261810561121517349e+00
-9.853515325961013094e-01
-3.328531623207835466e-01
3.504503535360051214e-01
7.030259433493581955e-01
5.383273169171043371e-01
-5.650416189436605063e-02
-7.667456113152528729e-01
-1.216611210190366110e+00
-1.168078925842535920e+00
-6.468269897253858813e-01
7.135234891652686429e-02
6.064733644848361305e-01
6.754057350070763466e-01
2.416776275847399291e-01
-4.652272052657888679e-01
-1.071288332453226744e+00
-1.255841311574143804e+00
-9.212399226534278007e-01
-2.445203803442283774e-01
4.162677969738157180e-01
7.115043104212690483e-01
4.849807385784770664e-01
-1.434502310982493090e-01
-8.412883648196201047e-01
-1.239310384603598658e+00
-1.126924481616286000e+00
-5.635935735384047796e-01
1.526262798960809075e-01
6.427861086291972725e-01
6.475443691789033451e-01
1.643834855160650199e-01
-5.510581118433939274e-01
-1.120243224920520086e+00
-1.242018358264753486e+00
-8.519527911439186418e-01
-1.564286061080821799e-01
4.765552195652596468e-01
7.120895547594299213e-01
4.255541542981609582e-01
-2.314462833879500359e-01
-9.112955368343700346e-01
-1.254288170408747183e+00
-1.078948196525435277e+00
-4.780472720917827156e-01
2.304804024800327089e-01
6.717557572382009123e-01
6.123018222332166083e-01
8.357542922977151401e-02
-6.346764682210186415e-01
-1.162429753954317357e+00
-1.220452341461627066e+00
-7.780447190349648601e-01
-6.928293477664401734e-02
5.308300748920593559e-01
7.047769920109998587e-01
3.605232202605144765e-01
-3.197879897669632654e-01
-9.762067831175798016e-01
-1.261424683945450376e+00
-1.024534077441355384e+00
-3.908728063370398020e-01
3.042915646677537000e-01
6.931504344150987151e-01
5.699601789576651534e-01
-9.974569965592872123e-05
-7.154129849077850434e-01
-1.197510254456164436e+00
-1.191315877669458789e+00
-6.415490196345441376e-01
-2.381054118628328498e-02
4.612199067965318533e-01
5.569147150282154346e-01
2.126421552127850667e-01
-3.894445813696608694e-01
-9.307838859904680184e-01
-1.124955365589836553e+00
-8.692236912656692294e-01
-2.988954370142389849e-01
2.842710704339948546e-01
5.717248375396808413e-01
4.113752618689294205e-01
-1.119373575300382506e-01
-7.213304723885403114e-01
-1.094376699370744221e+00
-1.033698818589479096e+00
-5.714012464709221639e-01
4.791627854632601879e-02
4.965754086494567621e-01
5.371924488118930974e-01
1.482770906282626644e-01
-4.643971541554514637e-01
-9.766668698946054938e-01
-1.117492263095150706e+00
-8.123631991169240063e-01
-2.227222070588113501e-01
3.394540964399140326e-01
5.767205481653674415e-01
3.635404472295416523e-01
-1.872934943265528451e-01
-7.843373102058752711e-01
-1.111697580221851611e+00
-9.961693358643539664e-01
-4.988780946709692188e-01
1.170613989604594174e-01
5.257580996890671710e-01
5.109722690260058986e-01
8.052702898382080310e-02
-5.378308195101798583e-01
-1.016930689533017462e+00
-1.103282816134083522e+00
-7.511986453297604394e-01
-1.469644595516370889e-01
3.897219259604061681e-01
5.749019584538170857e-01
3.105976466006708514e-01
-2.633486884481240908e-01
-8.432644083367644150e-01
-1.122318497814229543e+00
-9.528645892311926602e-01
-4.245600466245709192e-01
1.830713757593764868e-01
5.485343988061939235e-01
4.784640445502985062e-01
9.934248389508459898e-03
-6.091578072046237580e-01
-1.051253069361003378e+00
-1.082440758507860368e+00
-6.862195969662381323e-01
-7.222856690254531031e-02
4.346722103786935798e-01
5.662836245746907249e-01
2.529706193291076377e-01
-3.394941866932074670e-01
-8.976401085327117002e-01
-1.126154441286192354e+00
-9.041311941113363559e-01
-3.490419512464194574e-01
2.454178586420717179e-01
5.647220022783092652e-01
4.399279743883365845e-01
-6.293621964444617856e-02
-6.778072090631750424e-01
-1.079359289698392788e+00
-1.055132912081216068e+00
-6.179461526755127831e-01
8.872775048111569696e-04
4.739451632282683513e-01
5.509345285140512249e-01
1.911206177691752162e-01
-4.151205130572344637e-01
-9.470291823789016572e-01
-1.123174707371559666e+00
-8.503592173587781744e-01
-2.729282627472622291e-01
3.036018202705254576e-01
5.741913429462845997e-01
3.956725050092530505e-01
-1.375011127751454287e-01
-7.432295485689226489e-01
-1.101024385612660694e+00
-1.021577851523924441e+00
-5.469247797734917427e-01
7.179784731098620698e-02
5.072264399590413753e-01
5.289775259358100445e-01
1.255426953738296159e-01
-4.896223470380999254e-01
-9.910363149047110021e-01
-1.113403146151594525e+00
-7.919790551269902945e-01
-1.968282025233546728e-01
3.571575505335038980e-01
5.768666272826072916e-01
3.460518615120735109e-01
-2.131636063157232863e-01
-8.049011789270232864e-01
-1.116074947560226516e+00
-9.820441548177818447e-01
-4.737239402650593179e-01
1.399355673899859709e-01
5.342496539816683487e-01
5.005883628329947932e-01
5.676174423847457629e-02
-5.624033686804617016e-01
-1.029309268723580306e+00
-1.096917970156624067e+00
-7.294579879360709729e-01
-1.213508828889062197e-01
4.056563841354888234e-01
5.727264420501723130e-01
2.914632123735108604e-01
-2.893180902784379671e-01
-7.581926042361233353e-01
