-3.304936630481928539e+00
-2.696759781159443037e+00
-2.507421073098507591e+00
-2.791205036466736900e+00
-3.466745879359580229e+00
-4.340356955705400033e+00
-5.161563319717696885e+00
-5.694915447747680659e+00
-5.787494681233302352e+00
-5.412756431336301688e+00
-4.678141291293441917e+00
-3.794271870117747358e+00
-3.014566371745797557e+00
-2.562581290329055683e+00
-2.567913665320822325e+00
-3.029040568020726631e+00
-3.813751569086719417e+00
-4.697052261735663592e+00
-5.425673286088766645e+00
-5.790690030157772838e+00
-5.687431090291459768e+00
-5.145496540348719172e+00
-4.320276272466237799e+00
-3.448397621235427923e+00
-2.779875087279689794e+00
-2.506417049166716815e+00
-2.706448224220075804e+00
-3.322614994514162756e+00
-4.178226893635835104e+00
-5.027922005875449685e+00
-5.628028695361761535e+00
-5.806446141658411442e+00
-5.512002547469126768e+00
-4.829134169921567299e+00
-3.953673450975922155e+00
-3.136688443551181482e+00
-2.612479331735173993e+00
-2.531382549052305642e+00
-2.916654869860444421e+00
-3.657803797878913077e+00
-4.542277262244883929e+00
-5.316423410956874207e+00
-5.758236127055829101e+00
-5.741021965186443587e+00
-5.269728999202140329e+00
-4.479520201598997886e+00
-3.597003615746166894e+00
-2.875241978090357087e+00
-2.521183304109871237e+00
-2.636324890856016623e+00
-3.187624385952088524e+00
-4.016994727911474605e+00
-4.886649950617257154e+00
-5.547284974203048336e+00
-5.809536885050578192e+00
-5.598248147244577311e+00
-4.973991601028625809e+00
-4.115702191199830828e+00
-3.269400062652482397e+00
-2.677695290179250787e+00
-2.510261890905913784e+00
-2.815189078459736649e+00
-3.505143198008153771e+00
-4.353061666215293002e+00
-5.060022681013208512e+00
-5.508064845625018080e+00
-5.568451757039689198e+00
-5.223660523722100102e+00
-4.572538525548612398e+00
-3.802045129098629683e+00
-3.133629678627534609e+00
-2.759602538496796154e+00
-2.787771513287594871e+00
-3.210288499709412324e+00
-3.905730481159974232e+00
-4.673898087970280280e+00
-5.293389608119145606e+00
-5.585413513037142508e+00
-5.465450633531759195e+00
-4.967822509926573815e+00
-4.235994311787185218e+00
-3.481314557262517262e+00
-2.922026610869543184e+00
-2.720134893639035489e+00
-2.934393093950529607e+00
-3.503080009712143283e+00
-4.261648171838491983e+00
-4.990238519339851742e+00
-5.477370588502103566e+00
-5.581369280878946348e+00
-5.271675282140081187e+00
-4.637963657288564079e+00
-3.864310809190576901e+00
-3.175811535173981071e+00
-2.773100954445038013e+00
-2.773823062298340858e+00
-3.178139066277089420e+00
-3.868423463793703831e+00
-4.643354894912617326e+00
-5.276560195627670424e+00
-5.582750796354709166e+00
-5.472027900467796968e+00
-4.976416117782505921e+00
-4.240754278442492975e+00
-3.480487549789580193e+00
-2.918624665013882513e+00
-2.720291391138745851e+00
-2.944095280233015366e+00
-3.524656998211528336e+00
-4.291557967759143111e+00
-5.019258752322116379e+00
-5.493398351602476914e+00
-5.573994768795213162e+00
-5.236897635324531564e+00
-4.581181415346097907e+00
-3.800172312919339657e+00
-3.124537958586797615e+00
-2.754165984627412911e+00
-2.798947016324694559e+00
-3.246028108141933544e+00
-3.963335938292275706e+00
-4.738458179009906956e+00
-5.341477314475765681e+00
-5.593190476108966358e+00
-5.418467878284235262e+00
-4.749586089346507833e+00
-4.115836033349148160e+00
-3.494314794200562346e+00
-3.070188318128990623e+00
-2.970088806732482656e+00
-3.224200944578173633e+00
-3.757022854107364029e+00
-4.409668786417773489e+00
-4.987165183761058884e+00
-5.316686847662040805e+00
-5.299342847697324999e+00
-4.939976253121638017e+00
-4.345962245796796353e+00
-3.695247349761146438e+00
-3.183105824293938291e+00
-2.963524495397093617e+00
-3.102813886665084731e+00
-3.559446109173149964e+00
-4.196289871540298755e+00
-4.821683133310612490e+00
-5.247075366280165021e+00
-5.343916690150295246e+00
-5.082617913405173660e+00
-4.541740972172129354e+00
-3.884522498418575776e+00
-3.309701487597505487e+00
-2.991434159311853858e+00
-3.026456135597745956e+00
-3.404542661942815407e+00
-4.011327069563603409e+00
-4.662757072276008330e+00
-5.160851135152370261e+00
-5.353887876151315339e+00
-5.182726853919814580e+00
-4.699089474886477547e+00
-4.050102566943193594e+00
-3.433669577403255069e+00
-3.038165598750261154e+00
-2.984815480709504421e+00
-3.290394225086290980e+00
-3.861766409822861235e+00
-4.524092252553012727e+00
-5.074215128308346756e+00
-5.342967167101660309e+00
-5.247292764975769686e+00
-4.816104092742602205e+00
-4.181767060379433687e+00
-3.539653902820323772e+00
-3.088061205103612927e+00
-2.966910992478777764e+00
-3.214197415059443674e+00
-3.753822886480406407e+00
-4.418822342946402415e+00
-5.002969754308889350e+00
-5.324829450314210177e+00
-5.284296483480403595e+00
-4.893896782666024237e+00
-4.274956471570796168e+00
-3.619768598625632272e+00
-3.131604723379264321e+00
-2.961417418580176708e+00
-3.161104538645425954e+00
-3.775337058579975480e+00
-4.288027330377041757e+00
-4.759945561287657334e+00
-5.047029316906091800e+00
-5.062904515554462748e+00
-4.804399447231669562e+00
-4.351286738058971260e+00
-3.840970063566914394e+00
-3.426396037585225596e+00
-3.230237279032210918e+00
-3.309060414246695281e+00
-3.637766912108380879e+00
-4.118292251301509665e+00
-4.609355770830688037e+00
-4.968091586891268285e+00
-5.091299612447544476e+00
-4.944563133247485531e+00
-4.571265462816911374e+00
-4.079398208346545651e+00
-3.610287859594793147e+00
-3.298269570617094804e+00
-3.232625541364329891e+00
-3.431716009225972197e+00
-3.837293871327204009e+00
-4.332462947761433369e+00
-4.776637028733325963e+00
-5.046322399490781763e+00
-5.069439709458404941e+00
-4.843591729582489513e+00
-4.434043776515244950e+00
-3.953304132725829145e+00
-3.529168703815397379e+00
-3.270625883168293502e+00
-3.240705855322828288e+00
-3.442673017000924762e+00
-3.821948086141056411e+00
-4.282032588898269765e+00
-4.709530128798149917e+00
-5.001733974574774422e+00
-5.090310618268112819e+00
-4.956073878059418902e+00
-4.632180408265346827e+00
-4.195676890363039035e+00
-3.749656537002216794e+00
-3.399965404271783509e+00
-3.231254618988566474e+00
-3.287186518866395346e+00
-3.558867935522469494e+00
-3.984253192508004915e+00
-4.459489410470179216e+00
-4.861107580299235842e+00
-5.075730413108410666e+00
-5.031753299490548059e+00
-4.725635263168666000e+00
-4.234478729549294940e+00
-3.706151876190166394e+00
-3.321839580788384261e+00
-3.235247760335627554e+00
-3.505352017334165460e+00
-4.050826409088426061e+00
-4.656408636161950554e+00
-5.047165939847363170e+00
-4.758587148575908365e+00
