2.320889216593871485e+00
2.854964770247328865e+00
1.229409525123546842e+00
6.834282447314912190e-01
2.764641554754235120e+00
2.149346778553995030e+00
1.257270037407185681e+00
1.446718112867757977e+00
2.544350420234644972e+00
2.351544749156999625e+00
3.859150915469502507e-01
2.879922546930560046e+00
4.921728968060385956e-01
1.861154686037175487e+00
2.792729307386260018e+00
1.438392593246712980e+00
4.929095375700320858e-01
3.827154615461259013e-01
5.234655414603153201e-01
5.700926268877199998e-01
4.735721173461582278e-01
3.657932486388264515e-01
5.022466128879801150e-01
1.114176284663287664e+00
2.099211801049490678e+00
2.832657736857550290e+00
2.581216575812346647e+00
1.402424766724307714e+00
4.247442371664962302e-01
7.380143762529297602e-01
2.034013638605030483e+00
2.869825966079816659e+00
2.356007765717266889e+00
1.103774922824979576e+00
3.770305197671588449e-01
7.399881198732359833e-01
1.741583090866276162e+00
2.598386609623898558e+00
2.880750403562708506e+00
2.640553500910267637e+00
2.157930598605046324e+00
1.683658918532780602e+00
1.343726588152864609e+00
1.167234644391013987e+00
1.148856869509160106e+00
1.292780171550371060e+00
1.618906433108493026e+00
2.118860267456082358e+00
2.656310259449435662e+00
2.873987394086015890e+00
2.327532305431416759e+00
1.090188818639675983e+00
3.658142028927973133e-01
1.435612663246382148e+00
2.858498922575282375e+00
1.696813179682403083e+00
4.006777486679249378e-01
2.452995270561198815e+00
1.869036652872307691e+00
6.066841903589581531e-01
2.878100609552895151e+00
4.264250229986288332e-01
2.711736245733598949e+00
1.031267072663935691e+00
2.261250677080774096e+00
9.296504209301600374e-01
2.252562794083351694e+00
1.318221936219956536e+00
1.346976935452457669e+00
2.311146444438068492e+00
1.296529067035218752e+00
1.080893159402848802e+00
2.067149652329065557e+00
2.215995924681747553e+00
1.464076588626291864e+00
9.491761021444993229e-01
1.083579431928002546e+00
1.544251125472701824e+00
1.960953603739066686e+00
2.199891383345233820e+00
2.293289255344988398e+00
2.314908254033924528e+00
2.316614919654385929e+00
2.313460410180883553e+00
2.286114687378469235e+00
2.189108475435362244e+00
1.971405983760190717e+00
1.619470926864849059e+00
1.213410789013375846e+00
9.460454050219587741e-01
1.033172503610478854e+00
1.513040507568797377e+00
2.097194663253356239e+00
2.309996148444343422e+00
1.915607812261998166e+00
1.236815733327389033e+00
9.291906348889249490e-01
1.323172058623669267e+00
2.028871334775576685e+00
2.310993552786768657e+00
1.872622849152197677e+00
1.175551527250644712e+00
9.397619354478102816e-01
1.391335273442539933e+00
2.065202115353081069e+00
2.310524266933089432e+00
1.919531368275375183e+00
1.269988588659808348e+00
9.302917694464597487e-01
1.162575908629784660e+00
1.752588950037369919e+00
2.235160134073590044e+00
2.266098935621404298e+00
1.846737876725903282e+00
1.280854387913247683e+00
9.453622243419651516e-01
1.047684872612236306e+00
1.512049379683435557e+00
2.042943363151306979e+00
2.312332713321961108e+00
2.156536163409502826e+00
1.671556379922859215e+00
1.155032009896924672e+00
9.279100697479784055e-01
1.137352922047921266e+00
1.745821310587186481e+00
3.474669349027850629e+00
3.989550049277516219e+00
2.905488485502428553e+00
9.210657343217335535e-01
-5.848139133329834927e-01
-4.943576798816846640e-01
1.187147692329707960e+00
3.223960786547746871e+00
4.008042600221745744e+00
2.842214105505391331e+00
6.302308082639834774e-01
-7.404402535534004848e-01
2.001365309779012946e-03
2.258192678358711181e+00
3.929020067096048674e+00
3.337497222629417060e+00
9.926837660108693839e-01
-7.140351729298535233e-01
8.879500188870581567e-02
2.604833808337063239e+00
4.017802151994169790e+00
2.624552587654463753e+00
1.001024387953974859e-02
-6.245878674345037851e-01
1.592257108074154992e+00
3.861930170133484275e+00
3.160702699571221519e+00
3.603103129294404905e-01
-6.983347514372866272e-01
1.531169216938056188e+00
3.901326853902337799e+00
2.926535841606067834e+00
-2.079573635562104172e-03
-4.728819529268366573e-01
2.279677729546389919e+00
4.013860651847568128e+00
1.985184951188104563e+00
-6.231205854638406372e-01
3.605435365218010446e-01
3.377417466532519619e+00
3.555812286022481672e+00
5.940199281550051502e-01
-6.946404574604878590e-01
1.794213141453481652e+00
4.002638648951068134e+00
2.327744097471941220e+00
-4.968325524726555642e-01
1.287974956799537996e-01
3.180825069474436440e+00
3.705017365021157083e+00
8.611723204189405401e-01
-7.540974907701656349e-01
1.451967500446154524e+00
3.929892210475893322e+00
2.718840546753359178e+00
-2.389396312968807834e-01
-2.377719019440278636e-01
2.711896045868916083e+00
3.936992921496724307e+00
1.507233688517756409e+00
-7.405694509579658913e-01
4.222022242536553893e-01
4.292048114834020822e+00
3.967306555139666013e+00
-3.865378585072876128e-02
-1.438353222949593668e+00
1.962307232416773628e+00
4.829666743918618721e+00
2.667910157129685267e+00
-1.133525631594582972e+00
-6.131008446761692099e-01
3.414135896433751149e+00
4.629583265303044648e+00
1.123456180604331278e+00
-1.599440461270947189e+00
7.412477260062233508e-01
4.467866486925537117e+00
3.716363786692146842e+00
-3.333790464914190288e-01
-1.301312042370539324e+00
2.341965462432549661e+00
4.849691082628968530e+00
2.259551747397729571e+00
-1.338332888417634425e+00
-2.532332316448409060e-01
3.800875978597209937e+00
4.404518620196046896e+00
5.985823122862095058e-01
-1.584376423823442792e+00
1.319745287958087321e+00
4.704157038953287184e+00
3.196099417822249489e+00
-8.110914411092595699e-01
-9.538452614928027984e-01
2.995051743442352699e+00
4.763456083444235212e+00
1.542416522918798494e+00
-1.551769478646733535e+00
3.951952982871669295e-01
4.290823465053478003e+00
3.948933675392775733e+00
-8.703774492208782299e-02
-1.409386253119120358e+00
2.080419182856567684e+00
4.843018126010145252e+00
2.494555957093095522e+00
-1.237958839250073773e+00
-4.324062834217983209e-01
3.632841101264843164e+00
4.508482051330907403e+00
8.056130043977600685e-01
-1.601793363591099695e+00
1.105024513418030985e+00
4.632321028312487599e+00
3.384866284124488089e+00
-6.585885704559282239e-01
-1.083887392819763651e+00
2.783764815050386865e+00
4.808814043929762860e+00
1.778478959922952907e+00
-1.499718735171052142e+00
1.754539703259618832e-01
4.146284600017588140e+00
3.850416728569383551e+00
