-1.309010223842852261e+00
-1.270328274375188471e+00
-1.302906050665462168e+00
-1.389769262462087429e+00
-1.480699251393878590e+00
-1.520549117639620640e+00
-1.483209887413450945e+00
-1.390149269315283265e+00
-1.299754697574946549e+00
-1.271370003759148881e+00
-1.325584130875669286e+00
-1.427663123814441493e+00
-1.508136225307153300e+00
-1.509725617436779466e+00
-1.429327453756877198e+00
-1.323625069249115827e+00
-1.270511874178703371e+00
-1.311365981665167046e+00
-1.417016612478703808e+00
-1.506454546118443760e+00
-1.508305280440906282e+00
-1.419098894041856074e+00
-1.309940646577405499e+00
-1.271302473567058389e+00
-1.337392264625403948e+00
-1.453669801203939516e+00
-1.519778434758323638e+00
-1.476154278589129731e+00
-1.359758760105733266e+00
-1.275252629180317454e+00
-1.301430709038409850e+00
-1.415885231779155706e+00
-1.511406615214978100e+00
-1.495486184280143016e+00
-1.381627931315956959e+00
-1.280905742057368402e+00
-1.294727019634455134e+00
-1.411045427348233794e+00
-1.511728295099129538e+00
-1.491394869712423965e+00
-1.369517221733401957e+00
-1.274861510916701413e+00
-1.310397254015431612e+00
-1.439228538996495166e+00
-1.519924081040306962e+00
-1.461228807648518258e+00
-1.327661710357128655e+00
-1.271349260067212938e+00
-1.358689381821118758e+00
-1.489319826005118585e+00
-1.509137393230571833e+00
-1.392967825523527159e+00
-1.279412278752126708e+00
-1.307036252816170085e+00
-1.443545127408472517e+00
-1.520564638374982902e+00
-1.440823477066385916e+00
-1.303444967408962540e+00
-1.283055302731630265e+00
-1.407093252205614320e+00
-1.516228258439997312e+00
-1.467786113047824248e+00
-1.324041499888502615e+00
-1.274567149794789467e+00
-1.386121369508386048e+00
-1.510296313255899747e+00
-1.479580172585861053e+00
-1.334579398095268488e+00
-1.272375110506170470e+00
-1.378736414542262034e+00
-1.508146814547292269e+00
-1.481842721356426917e+00
-1.335628012092777483e+00
-1.272468999812022883e+00
-1.380721739461573172e+00
-1.509536492811443642e+00
-1.478629379951060807e+00
-1.331067331290674005e+00
-1.273726020996073904e+00
-1.387161099765295669e+00
-1.512170286145531062e+00
-1.473226621438076478e+00
-1.325032235130218172e+00
-1.267499307767840033e+00
-1.394126903900934966e+00
-1.522520654801416295e+00
-1.472841589077552138e+00
-1.314792652178141008e+00
-1.269492978234577407e+00
-1.400114109483150848e+00
-1.524131254221885889e+00
-1.468563103482428023e+00
-1.311023292030745191e+00
-1.271047902710895405e+00
-1.404229784396745728e+00
-1.525115272141225331e+00
-1.465450800349191729e+00
-1.308309999465809836e+00
-1.272305117824505505e+00
-1.407189258848612123e+00
-1.525664286532428582e+00
-1.464219435172433581e+00
-1.308190999982182356e+00
-1.271743215651761405e+00
-1.403802958109352739e+00
-1.524294285016940753e+00
-1.471051831601491333e+00
-1.316714387412241560e+00
-1.267158829850842272e+00
-1.386728509739457049e+00
-1.517388592039370598e+00
-1.489588774783526581e+00
-1.340794831096072226e+00
-1.261914105763783711e+00
-1.351650354834806222e+00
-1.495809010493357238e+00
-1.515368093149440876e+00
-1.387998589594124255e+00
-1.269977257579941288e+00
-1.302641666974440504e+00
-1.445168503472369359e+00
-1.528884587926833794e+00
-1.457571132588016294e+00
-1.315236222376362285e+00
-1.264237873933155898e+00
-1.360359846744544354e+00
-1.494948896649117120e+00
-1.520073994992847233e+00
-1.410178434991673724e+00
-1.284867718528296177e+00
-1.276942968743491447e+00
-1.392967524493541109e+00
-1.511096748981421989e+00
-1.510400830133915129e+00
-1.393252123575348334e+00
-1.278654524513300972e+00
-1.280279492982561385e+00
-1.395025280714323968e+00
-1.509774978221910313e+00
-1.513849462782954847e+00
-1.404671330013292918e+00
-1.287028066440410345e+00
-1.271580402550534616e+00
-1.371604928945549862e+00
-1.493362015326714864e+00
-1.524893506235718732e+00
-1.438402325363408618e+00
-1.313257187764753642e+00
-1.262162499616450217e+00
-1.329954827745025492e+00
-1.455517849685121323e+00
-1.527919612375534975e+00
-1.484389032218195847e+00
-1.363721031956226737e+00
-1.270650680532928956e+00
-1.284722914224017076e+00
-1.393063445970509129e+00
-1.503149987162514689e+00
-1.522276071533245512e+00
-1.435143831355670585e+00
-1.315107545258555222e+00
-1.261787232919350021e+00
-1.318581216472106910e+00
-1.438168217663805981e+00
-1.522684637016664677e+00
-1.503904658102267478e+00
-1.397591469963791022e+00
-1.294900629546656079e+00
-1.272590633642546099e+00
-1.347818811732655053e+00
-1.460494224559566456e+00
-1.521793841361082089e+00
-1.484110569826974091e+00
-1.377437474718498756e+00
-1.284875216160505929e+00
-1.277705261968013373e+00
-1.360875661837526174e+00
-1.470271310932002695e+00
-1.522546512721125067e+00
-1.478501908510011953e+00
-1.371929854942736782e+00
-1.283146334078161033e+00
-1.278319004264988124e+00
-1.360510355502329682e+00
-1.468371767103052283e+00
-1.522303295441003179e+00
-1.483094678183208615e+00
-1.379941074911009036e+00
-1.288200497952892487e+00
-1.274179081897896193e+00
-1.347501284801467358e+00
-1.455049444894780164e+00
-1.519823282045360990e+00
-1.496035805336535018e+00
-1.401061936375595174e+00
-1.302262001478645681e+00
-1.268979981070560203e+00
-1.324068522365562384e+00
-1.428676116789423967e+00
-1.510060908238991084e+00
-1.512248602986530965e+00
-1.434217034351123798e+00
-1.329788801446452062e+00
-1.270193413357452172e+00
-1.295541163700056009e+00
-1.388215700555167187e+00
-1.485556074644182933e+00
-1.522431603264784217e+00
-1.474654356458176663e+00
-1.374416088742600239e+00
-1.288205564469471209e+00
-1.272598371831689557e+00
-1.337376237982866645e+00
-1.439843630262293450e+00
-1.513302300548866830e+00
-1.510488437455057342e+00
-1.433680024325205693e+00
-1.332503488566339600e+00
-1.271595305818139954e+00
-1.289356492004938071e+00
-1.374079329642537095e+00
-1.472060371118142585e+00
-1.521862601790282765e+00
-1.492738605549051245e+00
-1.403256612508132273e+00
-1.309083838731735172e+00
-1.268178549467799510e+00
-1.305256018403396112e+00
-1.397220995637297847e+00
-1.487912050311209544e+00
-1.522542622849641702e+00
-1.480638996260014384e+00
-1.387777870999123531e+00
-1.299633958467481420e+00
-1.268477280324063372e+00
-1.312345579353330516e+00
-1.404963815424730367e+00
-1.491810007766376511e+00
-1.522324181615226868e+00
-1.479174835788799713e+00
-1.387749209123089633e+00
-1.300895962761686508e+00
-1.268261714155916708e+00
-1.308070435754799865e+00
-1.397288045270540291e+00
-1.485267634026015138e+00
-1.522625713004919223e+00
-1.488822973454368981e+00
-1.403131711867621645e+00
-1.339633179717688805e+00
