3.969550610425123693e+00
3.800749251594933931e+00
5.531523618240370421e-01
-2.337022810421395036e+00
-1.792334945662128698e+00
1.618161761700801282e+00
4.255069172714034842e+00
3.286272590917479697e+00
-2.586958575286024686e-01
-2.564781999968818837e+00
-1.133260815675949607e+00
2.496474011343216670e+00
4.385075959872213325e+00
2.467287997781665521e+00
-1.173622805342419584e+00
-2.552833793488635372e+00
-1.467449801015847655e-01
3.406471786091826992e+00
4.185183430577397168e+00
1.317264465594490286e+00
-2.024680677557522124e+00
-2.121001662081017258e+00
1.146907777580510324e+00
4.132679334963615503e+00
3.484672499122908995e+00
-8.031216693900578019e-02
-2.550709551911879203e+00
-1.128993423235775895e+00
2.585878926475849493e+00
4.378724264982107428e+00
2.199950848476004417e+00
-1.474266363916211242e+00
-2.440268928526179160e+00
4.201497921681148218e-01
3.826522730488004953e+00
3.849254593298399918e+00
4.510470903598881587e-01
-2.437598263451365099e+00
-1.456188422258993365e+00
2.263700869835317597e+00
4.384032769352014469e+00
2.416006135638416374e+00
-1.342344611004641086e+00
-2.472725301604506321e+00
3.668270160037843119e-01
3.830116077109924078e+00
3.813077369901361813e+00
3.253262141977183441e-01
-2.489153594098444167e+00
-1.267998516411167342e+00
2.505759214989225825e+00
4.302769836001409054e+00
2.001277810757023268e+00
-1.637569953148940494e+00
-2.223529965733317404e+00
9.611325142998440318e-01
4.064521907433012338e+00
3.314572881143078575e+00
-3.857089338627726072e-01
-2.528105559750037479e+00
-4.885767158243685682e-01
3.244380263480180382e+00
4.091944810844772462e+00
1.004595230796518690e+00
-2.222410191414608605e+00
-1.605712721823650879e+00
2.100536210517600644e+00
4.312180912554076428e+00
2.282469067106045912e+00
-1.474950524223217263e+00
-2.288256973087926305e+00
8.607807765199929628e-01
4.050425979255216191e+00
3.297731571465494227e+00
-4.615016121288215700e-01
-2.527673148932519709e+00
-3.124643323634204162e-01
3.412435726554504889e+00
3.979911786194453960e+00
6.774124732655999459e-01
-2.355515948474420362e+00
-1.316132221584330741e+00
2.492376612475809328e+00
4.295099832852819155e+00
1.832621273064050094e+00
-1.807954354123710639e+00
-2.064488767865654495e+00
1.383577226398724491e+00
4.216389566503455200e+00
2.886334889070527154e+00
-9.403705265456752116e-01
-2.472020523163866557e+00
2.088074206027588087e-01
3.745592749218924489e+00
3.710523102154184905e+00
1.475338454864237869e-01
-2.482790988767915152e+00
-8.873542759557873083e-01
2.936521078086963499e+00
4.201233736586867273e+00
1.314051633796353702e+00
-2.031689469686027039e+00
-1.715668665683540040e+00
1.866572364994283806e+00
4.229008565527848873e+00
2.412921034072434079e+00
-1.307324587417559192e+00
-2.272456070627399072e+00
7.262710209482636792e-01
3.933213515166648300e+00
3.331964443606364235e+00
-3.244548777439599796e-01
-2.456725991359777872e+00
-3.945340721598062927e-01
3.279437196257889653e+00
3.964314183896793686e+00
8.025948259097569482e-01
-2.246498872356302634e+00
-1.364939334279020811e+00
2.343415301506290405e+00
4.234949786627527857e+00
1.940764955670850833e+00
-1.666330493922225875e+00
-2.068379991272793816e+00
1.238918596766388269e+00
4.112348687977268824e+00
2.950699910004399129e+00
-7.909203755922833423e-01
-2.422141409533407064e+00
1.030400828288625670e-01
3.618480406168439245e+00
3.714740025080982555e+00
2.705871422144640048e-01
-2.393352367160090921e+00
-9.349342664528106361e-01
2.815996421689666906e+00
4.154079786375807437e+00
1.401819639342857471e+00
-1.988696677223992682e+00
-1.768065502070511164e+00
1.785035915063003298e+00
4.220278744429549533e+00
2.492723010383575577e+00
-1.234128370923620599e+00
-2.304922324759097307e+00
6.122441564039999840e-01
3.877634004050205085e+00
3.427773717640490325e+00
-1.724128855834745622e-01
-2.449650108434308748e+00
-5.520448130618351712e-01
3.061158676032726511e+00
3.992479494914106475e+00
1.097075869454064545e+00
-2.049360291714508620e+00
-1.573311217375222393e+00
1.933774982710054324e+00
4.161276788299047347e+00
2.380198303373683544e+00
-1.222056383940481661e+00
-2.236712889938532456e+00
5.722224123026872222e-01
3.771317588712733482e+00
3.459180491059278495e+00
1.989033012585161853e-02
-2.356292046054021760e+00
-7.788245391609118773e-01
2.831382111809411128e+00
4.083717425575779991e+00
1.455835468887440420e+00
-1.857214107634871825e+00
-1.825662814940958389e+00
1.514448771250843429e+00
4.097805421795689185e+00
2.772835456327647830e+00
-8.493446135566902200e-01
-2.342110912258381639e+00
1.307618854765156824e-01
3.542099454427830807e+00
3.688941884754680878e+00
3.751192867443596812e-01
-2.299644774789412871e+00
-9.929197372010980516e-01
2.681852027767668289e+00
4.103993014117599536e+00
1.448775462171328909e+00
-1.923018064068954702e+00
-1.673156809826820579e+00
1.909350438530631910e+00
4.168116518960023775e+00
2.106617633665923250e+00
-1.576614691207896657e+00
-1.949641845056458100e+00
1.531490394016402190e+00
4.145708006969983650e+00
2.269383513928729279e+00
-1.532650171881852375e+00
-1.925647626566111770e+00
1.691026372305434400e+00
4.167973754129766562e+00
1.873652168135501395e+00
-1.791778704442003933e+00
-1.489922044513105392e+00
2.375768045809989903e+00
4.008503941392777215e+00
8.904606503576854015e-01
-2.230187174688599505e+00
-4.973197126234663035e-01
3.422487541866190419e+00
3.334555628871163080e+00
-6.657948693798287909e-01
-2.151823002691381603e+00
1.330744171558609468e+00
4.095946243240072171e+00
1.536220606460911187e+00
-2.107266835663117455e+00
-6.741267318662136354e-01
3.437733338695445617e+00
3.166680130317480746e+00
-1.058244193117376941e+00
-1.867167454243590319e+00
2.200959274023047474e+00
3.941059833229849652e+00
2.084167565701482427e-01
-2.288935869825399649e+00
1.010824964299874784e+00
4.095191835792295620e+00
1.261687974911044785e+00
-2.259830769035335862e+00
1.191962286993278886e-01
3.955508542196081834e+00
1.991219979228815218e+00
-2.065657224360035293e+00
-4.625966511169889994e-01
3.745606784042588622e+00
2.447580226502995338e+00
-1.862885208369388979e+00
-8.195681576993878448e-01
3.559162406968874315e+00
2.732806051574442563e+00
-1.690967218118420101e+00
-1.059776609790995749e+00
3.393428129899109358e+00
2.949854188117932097e+00
-1.521340997245007598e+00
-1.268861222121937304e+00
3.210495754409061320e+00
3.160262742023922655e+00
-1.317272034085086974e+00
-1.431174632267173896e+00
