5.148926653138623521e-01
-4.108272703293103234e-01
-5.681130055695605918e+00
-8.952349793390364852e+00
-6.289847922270495495e+00
-8.979272979996477666e-01
7.394574723808169381e-01
-3.344487494485668400e+00
-8.240132116710864096e+00
-8.065884140786396372e+00
-3.032849980346105312e+00
8.142680655128824441e-01
-1.141864791606812979e+00
-6.551827154035986922e+00
-8.924352348298668858e+00
-5.415162627293137021e+00
-2.337867434713865045e-01
4.086274302969039596e-01
-4.256074742647441234e+00
-8.637877496281532785e+00
-7.489167918362015008e+00
-2.187273843809310669e+00
9.202440486093168559e-01
-1.884290699640194244e+00
-7.243763115022646026e+00
-8.747684887365210216e+00
-4.599367288928087660e+00
2.408284094069674808e-01
-1.101717247377287379e-02
-5.052214100566668975e+00
-8.860560857989650430e+00
-6.889637895228375442e+00
-1.493993173725307599e+00
8.867702268798263177e-01
-2.586326890544195400e+00
-7.769209882838113757e+00
-8.481938484289223368e+00
-3.876590261422008687e+00
5.572232236508050107e-01
-4.622925971393363476e-01
-5.719021417486931824e+00
-8.952740889633929555e+00
-6.315114321577105727e+00
-9.468785166019415556e-01
7.647537617384969622e-01
-3.214615111775628975e+00
-8.151556588829748762e+00
-8.177305436666593152e+00
-3.262946092138129028e+00
7.513418322699481067e-01
-9.020580059107126125e-01
-6.257952170080966603e+00
-8.957002194953613383e+00
-5.796787714767070554e+00
-5.288790364620461482e-01
5.970978960476873709e-01
-3.752893509899494440e+00
-8.419562060933582615e+00
-7.871047921499307876e+00
-2.758949214287519602e+00
8.583967437339197204e-01
-1.303624081659869205e+00
-6.682884412469093149e+00
-8.909014844558498680e+00
-5.347393907181353434e+00
-2.150851310572163833e-01
4.138318557328162228e-01
-4.203834175116629268e+00
-8.604096070748298075e+00
-7.581967812881213575e+00
-2.347241067156954131e+00
9.088110374487552434e-01
-1.663908399769178370e+00
-7.022800355072053691e+00
-8.831441223205233726e+00
-4.951478824876490492e+00
2.958059934267254221e-02
2.221312234023029575e-01
-4.601928578728441188e+00
-8.738231302885260732e+00
-7.294245640802074604e+00
-1.976892749101568647e+00
9.229208040066589902e-01
-2.028114454106985320e+00
-7.338356286063033806e+00
-8.718617111051582214e+00
-4.530572011240678876e+00
2.634108605990368446e-01
-2.494573485927809031e-02
-5.058128977828477701e+00
-8.858973297511372635e+00
-6.903782181946894525e+00
-1.513199384520818036e+00
8.893889665740779549e-01
-2.570888705966747345e+00
-7.766653961025865804e+00
-8.475358374404228456e+00
-3.834571289883200507e+00
5.858413700625941800e-01
-5.479350733846350963e-01
-5.883555826753291029e+00
-8.962755555947435226e+00
-6.028580607091400978e+00
-6.389421725181287925e-01
6.122836678999741267e-01
-3.832621201973937630e+00
-8.513716309253386072e+00
-7.631885960526918922e+00
-2.256600728334941408e+00
9.220803466673404003e-01
-2.092329749158416075e+00
-7.536935284213878816e+00
-8.542616975944163471e+00
-3.810110717905553557e+00
6.597821147811266940e-01
-8.533856214139166063e-01
-6.436470037896407703e+00
-8.908897160220895728e+00
-5.053106200466324971e+00
1.494646022616397119e-01
-8.497126653561704046e-02
-5.475520314168790925e+00
-8.957357309886468499e+00
-5.925902898917225770e+00
-3.675356097302624470e-01
-1.246581675290149960e+00
-4.494574050232653661e+00
-7.110528246329678836e+00
-5.581965021515707726e+00
-1.951011324781439793e+00
-1.109283273042779960e+00
-4.203491249151375619e+00
-7.050902536861665126e+00
-5.784747155184052581e+00
-2.118662276945994183e+00
-1.040674537513589293e+00
-4.022879876964085888e+00
-7.001709026967592564e+00
-5.915391872731429856e+00
-2.246524813002145571e+00
-9.935236780592440198e-01
-3.855089775994319012e+00
-6.938842307360987505e+00
-6.074052988676328368e+00
-2.444020949648044283e+00
-9.313710413055944493e-01
-3.537433383666655828e+00
-6.777590138377425077e+00
-6.391325366070752523e+00
-2.923808539948224094e+00
-8.763976450343768931e-01
-2.824871310166066074e+00
-6.258617630285918665e+00
-6.926399177668253415e+00
-4.092649447301115906e+00
-1.193187055670193342e+00
-1.558812719108362721e+00
-4.669711544637041634e+00
-7.048122149321361718e+00
-6.210269124762040072e+00
-3.133662653389752695e+00
-9.691805053802142744e-01
-1.792634754930181984e+00
-4.731140360605236239e+00
-6.987926691420499381e+00
-6.497582327211599562e+00
-3.738576486560798884e+00
-1.235119645819853229e+00
-1.295235358524398972e+00
-3.918336341224701425e+00
-6.665805904023844874e+00
-6.806405450814119185e+00
-4.060424195498542055e+00
-1.233109212005835786e+00
-1.516347882800771707e+00
-4.764138603793790949e+00
-7.132865684192442046e+00
-5.504543762835025333e+00
-1.857079788639272699e+00
-1.212707921679352818e+00
-4.650508607025939156e+00
-7.161918016165021328e+00
-4.823950286414877553e+00
-1.202153897085704415e+00
-2.131997822744341242e+00
-6.176248306946011901e+00
-6.621425309703655060e+00
-2.660474271189560813e+00
-1.022510892912588343e+00
-4.558745185955610069e+00
-7.161359129852897354e+00
-4.275741230675422777e+00
-9.407427718366010438e-01
-3.023079146656078020e+00
-6.862998978078728385e+00
-5.689809161155636730e+00
-1.573092821061037760e+00
-1.767012015825350613e+00
-5.922313835532458270e+00
-6.740485668430830302e+00
-2.802128738957888388e+00
-9.876124280347493567e-01
-4.435508439419701077e+00
-7.164246711894240782e+00
-4.488669097947198594e+00
-1.014379874585930708e+00
-2.650523753228660073e+00
-6.598660048188236260e+00
-6.216225008408001962e+00
-2.173458611455489020e+00
-1.192152255328234212e+00
-4.860317287617974102e+00
-7.153590372125131047e+00
-4.370360125155815290e+00
-1.028127563940204325e+00
-2.460055289019711822e+00
-6.357085637712097892e+00
-6.583333066296258806e+00
-2.822512214604162128e+00
-9.149663153648481817e-01
-3.759676933522133613e+00
-6.994764983357613097e+00
-5.752502731283280824e+00
-1.930641922672511779e+00
-1.202974793789977070e+00
-4.602704791276842400e+00
-7.150429353675740174e+00
-5.189360469816663546e+00
-1.564997240970498638e+00
-1.417856911087954419e+00
-4.915609360173148090e+00
-7.163335091234972474e+00
-5.084192915281848357e+00
-1.560154908998768519e+00
-1.364695719783561412e+00
-4.720599097539629696e+00
-7.140817495643892343e+00
-5.460752942022905287e+00
-1.912812721731798504e+00
-1.086288721452593808e+00
-4.001660876797088484e+00
-6.932812920958912883e+00
-6.215739677976265476e+00
-2.783595719875165742e+00
-8.761895628239293465e-01
-2.787845861893782029e+00
-6.173769738087644399e+00
-6.990151625759567722e+00
-4.310298387952067323e+00
1.535384491010053587e+00
