1.530523763793949277e+00
-1.681364873941716187e+00
-4.768466347813820505e+00
-1.496933954205128536e+00
1.526972839487027445e+00
-1.802134331846752202e+00
-4.762664696215115789e+00
-1.377931297699543478e+00
1.519007378653504547e+00
-1.919559254110409396e+00
-4.752599587506428414e+00
-1.261803918025235838e+00
1.506875749310918833e+00
-2.034765390645171923e+00
-4.738394523159297655e+00
-1.147040079225337239e+00
1.490540121930943096e+00
-2.149676686167006689e+00
-4.719809113425093905e+00
-1.031270929491357347e+00
1.469509351096458305e+00
-2.267146234084084444e+00
-4.696043507014812768e+00
-9.111147276981100829e-01
1.442608429904430389e+00
-2.391048944108677077e+00
-4.665519537500543379e+00
-7.825899150118045267e-01
1.407955310116137282e+00
-2.524672147076898021e+00
-4.626269260386180804e+00
-6.438162207579106733e-01
1.363717128144152246e+00
-2.668237713706646197e+00
-4.576774199018478484e+00
-4.962184262062259155e-01
1.308870081375735461e+00
-2.818714056102197940e+00
-4.516713848954335475e+00
-3.444062295142491514e-01
1.244036139479950842e+00
-2.969933570002743384e+00
-4.447920292351625449e+00
-1.960933187400732969e-01
1.172548140949741358e+00
-3.112636019492899031e+00
-4.375531326746010308e+00
-6.210906354013245867e-02
1.101652153512977295e+00
-3.234359962517530107e+00
-4.309178840764716689e+00
4.346727258181082298e-02
1.043112905262288281e+00
-3.321330924169248355e+00
-4.259972532954382274e+00
1.139873641691491191e-01
1.000867450894142197e+00
-3.383737092606740049e+00
-4.217595531158129241e+00
1.828611493942722266e-01
9.460286473739951685e-01
-3.479726976366878333e+00
-4.132295867494951480e+00
3.291253522009187638e-01
8.090304579792848561e-01
-3.692986592248908906e+00
-3.922979534809323710e+00
6.128543139145141705e-01
5.091537153711687136e-01
-4.036133227427646020e+00
-3.518771449371013826e+00
9.906877742407471654e-01
-4.317594213731901220e-03
-4.413500771593250604e+00
-2.905690503294366067e+00
1.328462859817713726e+00
-6.875384598376458323e-01
-4.677985312751310687e+00
-2.204144979768882351e+00
1.501754485201044931e+00
-1.334656843250352498e+00
-4.765344696566630844e+00
-1.700857916730893260e+00
1.424067283717735277e+00
-1.592543062150830302e+00
-4.662483566716516314e+00
-1.796341756584395988e+00
1.404880423510835419e+00
-1.044602856165586680e+00
-4.534975882694946669e+00
-2.857023227045123903e+00
9.380626867190746676e-01
4.679606512068887891e-01
-3.345095170582101929e+00
-4.468460772066391584e+00
-1.360181007170225165e+00
1.349830771136388163e+00
1.240161813352624876e-03
-3.426250470817052474e+00
-4.585028258327934481e+00
-2.270539147558515936e+00
7.209104887881132573e-01
1.225240145063062114e+00
-1.057562199393032198e+00
-3.802915333385018748e+00
-4.614818349726390601e+00
-3.020137712494865401e+00
-4.347609291366996143e-01
1.261308775797307158e+00
1.082725410368585051e+00
-6.599859119836590793e-01
-2.850757153241834541e+00
-4.358493792716647164e+00
-4.591341127766352948e+00
-3.618248471846461811e+00
-1.959902964499654177e+00
-2.656251759130121570e-01
9.477239501376624187e-01
1.419844608633939798e+00
1.144921509866055453e+00
2.952764339609257327e-01
-8.752655765203709581e-01
-2.112269928745293068e+00
-3.211015480559014534e+00
-4.036867531304547896e+00
-4.523964916563034677e+00
-4.662036903274177746e+00
-4.479565256278842611e+00
-4.029058941125104099e+00
-3.375924442291857730e+00
-2.590531044352344381e+00
-1.742918694373782662e+00
-8.994270769706722568e-01
-1.205535838165894269e-01
5.405300706314222214e-01
1.039223158176517670e+00
1.340775444999310340e+00
1.421734855813408194e+00
1.271568107477945242e+00
8.943359982653158458e-01
3.101869022809804477e-01
-4.436770992002880831e-01
-1.312996170803301110e+00
-2.227895991475619120e+00
-3.106249653016176282e+00
-3.859321035669704081e+00
-4.399820679976059523e+00
-4.652131593241808361e+00
-4.563951496188831669e+00
-4.117991169476625579e+00
-3.341757154997436086e+00
-2.312978536938910423e+00
-1.158107700622186265e+00
-4.174897953846290477e-02
8.539742771154268386e-01
1.359152999107241078e+00
1.351369589369992186e+00
7.901620621464140459e-01
-2.579363820522675432e-01
-1.613122935239176048e+00
-3.002379526379858277e+00
-4.108526730663753845e+00
-4.643151541119846293e+00
-4.428998032011675079e+00
-3.469343817077518821e+00
-1.978609141813454597e+00
1.197777033645704092e+00
4.037259114522756320e+00
5.152371792081929414e+00
4.067821534302741959e+00
1.021630226534825825e+00
-3.016369272801041390e+00
-6.608504915128659896e+00
-8.350680605563885806e+00
-7.449628915745519997e+00
-4.138074531274632761e+00
2.947684446395320013e-01
3.950597484813662241e+00
5.127886944534655989e+00
3.157862275385384443e+00
-1.148068519258252707e+00
-5.744181289834483728e+00
-8.282010406509442646e+00
-7.335264827530786569e+00
-3.277846123353850505e+00
1.748692166479558052e+00
4.904062040896040031e+00
4.267909375731226973e+00
8.862725956086547896e-02
-5.181675351863376022e+00
-8.259141587339916768e+00
-7.092339835695883110e+00
-2.318931233524073932e+00
2.962416552041466034e+00
5.150134131836537676e+00
2.634764005944529863e+00
-2.917692254927631623e+00
-7.569557145880208004e+00
-7.884314729721076276e+00
-3.533236792902723522e+00
2.287685087531365902e+00
5.144917751311026244e+00
2.770090806465797861e+00
-3.056432966473988877e+00
-7.766254199403086922e+00
-7.579624412968576586e+00
-2.593984912412821586e+00
3.191884524953404245e+00
5.070390325708261869e+00
1.486965769598402209e+00
-4.639425760009688204e+00
-8.295290354041489067e+00
-6.457881087261108100e+00
-5.642092909856848415e-01
4.476438388410905134e+00
4.234175361376792956e+00
-1.280579711882513738e+00
-7.173885550874425476e+00
-7.798095392499599932e+00
-2.280993808094418540e+00
3.981369034027298248e+00
4.339203589140843143e+00
-1.868011084477881889e+00
-7.850508145308803698e+00
-6.588847993144663739e+00
6.509031326198837508e-01
5.144546104763908723e+00
1.196352820102094094e+00
-6.336680417432486223e+00
-7.847103704157098569e+00
-1.357100632071290836e+00
4.794175155150056433e+00
2.713930090346882373e+00
-4.905722008906966636e+00
-8.330454345144987727e+00
-3.220770907494765467e+00
3.918107085174590054e+00
4.038502902899122837e+00
-3.002409261182479749e+00
-8.293303974645169774e+00
-5.143856697999912519e+00
2.463656594841134861e+00
4.905128798901530196e+00
-9.155692874766965250e-01
-7.630221311183195354e+00
-6.719553006932873274e+00
6.715245339831936722e-01
5.150279753613513201e+00
1.004365935714212954e+00
-5.227620880021844663e+00
