7.092697132100397539e+00
7.880293252615575561e+00
3.374967491736377667e+00
-2.570946727176745661e+00
-4.988658701455324085e+00
-1.887238128776938417e+00
4.113503986866806628e+00
7.882499564510143664e+00
6.059589742140810920e+00
1.571925107875573602e-01
-4.405802049711607715e+00
-3.123530858799577814e+00
2.934890406132260487e+00
7.539644447873460109e+00
5.517258216781657509e+00
-1.079880519766445612e+00
-4.452462190527550767e+00
-1.916288453474308540e-01
6.378051301176167698e+00
6.292305306654485619e+00
-5.583642424061943110e-01
-4.191553058527683007e+00
1.084754260635330425e+00
7.079564324821405741e+00
3.963721663222683045e+00
-3.152669350864083064e+00
-2.016015882224299727e+00
5.431629753788204340e+00
5.834843593206549883e+00
-1.534125869500456929e+00
-3.081208678156587055e+00
3.995252207845830128e+00
6.463841769482108646e+00
-1.725405359421849916e-01
-3.452612952379392475e+00
2.859024202759584909e+00
6.548183636557117104e+00
1.087561371575307412e-01
-3.129253679442365765e+00
4.022351038282449665e+00
5.353565658430374796e+00
-2.437892309687234693e+00
8.535815941853241995e-02
6.388895721744010991e+00
-6.669467363415364503e-01
-1.106525396532148875e+00
6.254291489091617251e+00
-7.584949790563619842e-01
-2.942521730017333415e-01
5.988749557167933446e+00
-2.083649149078507623e+00
1.939333647063081534e+00
4.650327136731783995e+00
-2.805007705577799548e+00
4.143207040426867493e+00
2.744778402234450354e+00
-2.450584072073683117e+00
4.768782055887639260e+00
2.636442285648215478e+00
-2.532957003546843389e+00
2.668837628554824981e+00
5.399701304967409854e+00
9.254715166705993479e-01
-2.289177391238819581e+00
-1.171313097701963013e+00
1.492184207850594246e+00
3.475332010509337710e+00
4.450424721968261998e+00
4.791307588678106910e+00
4.803984951281009330e+00
4.584556949653167734e+00
4.089822001776298066e+00
3.247822772336870223e+00
2.063446363927881944e+00
6.857204682005549889e-01
-6.027204476764964625e-01
-1.483560999382966372e+00
-1.739989256289439901e+00
-1.350688496411447836e+00
-4.849269506511859618e-01
5.889752937831571611e-01
1.618023675400098949e+00
2.439262389964864219e+00
2.992075781454446304e+00
3.284369838594250801e+00
3.343206628334150388e+00
3.173869551744016526e+00
2.741399121392572802e+00
1.988517253968611564e+00
9.118632013116582113e-01
-2.908605302516911184e-01
-1.071047277388343932e+00
-6.300832051769678088e-01
1.367936071030016132e+00
3.673458959526602730e+00
3.652307522727872513e+00
7.067170554786095238e-01
-7.571531876469586031e-01
2.373086759079067853e+00
3.530522477811505411e+00
-2.869552733381839360e-01
1.376816484185347633e+00
3.372218842938770944e+00
-5.674844543932469065e-01
3.212255567659529465e+00
6.013774694232278950e-01
2.046109620826697117e+00
1.287971601257209997e+00
1.953613695931978755e+00
8.198318349675848271e-01
2.845548042945897471e+00
-1.473774119599551291e-01
3.224697026675999112e+00
8.266587945770698109e-01
8.151205322689367705e-01
3.198051211822468431e+00
8.643734454054199379e-01
4.240248372067667582e-01
2.769473225144218453e+00
2.397986143473318510e+00
3.924483207014219932e-01
5.992100605315326955e-01
2.380791730227878933e+00
2.877642148864014260e+00
1.572136556582876432e+00
2.929411409363069652e-01
5.375483456643079805e-01
1.954672392828584515e+00
2.985988180028799732e+00
2.514919800257817695e+00
9.732860195941706039e-01
1.247821508925106571e-02
8.702184354655382315e-01
2.716881712564299001e+00
3.051691302561279073e+00
1.006215672637961855e+00
-1.493772680162839261e-01
2.215336895788523108e+00
3.116040801795114223e+00
-9.867592607524122705e-02
1.802329047893342695e+00
2.657935057212131191e+00
-1.586905105355282952e-01
3.462226584376351113e+00
-1.028321233270912405e-01
2.198983563453039025e+00
3.049138191778298701e+00
-3.988069698071348146e-01
-3.159643616558098778e-01
1.137311959911164294e+00
1.821894427371556935e+00
1.563245495508775784e+00
5.040896545165423071e-01
-7.842914032878249841e-01
-8.982729014480943519e-01
1.186713131393129617e+00
3.885294985174510440e+00
3.944920764031025318e+00
1.015542163767577666e+00
-1.301450985938939819e+00
-3.417341545581704665e-01
2.518131447580935323e+00
4.465778396302889419e+00
4.470005126441204624e+00
3.310457122408367425e+00
2.063674586996950833e+00
1.297352499310916452e+00
1.168515288128852525e+00
1.731088615359214211e+00
2.989098115675882461e+00
4.534534848141539953e+00
5.022245474589293934e+00
2.755781162343565516e+00
-1.207810455306694397e+00
-1.297282172633849928e+00
3.957284800348869869e+00
4.035566909193191165e+00
-2.022556597270227741e+00
1.978815382989550065e+00
4.579096771144635980e+00
-2.387370455453755369e+00
3.960719584430839824e+00
1.954235795980968193e+00
-1.375893681468781882e+00
5.761122238670266071e+00
-1.873937155192050508e+00
2.229096398341495533e+00
4.500010650656039779e+00
-2.755461407001756236e+00
2.237130916873673936e+00
5.924063660621666116e+00
1.118469437567184643e+00
-2.671171141913155189e+00
-2.932983444081257218e+00
-2.609535197486517077e+00
-3.114653979351363233e+00
-2.231926591388101233e+00
4.007705487119936905e+00
4.275496889724843541e+00
-2.825572721175191759e+00
5.773170879731852168e+00
-6.147271465347836639e-02
-2.358142698444057661e+00
4.404295240092739760e+00
6.789350594970673392e+00
5.531123579327605455e+00
3.762475141716981053e+00
2.380477359662875880e+00
1.089621143334411846e+00
-7.120177557007156821e-01
-3.144799331272341014e+00
-3.435069307740132416e+00
4.227234843241864048e+00
2.972351626392512713e+00
1.687341784341128470e+00
-4.208954877172399911e+00
-4.186233128340887788e+00
9.328352295747091016e-01
1.164720790032910624e+00
7.459530671487075715e+00
7.599359443870753239e+00
4.528351533364693537e+00
-4.556845082845094375e+00
7.421689314426019202e+00
-4.633030831139074657e+00
4.291279780371091590e+00
6.981633448775554918e+00
-3.729672040507483466e-01
-4.788871848366110129e+00
-2.897800617130249279e+00
2.735518823755241691e+00
7.643534138297200187e+00
6.524363924090903488e+00
-1.636523103699814019e+00
-4.170358318961244315e+00
7.118619178167313599e+00
2.378726494710423633e-01
8.794875693783364978e-01
7.520660516340740287e-01
7.031822982926777321e+00
-3.810825376483524707e+00
-4.901340322249618353e+00
-2.974974656518351246e+00
-4.193500255039042557e+00
-5.322827356080844119e+00
4.717556334714410049e+00
3.316667089444217176e+00
4.060404813905253985e-01
-3.232920587710445659e+00
1.569342209616325867e+00
