2.711305222616957167e+00
2.200041821087378224e+00
9.209988190038053135e-01
8.057932489064073556e-01
2.034210286757091701e+00
2.740527979989165086e+00
1.843525351592716133e+00
7.122032717774851029e-01
1.084083464449094869e+00
2.390645437716170552e+00
2.617978590434422159e+00
1.412706408130489422e+00
6.376653929123001774e-01
1.493066378284540807e+00
2.654759569122874474e+00
2.324905424613214588e+00
1.015304230881414416e+00
7.484705708559014070e-01
1.931818465374260274e+00
2.744967365614805921e+00
1.948324267377465002e+00
7.617279713522957518e-01
9.786394707534236126e-01
2.261775893118555647e+00
2.695154368641506704e+00
1.651700768568262978e+00
6.678278717114201068e-01
1.155670426135536832e+00
2.400395738966305537e+00
2.650009380822918814e+00
1.579664844901835341e+00
6.642069983407541400e-01
1.117839494529079492e+00
2.317310835522507162e+00
2.708691930040177276e+00
1.821245918905810113e+00
7.790823691159958209e-01
8.385769032250266486e-01
1.897737501321933529e+00
2.712351966046855800e+00
2.379812297291738599e+00
1.300291136616157583e+00
6.438963647610929097e-01
1.072148044178414139e+00
2.115670416783589136e+00
2.735966942746969721e+00
2.364955009634345462e+00
1.382687804800466935e+00
6.842470945949021832e-01
8.546518849598300216e-01
1.717689561673964693e+00
2.704424952443927666e+00
2.898595059872687063e+00
2.195749000845281351e+00
1.143597067499662723e+00
4.827936271932857792e-01
6.279174446127329112e-01
1.442242519827209968e+00
2.393231608232873509e+00
2.919826102800554768e+00
2.754364886705277016e+00
2.027427219848605411e+00
1.143968597610214077e+00
5.428835477341484861e-01
4.839105424027576596e-01
9.567825365093711731e-01
1.726629553725212096e+00
2.465259072164419418e+00
2.894367957247244938e+00
2.881372866365771834e+00
2.462914904976353014e+00
1.804851847717753754e+00
1.127784881756715762e+00
6.308464169589460546e-01
4.378648855109514848e-01
5.762547224535703450e-01
9.863470134617072782e-01
1.550958635870095526e+00
2.132531519241848805e+00
2.606947960151058119e+00
2.887145058735955061e+00
2.934045090501842701e+00
2.755839927462475636e+00
2.398786337695728577e+00
1.933440953925145367e+00
1.439783498086111280e+00
9.937508566509478669e-01
6.568431539370114258e-01
4.695809500110024182e-01
4.488638685848198584e-01
5.887624900509256243e-01
8.639664349207202276e-01
1.234982619885095723e+00
1.654186483332723334e+00
2.071931669589644809e+00
2.442081056698206076e+00
2.726502583009771996e+00
2.898253845509288773e+00
2.943344301976591915e+00
2.861103815568396769e+00
2.604311685236776697e+00
2.330874133899694556e+00
1.998085969403324169e+00
1.638613860157196456e+00
1.286382915745315714e+00
9.735443118056844591e-01
7.277689972804833873e-01
5.700542220405329097e-01
5.131794282583475031e-01
5.608935057547257408e-01
7.078596251946978057e-01
9.403297602587183945e-01
1.237471308327668273e+00
1.573225378053392243e+00
1.918542465188595392e+00
2.243818112158912470e+00
2.521339973732501960e+00
2.727559140597116905e+00
2.845012598315159735e+00
2.863749606999452801e+00
2.782151137205135960e+00
2.607076147578524683e+00
2.353318666488628530e+00
2.042412061764029119e+00
1.700867932971207308e+00
1.357983004591746035e+00
1.043384634800591737e+00
7.845108867640339101e-01
6.042320170402204482e-01
5.188151245962395741e-01
5.364121115863786926e-01
6.562138400968737795e-01
8.683625531220768856e-01
1.154653653316022321e+00
1.489991287898425387e+00
1.844495180385638866e+00
2.186094527053276337e+00
2.483394265335061135e+00
2.708564821448965709e+00
2.839992710517303287e+00
2.864438730573984238e+00
2.778483694083746514e+00
2.589097256781966561e+00
2.313239792022259156e+00
1.976494693385425716e+00
1.610821514389330078e+00
1.251610353038014045e+00
9.342958195822212986e-01
6.908461888875105927e-01
5.464726885167350279e-01
4.543864747589396735e-01
5.487600527130680472e-01
7.604942426618204188e-01
1.069141097588077294e+00
1.443742702287191593e+00
1.845781092298405923e+00
2.233041036719943584e+00
2.564014081286590141e+00
2.802392840598556756e+00
2.921169461898609931e+00
2.905868684669198565e+00
2.756516000118836018e+00
2.488061138550236251e+00
2.129136497776406234e+00
1.719213738072359776e+00
1.304410033148887038e+00
9.323666093887843509e-01
6.467546685241065685e-01
4.820388624391238608e-01
4.591328663896570017e-01
5.825095190125257893e-01
8.391826668616177987e-01
1.199771858418545278e+00
1.621615626206570182e+00
2.053642264713635868e+00
2.442470500019342516e+00
2.739027976588780167e+00
2.904870607762923385e+00
2.917379918055262866e+00
2.773116425705251409e+00
2.488809176751318741e+00
2.099745036374367491e+00
1.655653984486870955e+00
1.214526911064266024e+00
8.351043995317093405e-01
5.689945501626052504e-01
4.534788959325151136e-01
5.060256144226236152e-01
7.213444712633363398e-01
1.071504531861585452e+00
1.509229668548296432e+00
1.974040434694783519e+00
2.400485976870297744e+00
2.727369791422860956e+00
2.906673920395677957e+00
2.910866376704896563e+00
2.737450837633638834e+00
2.409972302744793904e+00
1.975185352690345342e+00
1.496656501025892538e+00
1.132282941454874958e+00
8.247746033174329083e-01
6.477658865655198106e-01
6.296298489546328092e-01
7.747299122123845194e-01
1.062179022160597786e+00
1.448523628180517608e+00
1.874071215338889207e+00
2.271984045542682740e+00
2.578778131764046133e+00
2.744581032729652037e+00
2.741473028967893022e+00
2.568482561880976345e+00
2.252302223511924772e+00
1.843466025275046105e+00
1.408477409520288770e+00
1.019076882240197435e+00
7.403660099869493472e-01
6.197614578396504204e-01
6.786811188069381551e-01
9.084610717548659009e-01
1.271322307058586176e+00
1.706356958542609270e+00
2.139627857869900840e+00
2.496727061927997759e+00
2.715657443815448602e+00
2.757783518714748361e+00
2.614878664997571711e+00
2.310939731250091445e+00
1.898342560134152368e+00
1.448917267665450037e+00
1.041449314404311099e+00
7.477886047647868129e-01
6.200420859846447197e-01
6.811714709091867270e-01
9.207389839644910534e-01
1.296620832823305758e+00
1.742406154794439166e+00
2.179168303002185336e+00
2.529500954401610269e+00
2.731299230995831273e+00
2.748812496372274872e+00
2.578990526863158106e+00
2.251995852978258217e+00
1.825805405324067765e+00
1.375882662623749031e+00
9.817765354508395381e-01
7.130398828728328198e-01
6.169664017952189994e-01
7.732101543675629074e-01
