6.192295588704453735e+00
7.112078309724187086e+00
3.437607959590992301e+00
-1.841654131341192713e+00
-4.501363501562442693e+00
-2.462527218036121734e+00
2.584357536234718644e+00
6.579302047903555994e+00
6.358834066696261722e+00
2.160763271318405288e+00
-2.615283581820043057e+00
-4.160557669523281987e+00
-1.294510678669058112e+00
3.635375059376876994e+00
6.675371961852251346e+00
5.436368966885789078e+00
9.707882753375773888e-01
-3.118434373536537407e+00
-3.584637923515966662e+00
-1.149517053393054322e-01
4.467600545097513809e+00
6.500444106480409268e+00
4.408738858581167541e+00
-7.601226612761169399e-02
-3.347820415015012152e+00
-2.825604247280309345e+00
1.011129899628018247e+00
5.055452041683078157e+00
6.088699582689724110e+00
3.341923918454471121e+00
-9.352519483575085779e-01
-3.316267933333756801e+00
-1.942749365675965567e+00
2.026109041965108659e+00
5.389428259835953305e+00
5.486082710204239987e+00
2.299858234043104854e+00
-1.576719698897335764e+00
-3.051431656950372329e+00
-9.988636945146303070e-01
2.883000483778041634e+00
5.476179850473547717e+00
4.747133128787362821e+00
1.340575331875081044e+00
-1.985806527586531534e+00
-2.593633643515396159e+00
-5.622364438922877738e-02
3.548082063798987384e+00
5.337617908425484892e+00
3.931288302337548224e+00
5.126814057204347463e-01
-2.164008522389339717e+00
-1.992894211948264438e+00
8.275276089185197304e-01
4.002870383444290248e+00
5.009027408019232297e+00
3.098381001061874862e+00
-1.483188686128593670e-01
-2.128623309610316650e+00
-1.304392852677142223e+00
1.604849650179033915e+00
4.245925651791369937e+00
4.535230943468887332e+00
2.302046432188691760e+00
-6.236811994441255891e-01
-1.910093336801044206e+00
-5.818408331832181091e-01
2.242785133648496299e+00
4.291066915376850588e+00
3.964379869308112259e+00
1.585038012394585749e+00
-9.102747364893160054e-01
-1.546294744225633622e+00
1.274647025760302643e-01
2.722898592736149759e+00
4.162855695600611305e+00
3.343256026832152283e+00
9.778673849532371065e-01
-1.019116643880268125e+00
-1.081272373140133691e+00
7.834472992618335407e-01
3.047087033604542583e+00
3.912327045549043980e+00
2.732422206847034296e+00
4.800616410343453433e-01
-1.048106780876898458e+00
-6.435104312197197363e-01
1.358788607569646700e+00
3.349465377627145912e+00
3.733339379369972288e+00
2.207149971961430257e+00
8.995797290198837004e-04
-1.111866533361389298e+00
-2.395224363538011048e-01
1.912534665608496720e+00
3.611589589532521849e+00
3.492581118766602266e+00
1.655175529832139780e+00
-4.192312009388825533e-01
-1.061863566654911217e+00
2.407670385108915401e-01
2.436515691379734339e+00
3.757631021040256591e+00
3.144166810680764534e+00
1.094228956775766370e+00
-7.410151432121723225e-01
-8.878142210378232591e-01
7.669165430588873456e-01
2.889670132603455066e+00
3.776054102520979505e+00
2.719318917954502091e+00
5.724858446222901298e-01
-9.420769091976177734e-01
-6.150762904979194534e-01
1.286769719113619148e+00
3.239874037046804212e+00
3.678230222050108633e+00
2.243926451160062285e+00
8.883004767896185427e-02
-1.032883252995637768e+00
-1.870532877767470126e-01
1.944583422579893028e+00
3.583823196296276770e+00
3.326110792345213341e+00
1.364538978380967604e+00
-6.106033612555497037e-01
-8.433729520472574848e-01
9.082668231903732181e-01
3.075387720700906602e+00
3.646338287383090293e+00
2.048744134462348931e+00
-2.219947784385134515e-01
-9.557196538031629274e-01
6.089872409750730631e-01
2.933891989971971093e+00
3.641124056981567936e+00
1.959294847951146501e+00
-3.691916822717651314e-01
-8.415001394977923432e-01
1.094025188000876891e+00
3.324457165229707467e+00
3.334956506921456842e+00
1.077786542496015798e+00
-8.606774216692731905e-01
-1.958530954168686833e-01
2.315839173003222839e+00
3.672819310228968792e+00
2.210308188464909396e+00
-3.032407804804850837e-01
-7.604557178137967277e-01
1.426389352036339098e+00
3.522169251694330150e+00
2.873045769554383178e+00
2.945268777626071088e-01
-9.262136748686735643e-01
7.731139083312170701e-01
3.213469228841210334e+00
3.270707347534224319e+00
8.836818945668077907e-01
-8.961132426255455918e-01
1.749056775092867611e-01
2.721530405961473331e+00
3.562578257729704490e+00
1.693194094256120108e+00
-5.840422676207872588e-01
-5.329509941236350024e-01
1.812946022943731528e+00
3.651102475305242123e+00
2.551794017911611423e+00
-2.715132672871443109e-01
-7.895197078596227769e-01
2.150052356889117000e+00
3.826392419704704118e+00
8.952996500223886489e-01
-1.204665530840276055e+00
2.160179692205554502e+00
3.777071377559849452e+00
-3.456111997700459515e-01
-3.620226134359945114e-01
3.973215576937077831e+00
1.717363569799546852e+00
-1.546996525848285842e+00
2.368859727757654632e+00
3.998304009190752240e+00
-2.776617555607077126e-01
-1.371780969168340469e+00
2.199980095261049318e+00
4.509416626174767018e+00
3.708438491645230428e+00
1.788852524468764749e+00
2.015830371713882574e-01
-7.853280107174867020e-01
-1.335036125974700116e+00
-1.638377305918004900e+00
-1.820914807783768019e+00
-1.953869841382058770e+00
-2.075874895925430064e+00
-2.201170239228252612e+00
-2.313007468516059095e+00
-2.347348325929426771e+00
-2.176665826983756880e+00
-1.613787824877898736e+00
-4.696961738233362826e-01
1.301978183825591273e+00
3.396172984763104363e+00
5.035895438183443318e+00
5.206504660506166005e+00
3.357368198847453300e+00
1.638726899193148068e-01
-2.435662891837417465e+00
-2.420066484531277595e+00
5.300366893776063959e-01
4.273996636028559948e+00
5.658347389948398920e+00
3.302445115316321456e+00
-8.640650826283802211e-01
-3.113722791925684241e+00
-1.332313906977837359e+00
2.928898623762942854e+00
5.836785859334802318e+00
4.793957759828916920e+00
7.357939610782627815e-01
-2.833087261679945179e+00
-2.959849557264112363e+00
3.714099416390653774e-01
4.476247556654147530e+00
6.273932990591594816e+00
4.575918397043865049e+00
6.914197638544584690e-01
-2.756325744074372253e+00
-3.661308358740835267e+00
-1.625212323224495492e+00
2.060950443407768340e+00
5.358061949434005378e+00
6.627257282003188976e+00
5.362166607413452191e+00
2.260739468113079020e+00
-1.238194025266258880e+00
-3.639104539315763276e+00
-3.984344561255574568e+00
-2.167672877760967065e+00
1.083009154626652037e+00
4.497100148825599497e+00
6.715287714249344120e+00
6.778135951433980289e+00
4.522681323135344655e+00
7.665443339900696040e-01
-2.860393286394772971e+00
-4.532426702165390786e+00
1.355202782367679326e+00
