2.612296363171943803e+00
3.040994963925649941e+00
2.329978068745472974e+00
9.529549971732769187e-01
-1.733070663062212802e-01
-2.993301898050721999e-01
6.583297276868621539e-01
2.061833440930438410e+00
2.976884318725236511e+00
2.794679099546935497e+00
1.636957822100067128e+00
2.746645675063232872e-01
-3.854357901475065074e-01
9.568475881692584117e-02
1.397323221258903292e+00
2.652817868446638805e+00
3.026592127834350610e+00
2.270260632658101407e+00
8.876890146227517375e-01
-2.006795838101509410e-01
-2.706069232087215948e-01
7.240071459834568346e-01
2.120735694244715752e+00
2.989810244080860713e+00
2.753045200324868880e+00
1.568498127932961062e+00
2.249558800492978961e-01
-3.833164931339385628e-01
1.481992332967108084e-01
1.465258740239793189e+00
2.690951403294701727e+00
3.009555628443944197e+00
2.209416926081881893e+00
8.235531726351486004e-01
-2.254187276887402724e-01
-2.395004720955948851e-01
7.902314029383452620e-01
2.177985234292923344e+00
2.999984886155603991e+00
2.709393181030262276e+00
1.500096441419021875e+00
1.773418449469454927e-01
-3.784609674424390668e-01
2.022699933538727457e-01
1.532535219968762519e+00
2.726650151349467421e+00
2.989929930930587343e+00
2.147553061535524943e+00
7.606446344542575622e-01
-2.475008230578659152e-01
-2.060762524299806220e-01
8.568914871149916346e-01
2.233498833374334858e+00
3.007407242854764462e+00
2.663804268595610925e+00
1.431863320548914409e+00
1.318931356593628923e-01
-3.708790540221440502e-01
2.578153659481345894e-01
1.599040637447465496e+00
2.759812022122539510e+00
2.967650453413700262e+00
2.084689804302399807e+00
6.991756352197354696e-01
-2.664564598687539920e-01
-1.698167166541635353e-01
9.240820559275038093e-01
2.286592767310485108e+00
3.010811668012965292e+00
2.615231439709112315e+00
1.363874102210188122e+00
9.007060392855947839e-02
-3.584919347872224105e-01
3.161129499552646216e-01
1.664175893164281161e+00
2.788139972258346866e+00
2.940205498307104648e+00
2.019858552678954311e+00
6.403062759000903714e-01
-2.800894934591313667e-01
-1.291616622180693508e-01
9.919022106271886408e-01
2.336396394531089271e+00
3.009454274906348203e+00
2.563652445233921995e+00
1.296440266717485024e+00
5.167576659986683474e-02
-3.423136370388946137e-01
3.760592038305750062e-01
1.727962993214162246e+00
2.813312386367628370e+00
2.910036678617812456e+00
1.954465118371917054e+00
5.832341548393947805e-01
-2.908625869227003946e-01
-8.649783796341647957e-02
1.059571827265323396e+00
2.384018122392691730e+00
3.005348115668638798e+00
2.510586949850988070e+00
1.229766154577294657e+00
1.577629607789043931e-02
-3.235674724321273565e-01
4.369369749446597728e-01
1.790427011833818804e+00
2.835789672342145629e+00
2.877595560456094326e+00
1.888734310330714150e+00
5.279827912200307782e-01
-2.988701287806507789e-01
-4.196503156110997779e-02
1.126970412647720909e+00
2.429410450707851332e+00
2.998539112276503271e+00
2.456144389462466826e+00
1.163956955250256886e+00
-1.759204548234416521e-02
-3.023080315367692172e-01
4.986373643433495984e-01
1.851471799165692822e+00
2.855541372619894158e+00
2.842927109763238924e+00
1.822762763784309126e+00
4.746783822671631903e-01
-3.039640155071474670e-01
4.560147219873522673e-03
1.194021010637686953e+00
2.472109298210769524e+00
2.988282080225930670e+00
2.399796996944874472e+00
1.099279263274165030e+00
-4.724545321339812531e-02
-2.770529283309199897e-01
5.618780067699705727e-01
1.910307776681857916e+00
2.870532217239023964e+00
2.804021373772573877e+00
1.756028473150032632e+00
4.248140792019959866e-01
-3.035934536803608363e-01
5.488008205637928683e-02
1.260656904630528707e+00
2.510621280996838678e+00
2.973040020944083039e+00
2.341002230467815082e+00
1.036116611107216201e+00
-7.272671691798593407e-02
-2.479279916951933060e-01
6.261729791007830670e-01
1.966948412117671463e+00
2.881829654947163366e+00
2.762499755426916170e+00
1.689371098285084027e+00
3.774061847667400382e-01
-3.002195069995483578e-01
1.067424105489895858e-01
1.326446746124746889e+00
2.546541593318643937e+00
2.955213762767844088e+00
2.281343916440936148e+00
9.743691392069846469e-01
-9.546779193613263992e-02
-2.165652845495227297e-01
6.907158824453160095e-01
2.021686029813592800e+00
2.890342872480179626e+00
2.719166903920672063e+00
1.623079958685537783e+00
3.322960347891609212e-01
-2.941475746484389919e-01
1.599067312628021931e-01
1.391277161084172098e+00
2.579881634615406760e+00
2.934905272267361198e+00
2.220953596479862568e+00
9.141258119508124391e-01
-1.154712891758993276e-01
-1.830544175421431330e-01
7.553879385341591979e-01
2.074447854297774896e+00
2.896089065178086841e+00
2.674115787747947337e+00
1.557265545133204698e+00
2.895528552311452675e-01
-2.853728921632678883e-01
2.143207211933504386e-01
1.455034410275929613e+00
2.610426786461884419e+00
2.911813312813400501e+00
2.159668010288070761e+00
8.556874838537725791e-01
-1.319024928101553140e-01
-1.464569412052028063e-01
8.204897868407915462e-01
2.124411965930292023e+00
2.897412144606252404e+00
2.625900367678638325e+00
1.491827035732167017e+00
2.507549624193106119e-01
-2.715258370926638687e-01
2.715339966164418417e-01
1.517299634974397682e+00
2.636103770817050052e+00
2.883796638540007784e+00
2.096701711129782097e+00
7.997679076569355061e-01
-1.435411897405394210e-01
-1.061181267130490991e-01
8.858911001765058524e-01
2.171313542959851350e+00
2.894619633933014136e+00
2.575331956887463747e+00
1.427195100076736889e+00
2.150905285345876550e-01
-2.545222938725704154e-01
3.298259684995772378e-01
1.578036208569045584e+00
2.658861092245728752e+00
2.853475287245173408e+00
2.033544955305067070e+00
7.458468927031933760e-01
-1.523526391512022293e-01
-6.401046008777377949e-02
9.508331820123495648e-01
2.215842775319267766e+00
2.889126090839154060e+00
2.523532287059388146e+00
1.363618679658912702e+00
1.820624097259100349e-01
-2.350586538336678633e-01
3.887643356971737241e-01
1.637177219438720854e+00
2.678845543185809142e+00
2.821050975498589075e+00
1.970354423044631709e+00
6.939815911129355586e-01
-1.583896132563757941e-01
-2.025734257869160615e-02
1.015197453523214666e+00
2.257957920524726436e+00
2.880991219166450179e+00
2.470622683792855767e+00
1.301201032869907737e+00
1.516879762806260246e-01
-2.132146064007962583e-01
4.482254178913537279e-01
1.694637210017572837e+00
2.696066644154218483e+00
2.786621753881213692e+00
1.328835644571480845e+00
