-1.954638345417986756e+00
-2.116545753496193782e+00
-2.435429074434015906e+00
-2.403363062888076218e+00
-2.073881776737193317e+00
-1.965640558144168937e+00
-2.249009544726277898e+00
-2.478438129635888387e+00
-2.284789082475196409e+00
-1.975339567954020881e+00
-2.066765942931191979e+00
-2.409508439450949613e+00
-2.424956494051295319e+00
-2.109121898527538619e+00
-1.951259655631713885e+00
-2.139979799108762570e+00
-2.414659078305315010e+00
-2.458943734514339230e+00
-2.239616988470462644e+00
-1.996072876582027700e+00
-1.977794508575756893e+00
-2.201642697666288839e+00
-2.439687781052717330e+00
-2.443659656197812335e+00
-2.202151831927365411e+00
-1.972114482421322368e+00
-2.016395675041879443e+00
-2.295358753413798691e+00
-2.478356868338200236e+00
-2.328884532840735044e+00
-2.028584344218089086e+00
-1.977187989534230361e+00
-2.254230710970729135e+00
-2.476530673551646355e+00
-2.323841268935717963e+00
-2.013078164682516213e+00
-1.994472125173951227e+00
-2.294185903980926255e+00
-2.479162092693052877e+00
-2.287359291819142992e+00
-1.993802900251847809e+00
-2.007989649694513545e+00
-2.305769498089162983e+00
-2.479142464767447596e+00
-2.296888232039719036e+00
-2.005538553586837303e+00
-1.991020239959209182e+00
-2.270129230002574161e+00
-2.476445148056672263e+00
-2.342192551885529550e+00
-2.042825242696028720e+00
-1.965662842150475154e+00
-2.209609005048395414e+00
-2.459988292986647451e+00
-2.394634131211466510e+00
-2.097722302295051744e+00
-1.951270039683267843e+00
-2.144015384387151890e+00
-2.427912900827897236e+00
-2.436550881665666690e+00
-2.158149988706825617e+00
-1.952844039953089972e+00
-2.087566696255461096e+00
-2.387906883795045676e+00
-2.462215436025523729e+00
-2.212402708436807419e+00
-1.965366381617816627e+00
-2.046499282987218837e+00
-2.349853376185541354e+00
-2.474289261069230417e+00
-2.253730270103202482e+00
-1.980917249419536397e+00
-2.020441422879289739e+00
-2.320431523907007687e+00
-2.478392281474987691e+00
-2.280870641045682046e+00
-1.993736189181416485e+00
-2.005744510954040827e+00
-2.301386313677429296e+00
-2.479191428059641655e+00
-2.296683947690615124e+00
-2.002239778961142580e+00
-1.997759283010680953e+00
-2.312514541932045198e+00
-2.559854178620466048e+00
-2.335346874111216220e+00
-1.945881161516210600e+00
-1.923750609696694092e+00
-2.299060216460019568e+00
-2.559067534873571415e+00
-2.348891621890482728e+00
-1.955574022526415101e+00
-1.915674772246591662e+00
-2.283427982937092260e+00
-2.557420648658304874e+00
-2.364351307384234602e+00
-1.967378428662228895e+00
-1.907199546244308319e+00
-2.265667200957313110e+00
-2.554677969643379232e+00
-2.380858073329895408e+00
-1.980851460702579336e+00
-1.899021770854213642e+00
-2.246669910476149834e+00
-2.550758334907200719e+00
-2.397596187912877763e+00
-1.995574374536059015e+00
-1.891576787846391161e+00
-2.227051190160872718e+00
-2.545667124229123779e+00
-2.414049501769275796e+00
-2.011226832575645496e+00
-1.885104891577168873e+00
-2.207231518491961531e+00
-2.539461263987894402e+00
-2.429895039609495377e+00
-2.027557219956774848e+00
-1.879724029869130897e+00
-2.187502270671266125e+00
-2.532225131795467821e+00
-2.444934585203639266e+00
-2.044364076570828193e+00
-1.875476485058909404e+00
-2.168067833035046910e+00
-2.524055579967769969e+00
-2.459050916911774465e+00
-2.061483525664412841e+00
-1.872358216213904969e+00
-2.149072964041179201e+00
-2.515053168658614169e+00
-2.472179917182805386e+00
-2.078780540805432064e+00
-1.870337117558061868e+00
-2.130620587190569459e+00
-2.505317150425784511e+00
-2.484292841369712512e+00
-2.096142972973758845e+00
-1.869364404024102200e+00
-2.112783264992256882e+00
-2.494942482566181230e+00
-2.495385053953171894e+00
-2.113477714636748050e+00
-1.869381869708631516e+00
-2.095610415275495075e+00
-2.484017720852080835e+00
-2.505468865564572489e+00
-2.130708644664479401e+00
-1.870326805336140374e+00
-2.079132550400218271e+00
-2.472622992899852434e+00
-2.514568960804933972e+00
-2.147776226163175650e+00
-1.872135787225306158e+00
-2.063363274010987958e+00
-2.460827380693221489e+00
-2.522719446145782474e+00
-2.164638878226617713e+00
-1.874748268024736930e+00
-2.048299358271759463e+00
-2.448684980955116330e+00
-2.529961864112191705e+00
-2.181276553362035298e+00
-1.878110858487458401e+00
-2.033918879601145591e+00
-2.436228650332952661e+00
-2.536343662998424620e+00
-2.196353892281647902e+00
-1.855848372194808249e+00
-2.004772381366577427e+00
-2.439998862117997103e+00
-2.567838347499628249e+00
-2.213892532503186406e+00
-1.860990681052951512e+00
-1.990551870208650209e+00
-2.425835387999754733e+00
-2.573034783889093458e+00
-2.231341981171290456e+00
-1.866890147858526028e+00
-1.976857814289750603e+00
-2.411227172572006250e+00
-2.577443592406514661e+00
-2.248763792516557558e+00
-1.873560037087168340e+00
-1.963662656692395814e+00
-2.396156091498280016e+00
-2.581064399030722711e+00
-2.266153401843919557e+00
-1.880998354367835024e+00
-1.950990042178339046e+00
-2.380650982209082667e+00
-2.583882760517810073e+00
-2.283460072548465281e+00
-1.889186484676824707e+00
-1.938883952464932614e+00
-2.364760261094310145e+00
-2.585885966826391158e+00
-2.300628703699409972e+00
-1.898101685179877318e+00
-1.927382441743801689e+00
-2.348529668282877569e+00
-2.587066641969790304e+00
-2.317610800451405773e+00
-1.907720294499066993e+00
-1.916517226032355969e+00
-2.332002187271432714e+00
-2.587421357129195965e+00
-2.334362467184646128e+00
-1.918017773511542901e+00
-1.906315498646898643e+00
-2.315219046684362514e+00
-2.586949705344991912e+00
-2.350843065202998794e+00
-1.928968711384314361e+00
-1.896801031067335774e+00
-2.298220324580176221e+00
-2.585653736851021733e+00
-2.367014414697259372e+00
-1.940546854133808896e+00
-1.887994832966243264e+00
-2.281045269201380954e+00
-2.583537592103444247e+00
-2.382840355360220208e+00
-1.952725187661212392e+00
-1.879915542960415520e+00
-2.263732403330215526e+00
-2.580607226284471700e+00
-2.398286553285751133e+00
-1.965476105013055808e+00
-1.872579659341539582e+00
-2.246319441962809638e+00
-2.576870147107739317e+00
-2.413320491619980857e+00
-1.978771697360637516e+00
-1.866001684200926380e+00
-2.228843019043204698e+00
-2.572335094386996701e+00
-2.427911618255695902e+00
-1.992584230235914244e+00
-1.860194239729866972e+00
-2.211338249784919885e+00
-2.567011654455072289e+00
-2.442031191055547001e+00
-2.006885933737750705e+00
-1.855168747075595315e+00
-2.193840957512694256e+00
-2.560911070962712532e+00
-2.455649278240171984e+00
-2.021645903720306503e+00
-1.850936148338850451e+00
-2.176763733432377723e+00
