1.675161551002910754e+00
3.592205197050534426e+00
1.001440963516807781e+00
-3.681006141340870119e+00
2.287216125865139116e+00
2.982331035454656165e-01
-1.626255805466440885e+00
2.342680061668615199e+00
-1.913076824908205742e+00
1.004986608089867062e+00
1.117983908071301657e+00
-3.286825783772218568e+00
4.937399132298264881e+00
-3.813693096706304519e+00
3.160396674548401341e-01
4.084213234782260393e+00
-5.107146747710117118e+00
1.880082982936442493e+00
3.576624724888722184e+00
-5.610273624601153308e+00
2.671925327702521891e+00
3.121515963575557162e+00
-5.996320210531008499e+00
4.154011504739314908e+00
1.228336715992613737e+00
-5.445182252385401434e+00
6.478956692058024380e+00
-3.646835349620264122e+00
-4.518595792589214510e-01
4.458788936316038232e+00
-6.526882821903235765e+00
7.268454197300334485e+00
-6.504448384318467724e+00
5.610410416582908510e+00
-4.419983087415246814e+00
3.977918598420748797e+00
-3.755096287044324299e+00
4.516771265003860059e+00
-5.494236429757729745e+00
7.124734877907083153e+00
-8.099823858478098160e+00
8.136447663964958110e+00
-5.438168262471684500e+00
3.964656890246882059e-01
5.958852496374025698e+00
-8.787087740938844149e+00
4.916088995454546584e+00
4.469670228540763901e+00
-9.005787528861427305e+00
1.859780386662555962e+00
8.588566624294342589e+00
-4.288896825461052664e+00
-7.896199958959023490e+00
3.735937125225401445e+00
8.784225220269540557e+00
4.170618712397546335e-01
-7.958594635750146473e+00
-6.343375400401915165e+00
1.768571157290389273e+00
7.775036809293784934e+00
7.417259544706943153e+00
2.308007105132191317e+00
-3.559559849585548275e+00
-7.146256573017200076e+00
-7.497774629810867175e+00
-5.255924892213617028e+00
-1.716070955312215984e+00
1.895464021633860074e+00
4.758644858085734342e+00
6.503080090495641841e+00
7.104318784658653740e+00
6.743524707921632277e+00
5.687962000238203863e+00
4.210623015717669837e+00
2.546562826436472804e+00
8.759621101179091429e-01
-6.765085626964788545e-01
-2.034115784570967200e+00
-3.157577781828185159e+00
-4.034659521163252549e+00
-4.671255362792453347e+00
-5.084406751992199602e+00
-5.297193448370315139e+00
-5.335213171129847609e+00
-5.224303083726776542e+00
-4.989176348547068152e+00
-4.652699900798106469e+00
-4.235599614276141622e+00
-3.756433766269668961e+00
-3.231720445738440972e+00
-2.676138512981037554e+00
-2.102745864995917646e+00
-1.523174568237471549e+00
-9.477712911557962805e-01
-3.856544706759514329e-01
1.553425406094720018e-01
6.688801004315700904e-01
1.150521945858916650e+00
1.598410552743499524e+00
2.014290284340928494e+00
2.404731911198293659e+00
2.773282781946968090e+00
3.112736209879853000e+00
3.412775759080963756e+00
3.661739536342906831e+00
3.847488572572787202e+00
3.958087125156079633e+00
3.982403630726028432e+00
3.910694694815459282e+00
3.735202437878058390e+00
3.450772455933511562e+00
3.055482199523213538e+00
2.551255666394285360e+00
1.944428843585137123e+00
1.246220925947553404e+00
4.730590980912369736e-01
-3.532999112648065876e-01
-1.205909456202619134e+00
-2.053088580705543453e+00
-2.859240000610461685e+00
-3.586062373172203444e+00
-4.194167635351064405e+00
-4.645086261838890174e+00
-4.903609014257500398e+00
-4.940374336841498071e+00
-4.734568115862935578e+00
-4.276560158832556802e+00
-3.570263545131029836e+00
-2.634973893461284078e+00
-1.506431120155271364e+00
-2.368521258399929885e-01
1.106285695911374933e+00
2.442869133188250608e+00
3.684248304479254887e+00
4.738753279198752999e+00
5.518422180689302792e+00
5.946569471836820497e+00
5.965655599454326108e+00
5.544767987443148805e+00
4.685910504220215600e+00
3.428247577117789380e+00
1.849482617717330690e+00
6.368643414285127258e-02
-1.784860405797900507e+00
-3.531889188305421090e+00
-5.007056590595095891e+00
-6.050671574630462679e+00
-6.531846433180959366e+00
-6.366234158894068074e+00
-5.531200699014199529e+00
-4.076255021614506369e+00
-2.126817766045708158e+00
1.240979649730846457e-01
2.433259709177594043e+00
4.531601041779654615e+00
6.155027664823309763e+00
7.078575533647563311e+00
7.149751363069605681e+00
6.316234321909460547e+00
4.643089206120316170e+00
2.315375820680322327e+00
-3.764192521560060789e-01
-3.068438638598641521e+00
-5.370553840104356880e+00
-6.923193581094617244e+00
-7.456080471976438417e+00
-6.839442325836602166e+00
-5.118023402048456738e+00
-2.519680087305752547e+00
5.664219192041107798e-01
3.642245369247155029e+00
6.178549713904213370e+00
7.706787504543017420e+00
7.909805231988380037e+00
6.693812758888710412e+00
4.225167955199109926e+00
9.201847625781469642e-01
-2.615904575682578503e+00
-5.694628934081493732e+00
-7.677996340322577495e+00
-8.115198314589420647e+00
-6.853032817091291307e+00
-4.092541682155117044e+00
-3.727614242543509926e-01
3.523295574897587823e+00
6.727701640779879533e+00
8.481728976950064336e+00
8.322501670169010879e+00
6.215858495611492174e+00
2.596480784641411077e+00
-1.705134679123320618e+00
-5.642661625279002280e+00
-8.205816227235887439e+00
-8.685425825358583651e+00
-6.882051932201532551e+00
-3.195353046335404290e+00
1.443129868869485799e+00
5.791338258053300159e+00
8.625207150877468365e+00
9.090383847175855792e+00
6.976430585280220420e+00
2.822904118722097344e+00
-2.198206945141360169e+00
-6.601352366183038889e+00
-9.025251166255999991e+00
-8.664007845071262537e+00
-5.553781803901577163e+00
-6.096684690674585294e-01
4.621270647039017909e+00
8.433586363050871171e+00
9.523763825010609807e+00
7.453461779432958956e+00
2.847190493432387726e+00
-2.767130162434481733e+00
-7.447718864287023344e+00
-9.509543763732180466e+00
-8.146365568419778214e+00
-3.770905199211883829e+00
2.076084941606426426e+00
7.246961471763779805e+00
9.772137248007915389e+00
8.624936867717899247e+00
4.165428828967648656e+00
-1.935914742257195398e+00
-7.301422097627162877e+00
-9.769158335349581890e+00
-8.280039676850392993e+00
-3.359991686241997400e+00
3.030883393814866267e+00
8.259224188653583099e+00
1.010363298244440955e+01
7.717571342678779089e+00
2.045196854573691603e+00
-4.522927429778187403e+00
-9.144219779458346409e+00
-9.760953003686905660e+00
-6.038082270964136633e+00
4.351173793193051087e-01
6.804451988841552890e+00
1.020681991082524753e+01
9.069908480450498800e+00
3.857736695226123835e+00
-3.101434456712659493e+00
-8.651540404707992238e+00
-1.024808605140358075e+01
-7.135598821318227536e+00
-7.090591688283902627e-01
6.113774717135909142e+00
1.022203138750843365e+01
8.819091416645247206e-02
