-4.028475913210163739e+00
-2.831499286787994230e+00
-3.030353600898725297e+00
-4.540427013411154178e+00
-6.719188363976011935e+00
-8.639582022646530746e+00
-9.484486943777657331e+00
-8.894398923890991071e+00
-7.120398431647430471e+00
-4.917316712532563194e+00
-3.222557631549204160e+00
-2.757235480091273949e+00
-3.719343269250223738e+00
-5.699507369222954090e+00
-7.855174612530944067e+00
-9.269115834225766903e+00
-9.339703797966844689e+00
-8.036903562490110176e+00
-5.915052248142200320e+00
-3.876990455783877021e+00
-2.789906626359064834e+00
-3.116351274650420944e+00
-4.717423300275373599e+00
-6.911871938931038351e+00
-8.765966672326673148e+00
-9.490796424633131778e+00
-8.777948573029465962e+00
-6.930737481869210903e+00
-4.735145260352290997e+00
-3.125389017432329997e+00
-2.786414622676003372e+00
-3.862454541463318680e+00
-5.895657405859627609e+00
-8.020902232433767765e+00
-9.333904492281279275e+00
-9.275986137983668556e+00
-7.871791234580416408e+00
-5.718799992744917127e+00
-3.733102947795436499e+00
-2.759607516697029528e+00
-3.212532732614224784e+00
-4.899160438851247967e+00
-7.101836216632085197e+00
-8.883328927626850557e+00
-9.485619412459193711e+00
-8.652435094656977910e+00
-6.738293100385340573e+00
-4.557654413104871516e+00
-3.038373463223493331e+00
-2.826899187286363357e+00
-4.013213178755130173e+00
-6.092542822496602284e+00
-8.180140345540605651e+00
-9.387740020069292868e+00
-9.201512244367259896e+00
-7.700696310921625098e+00
-5.523884353861175711e+00
-3.597302542750195897e+00
-2.740704961293332520e+00
-3.318571000628374623e+00
-5.085020603730372457e+00
-7.288435403058378448e+00
-8.991269809098648480e+00
-1.040290725007280770e+01
-9.187732765928208423e+00
-6.663833245790946158e+00
-3.905119450450220242e+00
-2.085414825378583359e+00
-1.978997570928450855e+00
-3.631147871107079705e+00
-6.338881327507693619e+00
-8.950066457487322324e+00
-1.035365276671201507e+01
-9.952418999285303158e+00
-7.917088774350355962e+00
-5.113688260095619498e+00
-2.735054950660499085e+00
-1.793289322546907982e+00
-2.689109484420936003e+00
-5.041346969038613679e+00
-7.849132634618413817e+00
-9.917763119874482669e+00
-1.036704310780298322e+01
-9.005805473962505303e+00
-6.413252255244350053e+00
-3.692506130378860441e+00
-2.001235428693908247e+00
-2.059070147919355165e+00
-3.841401809457743344e+00
-6.589854283296943116e+00
-9.134970281765966149e+00
-1.039381150387262842e+01
-9.830745241674620161e+00
-7.685354296780045225e+00
-4.870495303709991397e+00
-2.583881300817846061e+00
-1.798458859028693624e+00
-2.848422586833465164e+00
-5.287016447895745763e+00
-8.076626952576040352e+00
-1.003028420944854204e+01
-1.031671362366130218e+01
-8.814040442406046338e+00
-6.161647052510707212e+00
-3.488117924366578304e+00
-1.931030713933994392e+00
-2.152920794522828807e+00
-4.059374682808821078e+00
-6.839202658581736038e+00
-9.309597263578377024e+00
-1.041941389852518540e+01
-9.696429316314645774e+00
-7.448271026095157232e+00
-4.631522822332831524e+00
-2.444701596179241321e+00
-1.818292427547958390e+00
-3.018830311783570419e+00
-5.535490415199582515e+00
-8.297442324483609966e+00
-1.012948478756643311e+01
-1.025208989550009520e+01
-8.613089587041553585e+00
-5.909872983329317542e+00
-3.292649661372570868e+00
-1.875039345891865494e+00
-1.344715666996001424e+00
-3.849914618067088234e+00
-7.317612209994595496e+00
-1.027231477537172921e+01
-1.145680630596480754e+01
-1.036708963761632241e+01
-7.466835549219738688e+00
-3.990092405102305229e+00
-1.416202724717808614e+00
-8.403479139799872044e-01
-2.507552258907138398e+00
-5.708425915661831773e+00
-9.081007904225000260e+00
-1.119027592665483795e+01
-1.113874353049828514e+01
-8.948337577074594762e+00
-5.551068435699302306e+00
-2.392462704840760512e+00
-8.164965041484730790e-01
-1.493738153819115233e+00
-4.136023608718079281e+00
-7.619069290813616391e+00
-1.046085097193058822e+01
-1.145220010046242010e+01
-1.017130095500848341e+01
-7.163171815739354464e+00
-3.707761518466542672e+00
-1.275335528029573950e+00
-9.008829258525219430e-01
-2.743732035299751182e+00
-6.019756755725745201e+00
-9.335019582167770835e+00
-1.127888732746677469e+01
-1.102425080103419575e+01
-8.679456988811343976e+00
-5.242207775000617076e+00
-2.175041144483667921e+00
-7.830261871212886859e-01
-1.658460587493902239e+00
-4.428849951342090918e+00
-7.915402918045188585e+00
-1.063460292161880894e+01
-1.142943950214677251e+01
-9.961712366754079895e+00
-6.855934477238339930e+00
-3.433603884358121139e+00
-1.150910749943851563e+00
-9.791333285646919293e-01
-2.991362335523690685e+00
-6.331401093217819742e+00
-9.578074339033671336e+00
-1.134993352177924564e+01
-1.089305851596155250e+01
-8.401848100600346925e+00
-4.936303932299209052e+00
-1.971003403951478994e+00
-7.676719214058254082e-01
-1.838322985038101542e+00
-4.727398166665404133e+00
-8.205605689208679721e+00
-1.079297994511714620e+01
-1.138860188692496678e+01
-7.390936228916261896e+00
-6.265077963712657017e+00
-5.074074455265396466e+00
-4.324693692416408553e+00
-4.335794670435111797e+00
-5.102653960494622609e+00
-6.298975512758061335e+00
-7.415728528618190651e+00
-7.977738354208232963e+00
-7.745871698145105455e+00
-6.818787043077481513e+00
-5.590955792995979223e+00
-4.584816016997674382e+00
-4.228476807255932890e+00
-4.673559299548732504e+00
-5.730682389716251102e+00
-6.950043756805587947e+00
-7.812809238458063632e+00
-7.951875022738380316e+00
-7.308069085956754307e+00
-6.155328689820120047e+00
-4.984140997517919836e+00
-4.292842434740716584e+00
-4.375578215892364398e+00
-5.197144544239963082e+00
-6.407967709073184359e+00
-7.492846524388916407e+00
-7.990168701495001358e+00
-7.688325325966686385e+00
-6.715749739332153467e+00
-5.486269584029097146e+00
-4.523024532782925711e+00
-4.235872116591578695e+00
-4.746994723174547737e+00
-5.838911401759952824e+00
-7.047015276494791536e+00
-7.857262210170929073e+00
-7.924894856456308645e+00
-7.221135751728899876e+00
-6.045432029101553972e+00
-4.898041669985836677e+00
-4.267175414805040035e+00
-4.421264734246427963e+00
-5.294745140916423232e+00
-6.515953658306979257e+00
-7.565270167816095181e+00
-7.996214022316378234e+00
-7.625420060496367114e+00
-6.610659866548304286e+00
-5.383710491502429640e+00
-4.466634769592910281e+00
-4.249645337400360212e+00
-4.825070468831835768e+00
-5.948068704969296405e+00
-7.140808071713589555e+00
-7.895781978353012320e+00
-7.891751565738807983e+00
-7.130431760888540360e+00
-5.935761581305587953e+00
-4.816069172073397020e+00
-4.247779889056745972e+00
-4.472698911662954302e+00
-3.752617801938657571e+00
