1.009412311927048389e+00
1.644079615027345342e+00
2.150888805474365117e+00
2.335145222433237855e+00
2.018530373008466050e+00
1.149379251446182248e+00
-8.015501863539359340e-02
-1.198806819733329920e+00
-1.604986396244528990e+00
-9.202908370495137547e-01
6.198127796837051839e-01
2.084415318566022357e+00
2.356042521243274734e+00
1.057436812670481396e+00
-8.629793377531391751e-01
-1.692461634525584291e+00
-5.219871433087104329e-01
1.612321771231803202e+00
2.508901700416519720e+00
1.107597699726011742e+00
-1.127023902394254540e+00
-1.644628209871254132e+00
2.333530458599556712e-01
2.333976402732529376e+00
2.111483563122685148e+00
-2.178830197147013648e-01
-1.822532206609733585e+00
-7.027677303704547018e-01
1.789393784228192397e+00
2.580531124524978459e+00
6.802952985645983608e-01
-1.589430983090248883e+00
-1.458244758727923474e+00
9.166235590049430781e-01
2.683984625817247505e+00
1.749166222505386115e+00
-7.796445732776418058e-01
-1.967946213950896528e+00
-4.705510562681286535e-01
2.007202674079110238e+00
2.714742770337593925e+00
8.996490156988681264e-01
-1.466322190483478005e+00
-1.883300325719927226e+00
5.925488566522063572e-02
2.353012935852811793e+00
2.690284475873208070e+00
7.576402378068116672e-01
-1.538086001980867090e+00
-1.985574213339326821e+00
-1.776171309989732494e-01
2.168737761968244193e+00
2.877382751387135063e+00
1.319911385152616523e+00
-1.072284437143477653e+00
-2.154357983937423615e+00
-9.838687319819248156e-01
1.392387656793613093e+00
2.902490058685849750e+00
2.255974226432202023e+00
2.194717683026026211e-02
-1.897482843452661161e+00
-1.892947454240149430e+00
1.884099178400444607e-02
2.242625229658174124e+00
2.946372218711526880e+00
1.562298968153357448e+00
-7.735012572156443333e-01
-2.166461293148518319e+00
-1.498457459073066822e+00
6.878329436656689388e-01
2.642684329837303725e+00
2.812620273737400645e+00
1.067082813581622824e+00
-1.212526891084414027e+00
-2.231683538324655824e+00
-1.192148880843771019e+00
1.091043262336167441e+00
2.834805001819465708e+00
2.680473058674170961e+00
7.474082041328456993e-01
-1.464483243352109332e+00
-2.239967167655821267e+00
-9.761363601063521855e-01
1.352137485909997050e+00
2.945358479037484045e+00
2.569017085058455052e+00
5.086638494609352357e-01
-1.646472731937201228e+00
-2.227736236281221416e+00
-7.783456861792650283e-01
1.585838974049671890e+00
3.031990458926035359e+00
2.429711823106942337e+00
2.374824623697331383e-01
-1.840218794345843900e+00
-2.174070599125262238e+00
-4.900645330461996796e-01
1.897384623533007408e+00
3.103007937821325335e+00
2.160010876952553893e+00
-1.926368091951848882e-01
-2.077777286507755949e+00
-1.975618428976378738e+00
4.303240241447742198e-02
2.348460666745599390e+00
3.056004388452757237e+00
1.571082694585229644e+00
-8.916887266795048284e-01
-2.281818515775983158e+00
-1.417902847577647840e+00
9.878739994419547532e-01
2.888004974161849869e+00
2.630999268213509712e+00
4.158783422096464233e-01
-1.823008909560387636e+00
-2.082980545666511141e+00
-1.002391006929886363e-01
2.341251435625948840e+00
2.980263562014994427e+00
1.184173227393306327e+00
-1.373168545330752943e+00
-2.223062027735295487e+00
-4.932733250863871044e-01
2.133810005164462176e+00
2.994749266873095728e+00
1.154727275325247327e+00
-1.498778732951496551e+00
-2.119056408688124282e+00
2.566326271438856832e-02
2.593342015742095885e+00
2.652004209987839811e+00
7.152623419175629937e-02
-2.134242718875649203e+00
-1.270825761206971771e+00
1.663805750663352345e+00
2.999934469372173229e+00
9.718028327487240325e-01
-1.824395226930965563e+00
-1.645139295351712772e+00
1.330917931846815838e+00
3.005326423733039043e+00
9.650589978816300762e-01
-1.907346406179672549e+00
-1.385194148794731239e+00
1.812687343344301594e+00
2.844348659596802165e+00
6.648484979012880824e-02
-2.192196692821826609e+00
-2.968660802635858520e-01
2.715611501104907788e+00
1.878013855316740921e+00
-1.432799024440285063e+00
-1.616108508277605438e+00
1.650891571006677605e+00
2.698985062123115952e+00
-3.134314047805896175e-01
-2.032880493391976184e+00
6.230654541131787072e-01
2.831118175209024646e+00
5.587736721635054860e-01
-1.986971705096231222e+00
-8.281545400639833687e-02
2.686087881877420536e+00
1.117476513459325416e+00
-1.792460053480982474e+00
-5.275055508114994129e-01
2.466474970767325026e+00
1.485958476268551820e+00
-1.552410968987474549e+00
-8.553046319265884545e-01
2.197053918964522623e+00
1.800320428860971989e+00
-1.236245723506225414e+00
-1.171987524504152223e+00
1.811207120477505983e+00
2.121727749424225706e+00
-7.542611174392823692e-01
-1.484393696893671954e+00
1.206256137872956380e+00
2.391826605814866724e+00
-5.042416444131447850e-03
-1.656391709853360705e+00
3.070492992937307042e-01
2.387533630180264321e+00
1.019583518826663759e+00
-1.382240142746005818e+00
-7.704420546381844925e-01
1.753468755658122991e+00
2.014323524403915933e+00
-3.364334066113302546e-01
-1.482273319979566351e+00
3.315484958891955491e-01
2.206211320429977363e+00
1.287491531264783884e+00
-9.511532491466851980e-01
-1.158080889794816271e+00
8.960089289565409398e-01
2.190052728497295043e+00
9.267168033947914552e-01
-1.052875238588959483e+00
-1.019571391415317274e+00
9.174772521018477178e-01
2.130701127243344928e+00
1.059398353274448201e+00
-8.497003196599290931e-01
-1.157451571370364807e+00
4.695711646564141306e-01
1.979197026506252621e+00
1.554879419290842613e+00
-2.405371822415482974e-01
-1.265715156200182268e+00
-3.623142605510673020e-01
1.386271670550026647e+00
1.996285116639562762e+00
8.258394899501830810e-01
-7.976344769954697433e-01
-1.110748451189591979e+00
1.859442862611966896e-01
1.683000290723366099e+00
1.810406751906400435e+00
4.677838444806535767e-01
-9.312167082177864597e-01
-9.555722721471364700e-01
3.922276317722250272e-01
1.723458557561547311e+00
1.697796998845743754e+00
3.640029402628310873e-01
-9.217629974343590771e-01
-8.758058130652008888e-01
4.366323390805775806e-01
1.689785769060659248e+00
1.635664178973735394e+00
3.447358373904352291e-01
-8.803898476214304658e-01
-8.170609250426563719e-01
4.570118237795934846e-01
1.652108070925898620e+00
1.568798021421232036e+00
3.038567643835454746e-01
-8.538972333482905963e-01
-7.329262783418941662e-01
5.318306143226613214e-01
1.640239178898451389e+00
1.459522151865099371e+00
1.869877788985633282e-01
-8.554908307017234925e-01
-5.909907225578793222e-01
6.937760067378749840e-01
3.942301207713767575e-01
