-8.613764196821231955e-01
-8.921919230459255390e-01
-1.747906190127182180e+00
-2.540943676259389328e+00
-2.448845685864287525e+00
-1.567179041970907294e+00
-8.102874567846176657e-01
-9.630499002111276852e-01
-1.867032844198794450e+00
-2.584836567361994852e+00
-2.372119302070884395e+00
-1.449437046240033666e+00
-7.736118149878625783e-01
-1.045577294191147866e+00
-1.983362065471298230e+00
-2.614262905059207220e+00
-2.283653005710852835e+00
-1.334380334833039194e+00
-7.515417410115255992e-01
-1.140313287409627119e+00
-2.097300603613555747e+00
-2.628715544182026687e+00
-2.182318200156029508e+00
-1.221661890952907115e+00
-7.451353385325357737e-01
-1.248369798230488659e+00
-2.208333473460015739e+00
-2.626558677392192731e+00
-2.067701514807206653e+00
-1.113100239716332318e+00
-7.563557912121006144e-01
-1.369047300907938691e+00
-2.313370560322240532e+00
-2.605901787216511778e+00
-1.941860928024859767e+00
-1.012853091690359975e+00
-7.865701572660961371e-01
-1.498685742897146289e+00
-2.407415657839552914e+00
-2.566405873446326424e+00
-1.810336070452276624e+00
-9.264886806394783125e-01
-8.345027646760199147e-01
-1.629549186644492664e+00
-2.484651674683628020e+00
-2.511653275702067756e+00
-1.683424842809206234e+00
-8.596853784320928060e-01
-8.934779345274235229e-01
-1.748536497606219431e+00
-8.267389163012586195e+00
-7.584168736611870187e+00
-8.232541506363308947e-01
5.045625867349476046e+00
3.985770585915582309e+00
-2.906946839229605395e+00
-8.545683156100984945e+00
-7.136349259018619939e+00
-1.253886499104452934e-01
5.280574422025646086e+00
3.511898981936166564e+00
-3.622801516972632641e+00
-8.761890203837277014e+00
-6.566571984426424535e+00
7.135207683979682969e-01
5.492654266975464772e+00
2.728710633853316025e+00
-4.711188054045470253e+00
-8.948350245507235456e+00
-5.418076538950396426e+00
2.142232340987182848e+00
5.561117476364039192e+00
1.061130572108150094e+00
-6.476549330813933913e+00
-8.717635497602280736e+00
-3.106522930437171315e+00
4.114424873765964108e+00
4.772579242774971142e+00
-1.943692649109548087e+00
-8.378901281914117760e+00
-7.084341122712704220e+00
4.955742639831091090e-01
5.531778127897539754e+00
2.076063458394139083e+00
-5.837290347762089660e+00
-8.828812484394681803e+00
-3.305231909188658612e+00
4.158291687749038346e+00
4.616073175931161288e+00
-2.495464013714039808e+00
-8.636481179861775104e+00
-6.433156948742868586e+00
1.455339207355190734e+00
5.581549663021202257e+00
1.060257347328955380e+00
-6.697274691680875414e+00
-8.566186206331902753e+00
-2.455546425495235052e+00
4.508911049013221373e+00
4.457766285080300150e+00
-2.645867339687903996e+00
-1.090926843466676210e+01
-9.386587309420512781e+00
-1.727080072718290005e-02
7.590303399046428368e+00
6.307043663633761454e+00
-2.195788471385952345e+00
-1.011012643074637474e+01
-1.097054006963943529e+01
-4.614149838057554298e+00
3.742096291854736911e+00
8.159268158422548822e+00
6.090932136051479873e+00
-6.514020636355386529e-01
-7.807613882493191326e+00
-1.150185407667136772e+01
-1.016870605974684239e+01
-4.856357605731179916e+00
1.747226172232615227e+00
6.749370605058331307e+00
8.228819125872187001e+00
5.794807351476779722e+00
5.189486439179074040e-01
-5.571875425982915075e+00
-1.020745098355857117e+01
-1.159937873653028007e+01
-9.047939958690662365e+00
-3.331586906459302000e+00
3.293645347138800972e+00
7.732708768363426799e+00
7.396783144342412797e+00
1.870410470260986724e+00
-6.072522100477657503e+00
-1.132349492760270770e+01
-9.610863539688825341e+00
-1.436747364090921630e+00
6.768083094376928344e+00
7.145952329841493977e+00
-1.562147818089182350e+00
-1.060864269418396511e+01
-9.243148493436436297e+00
1.720214905727929011e+00
8.260357978481996710e+00
7.277315807405533299e-01
-1.049656304821880681e+01
-8.004851597730242574e+00
4.816355191249668266e+00
6.691420367370520594e+00
-6.044260380653160070e+00
-1.101141260324874516e+01
4.220783090415589633e-01
5.771275446944954091e+00
-2.957155587907037031e+00
-9.264639975333182065e+00
-9.710701428966177495e-01
5.933719658082805992e+00
-2.022051276512556228e+00
-9.323775471858819941e+00
-1.664018232091059479e+00
5.949677611469428307e+00
-1.388378702369345241e+00
-9.310344680962231223e+00
-2.385505415127736395e+00
5.892529775147436588e+00
-4.659830081806546342e-01
-9.168871223861223996e+00
-3.587831233316148172e+00
5.595683339903107623e+00
1.056557033955187297e+00
-8.612367631550080560e+00
-5.421827458421846657e+00
4.646421578424828169e+00
3.129473243118049197e+00
-7.124993542899684229e+00
-7.582919726427653551e+00
2.495057505734841641e+00
5.144564796392235628e+00
-4.248645861956353187e+00
-9.150044075436632340e+00
-1.052582089814906308e+00
5.940283077093918784e+00
-2.337381019463953269e-01
-8.906775056714737460e+00
-5.182898287556995776e+00
4.537664127877253151e+00
3.576695765702440966e+00
-6.424775234557783321e+00
-8.284119602175735508e+00
1.203738760755412862e+00
5.717731827500148079e+00
-2.493274688328400934e+00
-9.319914720631677696e+00
-3.119713353676640821e+00
5.503897104191867840e+00
2.014141283207776301e+00
-7.645169846984949835e+00
-7.453766377982923963e+00
2.146933648062539834e+00
5.549212046519697239e+00
-2.555950881955480813e+00
-3.168778027419696386e+00
-2.194259236992832207e+00
-4.551900611218557824e-01
-5.566237385761458878e-01
-2.309712947244598524e+00
-3.163769186689598278e+00
-1.941434081736874040e+00
-3.762675654498286448e-01
-5.825838381296011281e-01
-2.239863167397089239e+00
-3.177757022644161378e+00
-2.242270079191381438e+00
-6.354487528759875659e-01
-2.933101210743740417e-01
-1.570478608421509437e+00
-2.969091935126959569e+00
-2.949569645038196519e+00
-1.585107414234561363e+00
-3.397085914556143837e-01
-4.595555004000073662e-01
-1.772624061136483631e+00
-2.990980220922399457e+00
-3.007020976677547530e+00
-1.859906095610903698e+00
-5.804244279237751325e-01
-2.273504594558091174e-01
-1.035939883417671847e+00
-2.330322103091758024e+00
-3.133393421907659793e+00
-2.903035364929835715e+00
-1.851923038546334110e+00
-7.112737383136613634e-01
-1.990631831709410715e-01
-5.844793408545287949e-01
-1.592173737364835917e+00
-2.632317168651836514e+00
-3.160616656549323888e+00
-2.948952139627654567e+00
-2.148308064921488292e+00
-1.159809595999000464e+00
-4.179161843454763936e-01
-2.029216109651910127e-01
-5.555011369467974802e-01
-1.302994270840519553e+00
-2.159237970319955568e+00
-2.842225313935803577e+00
-3.163493635086270572e+00
-3.066823650620341013e+00
-2.617752697260308459e+00
-2.679004342662528515e+00
