7.087502530929093325e+00
3.720002074817645887e+00
-5.619767453903398824e+00
-7.391412212414211425e+00
9.733875341208593213e-01
7.347895179331970894e+00
2.490982423753931307e+00
-6.556195414601948990e+00
-6.678115907583872968e+00
2.301856268089784496e+00
7.365824904296682796e+00
1.172943115464876174e+00
-7.299340661737030445e+00
-5.769538501877464753e+00
3.544647230181289466e+00
7.141495411529265702e+00
-1.927918922616649322e-01
-7.826671237928423785e+00
-4.694540116592564871e+00
4.663383561975261493e+00
6.682600821323812390e+00
-1.563672414344441597e+00
-8.122447865652592469e+00
-3.486938723368741666e+00
5.623732615339748442e+00
6.004001478983734152e+00
-2.897237174425010942e+00
-8.178122537865615271e+00
-2.184420244460730576e+00
6.396400002874656820e+00
5.127184728671712932e+00
-4.152398040905833199e+00
-7.992506063743319622e+00
-8.273533780873991716e-01
6.957945476856512990e+00
4.079533684336911215e+00
-5.290651386605968121e+00
-7.571704698887441687e+00
5.424486216246995340e-01
7.291397646241955854e+00
2.893433865839432073e+00
-6.277177105570519444e+00
-6.928834327161354167e+00
1.882974841383391329e+00
7.386651804957828915e+00
1.605253835019996078e+00
-7.081789676287573165e+00
-6.083529222481369736e+00
3.153227002059610928e+00
7.240643368860371076e+00
2.542415651636609764e-01
-7.679710896444070123e+00
-5.061271139291863008e+00
4.314348269032733718e+00
6.857298614069978093e+00
-1.118616869443123996e+00
-8.052140616453767663e+00
-3.892573350873965499e+00
5.330627528821796801e+00
6.247274670861441948e+00
-2.471725658185583541e+00
-8.186610150315754453e+00
-2.612063332710272245e+00
6.170338263060040518e+00
5.427532409276097702e+00
-3.763817472473991010e+00
-8.077181121682391662e+00
-1.258458391397297316e+00
6.805663411607343782e+00
4.423354405124693578e+00
-4.950801838065121530e+00
-7.727112413902569976e+00
1.176419706578600288e-01
7.212740662571050620e+00
3.276775878040955714e+00
-5.985852669272481386e+00
-7.154531158777332145e+00
1.463529789344490295e+00
7.382482640283258846e+00
2.025992500470472635e+00
-6.845594785127325110e+00
-6.374076183929147099e+00
2.760527356309238289e+00
3.708661694514064688e+00
1.712020958802264459e-01
-4.195558155889805185e+00
-3.046079043295777833e+00
1.953026781874119155e+00
3.528441721555054755e+00
-6.192624693749756437e-01
-4.447310726065077269e+00
-2.365797633605705830e+00
2.590599239732604531e+00
3.172156964662138812e+00
-1.479842051642326961e+00
-4.547970940186650601e+00
-1.522050446210033270e+00
3.156276149913036733e+00
2.597377086749503405e+00
-2.383268275734023778e+00
-4.434240267303652061e+00
-5.151910088782618580e-01
3.576592593502040174e+00
1.767684759868416666e+00
-3.263782374521436047e+00
-4.031670452308414809e+00
6.176004208267205087e-01
3.748958172064421834e+00
6.737055182361932903e-01
-4.011116221285274008e+00
-3.275195264674358953e+00
1.785594018679670825e+00
3.556557923697276191e+00
-6.410682918037184930e-01
-4.474938264977595281e+00
-2.140105435701612713e+00
2.835066683427754697e+00
2.898630483853762208e+00
-2.055847933410202888e+00
-4.487584393340950939e+00
-6.796030545567768311e-01
3.557853213583643370e+00
1.736194925813931089e+00
-3.361867913344694259e+00
-3.910353281928236502e+00
9.430888655463272041e-01
3.728971697091762127e+00
1.439975146117434268e-01
-4.281964087045116329e+00
-2.699541834721517652e+00
2.448509829799338178e+00
3.177207519815103520e+00
-1.653106131710228688e+00
-4.533518102871020083e+00
-9.726050143458904174e-01
3.483250652886768162e+00
1.875207983578107473e+00
-3.290181284847677023e+00
-3.931408390888220250e+00
9.617129114324194372e-01
3.720654925186725581e+00
1.207506408537362130e-02
-4.343612970440722698e+00
-2.498639716978584779e+00
2.649127640636906200e+00
2.998274562816504840e+00
-2.003885908124535042e+00
-4.478485810955793234e+00
-5.244952716077625476e-01
3.626662646885815189e+00
1.430737924000656580e+00
-3.650338095475070155e+00
-3.607348701515631362e+00
1.490278613346344816e+00
3.611056593544082371e+00
-5.814300268537536676e-01
-4.487128375451391094e+00
-1.968274190453367156e+00
3.012827699054236863e+00
2.642715425388122430e+00
-2.490071390078135494e+00
-4.353737018625771782e+00
-4.810143800283311899e-02
3.708809367219901620e+00
1.083956599003878196e+00
-3.837201723023667910e+00
-6.827583864029966421e+00
3.890793880016241157e+00
8.021025615917521279e+00
-7.174910338342800342e-01
-8.964755646237419384e+00
-4.233812889898471710e+00
6.269211948010783964e+00
6.768197589404373993e+00
-3.409029868247734463e+00
-9.118812674052801270e+00
-2.007909028301185117e+00
7.436600763351157717e+00
5.530746465175639059e+00
-4.872194812285095544e+00
-8.901524281388462967e+00
-9.705269326756726933e-01
7.734472182778385552e+00
5.231073525874001540e+00
-4.916159395002039467e+00
-8.970067782378732701e+00
-1.656061187538221402e+00
7.274803118388560641e+00
6.281341075576539978e+00
-3.194791818202471045e+00
-9.134068492500409420e+00
-4.286589765907672600e+00
5.251434110878736128e+00
8.005372956431273224e+00
8.925230591824022675e-01
-7.671343012916691961e+00
-7.961600875723092052e+00
1.478180475879907196e-01
7.612587284715965019e+00
6.469744474926472755e+00
-1.860399519921458467e+00
-8.635525362206310618e+00
-7.087882668953196408e+00
1.025996462329762382e+00
7.707589651716717505e+00
6.711812319220562095e+00
-8.123030502136361353e-01
-7.902914438197105262e+00
-8.356277706348214096e+00
-2.001950815621364121e+00
5.629770293166961537e+00
8.288851880279084483e+00
4.044206791012761926e+00
-3.581484873240559974e+00
-8.741204139710109899e+00
-7.763510252638766929e+00
-1.579699949504330458e+00
5.344692281673105505e+00
8.350824448725990834e+00
5.652612489896582382e+00
-8.108648734841876760e-01
-6.939902403173256573e+00
-9.137030390618450681e+00
-6.329516436164203341e+00
-2.991544625764377408e-01
5.589328093543225684e+00
8.317670201112752792e+00
6.693292477824630105e+00
1.716293292737161913e+00
-4.148559715598926445e+00
-8.260344527077309706e+00
-8.969581716906812829e+00
-6.180867213348729905e+00
-1.189698543215837345e+00
4.000798009260348564e+00
7.515940616344912506e+00
8.255668874000136270e+00
6.157717682987182251e+00
2.066904622349957421e+00
-2.662258417521869980e+00
-6.645121381614690570e+00
-8.863723929259402112e+00
-8.883054662124214573e+00
-6.867383698824435889e+00
-3.439184744638166702e+00
5.451122115271231916e-01
4.226500732964740159e+00
6.924971713474390000e+00
8.242372450774878345e+00
1.650538697920898468e+00
