5.133048426582987211e+00
4.268521394899575938e+00
1.513480646511208949e+00
5.177380228470269685e-01
2.484034665769796923e+00
4.886574495794905992e+00
4.831395296751813007e+00
2.472058970857224480e+00
5.610420629667349779e-01
1.177225498003608761e+00
3.566120662882163561e+00
5.193328806051756175e+00
4.464786927782670389e+00
2.184241073630150964e+00
5.524976938315862007e-01
1.017333749725630287e+00
3.077716110775951641e+00
4.920167032241451466e+00
5.053323560184860064e+00
3.454851638219824217e+00
1.421258510395761343e+00
4.589697420174014830e-01
1.189452446654252649e+00
3.030344161333484720e+00
4.725502640964018397e+00
5.223444689771152838e+00
4.291183708313368150e+00
2.545911205487245255e+00
9.987475906932010705e-01
4.587342252611126270e-01
1.141771655854182388e+00
2.643132455750755838e+00
4.213427234359521378e+00
5.146348198159954812e+00
5.080491174062796489e+00
4.102783253789794138e+00
2.652114826910267453e+00
1.303126247653815240e+00
5.371550329466137086e-01
5.859866874628067990e-01
1.387272340014092498e+00
2.643059990760346256e+00
3.941742614270949741e+00
4.894660436931281389e+00
5.245311036080384959e+00
4.925601708387068456e+00
4.053198278738246785e+00
2.880674888461579375e+00
1.717353045095113107e+00
8.475082220504019936e-01
-3.379035006951842668e-01
-1.070419944345850638e-01
7.833099977392228297e-01
2.112214778597962361e+00
3.580312307294255536e+00
4.879179665446311098e+00
5.754537024225674813e+00
6.051530486382361573e+00
5.735701805206716131e+00
4.888915924343260500e+00
3.684324296550478994e+00
2.347660986005095207e+00
1.113512774154522766e+00
1.847866666593378504e-01
-2.981780173805397283e-01
-2.749811649205398112e-01
2.320639338791989914e-01
1.128331181930635640e+00
2.267173431974511821e+00
3.475782917040920683e+00
4.582094160309896580e+00
5.438713939780374318e+00
5.940881213135670080e+00
6.036742919433821797e+00
5.729544994199068597e+00
5.072489327860552955e+00
4.157865617543159864e+00
3.102568228126276306e+00
2.032250475964101355e+00
1.066199473800958808e+00
3.046132510968826423e-01
-1.805777757207742695e-01
-3.507879247581375814e-01
-2.017454563629228481e-01
2.391959346028635913e-01
9.186261502706032367e-01
1.764566775790962883e+00
2.694868747895288852e+00
3.625577565771961996e+00
4.478477270026184343e+00
5.187230535390650488e+00
5.701759354831597904e+00
5.990731552737484478e+00
6.042211845962139449e+00
5.862688747466360262e+00
5.474793731768661686e+00
4.914086357064120669e+00
4.225292846445881878e+00
3.458363581864069225e+00
2.664666393309871317e+00
1.863508933328517525e+00
1.137402511330325439e+00
5.191625441873903846e-01
3.866194775796261140e-02
-2.838075386706924164e-01
-4.376892120349880066e-01
-4.217603571459713763e-01
-2.432901250634520451e-01
8.312315094139366423e-02
5.369177187828295672e-01
1.093030182404998607e+00
1.723361694002905731e+00
2.398175352994126541e+00
3.087371050906858372e+00
3.761603047266086186e+00
4.393223124074910224e+00
4.957047535780986891e+00
5.430958758573158462e+00
5.796363111175326210e+00
6.038532705662591482e+00
6.146865013085540674e+00
6.115095707654759849e+00
5.941500386399205524e+00
5.629118025373363920e+00
5.186023052462568117e+00
4.625662617304354463e+00
3.967259297991320821e+00
3.236254596393394412e+00
2.464731802212834388e+00
1.691704154670910176e+00
9.630816941817814669e-01
3.310353227019451339e-01
-1.476383381969372799e-01
-4.146698854279846636e-01
-4.156029999940935582e-01
-1.078320762237789943e-01
5.281980064500446659e-01
1.474827260468543066e+00
2.661506460335396618e+00
3.951232710031737483e+00
5.135765704839672097e+00
5.949814121975789405e+00
6.122736355516641638e+00
5.475006376568195776e+00
4.038595502182005248e+00
2.147237551508792919e+00
4.181880853821455801e-01
-4.347846136955260121e-01
6.634878024694579324e-02
1.837856876635349135e+00
4.212069401963543847e+00
6.010504519135130508e+00
6.178484141273928643e+00
4.529586953510104763e+00
1.910132341920014021e+00
-1.924791408692581030e-01
-5.033795910297365062e-01
1.222062522580674049e+00
3.966770945535916582e+00
6.026154147218383272e+00
6.076586613320003494e+00
4.055980580327901208e+00
1.249180630528757163e+00
-5.214003197979208970e-01
-8.960262458942391817e-02
2.271178892867125487e+00
5.013672771231489023e+00
6.334319659529162649e+00
5.366235560457197629e+00
2.749568263156338066e+00
2.019801400672553982e-01
-6.163030955944761580e-01
8.155053649699732787e-01
3.557376530220365929e+00
5.839034616284951795e+00
6.209374286700059642e+00
4.452184999039577207e+00
1.693985758230952987e+00
-3.342646613861801619e-01
-3.869817831168784750e-01
1.543903579085714073e+00
4.260477605474036977e+00
6.118455039144650165e+00
6.023303878934710198e+00
4.058941850493134496e+00
1.398490741656409186e+00
-4.124944724898371717e-01
-3.535872785891474024e-01
1.512592595483901237e+00
4.115983067887320601e+00
6.008933367006237702e+00
6.171525782587600872e+00
4.545167299666401206e+00
2.025527904872515883e+00
-4.763481318788187480e-02
-6.055090540064957949e-01
6.117218419225345372e-01
2.956421866330150472e+00
5.235666879721366129e+00
6.324260320135158153e+00
4.155066489966417365e+00
3.248397917773788723e+00
2.157015215814459097e+00
1.397507784331290415e+00
1.317146547952938507e+00
1.941296598195144441e+00
2.974891811755149718e+00
3.947484516606545313e+00
4.428599214313072352e+00
4.214826985281240113e+00
3.409511050943585531e+00
2.367365553740128359e+00
1.535223764609624286e+00
1.261239409295820790e+00
1.653083035704214110e+00
2.540629681465126133e+00
3.553203363510708535e+00
4.275206164072083759e+00
4.414933709343662471e+00
3.919390091551480992e+00
2.991851997367725779e+00
2.007903635081607963e+00
1.364209603218854205e+00
1.319835612499832944e+00
1.892697106481781022e+00
2.852203018593705508e+00
3.811418133362169502e+00
4.382527272343693880e+00
4.333615221510854099e+00
3.683407683769262864e+00
2.694859817897775400e+00
1.769161726308587035e+00
1.282641095642009788e+00
1.433311199135600011e+00
2.160022709229756810e+00
3.167307448383166246e+00
4.045703242030739055e+00
4.438358922031970799e+00
4.185995698695084144e+00
3.391354297077008972e+00
2.377192367105690263e+00
1.555158967491798716e+00
1.258801121109835108e+00
1.608324450396001248e+00
2.461881329006754271e+00
3.473116378912131097e+00
4.231657088245309950e+00
4.429611055360789251e+00
3.986548863865325032e+00
3.220754294039680055e+00
