4.847089921595705064e+00
2.284545855269733305e+00
-1.339288266110886472e+00
7.741689350088978294e-01
4.938551907489721060e+00
3.406455784445003410e+00
-1.228503780199139861e+00
-3.842746200292350700e-01
4.625972394380003294e+00
4.527230885207980116e+00
-7.577180089039590172e-01
-1.394846397060814258e+00
4.084544044850908051e+00
5.380005791454699704e+00
-2.577773966286596163e-01
-2.075663845352454739e+00
3.740613381022929396e+00
5.893933943771747508e+00
-1.735502594069502358e-01
-2.423464286819455360e+00
4.001258522026760467e+00
6.047241421905342307e+00
-8.376018383762646735e-01
-2.303548985603999455e+00
5.084603924324174962e+00
5.513188472746233693e+00
-2.283559412208005845e+00
-1.159267126756202249e+00
6.719925723795368455e+00
3.547246542064012687e+00
-3.772078227246463911e+00
1.767846792053938021e+00
7.543627979192573108e+00
-2.711714799375748441e-01
-3.287712312749260235e+00
6.040537791471319196e+00
5.164902354856170774e+00
-4.097820970988539813e+00
1.196948020019906522e+00
8.150713601702484823e+00
-8.981563422976406308e-01
-3.243503733906096365e+00
7.379213564486060584e+00
3.767560209265421456e+00
-5.064933663697676280e+00
3.902050497714410149e+00
7.549627116831761242e+00
-3.897201884917265602e+00
-5.394579054858974487e-01
9.098879720165083285e+00
-3.575388541492254824e-01
-4.338363949470564584e+00
7.774826246720869527e+00
4.507912275651290379e+00
-5.908940395829199943e+00
3.357950451779931456e+00
8.883577150281757540e+00
-3.340794469267129863e+00
-3.112519601533975333e+00
9.084253941108134001e+00
4.290215463155714559e+00
-6.339223064354761128e+00
8.921271931123767596e-01
1.010915424676173302e+01
2.699143326301221446e+00
-6.318972282621328596e+00
-1.114178258026979229e+00
8.580109430893646305e+00
8.209877157588454821e+00
-5.278642376144375703e-01
-6.168802779782721402e+00
-2.906429672326355629e+00
4.951609254206312372e+00
9.588116128728930931e+00
7.337921144023753506e+00
7.090983821167544665e-01
-4.859151906500044582e+00
-5.476501727283761944e+00
-1.133501215637058746e+00
4.976169254665295583e+00
8.934335573002865516e+00
8.514153149006205012e+00
4.218126149726275642e+00
-1.331411802800138489e+00
-5.032447878643609762e+00
-4.980441138518764355e+00
-1.349776527072604981e+00
3.849055242911663566e+00
7.898528065525928454e+00
8.769179718298122594e+00
6.096359694253931316e+00
1.299330548685370346e+00
-3.173160262617598981e+00
-5.078686333815928933e+00
-3.491547008498923965e+00
7.490729452434172764e-01
5.469131202962575600e+00
8.258380491696691195e+00
7.696374525585320647e+00
4.089192160730665826e+00
-6.707069290489235946e-01
-4.073899346374502350e+00
-4.312421215538535968e+00
-1.260736929502091819e+00
3.421772806266937028e+00
7.161044248678852142e+00
7.875761408303297628e+00
5.159979659303720823e+00
5.579691353647813212e-01
-3.274595256581595670e+00
-4.093218285749523844e+00
-1.406786265955985105e+00
3.176965711502627521e+00
6.869784731614616113e+00
7.390128060523409204e+00
4.406468814652983568e+00
-1.946899831172337336e-01
-3.457231896957337902e+00
-3.252244867379431525e+00
2.901488434418817430e-01
4.802589026071781397e+00
7.223899945024824909e+00
5.884223992961949534e+00
1.703966870664777256e+00
-2.386331427038450137e+00
-3.470367148411400926e+00
-7.038726570351676592e-01
3.978248041043617178e+00
7.104768984985390112e+00
6.219072217106055511e+00
1.865040169498269451e+00
-2.642047966264154724e+00
-3.694692973126681323e+00
-3.101585529577128852e-01
4.889728103272842574e+00
7.637651237828204209e+00
5.525652199804833131e+00
1.842007285650046899e-01
-3.879800210765149693e+00
-3.061265341816369556e+00
2.084610019147381088e+00
7.088889323889815408e+00
7.400631548537352167e+00
2.573660966910928050e+00
-3.074641581812159075e+00
-4.254987074696041205e+00
3.044843391240208419e-01
6.399289825375165996e+00
8.139878055837460380e+00
3.670615844943447392e+00
-2.751362253523045531e+00
-4.714339361755689239e+00
-7.822951487942364501e-02
6.583991915393530903e+00
8.394369601312899221e+00
3.299296220906337229e+00
-3.486420384235779046e+00
-4.714857865676877147e+00
1.112835565509193714e+00
7.803170598975742500e+00
7.959121467266935923e+00
1.219276950503924262e+00
-4.982946237856253902e+00
-3.543324033467921019e+00
4.087794750567354640e+00
9.187336184603806188e+00
5.688353316924271930e+00
-2.484255162947519580e+00
-5.661488583904965566e+00
1.276501512259899940e-01
8.052481069193547114e+00
8.417936349600447343e+00
5.822705181317011647e-01
-5.854446294955192087e+00
-2.742284944181280437e+00
6.190419238320107098e+00
9.641885695359958319e+00
3.035510780924215890e+00
-5.273068230688571667e+00
-4.457437438200502200e+00
4.602786467697226769e+00
1.008344001155639447e+01
4.617933720257012098e+00
-4.685588293117607606e+00
-5.386588487531673408e+00
3.593658195717598147e+00
1.021064844374908276e+01
5.461352549320020344e+00
-4.195491280367269482e+00
-5.628066567534252052e+00
2.973293407292408652e+00
9.811557776430390732e+00
5.703272422741088477e+00
-3.562793230325123517e+00
-5.375931429183006038e+00
2.520297501316983269e+00
9.244911731801909838e+00
5.780385485955664038e+00
-2.940725651678225638e+00
-5.058493248725838498e+00
2.084387005004009197e+00
8.648672462304514141e+00
5.861276903463672028e+00
-2.274971221607775540e+00
-4.732106183941909627e+00
1.596309406772174810e+00
8.008115108570112994e+00
5.966849472195076665e+00
-1.548042912342386668e+00
-4.382224818024328172e+00
1.074168125111565786e+00
7.318066997488333669e+00
6.052838957068147785e+00
-7.960814700936209576e-01
-3.980131727554831578e+00
5.840372181107418292e-01
6.596050568078874576e+00
6.065560201865921819e+00
-7.189132489148319927e-02
-3.514092494940332934e+00
1.780625144602012710e-01
5.867449538668951803e+00
5.980179241067287599e+00
5.867566461966002844e-01
-2.990727227698594781e+00
-1.174536076750105629e-01
5.157265327394309651e+00
5.793214691347214007e+00
1.155575946067054272e+00
-2.425812489976091335e+00
-2.930466482390547966e-01
4.487364608370342012e+00
5.513071899491510663e+00
1.620553665079096373e+00
-1.838284893702561540e+00
-3.498859955454194370e-01
3.875189212799367677e+00
5.154120849950466265e+00
1.975449070594247569e+00
-1.246843729146025037e+00
-2.956219880002883826e-01
3.333484304577792656e+00
4.733072358018082681e+00
2.219767539737558693e+00
-6.681925754323532196e-01
-1.415859535400436631e-01
2.870594222474896817e+00
4.266812570441869568e+00
2.357126432137197192e+00
1.800934484071501807e+00
