6.259700285413112297e-01
7.720971662672729829e-01
5.766120902032640938e-01
1.627895987979600112e-01
-2.084098026831954775e-01
-3.029041458198863390e-01
-6.110437481687014394e-02
3.645082128503742691e-01
7.055381620489002970e-01
7.469286556606328231e-01
4.625784441149572990e-01
3.180154832287973576e-02
-2.737499134345813268e-01
-2.613922047707362140e-01
6.108178252187509982e-02
4.903168021562137047e-01
7.556330580172530009e-01
6.897195275708876139e-01
3.341419269547303283e-01
-8.686903562888143027e-02
-3.078197347730481370e-01
-1.893765013685618226e-01
1.937692046556031555e-01
6.000019585437567082e-01
7.731474176447211688e-01
6.040183641783225532e-01
1.992692312996479365e-01
-1.858612242405979220e-01
-3.085059752550072254e-01
-9.132404376969743831e-02
3.287275228048218700e-01
6.867601035562895806e-01
7.569948558289889551e-01
4.951410587922691620e-01
6.632627462460036205e-02
-2.590347051491057040e-01
-2.757660685833132064e-01
2.668314553421929913e-02
4.575855084810498963e-01
7.452097811628194401e-01
7.081772877353311735e-01
3.698410802844185330e-01
-5.644072393014998301e-02
-3.018506552838253754e-01
-2.116308139202470184e-01
1.573252869364603068e-01
5.723503261521452057e-01
7.717254600657424968e-01
6.297227817508492809e-01
2.358905672237316120e-01
-1.614167421129878988e-01
-3.116532761253013595e-01
-1.200784089664975185e-01
2.924988768449772736e-01
6.659033148542159442e-01
7.646624190676699628e-01
5.264977336972398447e-01
1.015982357112701073e-01
-2.420903010757065044e-01
-2.878345282434602304e-01
-6.787689314027900434e-03
4.238193338404714350e-01
7.324415462835686119e-01
1.024423904910082728e+00
5.108627001658641031e-01
-1.795737123272471703e-01
-6.114893867229902469e-01
-5.125140798293789102e-01
5.493741304353097488e-02
7.330246376689256715e-01
1.094139166695824894e+00
9.105586507817921005e-01
2.980507564621353023e-01
-3.571310551766568864e-01
-6.418227339512126983e-01
-3.764949263805682511e-01
2.715340603802566810e-01
8.936108173841661451e-01
1.097447665268081796e+00
7.545030966942516404e-01
8.104130646067869703e-02
-4.982461221900309489e-01
-6.180548783170881633e-01
-2.028323900243500510e-01
4.855779857104661756e-01
1.013057941611045676e+00
1.046973465104139578e+00
5.659370957908596012e-01
-1.267049331147639402e-01
-5.941657925124537165e-01
-5.416600983454386009e-01
-2.298454226905416453e-03
6.837924186202679611e-01
1.083956914097431667e+00
9.458473925816548444e-01
3.565570673836251370e-01
-3.123018262856258609e-01
-6.389403367176820225e-01
-4.173770286550290143e-01
2.126681116252160664e-01
8.538824644313871559e-01
1.101909995552986077e+00
8.003421211514955003e-01
1.393504885155573692e-01
-4.642371223007707437e-01
-6.297924681208362241e-01
-2.529147307390099964e-01
4.287333073398896799e-01
9.852977350193460326e-01
1.065803587727538249e+00
6.194830883718971393e-01
-7.220969653069625460e-02
-5.730865404204166236e-01
-5.672896130151378058e-01
-5.847451336055548010e-02
6.324949866356186501e-01
1.069886770940562837e+00
9.778773079633261700e-01
4.144886637984734890e-01
-2.650007794080347923e-01
-6.320983415712301268e-01
-4.553087142111341690e-01
1.538828367919283235e-01
8.113141688406795282e-01
1.102402662208105122e+00
7.874386086327714862e-01
2.010322658552941288e-01
-3.668671863957415624e-01
-5.581368063340136354e-01
-2.521601033199895592e-01
3.581110249695095282e-01
8.878336439552085846e-01
1.002959495816174496e+00
6.308890938287157191e-01
6.253667840279447665e-03
-4.770455811315340577e-01
-5.142354258563944791e-01
-8.186358698335133299e-02
5.474120305204490666e-01
9.767640755427990928e-01
9.354389546158973223e-01
4.494966926567492971e-01
-1.746227732977383429e-01
-5.433436116672580862e-01
-4.241468601400775196e-01
1.078008454663249016e-01
7.170480859736076962e-01
1.019397600439133633e+00
8.241848317148956493e-01
2.545128585812467259e-01
-3.303776081931404374e-01
-5.616489270966269487e-01
-2.934591453888074630e-01
3.050686409288853596e-01
8.564969634325484416e-01
1.013089735643308842e+00
6.760980258192581527e-01
5.803209788375732203e-02
-4.513496367881698612e-01
-5.308260807119884461e-01
-1.302786120297668715e-01
4.977036229916014243e-01
9.571088928669917451e-01
9.582317469787542397e-01
5.003641025560827682e-01
-1.277582314132907904e-01
-5.300351756791454871e-01
-4.527869597781567501e-01
5.527293678806741162e-02
6.737569805560854608e-01
1.012643092222754504e+00
8.582263795583983113e-01
3.078835298993584102e-01
-2.913338800540814510e-01
-5.615534984771605176e-01
-3.323721945085084117e-01
2.516860629444650499e-01
8.223084316971930319e-01
1.019654872220180586e+00
7.192767914552702369e-01
1.105955412020391965e-01
-4.225485365796101123e-01
-5.439495787315685726e-01
-1.770509022370598817e-01
4.467776036693609232e-01
9.341435896557056529e-01
9.777093044067268757e-01
4.852906320201086365e-01
-1.657176798273263252e-02
-3.627040481819185924e-01
-3.348318116911904729e-01
4.946843690458663234e-02
5.478532070266016740e-01
8.460361944530092604e-01
7.559802946849524252e-01
3.344756377750698340e-01
-1.526728224052463778e-01
-3.982645084387701484e-01
-2.474269041926637769e-01
2.047203237257140263e-01
6.730487168528171971e-01
8.622258158880944379e-01
6.529546943130308811e-01
1.772037655365658881e-01
-2.650137876575537343e-01
-3.948312566791559730e-01
-1.303844775164772485e-01
3.615638277953384105e-01
7.707862526146636029e-01
8.392231385982693581e-01
5.237175169588079715e-01
2.323031453601276386e-02
-3.466263501030409921e-01
-3.526172515064238677e-01
9.035531269486363204e-03
5.102702208105260873e-01
8.350033258714600892e-01
7.784549784336486367e-01
3.762851187511606077e-01
-1.178940112969608656e-01
-3.924482251998550053e-01
-2.742409538465779839e-01
1.621851428082423663e-01
6.416155052386036672e-01
8.617166638581960081e-01
6.836906781108582631e-01
2.198024735525409834e-01
-2.374155167990906201e-01
-3.996371621592733625e-01
-1.645639083957211035e-01
3.195647544913871041e-01
7.474525627551010798e-01
8.492692849301483049e-01
5.608083014753169060e-01
6.397592622117623251e-02
-3.279204919777722882e-01
-3.677472437921818216e-01
-3.038919050331917449e-02
4.714123841981344709e-01
8.212165057475376839e-01
7.984332782369049086e-01
4.174300274792155929e-01
-8.152887498823679913e-02
-3.837950714784866824e-01
-2.987565459725957107e-01
1.199605766958645736e-01
6.083091889765412930e-01
8.583318858147610531e-01
7.123619123824812549e-01
2.558762485302748524e-01
