4.680914733822539198e+00
-3.208626528081819362e+00
-1.185793592151528486e+01
-5.087843347039822106e+00
4.369434979217441395e+00
-4.421182378505035260e-01
-1.076759338468025362e+01
-8.870133040434492244e+00
1.765123397996242183e+00
3.641015630343851228e+00
-5.957406599906766687e+00
-1.189316446242578351e+01
-5.366811550833399558e+00
3.688658745247265003e+00
2.314389645132866491e+00
-7.238707741114832395e+00
-1.185180949748990997e+01
-5.681728126673798229e+00
3.061111781379925567e+00
3.539462409857846659e+00
-4.494735742162746739e+00
-1.143375634269756702e+01
-9.574891647400786354e+00
-1.298144814723506180e+00
4.476143730364280593e+00
2.036823018948471287e+00
-5.864542512860262846e+00
-1.155318223533911848e+01
-9.990539298864565154e+00
-2.898669303443391687e+00
3.497212485492716461e+00
4.082049317526413645e+00
-1.283522692875010307e+00
-8.288021416721051082e+00
-1.185446821604906020e+01
-9.752401650965349944e+00
-3.690718607419014585e+00
2.309939803785701073e+00
4.681331148585587520e+00
2.309725472121021639e+00
-3.209284027833859021e+00
-8.819432803285884859e+00
-1.176408736082768414e+01
-1.085896258385272795e+01
-6.781017497236678793e+00
-1.473515687243370564e+00
2.861929344940057796e+00
4.667668713749784537e+00
3.496456489372608445e+00
-2.390380797415936343e-02
-4.587393045393206137e+00
-8.740143158694174019e+00
-1.133847680784360179e+01
-1.181360464624623319e+01
-1.021783416139069089e+01
-7.098497439768585160e+00
-3.279194083969260376e+00
3.725886787993015759e-01
3.133993549605428086e+00
4.542654850002787903e+00
4.436610076922813839e+00
2.932042370518049168e+00
3.604082336938470021e-01
-2.647880061987036626e+00
-6.583704109101088164e+00
-1.002726650405320186e+01
-1.247811729940683634e+01
-1.358142324223749497e+01
-1.316101381240482837e+01
-1.123945650867454304e+01
-8.047941505841674115e+00
-4.025722989886387992e+00
1.960730401240953213e-01
3.837965460065678514e+00
6.061452231837489713e+00
6.126250260059690866e+00
3.630229115637622073e+00
-1.182781482146912477e+00
-7.131220330187328926e+00
-1.207777920595431453e+01
-1.353405304672478238e+01
-1.001249698597558790e+01
-2.611404357301257306e+00
4.492881194649153365e+00
6.055208938847871813e+00
8.252265726276242219e-04
-9.367533549856744912e+00
-1.360202629667356078e+01
-7.972475265016410795e+00
2.328624938482753315e+00
6.253128895090854122e+00
-8.917907522935490938e-01
-1.118207869563107693e+01
-1.273778049130836010e+01
-3.718485335894327726e+00
5.411328497268576676e+00
4.182588823028844160e+00
-5.870281321558174170e+00
-1.335475926287335824e+01
-1.005412372870464921e+01
2.561010422149512245e-01
6.365392405231042439e+00
1.807754507188029436e+00
-8.477472876770235644e+00
-1.362131927114138819e+01
-8.278911935775122188e+00
1.923291098118734332e+00
6.366306137109082108e+00
4.621787775760273220e-01
-9.656992998452382793e+00
-1.351730806057667422e+01
-7.124089141566632755e+00
2.910374555612471603e+00
6.187339487755715517e+00
-7.112695116176230847e-01
-1.063260539080867773e+01
-1.323441018829477400e+01
-5.768403712578010101e+00
3.969827559129795347e+00
5.737756625600867189e+00
-2.366989537817678180e+00
-1.179863494666514256e+01
-1.253098146376162347e+01
-3.741481669369319807e+00
5.198414208384421364e+00
-3.262913636635809134e-01
-4.074957177927738705e+00
-7.324582447835059185e+00
-6.544886693722247628e+00
-2.569152816209151258e+00
2.730965506427995848e-01
-1.132741861749841483e+00
-5.256895536378372036e+00
-7.573944894565659780e+00
-5.529014438266534270e+00
-1.367857811379261435e+00
3.194204521172450129e-01
-2.336028725385833837e+00
-6.402147668325607555e+00
-7.377651985350789587e+00
-4.178075978255149536e+00
-3.481622402047013232e-01
-1.376386113572971581e-01
-3.782736505192295873e+00
-7.236761481700940024e+00
-6.661521541466584040e+00
-2.694769625390092127e+00
2.543814760466989178e-01
-1.093839997135446218e+00
-5.240840970250713937e+00
-7.574340875726646161e+00
-5.498447948519302741e+00
-1.322175190315861837e+00
3.087717651164214594e-01
-2.419772906977267990e+00
-6.472517171351267251e+00
-7.341705212275069670e+00
-4.061057296994628807e+00
-2.792889171183872143e-01
-2.013104726213033047e-01
-3.913122149194695254e+00
-7.288158033263906432e+00
-6.575679868963545616e+00
-2.568313240778565820e+00
2.812427640223265080e-01
-1.191707916522516619e+00
-5.350324525423365785e+00
-7.576851592213608377e+00
-5.400464691390112648e+00
-1.237662890445892838e+00
2.924950128377870051e-01
-2.506397479221409430e+00
-6.529215696825065862e+00
-7.315706894919243197e+00
-3.995228161817345303e+00
-2.484904661733082776e-01
-2.262188549039048091e-01
-3.951801177281876853e+00
-7.298972765930406226e+00
-6.562866810412874230e+00
-2.559500233644750544e+00
2.810197112969587963e-01
-1.182519903242911674e+00
-5.330338444896669969e+00
-7.576484517000334762e+00
-5.439450844722316880e+00
-1.281789884890019771e+00
1.476308553213269370e+00
-2.079832695439174373e+00
-7.325090120133336491e+00
-8.470444198126827473e+00
-4.253803274142923030e+00
6.722033775106854847e-01
8.758097712671633062e-01
-3.865678427054175970e+00
-8.325331247549225822e+00
-7.590115610660061130e+00
-2.471697963911902107e+00
1.392592584957940360e+00
-2.504195143208218788e-01
-5.590659716816317903e+00
-8.751773207107433450e+00
-6.257877622945677842e+00
-8.531358094564742700e-01
1.520418535078353450e+00
-1.744429453043949474e+00
-7.058855788926143404e+00
-8.585278065223363342e+00
-4.649049374577133520e+00
4.270760857159912049e-01
1.072143811513823763e+00
-3.419985820701977097e+00
-8.120486539083497490e+00
-7.875087692362089165e+00
-2.954509705592372804e+00
1.246954208089076310e+00
1.261427305449700498e-01
-5.087448906211261779e+00
-8.682991706960725864e+00
-6.724434244179803954e+00
-1.357337788828195446e+00
1.543880906407850695e+00
-1.194194055333902327e+00
-6.574911531413675903e+00
-8.713173717507483929e+00
-5.271946486478296556e+00
-1.448803036521262300e-02
1.312604527111375319e+00
-2.739939326193070901e+00
-7.743225605681489654e+00
-8.231411922115981383e+00
-3.672090845513630963e+00
9.545475474652711512e-01
5.961085518694124730e-01
-4.355458970187135570e+00
-8.493326712735107975e+00
-7.299791494922134305e+00
-2.078177030253924862e+00
1.470706318363813381e+00
-5.275584987198889131e-01
-5.891377385068747863e+00
-8.764859598022406217e+00
-6.010802307530214605e+00
-6.358919862860288319e-01
1.491553415061732224e+00
-1.951448530841790596e+00
-7.205776783379159944e+00
-8.534161791582906886e+00
-4.485838845112170681e+00
4.622370844025449621e+00
