1.468594593029941775e+00
1.410287256489478613e+00
1.333376483535052337e+00
1.371754976903330592e+00
1.456279211539968532e+00
1.447791843602699080e+00
1.363979276373460614e+00
1.334868255430784467e+00
1.399391714856877078e+00
1.462935605708234776e+00
1.442489356354628827e+00
1.369692723693918035e+00
1.333221732719066521e+00
1.368741912734197097e+00
1.433181154472011221e+00
1.464987364602050590e+00
1.443357428943761622e+00
1.392728030191839883e+00
1.349772246413717403e+00
1.334894801495052574e+00
1.347259535858350787e+00
1.374822424475675930e+00
1.405139902540679664e+00
1.430493919079177001e+00
1.448029190165162072e+00
1.457983015536149063e+00
1.461992907552468912e+00
1.461994577278595164e+00
1.459679479169778915e+00
1.456317261489422865e+00
1.452764847834832507e+00
1.449546857496311292e+00
1.446947272020288056e+00
1.445087503092417736e+00
1.443984582679895601e+00
1.443591272894174882e+00
1.443822414270195420e+00
1.444571843819316026e+00
1.445723331810326862e+00
1.447157955668613605e+00
1.448759441787288216e+00
1.450418339577975280e+00
1.452035437915269345e+00
1.453524554807786862e+00
1.454814684534481373e+00
1.455851434080033258e+00
1.456597689676925933e+00
1.457033497752875162e+00
1.457155201522834842e+00
1.456973929393300615e+00
1.456513574119383758e+00
1.455808426935364386e+00
1.454900637362539051e+00
1.453837658828303070e+00
1.452669816327440522e+00
1.451448099788902546e+00
1.450222250329158413e+00
1.449039170374366803e+00
1.447941655984658516e+00
1.446967422807996284e+00
1.446148377095389126e+00
1.445510070440588324e+00
1.445071271075810015e+00
1.444843585022172805e+00
1.444831066406150111e+00
1.445029767126816411e+00
1.445427191296077662e+00
1.446001639216423440e+00
1.446721449067570164e+00
1.447544172036161259e+00
1.448415748411704396e+00
1.449269788016181115e+00
1.450027097530335540e+00
1.450595638217214045e+00
1.450871137236022568e+00
1.450738609214022645e+00
1.450075064232008382e+00
1.448753672184695640e+00
1.446649604343500872e+00
1.443647655662278595e+00
1.439651529373614958e+00
1.434594286533101837e+00
1.428448855461512013e+00
1.421236567731350542e+00
1.413024627469794847e+00
1.403932242299264388e+00
1.394188745318003297e+00
1.384143774011757033e+00
1.374261471626488484e+00
1.365105732682609485e+00
1.357313153524146943e+00
1.351551426914908705e+00
1.348462524060866308e+00
1.348592215562548047e+00
1.352310252572643368e+00
1.359728662148806944e+00
1.370628723320766795e+00
1.384409711260745190e+00
1.400073702484603277e+00
1.416259838710799634e+00
1.431337755123854194e+00
1.443562990777437660e+00
1.451287246708469203e+00
1.453204219802103347e+00
1.448599168086902811e+00
1.437559931286368275e+00
1.421101947263520016e+00
1.401162938339594044e+00
1.380436597851954605e+00
1.362039191456356546e+00
1.349036273565972444e+00
1.343893439215831265e+00
1.347947196376434453e+00
1.361010207268014804e+00
1.381220603366411392e+00
1.405212651940446644e+00
1.428626793023315855e+00
1.446899915071689469e+00
1.456198213738082448e+00
1.454296304952029661e+00
1.441188069351098333e+00
1.419249818912037719e+00
1.392864231771812955e+00
1.367552649754235405e+00
1.348794164373417814e+00
1.340794761237870336e+00
1.345496356860352849e+00
1.362070572399478374e+00
1.387034084496480357e+00
1.414976913235034495e+00
1.439747902939458202e+00
1.455829721284612521e+00
1.459587087527650207e+00
1.450098897579731316e+00
1.429380841399083168e+00
1.401946499486260267e+00
1.373807542022536854e+00
1.351141291005191203e+00
1.338927132051142666e+00
1.339856322704763070e+00
1.353753746136174829e+00
1.377632102662247782e+00
1.406357146392661850e+00
1.433769313396725975e+00
1.454011569726505249e+00
1.462774987813268091e+00
1.458198475103521519e+00
1.441239308894124216e+00
1.415447339443896446e+00
1.386201972659392823e+00
1.359580663174712933e+00
1.341098818098908740e+00
1.334580921994205305e+00
1.341389554096849901e+00
1.360161618413036511e+00
1.387096041192166895e+00
1.416728723957895619e+00
1.443038655030774775e+00
1.460663859078222160e+00
1.465984646370332323e+00
1.457858293896499680e+00
1.437858305243100876e+00
1.409969330733018555e+00
1.379796557383982103e+00
1.353444721420842267e+00
1.336287756513180769e+00
1.331872306371658432e+00
1.341163347112322324e+00
1.362299060540173912e+00
1.391002868819038341e+00
1.421464217323956225e+00
1.447513671490411102e+00
1.463869104866865500e+00
1.467204789696036071e+00
1.456828256996574922e+00
1.434826835074850315e+00
1.405651695076881369e+00
1.375220794228064536e+00
1.349720257808906032e+00
1.334346296866140591e+00
1.332243563456765756e+00
1.343857550008140889e+00
1.366835525226798076e+00
1.396499134664606734e+00
1.426794761977161041e+00
1.451529073213834620e+00
1.465637376343237763e+00
1.466224181010466587e+00
1.453160643751811421e+00
1.429114805030782920e+00
1.399007516865646616e+00
1.369005117299920693e+00
1.345255431625933085e+00
1.332626697745074917e+00
1.333708560464211379e+00
1.348280451597146268e+00
1.373356584719814144e+00
1.403798267752835338e+00
1.433367695249081031e+00
1.456006800792954969e+00
1.467078718023487660e+00
1.464317307014337155e+00
1.448290335699458753e+00
1.422281826840453123e+00
1.391618217605949059e+00
1.362576870661684092e+00
1.341100801648100749e+00
1.331582840571698734e+00
1.335967873886336754e+00
1.353356421298351098e+00
1.380190067503538565e+00
1.410980262453715994e+00
1.439431042327191657e+00
1.459726108264250533e+00
1.467717363827711896e+00
1.461772180949828082e+00
1.443106468931274922e+00
1.415535686129826276e+00
1.384694812701025901e+00
1.356886730752519643e+00
1.337794308414539168e+00
1.331319280554952300e+00
1.338785093078764366e+00
1.358666526288647702e+00
1.386901316220642499e+00
1.417720118911633964e+00
1.444825283291670814e+00
1.462677636142327042e+00
1.467628395136875374e+00
1.458664932643492618e+00
1.437617968775002808e+00
1.408787780556973290e+00
1.378065710901559049e+00
1.351730400332780135e+00
1.335164670072711557e+00
1.331755257711070506e+00
1.342200304845600822e+00
1.364366223710017367e+00
1.393723327507055743e+00
1.424271324797759419e+00
1.449765624442252543e+00
1.464993851998895424e+00
1.466841636870628518e+00
1.454929726835776371e+00
1.431692055260582297e+00
1.401878642474550185e+00
1.371584807835966480e+00
1.347005060167706603e+00
1.333166400280049402e+00
1.399539391586906323e+00
