4.398409239286150907e+00
7.141070216974767071e+00
6.579713406650938623e+00
2.954968039202438224e+00
-2.170679694129761472e+00
-6.563454161092561634e+00
-8.263076054231540013e+00
-6.452865184261012743e+00
-1.880748588808577537e+00
3.392975003570632531e+00
6.876244054202921063e+00
6.814397529242238960e+00
3.117569686768238757e+00
-2.452140465046704243e+00
-7.038024929465666268e+00
-8.127000124401703829e+00
-4.977376643072981111e+00
7.836826673212833327e-01
5.882013823887593418e+00
7.214778895967706163e+00
3.802796518795706238e+00
-2.367221986766924857e+00
-7.357028775002008025e+00
-7.755929073888061076e+00
-3.110817855034987200e+00
3.464936763721861546e+00
7.243696180328338841e+00
5.298081489435725544e+00
-1.077870110074656829e+00
-7.026921114655969802e+00
-7.759202645458239012e+00
-2.514974395707706201e+00
4.486917566640972410e+00
7.315539904494683832e+00
3.404246920032082180e+00
-3.947420551386776832e+00
-8.209264825381580977e+00
-5.436157998593084351e+00
1.936748703401554250e+00
7.100218953933774557e+00
5.162597540420875930e+00
-2.111510323599004479e+00
-7.824600755932219265e+00
-6.503049592684676306e+00
5.999393822057430548e-01
6.685586276786144921e+00
5.939313102933530431e+00
-9.219631265201462256e-01
-7.347449505356066446e+00
-7.171532113018258769e+00
-5.137074832580347250e-01
6.214925003098440648e+00
6.400177287353529643e+00
-2.422451178846045106e-01
-7.135260847025636899e+00
-7.238376554876209568e+00
-3.103308513329678942e-01
6.493493192676876191e+00
5.885100380489779681e+00
-1.633006340498279529e+00
-7.893430074229616622e+00
-5.830821625570914435e+00
2.373640117784226788e+00
7.327057766103995284e+00
3.132803318364748790e+00
-5.369933716839406124e+00
-7.965102054007449084e+00
-1.378015836251448745e+00
6.363572383803114185e+00
5.588693008127741280e+00
-2.817785108665082028e+00
-8.246589736359839051e+00
-3.750422618255652374e+00
4.955367368135770612e+00
6.727109582682569311e+00
-6.861011796556043540e-01
-7.802539764276915868e+00
-5.638929241369623924e+00
2.978269211728757249e+00
7.327513741256024282e+00
2.257233221198950091e+00
-5.976306457375363479e+00
-7.829027816041477017e+00
-1.535738840934315785e+00
5.801050196927326041e+00
6.726577146787226624e+00
8.548279793433901652e-01
-6.013623465193433937e+00
-8.189017895181887496e+00
-4.623147887890286967e+00
1.529351876333177707e+00
6.218401371094734564e+00
7.220665007186001461e+00
4.734946661291954406e+00
4.209999449382734737e-01
-3.873115035622531899e+00
-6.901585577626840440e+00
-8.201529050973329404e+00
-7.899018565708542106e+00
-6.413392198007919376e+00
-4.221627672599983505e+00
-1.729935088280973199e+00
7.593337660903571873e-01
3.029576603623454378e+00
4.924605161101037076e+00
6.327510578876212044e+00
7.148080956306523959e+00
7.319639370634357434e+00
6.804495728086272344e+00
5.606099767934462186e+00
3.784733568860422448e+00
1.472058023019114703e+00
-1.121595517058873170e+00
-3.713816998533632230e+00
-5.975866754935000635e+00
-7.579358492395805058e+00
-8.253786003866697030e+00
-7.841216941275113150e+00
-6.339047758538989719e+00
-3.920363529374123690e+00
-9.241903563411349998e-01
2.186950515607735124e+00
4.898228641804333705e+00
6.731789171430690999e+00
7.338209276573755879e+00
5.703062626967605908e+00
3.915417758957211003e+00
1.311840927060059059e+00
-1.640785046037190886e+00
-4.390748634001122142e+00
-6.406150506283264434e+00
-7.281792357353945810e+00
-6.826040779030726924e+00
-5.108128538372314509e+00
-2.453614949966335335e+00
6.137982797654004674e-01
3.474356125255282368e+00
5.538432854157506746e+00
6.370760723863654995e+00
5.785881740146257890e+00
3.893147518299027166e+00
1.079793662361349327e+00
-2.066200647360843856e+00
-4.878438427084315521e+00
-6.754135478474124987e+00
-7.285259668447499948e+00
-6.349744911079135967e+00
-4.141850271092935465e+00
-1.133747689934357927e+00
2.024460777486847718e+00
4.645238712981214491e+00
6.154137841382677721e+00
6.217095198159650948e+00
4.815915304379042361e+00
2.254524286810307476e+00
-9.061458835834281800e-01
-3.970817231490296084e+00
-6.263193189611092393e+00
-7.275944276914621867e+00
-6.783816914383093533e+00
-4.894382035877851145e+00
-2.024807406528854159e+00
1.190387864120059591e+00
4.040107601599566500e+00
5.894542174158134529e+00
6.344816584999675158e+00
5.293229741384064546e+00
2.974047684826227389e+00
-9.953090313130913414e-02
-3.250035226444061731e+00
-5.786069051992908996e+00
-7.154614235431645319e+00
-7.061442437666991090e+00
-5.533288232427808317e+00
-2.908767557557898620e+00
2.389180847016369458e-01
3.229349639759877100e+00
5.423440888546198657e+00
6.360224751672935994e+00
5.852320717697349295e+00
4.020406650816214622e+00
1.260968143137891628e+00
-1.843647214509874122e+00
-4.651623228198124238e+00
-6.596218474131786635e+00
-7.299632652901507868e+00
-6.643170031155384514e+00
-4.781189153687872562e+00
-2.098960440894240165e+00
8.736201452720269156e-01
3.572048126711468985e+00
5.507063840208227035e+00
6.352331000182978471e+00
5.994322198531691903e+00
4.537902481279147082e+00
2.270692624096324330e+00
-4.027569655546448524e-01
-3.041174752795054559e+00
-5.244402565052232568e+00
-6.714702319983803847e+00
-7.292510610664275639e+00
-6.963829671835324753e+00
-5.842267471700592019e+00
-4.132793215529361852e+00
-2.086006879834886085e+00
4.606317727351422198e-02
2.044464747436661067e+00
3.744561061684689829e+00
5.043995597347128879e+00
5.899831513755168899e+00
6.318489995383272273e+00
6.342189777526993311e+00
6.034945347156762452e+00
5.470210301053199053e+00
4.721269240170921755e+00
3.854678243754929401e+00
2.926507521177043714e+00
1.980844582638285223e+00
1.049920804923901496e+00
1.552622626175516607e-01
-6.906241299448084847e-01
-1.482382314480155783e+00
-2.219978024155338847e+00
-2.907017724642553258e+00
-3.549235191373208309e+00
-4.153097548958539775e+00
-4.724430905694154248e+00
-5.266924778359900472e+00
-5.780341699114869947e+00
-6.258237710844869461e+00
-6.685007879542950171e+00
-7.032149358458042343e+00
-7.253864726581155331e+00
-7.282655045952933115e+00
-7.026598910918055552e+00
-6.371854928918268435e+00
-5.196716966524860482e+00
-3.406826650031711257e+00
-1.002711819013521577e+00
1.812834618401740316e+00
4.513668158682984100e+00
6.214347061219228863e+00
5.874992278184335781e+00
2.889384231733992614e+00
-2.044051164174634394e+00
-6.406855676084860285e+00
-6.810760527394670305e+00
-1.919849310829837785e+00
4.628756289727873785e+00
1.930037052959605370e+00
