6.536150058464997414e+00
5.601657512010469020e+00
1.187121663070690447e+00
-1.194580134623292267e+00
1.423711147615554840e+00
5.776668901621130559e+00
6.437710198769842407e+00
2.576689585593272103e+00
-9.883068995717501082e-01
2.170122187995482399e-01
4.698355159442008322e+00
6.801170642681304557e+00
3.829879545988327916e+00
-4.472298319512164611e-01
-5.206270782640980421e-01
3.743439586720497037e+00
6.800037413860925639e+00
4.602756291342697814e+00
2.376672719011763135e-02
-8.223512411846982673e-01
3.241538368027184536e+00
6.732830839945822099e+00
4.867077265397832697e+00
1.726938305704153187e-01
-8.672285655944089733e-01
3.217485820592467682e+00
6.743777184063061370e+00
4.764782762413730666e+00
4.617719644860107664e-02
-7.785971857620572756e-01
3.449465707820809079e+00
6.785389116169809220e+00
4.564955173274310773e+00
-8.761049119343233826e-02
-7.192615987381691944e-01
3.492232059078151707e+00
6.774519033333869622e+00
4.756864961739152520e+00
1.984263668671735203e-01
-9.657048654587798708e-01
2.632934800083509774e+00
6.426291115656266761e+00
5.901046223386456013e+00
1.845023340838981341e+00
-1.092230506236775422e+00
1.508727705730259494e-01
4.082801962629400094e+00
6.724238269128248291e+00
5.697489722277810031e+00
2.136601251896141029e+00
-7.907039115941234542e-01
-7.615685217705179255e-01
2.022511552482523900e+00
5.346675187674196472e+00
6.826170419934508793e+00
5.546174839224821795e+00
2.481845236768886576e+00
-3.316452151246953584e-01
-1.158780719139024029e+00
4.279624858436852364e-01
3.412141827463390786e+00
6.026253600627021534e+00
6.794290872895849098e+00
5.327752164795606760e+00
2.479103627523560505e+00
-1.734194624631482107e-01
-1.195570649479903658e+00
-5.339100928158124759e-02
2.625919641372994384e+00
5.404082706199590191e+00
6.798016368115428421e+00
6.062562980200119966e+00
3.585826699690377595e+00
6.904411620861261589e-01
-1.062721504698037389e+00
-7.112393000821475297e-01
1.573777310387363348e+00
4.553212106789771951e+00
6.575416877738620158e+00
6.487705105424027785e+00
4.307124953412705182e+00
1.255502651964767846e+00
-9.015553794568429424e-01
2.259873947579938758e+00
2.597489797598558692e+00
3.069617628855591640e+00
3.387692840209690637e+00
3.349186360056462863e+00
2.970846398871345606e+00
2.489630391490694983e+00
2.219177506286611035e+00
2.344755281923703638e+00
2.790317392718312473e+00
3.256080732548101597e+00
3.415997208342933078e+00
3.148888404437954591e+00
2.638316235979153657e+00
2.254903363820446316e+00
2.289064540805310521e+00
2.724584773901568280e+00
3.233260257307592589e+00
3.415818005187804651e+00
3.118351779539909163e+00
2.572190567812486783e+00
2.224121255755111992e+00
2.371784940752976745e+00
2.899952099117961257e+00
3.357648791955122114e+00
3.338744400203229823e+00
2.849825305600381942e+00
2.326781603101018892e+00
2.253477144976566038e+00
2.708290990027559353e+00
3.267723490292934407e+00
3.391561073272609583e+00
2.949280114870737268e+00
2.371234409439277879e+00
2.240049109396077043e+00
2.698847576942586368e+00
3.280964671469545735e+00
3.374465595155263564e+00
2.870745238810614275e+00
2.305024600989248995e+00
2.296743988669457170e+00
2.864244744735133796e+00
3.378906342534276241e+00
3.254666933646057636e+00
2.624828083101086840e+00
2.214511938403595614e+00
2.509100162756778385e+00
3.168250208002891366e+00
3.406047052769137551e+00
2.929290222352223250e+00
2.312140449208799353e+00
2.313790311500218522e+00
2.938781531997032292e+00
3.410512802703732582e+00
3.132368066446203692e+00
2.451140961287541220e+00
2.234296966217478975e+00
2.763908734854012117e+00
3.360676222310622130e+00
3.250560482804872198e+00
2.573347186042562296e+00
2.212006905470439655e+00
2.641889763821180459e+00
3.300293339174359630e+00
3.319593327492517787e+00
2.672538871155829998e+00
2.214320725597726636e+00
2.552940897634761619e+00
3.240085645206586484e+00
3.362952532943021655e+00
2.757562856377770544e+00
2.229037014701412023e+00
2.480993836764408655e+00
3.178140276266016695e+00
3.392314653286685022e+00
2.838535802149647402e+00
2.253997345035172017e+00
2.416141046582823471e+00
3.108888807762981266e+00
3.411676115550482002e+00
2.923103709256712257e+00
2.291834894755007568e+00
2.354092226219281603e+00
3.936390159177212134e+00
6.023915846151918885e+00
3.876819742752890097e+00
3.316674530349117411e-01
5.634055491206524380e-02
3.406805358253762073e+00
5.979935387840080274e+00
4.405818123218030458e+00
7.516809860983539870e-01
-2.054064346471107250e-01
2.777495600400208708e+00
5.808520944410268783e+00
4.946909741902249635e+00
1.318699879825568022e+00
-3.682071478239148377e-01
2.065623343971200399e+00
5.467396294394870182e+00
5.445738171571111508e+00
2.034591079093688304e+00
-3.705973215362403650e-01
1.319747261218662704e+00
4.929489712607498575e+00
5.827381248692121041e+00
2.866934620263437150e+00
-1.587778935012265080e-01
6.189446230919739556e-01
4.202768321092595016e+00
6.014584406516608084e+00
3.743853819899251700e+00
2.892684442124782151e-01
5.535034836039764983e-02
3.338595168407130664e+00
5.955047805905621772e+00
4.572727307614680825e+00
9.528260685020637499e-01
-2.957136570334832903e-01
2.416081973240375103e+00
5.636089710473496162e+00
5.265779166370246678e+00
1.776487295299145064e+00
-3.904566496154440181e-01
1.523528722511408917e+00
5.082235552731678041e+00
5.754745164047760042e+00
2.684115965214744381e+00
-2.194748148100584828e-01
7.429276321358284640e-01
4.346050604250204508e+00
5.998610882647752440e+00
3.593436963990999100e+00
1.960290253990488729e-01
1.390646873928056415e-01
3.496303784193668385e+00
5.984882188612686171e+00
4.428112974016910286e+00
8.122017500592586536e-01
-2.457664851259004912e-01
2.606526706694532791e+00
5.725871811057217542e+00
5.125615055016419674e+00
1.571951250614979534e+00
-3.919829576521087766e-01
1.746089692952455419e+00
5.252153890271216596e+00
5.640560983652799010e+00
2.413551599915494172e+00
-2.992827254246419599e-01
9.748304867707686672e-01
4.605295571152521639e+00
5.944136958212475896e+00
3.276914687421610406e+00
1.869991567478246353e-02
3.415222342457884253e-01
3.832017966019432897e+00
6.020745508349158115e+00
4.105254079764805830e+00
5.382393231619366780e-01
-1.132207914780138935e-01
2.984862388810614053e+00
5.865941977509202765e+00
4.841415869726903409e+00
1.222979587477300178e+00
-3.567309546553358857e-01
1.767501180430930630e+00
