3.750918706939591729e+00
6.273004429634116974e+00
6.459694161786922351e+00
4.260510009072151050e+00
4.678576174026606860e-01
-3.570236481249438931e+00
-6.417961581743570676e+00
-7.044617568658394724e+00
-5.187432068197646906e+00
-1.472129467597535157e+00
2.757898661758879211e+00
5.886640272546322272e+00
6.628599471211074068e+00
4.581580259746159456e+00
4.887100161207273419e-01
-3.962318703476960913e+00
-6.799931666341747061e+00
-6.658343225176218461e+00
-3.493338414030273231e+00
1.274620194033778242e+00
5.355253962978670401e+00
6.701604112674912628e+00
4.588887899804350745e+00
5.133265416590926389e-02
-4.618325633247823525e+00
-7.068505478413599441e+00
-6.120416992130290446e+00
-2.333560326963147524e+00
2.386491721165784341e+00
5.850984261482983229e+00
6.669514788176831743e+00
4.768694613364848678e+00
1.176789407229703377e+00
-2.669074435711732640e+00
-5.606494410603433565e+00
-7.048201505229918951e+00
-6.928191397156823861e+00
-5.523868412404287831e+00
-3.279107223575758123e+00
-6.676866187678170972e-01
1.891916138168378669e+00
4.077895182660089546e+00
5.676062269669644778e+00
6.573020235228161923e+00
6.740993095741890428e+00
6.220292735891916003e+00
5.102629881900044850e+00
3.516570865143885172e+00
1.615284600471350585e+00
-4.338829008294395884e-01
-2.458708051719149079e+00
-4.290968479682617520e+00
-5.775459312731880068e+00
-6.779455753086281788e+00
-7.202605644144945529e+00
-6.986854247054747447e+00
-6.125589369044510235e+00
-4.670786571797233222e+00
-2.736591048628421063e+00
-4.975784975489845885e-01
1.820004327511982378e+00
3.955296725758061793e+00
5.638576301663802859e+00
6.624724280485547290e+00
6.731597626099263820e+00
5.878430382368859952e+00
4.117440438543515491e+00
1.650542967950870965e+00
-1.176868784388473754e+00
-3.911073314102339715e+00
-6.055656632222867763e+00
-7.162424825223181912e+00
-6.934140777237023379e+00
-5.317671821409689414e+00
-2.561047318698715269e+00
7.913336365733816269e-01
3.982099239508078536e+00
6.201694626007964395e+00
6.800691544864912785e+00
5.502340754348321816e+00
2.547124644917021286e+00
-1.297170223959201563e+00
-4.898341963773368057e+00
-7.080076056868272794e+00
-7.011196606161156808e+00
-4.534377949062147195e+00
-3.635737485870756958e-01
4.031095266971569835e+00
6.899016823605279569e+00
6.915836364887140597e+00
3.846970901477014149e+00
-1.165020148917638165e+00
-5.926135047614379481e+00
-8.111372817398406099e+00
-6.433767467503204607e+00
-1.481240830795165886e+00
4.326373495753659704e+00
7.833519175405270651e+00
6.876436510220479192e+00
1.716975822929873052e+00
-4.786457745734487013e+00
-8.645243869081934207e+00
-7.198649073306831347e+00
-1.074289210449534071e+00
5.829370431225026294e+00
8.706346832279587389e+00
5.239017329830799596e+00
-2.369726161916496210e+00
-8.561553655147960740e+00
-8.418836805186629135e+00
-1.707792984991459928e+00
6.415023871163966440e+00
9.192793410336355109e+00
3.957585473963552314e+00
-5.085076632000533614e+00
-9.979019861456499996e+00
-6.017727420019507001e+00
3.494582835248912556e+00
9.684830773533036563e+00
6.339757242507902291e+00
-3.622764521915375013e+00
-1.035011127900542149e+01
-6.732769773564580618e+00
3.838307152142268475e+00
1.029676449173052077e+01
5.436456427069328079e+00
-5.784066256199522194e+00
-1.097329956150332464e+01
-3.993512457233584279e+00
7.496864524197363266e+00
1.017873376643430738e+01
5.889294483458242802e-01
-1.014209564675394404e+01
-9.037162751429878682e+00
2.882532679883493820e+00
1.118991381036194710e+01
5.461610224938420188e+00
-7.464023115227819360e+00
-1.147349768879418264e+01
-1.303174742584805479e+00
1.041063881843322214e+01
8.759615351975279296e+00
-4.390275814513126207e+00
-1.238108931791905754e+01
-4.861314277426738606e+00
8.744847587253619992e+00
1.100976584865487062e+01
-1.153395070140122769e+00
-1.227274055191421809e+01
-8.001930555365433406e+00
6.360572767317566267e+00
1.244940131268869621e+01
2.327539427000092420e+00
-1.119105899567365192e+01
-1.079297429965509814e+01
3.169891287201615615e+00
1.297883892744296297e+01
6.057908162404952890e+00
-8.943935970587469697e+00
-1.301810964995015496e+01
-8.812321442527812909e-01
1.224337064179501233e+01
9.769531408550953699e+00
-5.318655704861432021e+00
-1.413046853772995526e+01
-5.560607166691773351e+00
9.725696831801936781e+00
1.263715462006899415e+01
-3.679491806324938219e-01
-1.306051793526436633e+01
-9.830891378255353530e+00
5.142259098617484980e+00
1.337844957761725340e+01
4.926386931626293375e+00
-9.672358387276506875e+00
-1.257599981666295008e+01
-4.325150161201093968e-01
1.181208616953248125e+01
9.327493417581848689e+00
-4.664445058729909555e+00
-1.308458853506274089e+01
-5.846327207011897897e+00
8.087960232109068670e+00
1.181826425013279014e+01
9.977653577827187981e-01
-1.112855424440453689e+01
-9.942614109465049310e+00
2.933994010754930049e+00
1.183952915551497576e+01
6.121940250807709205e+00
-7.129113581641933983e+00
-1.187319668430342645e+01
-2.534284038504921455e+00
9.455021604605994057e+00
9.648065699640016035e+00
-2.010139008676641303e+00
-1.133292573575366191e+01
-7.153864307183779303e+00
5.299791026342582256e+00
1.093644545139192381e+01
3.087571773608002612e+00
-8.604643102154026835e+00
-1.002680936884090279e+01
3.691581883587627400e-01
9.897658510031297041e+00
7.115252363830798288e+00
-4.434195875400280151e+00
-1.071699040122620339e+01
-4.260597821467280610e+00
6.956996166395543746e+00
9.356677609515667626e+00
1.970663641858856896e-01
-9.299263101620795169e+00
-7.690730256543437449e+00
2.895116732629834377e+00
9.549803663185635116e+00
4.322643049043575658e+00
-6.277246507075094684e+00
-9.375552896759991484e+00
-1.370375189282115880e+00
7.882453079190963940e+00
7.197492535933922575e+00
-2.415836507392064458e+00
-9.188779734819590317e+00
-4.998182977741969957e+00
4.888082839998462603e+00
8.420857292006321160e+00
1.455395970817874529e+00
-7.387125485063222641e+00
-7.383472573615510903e+00
1.285427251406340288e+00
7.964442667094203010e+00
4.618016748585032971e+00
-4.500060867206123305e+00
-8.240408048345985392e+00
-2.191453192705848707e+00
6.119196564917681158e+00
6.586103974262941030e+00
-1.184568642237228353e+00
-7.605594886505256724e+00
-4.934804227385016340e+00
3.388898713262766815e+00
7.159315155173231915e+00
1.917571576566413860e+00
-5.778562874691675511e+00
-6.553532251640736384e+00
3.637307953312596820e-01
6.411749086563783173e+00
4.291747676081174134e+00
-2.133409541599325387e-01
