6.803944675893278671e+00
5.147514081712579070e+00
3.866920779675357966e+00
6.801427472018003684e+00
3.855797106125001150e+00
6.509247403589018433e+00
3.748741306318179589e+00
6.810083539333396274e+00
4.251629518688313958e+00
4.552673720075555153e+00
6.791995370120962328e+00
5.514300643272534330e+00
3.741665916362575395e+00
4.068842901982899996e+00
5.532497837112151373e+00
6.610873610593667848e+00
6.780017779964259361e+00
6.230200960010051858e+00
5.329958238229615120e+00
4.404977008688940820e+00
3.748599272549194339e+00
3.684718278615708442e+00
4.498306613260128373e+00
5.997367971317763669e+00
6.808568653628652712e+00
5.211855097087954469e+00
3.652237337995034583e+00
6.366641696980248177e+00
4.796805987348780498e+00
5.619163142335786176e+00
4.037922638012870102e+00
6.622321010426380106e+00
6.499204971354522797e+00
6.053963696569041097e+00
6.410802933492954381e+00
6.808664170660719606e+00
5.425419014669590645e+00
3.617294058124597811e+00
5.847832786871149935e+00
6.050849052916591475e+00
3.653466352332872091e+00
6.603317642637422935e+00
4.723516657108616457e+00
4.508983797381925562e+00
6.773356755012569508e+00
4.061389243224692969e+00
4.629003725432399463e+00
6.787458914094417040e+00
5.650524307769908106e+00
3.904694444699507994e+00
3.708980301315630168e+00
4.335784213230065021e+00
4.823185668248961555e+00
4.848316621748891109e+00
4.399865973941212260e+00
3.752992360059409727e+00
3.823210573336052853e+00
5.481564280718894011e+00
6.813346431825939575e+00
4.762829591519086136e+00
4.023831085856320655e+00
6.797328112626505714e+00
4.165253736001903739e+00
5.599824351208867235e+00
5.293381143280210921e+00
4.973543905219488082e+00
5.368311959236910624e+00
5.417011055304106648e+00
4.468062656538905664e+00
6.556924092258197057e+00
3.618971260744715757e+00
6.342285986027277112e+00
5.347533668744931745e+00
3.837196773620950019e+00
6.604958701617962724e+00
5.374662602965583957e+00
3.666667520367934863e+00
6.015720158617536839e+00
6.419397459318135546e+00
4.001574142792014399e+00
4.281719641421226186e+00
6.545321063342235846e+00
6.139896932692727738e+00
3.436436318934353196e+00
3.629697413506704606e+00
6.627851955583508925e+00
7.215726768935751601e+00
4.515810684599318670e+00
2.951264440403836620e+00
4.921306528044621764e+00
7.336260662400251320e+00
6.581875158909684664e+00
3.825336395060547012e+00
3.100708052802604531e+00
5.431769404495961240e+00
7.455618829096028577e+00
6.274144237679454505e+00
3.577652353870272250e+00
3.243658967974757168e+00
5.776184480432781321e+00
7.497799049890665479e+00
5.845112943736470612e+00
3.246167729526576284e+00
3.652137873646879918e+00
6.494973266297754400e+00
7.325841247313062965e+00
4.752344527609349001e+00
2.941413005557992122e+00
4.975258299664849559e+00
7.436843286714321266e+00
5.970646675300597117e+00
3.134204062660344015e+00
4.182519985648932348e+00
7.216292460768797490e+00
6.326197541091630683e+00
3.202337165657221263e+00
4.259043671767191341e+00
7.355340337242643578e+00
5.778697558885279584e+00
2.953472773224570691e+00
5.351430954327223155e+00
7.422972372605174840e+00
4.147928056390195906e+00
3.555690445621975115e+00
7.195486329411918902e+00
5.652568038843473808e+00
2.973395887411914185e+00
6.449627115076139283e+00
6.444628686625151204e+00
2.951010187296903897e+00
6.113417334764391420e+00
6.558999143771758966e+00
2.942862736642625432e+00
6.426627570596892269e+00
6.030288370138686460e+00
3.056470866284325183e+00
7.189724860919233684e+00
4.690377812569637150e+00
4.049944635758359723e+00
7.397988400519586172e+00
3.118241151969465719e+00
6.340560301204389404e+00
5.457135885037387446e+00
3.776832363324217567e+00
7.364427850661876107e+00
2.967953542511518439e+00
7.073058964348602373e+00
4.073499984466984358e+00
5.542809710787595989e+00
5.675673147040092736e+00
4.113655779630628118e+00
6.807210906800748695e+00
3.306354187595632155e+00
7.326688085890497248e+00
3.008234813278999109e+00
7.475454355456711220e+00
2.946481839986005546e+00
7.494981877608704934e+00
2.945274285696782179e+00
7.479808721553157014e+00
2.996997199682373658e+00
7.349956622151134766e+00
3.265301343706311421e+00
6.871001143871275474e+00
4.025041453031300343e+00
5.785850253490943729e+00
5.289476537093505293e+00
4.860052564727530999e+00
5.835422272600363947e+00
4.445286487065200021e+00
5.979224581043006914e+00
4.683147697079870220e+00
5.344761521049733233e+00
5.573601507955562973e+00
4.503091942632350353e+00
5.984350450295766954e+00
4.794560883990522271e+00
5.046794162301314834e+00
5.903574408404260510e+00
4.471195519351073955e+00
5.475597972287401305e+00
5.675364200293254946e+00
4.426950530553626528e+00
5.613590230878752863e+00
5.626854598158198328e+00
4.428694627489514701e+00
5.497183524773861407e+00
5.798541416707224450e+00
4.511835304575192218e+00
5.097576326761410037e+00
6.005352485021258069e+00
4.940180395251970502e+00
4.547368526869146166e+00
5.742098114921471819e+00
5.744374529651010697e+00
4.582387338679274613e+00
4.779946222580184312e+00
5.884483341356654407e+00
5.663687291842612659e+00
4.590388084457522666e+00
4.679708985673355137e+00
5.724972589798353440e+00
5.903137660182833812e+00
4.962402042607103603e+00
4.430394074064077259e+00
5.085380528671223033e+00
5.925731905521241849e+00
5.787817715521243578e+00
4.906232409375022918e+00
4.426712992714592509e+00
4.898559584940603173e+00
5.727993948038797356e+00
5.993591348378084049e+00
5.455918193503112690e+00
4.694311790753626923e+00
4.435936179914799382e+00
4.878544688763169823e+00
5.601468619133867399e+00
6.003069422949923961e+00
5.795530836917227369e+00
5.170076671835817095e+00
4.590134092972624202e+00
4.439563585831597159e+00
4.788176799067913159e+00
5.393708291944276034e+00
5.886901133787198148e+00
5.995844505742444319e+00
5.680512316644046322e+00
5.126185142836358288e+00
4.625813186698266577e+00
4.426682320944456350e+00
4.616658046830593776e+00
5.094747412569434530e+00
5.629050012069559905e+00
5.968802408801700210e+00
5.958529930988882839e+00
5.605555318852926128e+00
5.073929527544166262e+00
4.609126156401161190e+00
4.426676039774788407e+00
4.613327565235991301e+00
5.084912154551499697e+00
5.621713528477775945e+00
5.968329522954563870e+00
5.954615645242372857e+00
5.581357430996769509e+00
5.026830846523859364e+00
4.565488692005490456e+00
4.433248168907267583e+00
3.956893330408480125e+00
