8.088918307368111016e+00
6.310538575071435119e+00
-2.494377807586014573e+00
-7.544381807966340503e+00
-2.901320470791314055e+00
5.577064533368510268e+00
7.634618284987464421e+00
1.016694062390750775e+00
-6.104980967723230734e+00
-5.224212612930839938e+00
2.350936698901444633e+00
7.380383395122240842e+00
3.957979302496280827e+00
-3.561228214061197939e+00
-6.080931542350620944e+00
-7.625227868934931763e-01
5.781154824371974144e+00
5.683032870100058531e+00
-7.152716336395013030e-01
-5.514436229529758648e+00
-2.988101669987836218e+00
3.557195977821506094e+00
6.049986977308030589e+00
1.614207341758197023e+00
-4.089502527179012858e+00
-4.071474323760227776e+00
1.400477283012590668e+00
5.439781958354579672e+00
3.235689264018999811e+00
-2.238630591836379580e+00
-4.279003408186760282e+00
-6.876044238176794998e-01
3.997588408041228281e+00
4.337942256028217258e+00
2.645865035024590473e-01
-3.395176021231149921e+00
-2.727162810244431412e+00
1.201289598935411096e+00
4.071644803241738941e+00
3.115743259108172403e+00
-3.727649052649517625e-01
-2.862406852333781782e+00
-2.192264885758874460e+00
7.075199637836844246e-01
3.126940433436420363e+00
3.143155485365387136e+00
1.032032283685535567e+00
-1.343994713644774075e+00
-2.222858293072797586e+00
-1.189137136317967025e+00
8.040692356247478578e-01
2.342369363949505789e+00
2.544819345239007546e+00
1.489696375670590989e+00
-3.646113560160857414e-02
-1.134632358657033269e+00
-1.302379731257005790e+00
-6.045926938952255192e-01
4.870173798372571805e-01
1.410268564872038555e+00
1.787348706498375739e+00
1.543683259508839223e+00
8.657620130069383357e-01
6.734854579672355790e-02
-5.441526822597828605e-01
-7.548587620278219834e-01
-5.015897400280969753e-01
1.134408989868674333e-01
8.574363263789801515e-01
1.444113685939009573e+00
1.633537957427767973e+00
1.325696740543010899e+00
6.153319894213800101e-01
-2.194571220560570524e-01
-8.068870045483040876e-01
-8.350709340597282093e-01
-2.209346631359290214e-01
7.856541028848512687e-01
1.651036806323058270e+00
1.806308120464573230e+00
1.029910767959001827e+00
-2.564831185713872808e-01
-1.092245535773494147e+00
-6.473066301749070828e-01
8.743411985722208124e-01
2.015262861206736034e+00
1.350535985632050684e+00
-5.411531684002578446e-01
-1.218803504714047303e+00
4.230753734693480927e-01
2.129598729049282380e+00
1.293553896827817962e+00
-9.262457513410962129e-01
-1.116539421886661998e+00
1.090560711506874281e+00
2.322539413953556675e+00
6.627492488724662234e-01
-1.410102669846714285e+00
-8.108311035892761254e-01
1.600428323785429985e+00
2.385870205062826876e+00
4.461901684165359705e-01
-1.573847069925428332e+00
-9.703664582833297914e-01
1.478845424325189173e+00
2.612148716390022773e+00
9.450954649523137796e-01
-1.442580696309025301e+00
-1.490564154006903896e+00
9.308549762269950900e-01
2.754627478291801879e+00
1.598581955191266335e+00
-1.115853679621682470e+00
-1.902008040776336006e+00
3.110572040954761031e-01
2.719664267530979451e+00
2.196374144003832463e+00
-6.473450256000963243e-01
-2.168613781500009718e+00
-3.615946212671582449e-01
2.500333277547324151e+00
2.726881888600372505e+00
-3.015043059784422441e-02
-2.260630443262060751e+00
-1.068920287919465029e+00
2.069544142177365043e+00
3.139298965339473835e+00
7.252183944298743468e-01
-2.123392623581954020e+00
-1.749946483233125960e+00
1.417901983835948787e+00
3.357929589503784840e+00
1.562147003857353056e+00
-1.725724577555637129e+00
-2.316628456034531602e+00
5.874252841001479375e-01
3.323088227919049675e+00
2.388184008832563876e+00
-1.077002334151681007e+00
-2.680524250972356359e+00
-3.453048554936687387e-01
3.003214753484973354e+00
3.102261648575124653e+00
-2.223376695597067965e-01
-2.774563537806552294e+00
-1.283931909763061485e+00
2.404506039727468902e+00
3.612528165510074718e+00
7.621224403891568855e-01
-2.564698699181608532e+00
-2.126397097102047162e+00
1.570315497271969507e+00
3.849812788053346146e+00
1.780808230732664033e+00
-2.053982492579899510e+00
-2.779687960722208473e+00
5.735562406644227895e-01
3.776141700091383946e+00
2.732750078948187333e+00
-1.280010783135816954e+00
-3.171447712880444136e+00
-4.946576303447652867e-01
3.387239534928343065e+00
3.524380451041297491e+00
-3.076063081876856398e-01
-3.256662671864209990e+00
-1.537023903370309474e+00
2.709842209682709946e+00
4.078901122788835210e+00
7.807372427153419503e-01
-3.019353392953899373e+00
-2.460297429158449400e+00
1.795661366007303306e+00
4.341376210633262289e+00
1.894246233102365284e+00
-2.470357791362681965e+00
-3.182325235338300473e+00
7.141701381915548374e-01
4.279857856208073130e+00
2.941211617363011843e+00
-1.643033509312034290e+00
-3.635359517550504460e+00
-4.531669574743610873e-01
3.884245940759124327e+00
3.832160246043609941e+00
-5.912494302251165568e-01
-3.766827927196575221e+00
-1.613062213803384104e+00
3.168136858882594442e+00
4.480765390672688753e+00
6.077085056212511160e-01
-3.544816222374111980e+00
-2.662554799481147594e+00
2.175840029894403838e+00
4.815524936007291146e+00
1.855124671261704883e+00
-2.971049757735807706e+00
-3.503231871703239353e+00
9.819262245288045143e-01
4.792104508967749865e+00
3.043646461317080387e+00
-2.079093908902452270e+00
-4.051617618936674603e+00
-3.191162028200794643e-01
4.395405390418270386e+00
4.067185304366285337e+00
-9.312057872054433361e-01
-4.246384778811600924e+00
-1.619784934339263405e+00
3.642241661437046751e+00
4.829763847425404322e+00
3.855208689435917213e-01
-4.054526522687952550e+00
-2.808231240740595158e+00
2.581108620491984862e+00
5.254158230619388803e+00
1.765819687622304457e+00
-3.475151003912381853e+00
-3.777772444248082007e+00
1.289004725830837250e+00
5.289118991217939936e+00
3.094723526931655311e+00
-2.540530330573258055e+00
-4.436133323856514821e+00
-1.342174382766845309e-01
4.914517590465626640e+00
4.256860471865586248e+00
-1.314617603872767493e+00
-4.713619653630210848e+00
-1.573077179668435965e+00
4.144407421042217265e+00
5.145940442852920071e+00
1.107152362661253386e-01
-4.570144843884186514e+00
-2.905618581544249679e+00
3.027487347709938881e+00
5.674594507071258676e+00
1.622536428067418601e+00
-4.000153636335063823e+00
-4.013949644123044891e+00
1.644289919976412495e+00
5.782832222191352400e+00
3.095852890243341093e+00
-3.034493854568917293e+00
-4.794633656085295570e+00
1.014596287327981794e-01
5.444310876769224095e+00
4.403954968027909089e+00
-1.739166076991285337e+00
4.205136177231554306e-01
