9.562283023346036526e-01
1.532035344716874192e+00
1.848869137301460075e+00
1.906406333031388289e+00
1.746655743565622032e+00
1.429725220818647724e+00
1.016131507214035112e+00
5.570849572465419453e-01
9.140739692023967800e-02
-3.531324870983190145e-01
-7.560349813896880544e-01
-1.099163489404462624e+00
-1.361499680684322922e+00
-1.514215636982406910e+00
-1.517304907966447569e+00
-1.320676031357522984e+00
-8.755971309358115962e-01
-1.658379604558042342e-01
7.315159875299906966e-01
1.566036583979269814e+00
1.913296596807218641e+00
1.388376874908913372e+00
6.888296965473166000e-02
-1.239873902506791747e+00
-1.420282801712236420e+00
-1.166674550315980885e-01
1.535265459495362084e+00
1.748161323048480931e+00
1.344026664869495957e-01
-1.436893217730493166e+00
-9.030036134673927739e-01
1.125676916680081519e+00
1.843605442191255772e+00
1.466555832902263212e-01
-1.496171221394848594e+00
-5.554101514128733097e-01
1.554961834153276712e+00
1.492690844394145788e+00
-6.767722970091849533e-01
-1.436271492251340209e+00
4.797507795258114105e-01
1.914545431928177166e+00
4.765852848430996436e-01
-1.442478999328118405e+00
-6.374365830462308535e-01
1.545871191072597739e+00
1.468142613258235585e+00
-7.325234476827346963e-01
-1.410824695654462779e+00
5.358547901585288820e-01
1.914392440537993068e+00
5.029355355069947686e-01
-1.409418371766458122e+00
-7.872400051044042835e-01
1.361872847257000974e+00
1.690590381525155284e+00
-2.755616059434115028e-01
-1.537208920061332140e+00
-2.333108519528648284e-01
1.682917992456575806e+00
1.442755458098748278e+00
-5.705109109790125199e-01
-1.520523033641822508e+00
-1.337469987991287690e-01
1.678184061918846393e+00
1.524229259957636806e+00
-3.487082437887039088e-01
-1.533629605754925240e+00
-5.851227826817319011e-01
1.292241814190264737e+00
1.853379082769264663e+00
4.880220367410952886e-01
-1.205600945788870781e+00
-1.350856153880469090e+00
1.602747627753859649e-01
1.689056060325716757e+00
1.670213335085119599e+00
1.739125205773271177e-01
-1.295115453459926957e+00
-1.346464525861785777e+00
1.773563916426304510e-02
1.522333457296132231e+00
1.847147468755083288e+00
6.852720532516404228e-01
-6.647970506552622894e-01
-1.314257800909676366e+00
-7.800197890306989068e-01
4.868357333926364161e-01
1.519274537119265300e+00
1.580293307000460779e+00
6.624310489975506755e-01
-5.704269312235422662e-01
-1.284385823233760160e+00
-1.032963530029745503e+00
-8.505425580030201438e-03
1.128460898049661321e+00
1.685267738366837076e+00
1.348982930239715383e+00
3.402771404743079042e-01
-7.476015468200222225e-01
-1.302308975785308576e+00
-1.029073949212219841e+00
-9.339010114102858084e-02
9.892579548136333223e-01
1.640573228912125536e+00
1.524020756597908033e+00
7.105729458126956999e-01
-3.705809542349695063e-01
-1.161059998983068109e+00
-1.259750159445395035e+00
-6.219094628989625395e-01
4.249470044153237369e-01
1.351007911154829877e+00
1.691560699552374203e+00
1.278018796193044704e+00
3.193492467732116369e-01
-7.043030770930339690e-01
-1.281608318687422532e+00
-1.124468870813104981e+00
-3.112022998410454711e-01
7.522248900797323667e-01
1.534013405852685974e+00
1.641833724078841428e+00
1.019931634965880018e+00
-2.090810581789978584e-02
-9.571899552695103397e-01
-1.315166980537514796e+00
-9.110457343533996388e-01
5.290525092432205034e-02
1.087408490749662615e+00
1.663179329895563274e+00
1.482088933106894491e+00
6.335667452049620341e-01
-4.467466477342452169e-01
-1.198700988645831078e+00
-1.228058868255559766e+00
-5.152346152448463723e-01
5.691288079877216965e-01
1.454338315050163200e+00
1.669492280999782086e+00
1.095847969065704142e+00
3.557284626297158026e-02
-9.444255636652852948e-01
-1.314625331704867506e+00
-8.705834565311877382e-01
1.508944990892338578e-01
1.194765249288682440e+00
1.687978976088856164e+00
1.355334061813047164e+00
3.761857213715430470e-01
-7.089000631336656033e-01
-1.295004928984316628e+00
-1.051095080929981940e+00
-1.099136159447471339e-01
1.001038020421237462e+00
1.653567231190569142e+00
1.474825086359701665e+00
5.629401262588809018e-01
-5.640096660522766481e-01
-1.260995081586342437e+00
-1.125963299991214583e+00
-2.339011595692359613e-01
9.026371826959488365e-01
1.627197935118926964e+00
1.519330037517692134e+00
6.400872263390475769e-01
-1.039522965264087162e+00
-2.358945626630012615e+00
-2.199219321033653252e+00
-6.526646482672689986e-01
1.382415647484244836e+00
2.724014107444387989e+00
2.593504231727364662e+00
1.067466613428093458e+00
-9.679865785211557716e-01
-2.332575439666967121e+00
-2.236442563365180103e+00
-7.366339340726990592e-01
1.297901798963133402e+00
2.690577195126229171e+00
2.637494404536287362e+00
1.170559458351247528e+00
-8.627215028597140511e-01
-2.289330577714276060e+00
-2.287084878071775851e+00
-8.577185098413994124e-01
1.174775242016852239e+00
2.638827364552071231e+00
2.689899280367777923e+00
1.297411226146423679e+00
-7.361357654140999740e-01
-2.236022584873798458e+00
-2.332733569987001765e+00
-9.667201178683094698e-01
1.072114566623546983e+00
2.598005601790681851e+00
2.718305869871059599e+00
1.358255252804623225e+00
-6.888156764239422580e-01
-2.221936955881457454e+00
-2.337951277231689495e+00
-9.664589312209591609e-01
1.085417753094737314e+00
2.608749116536245527e+00
2.707755220367892068e+00
1.327947645587784997e+00
-7.167071962746067726e-01
-2.229992591569986526e+00
-2.338033552510777380e+00
-9.916910426484734087e-01
1.023803516853696971e+00
2.559100659877255879e+00
2.758977763568855046e+00
1.529099128302752408e+00
-4.357803133635066439e-01
-2.053243755983329422e+00
-2.446982951565483511e+00
-1.411058768867671454e+00
4.909659377603074470e-01
2.230999987080515279e+00
2.861775405238286663e+00
2.024198161648786964e+00
1.575366337406135520e-01
-1.706996363667535821e+00
-2.488644326435200060e+00
-1.677584082997485293e+00
3.003322023500553661e-01
2.237761215444902696e+00
2.835748254643294608e+00
1.591949696039400841e+00
-7.033260886934592504e-01
-2.355965777647785142e+00
-1.984388917282944753e+00
2.399766122740372987e-01
2.459535057649325118e+00
2.582807044888694836e+00
3.375742583710035216e-01
-2.100699430879200413e+00
-2.069240513463391551e+00
5.636976545769276647e-01
2.779908897463105877e+00
1.734046943200289181e+00
-1.382498109784774165e+00
-2.341906987099465542e+00
3.817185924467457747e-01
2.834101586153830343e+00
1.094298776909527593e+00
-2.158710343151048150e+00
-1.374334031711584636e+00
2.370568512546648243e+00
