4.954315623118887402e+00
5.585185414190609876e+00
-9.772736994737660776e-01
-8.737846687051224137e+00
-1.060576376729302694e+01
-4.877853648096966310e+00
3.203895825311312784e+00
6.251566079505868956e+00
1.489820736120214484e+00
-6.719334015139123650e+00
-1.088429431869584718e+01
-7.228044850606211824e+00
8.999199671617268415e-01
6.117773927937548706e+00
3.725697603414082515e+00
-4.082987493298848136e+00
-1.026976527458979049e+01
-9.311467094461121974e+00
-2.106234764089098821e+00
4.912751482114599888e+00
5.546337007644093653e+00
-7.174478590333954742e-01
-8.345207417447507936e+00
-1.068203362745779650e+01
-5.743525861112532382e+00
2.153631020288865550e+00
6.210920038201530602e+00
2.998548317028505217e+00
-4.695890981972835831e+00
-1.034101682628578800e+01
-9.218539110710844753e+00
-2.325205898288759343e+00
4.570347567051627813e+00
5.783951404493897996e+00
3.740758596227569122e-01
-7.191471483123666353e+00
-1.076932551102431468e+01
-7.520359356833517417e+00
-1.074027431078290462e-01
5.542223233939574278e+00
4.988627047749165655e+00
-1.272223269688117053e+00
-8.307333261457449325e+00
-1.066664856798774075e+01
-6.585238273951008914e+00
7.548815659566785463e-01
5.754871627998010553e+00
4.674576409318674131e+00
-1.613263718795732604e+00
-8.382668429091463480e+00
-1.063576494686303420e+01
-6.772371275198561413e+00
3.292166077495588539e-01
5.503885618869990282e+00
5.063950303047828783e+00
-6.104054212043128480e-01
-7.444587110227172566e+00
-1.062873544797228220e+01
-7.993244381033409063e+00
-1.441258278689638406e+00
4.472452765848651701e+00
5.728916446051188771e+00
1.558232737084172204e+00
-5.137930451692892753e+00
-9.849132151241235533e+00
-9.513856922802556682e+00
-4.476938955439164758e+00
1.873801130303055729e+00
5.421256544204505090e+00
3.983762518913647632e+00
-1.385739066716434209e+00
-7.204865675960650861e+00
-9.842011286151645777e+00
-7.768607751339311918e+00
-2.399871818764470532e+00
2.902571112373369289e+00
4.949739377358550740e+00
2.625101038831812339e+00
-2.551760005858947800e+00
-7.446394082814328463e+00
-9.217572640957419239e+00
-6.947867518377996099e+00
-2.075517371477296091e+00
2.541711448105956173e+00
4.311527269060600354e+00
2.345445556233327622e+00
-2.134577435087325892e+00
-6.577431372897174278e+00
-8.564711608503067453e+00
-7.113238755461576801e+00
-3.127391381231453327e+00
1.182381348543726229e+00
3.535925083053482965e+00
2.780131447862891569e+00
-5.742072458933682455e-01
-4.706254585944801505e+00
-7.485709790228109561e+00
-7.566514683396252217e+00
-5.016992048095537449e+00
-1.205731734283134848e+00
1.946278046588555632e+00
2.934518887817216815e+00
1.374067297088479300e+00
-1.881682214891465144e+00
-5.219593474437770553e+00
-7.071356614537135599e+00
-6.642257856930458892e+00
-4.231478466748273881e+00
-1.027971697825831754e+00
1.484249377142098592e+00
2.212005382134862863e+00
9.155576293283544942e-01
-1.739715567248036443e+00
-4.532426004955700805e+00
-6.250572755636607525e+00
-6.211462133932501573e+00
-4.517419246971273949e+00
-1.960754282759576084e+00
3.528468006134874990e-01
1.482203197657383509e+00
1.024478180414333917e+00
-7.583068102134782329e-01
-3.089382298987983333e+00
-5.019514829818669810e+00
-5.809327362414991924e+00
-5.199470562886977731e+00
-3.475873079039514479e+00
-1.334076943200651844e+00
3.964028755205739607e-01
1.067819316756525971e+00
4.500257035945125494e-01
-1.197650975161458353e+00
-3.238268577276795845e+00
-4.904288730419087194e+00
-5.584007540629455590e+00
-5.041605306419105759e+00
-3.493613562992347266e+00
-1.519433218068103164e+00
1.564169293506423308e-01
9.288220821024419926e-01
5.278005389137545578e-01
-8.902125579048869586e-01
-2.805191995809836580e+00
-4.524940864348301339e+00
-5.434714742203096804e+00
-5.215528342392007133e+00
-3.954317531121055218e+00
-2.108568979259801246e+00
-3.399242438885374806e-01
7.227476608274083780e-01
7.062368208777245471e-01
-3.767800922005584141e-01
-2.135270730698675123e+00
-3.941219974442014440e+00
-5.153771423109327898e+00
-5.346301413603606001e+00
-4.456168241334138358e+00
-2.804730890984299840e+00
-9.813651681619521838e-01
3.667306541980583923e-01
7.640942995230766144e-01
7.460801036997155578e-02
-1.451874730911653089e+00
-3.269863689988281141e+00
-4.732966130945253980e+00
-5.323607048018529575e+00
-4.836162017577327887e+00
-3.448705349321040448e+00
-1.658279549401381781e+00
-1.031001103443931477e-01
6.648043318707084204e-01
3.755710899702005001e-01
-8.634851304981614462e-01
-2.607334883586258201e+00
-4.232749470827155136e+00
-5.160756226685639270e+00
-5.062666699260608638e+00
-3.976390213599776402e+00
-2.291926358618689097e+00
-6.116558355374792644e-01
4.644155233040248021e-01
5.518624625072541257e-01
-3.820966215931689280e-01
-2.007367621769490462e+00
-3.747679922210839454e+00
-4.983176347619469482e+00
-5.267299786138947226e+00
-4.482650932052781201e+00
-2.883024466786560325e+00
-1.016560927159698258e+00
4.501337266860376829e-01
9.653228858045355132e-01
2.990737865217854008e-01
-1.355413530026742031e+00
-3.431059200496098249e+00
-5.177859643882623430e+00
-5.932430040121448478e+00
-5.369402260811908079e+00
-3.639206146461641644e+00
-1.334458495374218456e+00
7.110806061164867131e-01
1.723545800491827151e+00
1.281450190569482839e+00
-5.109097575042735873e-01
-3.039846699909008354e+00
-5.390752572046666913e+00
-6.678515877442321447e+00
-6.380664024898063502e+00
-4.547881427834293611e+00
-1.807574433866202757e+00
8.492179348381778681e-01
2.425902588860950004e+00
2.294175361896207299e+00
4.434097261642864218e-01
-2.493043249152828711e+00
-5.452810310115181025e+00
-7.328498447499986135e+00
-7.382100706954538794e+00
-5.534712757917581882e+00
-2.418062308954057826e+00
8.396704667391698962e-01
3.021894052438714340e+00
3.278065046472523392e+00
1.454744562241148564e+00
-1.825466067977291829e+00
-5.374716293462835637e+00
-7.869803427271591545e+00
-8.345665451887359865e+00
-6.568275375855572307e+00
-3.142934208664908802e+00
6.902213383295152660e-01
3.505041925225255817e+00
4.220097571889541044e+00
2.513720472211207202e+00
-1.035799419081062656e+00
-5.144592172557372223e+00
-8.287445386347426890e+00
-9.264052477741046232e+00
-7.656983789586370825e+00
-4.006783628534969388e+00
3.681940131680141448e-01
3.847809388258056629e+00
5.110161126085546179e+00
3.633343923198363079e+00
-9.137387306117128460e-02
-4.721174912950388602e+00
-8.545661878526768618e+00
-1.011877313764660791e+01
-8.805148866794031193e+00
-2.295543361462542009e+00
