5.913439870274104226e-01
-1.734152076612169857e-01
-2.334336899169163981e+00
-3.585338824489641141e+00
-3.202556216262731681e+00
-1.817026483984319984e+00
-3.750018101883918487e-01
5.009730148487383516e-01
6.302864810975157273e-01
1.362451516961908915e-01
-7.290106022411572129e-01
-1.706290798178005330e+00
-2.588772179417318853e+00
-3.238793438768460931e+00
-3.583229782228999127e+00
-3.601639311538431087e+00
-3.314387598092971565e+00
-2.773263259295844385e+00
-2.054511440422235768e+00
-1.253007176366819575e+00
-4.758853704965242404e-01
1.659655968142517146e-01
5.696388665022913411e-01
6.553254046513237174e-01
3.835619558569711707e-01
-2.283995025465661577e-01
-1.095879159924400659e+00
-2.067605206530288342e+00
-2.943531159460571089e+00
-3.512131708007303565e+00
-3.603871612611643016e+00
-3.149649968014909263e+00
-2.225475711515780830e+00
-1.061381426167293140e+00
2.141627833395443048e-03
6.109932210687747389e-01
5.246151456641554578e-01
-2.722164099473329824e-01
-1.527116967074344078e+00
-2.784490220178854614e+00
-3.548839036560526239e+00
-3.489527405071983779e+00
-2.599585715129058450e+00
-1.228188529175883836e+00
4.530310147053984160e-02
6.556730092774467611e-01
3.115305018279219684e-01
-8.526379042586256229e-01
-2.315590377860146098e+00
-3.396900133443740089e+00
-3.116953648292765777e+00
-2.473474124591763079e+00
-1.346821133196281162e+00
-2.822904925387130781e-01
1.926613205569120968e-01
-1.663443108603179788e-01
-1.188552851436455837e+00
-2.363286593168885563e+00
-3.092608303122059255e+00
-2.997445716796931947e+00
-2.119361596139496040e+00
-9.082373872631922529e-01
5.067583042866141696e-03
1.377097589373676989e-01
-5.864211845061134687e-01
-1.788699291282220827e+00
-2.830317065128692189e+00
-3.151200933896538992e+00
-2.573637677541739777e+00
-1.404659391740296304e+00
-2.763124797885401218e-01
1.950021935839834075e-01
-2.529692797785552116e-01
-1.378865840591743552e+00
-2.564271707890314111e+00
-3.151935427971285897e+00
-2.811446711343548621e+00
-1.728212598426297264e+00
-5.059558573508129431e-01
1.680501676721393167e-01
-8.966189814234781785e-02
-1.137626408051286120e+00
-2.383657869297939325e+00
-3.117602987689862104e+00
-2.916741128464297450e+00
-1.892045800145428780e+00
-6.303115189911457916e-01
1.398851625621786443e-01
-3.059024011285327305e-02
-1.046820635700130175e+00
-2.319240405906246583e+00
-3.103623670592810413e+00
-2.936826124661879867e+00
-1.912924429491522860e+00
-6.336056641701462988e-01
1.433525423757784356e-01
-4.659803486122338079e-02
-1.094315536046992943e+00
-2.376230350725335505e+00
-3.123461079492649173e+00
-2.385147437849392205e+00
-1.685445427830827958e+00
-8.623180898332828415e-01
-4.156526414379768664e-01
-6.194280559403921860e-01
-1.351781669577867717e+00
-2.165685148735001953e+00
-2.560683330740380015e+00
-2.291233786553171115e+00
-1.521324543156063136e+00
-7.268407363617472861e-01
-4.023902976583058066e-01
-7.525668727181628048e-01
-1.560841191492126523e+00
-2.321339468496226743e+00
-2.554690230220869829e+00
-2.111249159103198991e+00
-1.269266571245206476e+00
-5.622986209906489785e-01
-4.415922522379971404e-01
-9.867282486958909304e-01
-1.850880827783967009e+00
-2.479630568963148818e+00
-2.466505333764995367e+00
-1.817382604485025199e+00
-9.507570229799361394e-01
-4.295379281505362634e-01
-5.951827121686946720e-01
-1.342081356190872210e+00
-2.182470979961549595e+00
-2.563695245265597666e+00
-2.232322852380038469e+00
-1.404812770833429925e+00
-6.284167981704187333e-01
-4.201156269630488271e-01
-9.212134360358845697e-01
-1.799098267852100808e+00
-2.465948683985509149e+00
-2.472011119404378565e+00
-1.810579502049645573e+00
-9.268051182505099295e-01
-4.198085127512032333e-01
-6.362417724247031448e-01
-1.431182763288550985e+00
-2.262652825906847909e+00
-2.559943236088442653e+00
-2.116287006958077477e+00
-1.235091911689481847e+00
-5.247290839245141170e-01
-4.790405591239912386e-01
-9.320221534581855094e-01
-2.344572721431260831e+00
-3.155682585679993046e+00
-2.793604658259563500e+00
-1.508685927019534079e+00
-2.044090035937737859e-01
1.960255496300653544e-01
-5.951242213697589545e-01
-2.019310509768347917e+00
-3.062407711224545359e+00
-2.976323079134594707e+00
-1.818480488310278975e+00
-4.180980246395396005e-01
2.150282959122671311e-01
-3.803078812492239891e-01
-1.776783848559870371e+00
-2.961138381531522867e+00
-3.068145051796038913e+00
-2.015285099426648685e+00
-5.707810225130254267e-01
2.036990963285678635e-01
-2.661430388712313633e-01
-1.637436667797823819e+00
-2.895787088981194302e+00
-3.103919173094968009e+00
-2.102211816548315682e+00
-6.358752614501655964e-01
1.957170537213990258e-01
-2.364574518068001119e-01
-1.611128071240298221e+00
-2.890492292385288930e+00
-3.101627554826748678e+00
-2.078936961882638101e+00
-5.993280280981992947e-01
2.037698279993098716e-01
-2.910207436041798434e-01
-1.707454862729264056e+00
-2.951944159318280470e+00
-3.055647421044717316e+00
-1.931987897217409822e+00
-4.551449014281974126e-01
2.152208346097723712e-01
-4.545104884172108672e-01
-1.940847463862703570e+00
-3.065250147918186840e+00
-2.926550032562521331e+00
-1.628304103766616828e+00
-2.106592680403038820e-01
1.775101100955684963e-01
-7.875382358096097990e-01
-2.240290239335705813e+00
-3.001951807844208009e+00
-2.505574727928420398e+00
-1.154486286118112659e+00
-7.629328673681623485e-02
-1.864716103016923476e-01
-1.403504436623386198e+00
-2.692878520619043314e+00
-2.936523861742386110e+00
-1.907874813483162457e+00
-4.999916637720858148e-01
3.447403936389736856e-02
-7.992791634482532270e-01
-2.260294238404738199e+00
-3.010148262753964854e+00
-2.338737150829364619e+00
-8.577231068715248652e-01
3.232527718019362339e-02
-5.368354088402036428e-01
-2.032316743045901042e+00
-2.991299213602874207e+00
-2.446740513277618323e+00
-9.256315676300695960e-01
3.076511377952484416e-02
-5.768797486342803760e-01
-2.136515486288810273e+00
-3.009460981844661820e+00
-2.248425537781002070e+00
-6.540313365808809731e-01
3.553449115724061080e-02
-9.599309019933947029e-01
-2.547186092142328384e+00
-2.930115320190894934e+00
-1.649968438774106927e+00
-1.714858035073862919e-01
-2.319362474984127953e-01
-1.782081756191071786e+00
-2.977466727139407077e+00
-2.357584888358602360e+00
-6.594707681639415675e-01
1.846188478787968990e-02
-1.191366786929759503e+00
-2.776057368317512264e+00
-2.702643593654733944e+00
-1.043865979754459827e+00
4.214144082147086579e-02
-8.944929205907963254e-01
-2.623629854783557036e+00
-2.810826462846435447e+00
-1.286179482859808321e+00
