-8.720936057180108669e-01
-7.909218671668407641e-01
-1.953892710619029360e+00
-3.273590876762140223e+00
-3.516056003106948324e+00
-2.454575373919493764e+00
-1.081667623817169632e+00
-6.810457929807212096e-01
-1.627304218420414283e+00
-3.035660743412825990e+00
-3.589256579578583128e+00
-2.770461759556236636e+00
-1.344875856672390402e+00
-6.454676835027268744e-01
-1.326206446820217710e+00
-2.750579440390926056e+00
-3.586751960978802334e+00
-3.052875724575351946e+00
-1.648142236554952955e+00
-6.860226288388675542e-01
-1.066129775304941907e+00
-2.433051230690177036e+00
-3.508671333508875723e+00
-3.287250585119553481e+00
-1.975824528917436984e+00
-8.006188377155749603e-01
-8.604887482026770673e-01
-2.099453962502924931e+00
-3.359042032770484631e+00
-3.461497475479196950e+00
-2.311021146197939746e+00
-9.833455303814331305e-01
-7.198901633383170129e-01
-1.766994313059210064e+00
-3.145581817053295204e+00
-3.566628882006317447e+00
-2.636442918033967686e+00
-1.224777811845253472e+00
-6.515859819821385734e-01
-1.452820282134550833e+00
-2.879300791605642118e+00
-3.597222211798156266e+00
-2.935304852683748855e+00
-1.512462800335455881e+00
-6.590992785539209198e-01
-1.173136712093374001e+00
-2.573933516312414405e+00
-3.551699485652470401e+00
-3.192191893322004148e+00
-1.831561936868121299e+00
-7.420425232943732574e-01
-9.423694552287613657e-01
-2.245230588206807543e+00
-3.432408728958302291e+00
-3.393854014200998748e+00
-2.165616346115658342e+00
-8.961375707366141530e-01
-7.724212999709700878e-01
-1.910146238416744247e+00
-3.245502862445836634e+00
-3.529889646260099489e+00
-2.497395771881978810e+00
-1.113436322988549332e+00
-6.720580346888527234e-01
-1.585963846638348773e+00
-3.000622339512542425e+00
-3.593282181643536966e+00
-2.809787299778538028e+00
-1.382730686192552350e+00
-6.464563154169342685e-01
-1.289404478392667475e+00
-2.710397899435565972e+00
-3.580761884657539085e+00
-3.086678027505158184e+00
-1.690130674939857913e+00
-6.969366581247846693e-01
-1.035764425992505400e+00
-2.389799084057405487e+00
-3.492974542092357915e+00
-3.313786155316042148e+00
-2.019780846481667780e+00
-8.208953275715271669e-01
-8.381262381588994170e-01
-2.055362120927333613e+00
-3.334448154062101821e+00
-3.479397629697500882e+00
-2.354678111639870064e+00
-1.011938635863269154e+00
-7.066839327411635896e-01
-1.724336998061273052e+00
-3.113359383421665960e+00
-3.574970344772182784e+00
-2.677548740392379223e+00
-1.260212723702544224e+00
-6.482171975226240779e-01
-1.413797723514265137e+00
-2.841111810111192959e+00
-3.595574737209953575e+00
-2.971739326893862554e+00
-1.552911814479622343e+00
-6.657416994092730800e-01
-1.139761661857152664e+00
-2.531747743727760458e+00
-3.540148049116766948e+00
-3.222075758677689805e+00
-1.874938725870702649e+00
-7.583535387702138308e-01
-9.163633714690719856e-01
-2.201223932555742557e+00
-3.411549144227127517e+00
-3.415645885101741719e+00
-2.209683570289571186e+00
-9.212758718494322707e-01
-7.551255554505200696e-01
-1.866588527398638453e+00
-3.216411050025317131e+00
-3.542465515633377304e+00
-2.539880479452393036e+00
-1.146105296502505588e+00
-6.643647299186030697e-01
-1.545101751751548846e+00
-2.964798831553572267e+00
-3.595993396320344537e+00
-2.848498163896939772e+00
-1.421245292881327060e+00
-9.021753178686449104e-01
-1.402729095059400244e+00
-2.575365957565580732e+00
-3.323632606406503598e+00
-2.947875583745789729e+00
-1.799439828741300484e+00
-9.521498240643888611e-01
-1.198249060027843704e+00
-2.307626811157733826e+00
-3.242979088525709930e+00
-3.129721335718140374e+00
-2.073753205621251983e+00
-1.062438968354171731e+00
-1.041390063580967640e+00
-2.030287896360989830e+00
-3.104481088441310543e+00
-3.259564348756992302e+00
-2.350529825494104053e+00
-1.227354125893809877e+00
-9.402427658646550501e-01
-1.757654130047552776e+00
-2.915282220959913850e+00
-3.330707425286133727e+00
-2.615493774204857846e+00
-1.438389106265293371e+00
-9.000242626721433048e-01
-1.503787741337216044e+00
-2.685141210613994467e+00
-3.339481062969288594e+00
-2.854978425621336413e+00
-1.684658895897492181e+00
-9.228089918633912703e-01
-1.281782953194697150e+00
-2.425928544544988519e+00
-3.285432724672185945e+00
-3.056631355154170837e+00
-1.953461098260888207e+00
-1.007421735538424512e+00
-1.103090593001961883e+00
-2.151014202378828344e+00
-3.171350179961800464e+00
-3.210051467825002725e+00
-2.230931113204800198e+00
-1.149498236825872155e+00
-9.769274681448296693e-01
-1.874578043492957757e+00
-3.003117714207362177e+00
-3.307325478331174295e+00
-2.502757261817272205e+00
-1.341710304721936975e+00
-9.098009705439671357e-01
-1.610878421340130373e+00
-2.789412621901105727e+00
-3.343436071900454998e+00
-2.754918971246323345e+00
-1.574143796254178440e+00
-9.051734306437591027e-01
-1.373516749111482138e+00
-2.541257638827699505e+00
-3.316520693328146141e+00
-2.974409944505431724e+00
-1.834809979956169901e+00
-9.632835332088052205e-01
-1.174735949847207639e+00
-2.271452398269466322e+00
-3.227967616067843437e+00
-3.149909014750771341e+00
-2.110263904938080692e+00
-1.081134006156883487e+00
-1.024788976369923610e+00
-1.993913236275896450e+00
-3.082344336209744906e+00
-3.272364081908902378e+00
-2.386297880577378461e+00
-1.252646217428333042e+00
-9.314099722721560504e-01
-1.722955398307562724e+00
-2.887161984727208530e+00
-3.335459012675613621e+00
-2.648674297707923841e+00
-1.468973705910325167e+00
-8.994153510464750756e-01
-1.472554670455976433e+00
-2.652487909417196477e+00
-3.335939421562516216e+00
-2.883859992983190956e+00
-1.718958474744745946e+00
-9.304553693736812292e-01
-1.255626519702402799e+00
-2.390426409244895911e+00
-3.273780529467859246e+00
-3.079724278493965350e+00
-1.989706511780007459e+00
-1.022929008218252278e+00
-1.083359924579005096e+00
-2.114494404394971827e+00
-3.152188441762540094e+00
-3.226164632837805080e+00
-2.267252852287013898e+00
-1.172066552094984671e+00
-9.646402567073950607e-01
-1.838924244462671220e+00
-2.977434779968623602e+00
-3.315627781000296537e+00
-2.537281880543174051e+00
-1.370175607135388773e+00
-9.055909805182755790e-01
-1.577929615375369909e+00
-2.758533196594750603e+00
-3.343499286170373619e+00
-2.785865717710674261e+00
-1.607037868540396541e+00
-9.092578099096657596e-01
-1.344972408969959510e+00
-2.506774458231160185e+00
-3.308341558657949655e+00
-3.000182610559902763e+00
-1.870436172476306558e+00
-9.754516127878356535e-01
-1.152068369502570633e+00
-2.235144076942826352e+00
-3.211968005607319654e+00
-3.169178267129102444e+00
-2.146784647501640109e+00
-9.683710174178823404e-01
