2.219635350953264474e+00
2.556716284749410928e+00
2.605507974850362896e+00
2.326119883198703775e+00
1.805191029223684351e+00
1.241311714709485203e+00
8.756246657820176971e-01
8.866393705337842768e-01
1.293384468547925881e+00
1.920405866980774201e+00
2.459661707230314853e+00
2.618339020819284713e+00
2.286615292340675953e+00
1.628147706121047644e+00
1.018640804517598308e+00
8.382148415546807341e-01
1.224637745204157024e+00
1.949603446528203721e+00
2.531770304810048611e+00
2.551417283993435703e+00
1.968386158020768217e+00
1.196341340519553542e+00
8.283650756333720278e-01
1.176593933887585930e+00
1.982715712862861634e+00
2.580358388292274263e+00
2.440023390613162313e+00
1.660063734233146127e+00
9.347107392159836881e-01
9.498235672446023736e-01
1.715676752737116839e+00
2.498990563997733005e+00
2.507513424008280367e+00
1.709130139702164763e+00
9.243995331826240225e-01
1.000310079781972838e+00
1.876121203717480590e+00
2.590033278757134738e+00
2.323167336598364052e+00
1.363148821520533849e+00
8.281668672686236521e-01
1.367824194309590791e+00
2.346258273643306858e+00
2.566029016253325246e+00
1.741245839231447157e+00
8.964259838332891972e-01
1.106213602477903013e+00
2.112879003995976834e+00
2.623147484573083332e+00
1.970754749950890394e+00
1.000298952340263003e+00
9.793548078924049216e-01
1.937369110173221110e+00
2.620160255578711350e+00
2.133406654231949418e+00
1.115211509034172321e+00
8.972163103923793681e-01
1.762265165548514645e+00
2.581215488333929997e+00
2.289661627300647151e+00
1.268502952555136565e+00
8.418802259703921376e-01
1.560478148176416502e+00
2.494286661233675595e+00
2.437682816710377676e+00
1.464478017668831011e+00
8.301610968960758674e-01
1.352459083261561501e+00
2.357905128373462667e+00
2.550149386591939571e+00
1.681063878302667458e+00
8.714179926776876028e-01
1.166122258968803838e+00
2.185278579252365017e+00
2.612846941150800628e+00
1.895892466099614149e+00
9.607272548170339155e-01
1.016951777062804929e+00
1.992344480883097457e+00
2.624560100766064608e+00
2.094734199774021643e+00
1.088835520072940932e+00
9.098305613675916614e-01
1.800252956539636129e+00
2.736531505833301736e+00
2.366044233570361754e+00
1.168731559384884822e+00
6.941714656216300128e-01
1.556756732783787234e+00
2.640283442126587943e+00
2.540393218943119980e+00
1.386167746612737117e+00
6.741197863434251758e-01
1.320059598480770591e+00
2.485465827789425042e+00
2.686911364207582587e+00
1.686544592503984141e+00
7.405288769328595144e-01
9.961758488860841254e-01
2.120931309765276218e+00
2.779399957622865625e+00
2.233115443646505049e+00
1.127679652737335170e+00
6.817449485092501593e-01
1.343052344034673329e+00
2.391671199228984523e+00
2.769100800489766367e+00
2.139961868740305029e+00
1.134403560034919156e+00
6.736215601597179692e-01
1.130513975447852371e+00
2.077821054954755997e+00
2.730471353183084204e+00
2.602340734967105274e+00
1.832033675917348337e+00
1.001023469888254747e+00
6.740413107025267081e-01
1.030535841833769561e+00
1.807487488836124534e+00
2.522003752587725245e+00
2.779869099635967622e+00
2.475893877163525492e+00
1.802751792875939785e+00
1.108689347493444943e+00
7.099014733658184362e-01
7.560032751952411312e-01
1.195108365741269552e+00
1.828373984072568570e+00
2.409713075368563828e+00
2.741493594710548543e+00
2.732999218390839147e+00
2.411441189627018922e+00
1.894226091806829215e+00
1.340801036248360445e+00
9.029419146284811681e-01
6.870715611776403442e-01
7.349249581636081441e-01
1.022494010197793957e+00
1.473085678391381714e+00
1.978576105219100656e+00
2.423763678619232920e+00
2.709969857789554126e+00
2.774375837890071139e+00
2.602299530303015640e+00
2.230504151230946253e+00
1.740725874480525182e+00
1.243951105350935782e+00
8.575247813131651187e-01
6.787793139982274404e-01
7.601792356681571494e-01
1.091858426224017631e+00
1.597361193597451878e+00
2.146475567204643387e+00
2.585294208311092135e+00
2.778483908222327159e+00
2.653393129708155218e+00
2.231973687797330186e+00
1.636669800874099190e+00
1.061969264466653629e+00
7.141152336079243934e-01
7.349909073499398815e-01
1.137409590962539907e+00
1.781828684654538586e+00
2.414250788062878073e+00
2.761951209261534146e+00
2.654816519478886416e+00
2.037326715143110256e+00
1.458658725568312331e+00
1.004035935047397299e+00
9.110740024513306334e-01
1.245180951411798187e+00
1.844136635285803738e+00
2.385201963903971212e+00
2.556062885023298925e+00
2.242132736335083809e+00
1.615169276430378886e+00
1.051327514978876998e+00
9.079690229252541656e-01
1.289453729222628686e+00
1.959865943136277933e+00
2.479898050924210118e+00
2.495371093701205023e+00
1.986763594406498967e+00
1.297463143648866390e+00
9.046621606961657847e-01
1.084948182270996764e+00
1.714553926016184393e+00
2.353061809479248812e+00
2.553564512347552551e+00
2.177278537075144182e+00
1.488571614552553601e+00
9.663232573448056195e-01
9.693387480905785170e-01
1.491544776809293094e+00
2.172928336846940311e+00
2.550975623110010027e+00
2.374411032071489736e+00
1.766401154663198803e+00
1.134114953889342026e+00
8.939104247271347781e-01
1.199018159066013833e+00
1.846274229387784072e+00
2.415087255572355929e+00
2.541320557414127990e+00
2.147782161357205677e+00
1.487772176395579349e+00
9.802144332572880758e-01
9.445887135743298302e-01
1.402066948361115006e+00
2.064308379295263229e+00
2.514413196191058297e+00
2.467504705928739828e+00
1.950536977078584533e+00
1.289452628128548106e+00
9.079479383399389203e-01
1.058139277104835019e+00
1.650627689383338703e+00
2.298426589283574017e+00
2.561107719341754851e+00
2.243926273565103102e+00
1.553666634747784325e+00
9.834539255876750818e-01
9.702432648231580359e-01
1.549028088707994355e+00
2.279249113449805186e+00
2.556847472494664597e+00
2.118582118936129799e+00
1.322645164111346805e+00
8.937363486528561163e-01
1.266200710640825733e+00
2.106607892930940640e+00
2.561549225761787341e+00
2.118501623667023992e+00
1.230679128966419178e+00
9.119616539552374279e-01
1.575637790452203646e+00
2.435882644050704204e+00
2.383641078676059344e+00
1.447857269487513365e+00
8.934369139689478656e-01
1.535850406394001721e+00
2.467605946104566073e+00
2.266001956429883890e+00
1.207437532241322664e+00
9.955614672845727320e-01
2.019041375786528647e+00
2.538002168078004050e+00
1.605158710815393297e+00
8.954172971119774838e-01
1.772740490614105768e+00
