1.187826758775267777e+00
5.181675688679378972e-02
-1.181644346355310793e+00
3.303648225337192657e-02
1.358770759709640785e+00
6.632974698709037664e-02
-1.352446649233197684e+00
1.681900605205937510e-02
1.529377871344711481e+00
8.424861930459026649e-02
-1.522804065424862019e+00
-2.798727782305263090e-03
1.699429619375212530e+00
1.055635086116672311e-01
-1.692492222340405972e+00
-2.581018776451284719e-02
1.868693800429926721e+00
1.302723937158901946e-01
-1.861269033479852286e+00
-5.221914117615315126e-02
2.036916248099251980e+00
1.583862350239413630e-01
-2.028865884351358506e+00
-8.204523298601631986e-02
2.203811364018298136e+00
1.899331738260883196e-01
-2.194977708414998840e+00
-1.153185211170947022e-01
2.369052547001365028e+00
2.249313442587712319e-01
-2.359254661787525631e+00
-1.520313837811215762e-01
2.532264919169938455e+00
2.633384541628527309e-01
-2.521294790939751174e+00
-1.921003719679114374e-01
2.693017261989484545e+00
3.050231940832789923e-01
-2.680635324579580647e+00
-2.353389526600835613e-01
2.850812856284782981e+00
3.497356701363114051e-01
-2.836743080782155424e+00
-2.814248393908961865e-01
3.005079407505149902e+00
3.970711507836795495e-01
-2.989003847696198424e+00
-3.298628751037952500e-01
3.155153995300719938e+00
4.465502605118750745e-01
-3.136664352549791257e+00
-3.807270970286428247e-01
3.300075831296465534e+00
4.997046969614304390e-01
-3.278423399819017536e+00
-4.373408439926448898e-01
3.438182984187819535e+00
5.609202634619681049e-01
-3.412338488513905865e+00
-5.042195003151076493e-01
3.567309937928060393e+00
6.344337392036399903e-01
-3.536018983673310689e+00
-5.852406636834910358e-01
3.684816818266962724e+00
7.237260598806717349e-01
-3.646549929735295681e+00
-6.834462797743221518e-01
3.787488707548463562e+00
8.313522875453848160e-01
-3.740394307561490717e+00
-8.008504299485951217e-01
3.871448777546415254e+00
9.587246891379820335e-01
-3.813323846966282460e+00
-9.381956043256668432e-01
3.932113382611041263e+00
1.105840677738468836e+00
-3.860404913193935084e+00
-1.094651520950014945e+00
3.964215218355395809e+00
1.270952640270487599e+00
-3.876065367394458505e+00
-1.267457214557513367e+00
3.961947288830285352e+00
1.450260660318554606e+00
-3.854971075519919133e+00
-1.452154526785730981e+00
3.922275514333661395e+00
1.639395092747094607e+00
-3.797540221369473556e+00
-1.644712322304540120e+00
3.847907396210861197e+00
1.834245151315405886e+00
-3.707066117481146339e+00
-1.840614815035281238e+00
3.742199220529870640e+00
2.029861114355307361e+00
-3.587067894575250548e+00
-2.034516892021414947e+00
3.608958700959160826e+00
2.220545540022774933e+00
-3.441768080861580703e+00
-2.220416691010473453e+00
3.452948980579995109e+00
2.400044745446843653e+00
-3.276594585804994075e+00
-2.391865156241216095e+00
3.280383713514648747e+00
2.561772817014777992e+00
-3.098662770227160745e+00
-2.542197080588186608e+00
3.099388735437134113e+00
2.699037251518474179e+00
-2.917207971993563742e+00
-2.664732449826542116e+00
2.920395177230874051e+00
2.805188911006673891e+00
-2.743927054753843908e+00
-2.752837668185283082e+00
2.756414654495983552e+00
2.873544536001430227e+00
-2.593168338277486829e+00
-2.799643988377351178e+00
2.623118259352585913e+00
2.896817294870832171e+00
-2.481862537008663772e+00
-2.797084806414461333e+00
2.538555680034450646e+00
2.865714790600838224e+00
-2.428529525740841244e+00
-2.734846774775223199e+00
2.519284720568150338e+00
2.770781295594383131e+00
-2.443382292270458223e+00
-2.607021334145577907e+00
2.565464943926112351e+00
2.611276235791412326e+00
-2.515487088683324490e+00
-2.418709642426644546e+00
2.655877849895753595e+00
2.399118928089359226e+00
-2.614902269327561424e+00
-2.190270651256221779e+00
2.753916810169457108e+00
2.165059366442554811e+00
-2.700736453158248729e+00
-1.964708483548645246e+00
2.816742231305201294e+00
1.965687782456686961e+00
-2.729865840311493486e+00
-1.812574725377418927e+00
2.800997200216241989e+00
1.884512577098403030e+00
-2.655884071413709080e+00
-1.827380142145209163e+00
2.650051924890329147e+00
2.019024380359770277e+00
-2.398930359647925670e+00
-2.099046732484616928e+00
2.241186541841842850e+00
2.429435513030696381e+00
-1.768802951643194232e+00
-2.616167530281416020e+00
1.295196523866712912e+00
2.957424492423950557e+00
-4.018123191021728546e-01
-2.952170971456182791e+00
-5.540946783938637266e-01
2.751512702921588893e+00
1.820003633505303586e+00
-1.731469671999878557e+00
-2.654799875315183577e+00
1.474605697180229880e-01
2.739065324411462665e+00
1.921325783233711393e+00
-1.050078384112192786e+00
-2.720933241023244964e+00
-1.542844350537510456e+00
1.148662914607490260e+00
2.753959040549728066e+00
7.267177855829158872e-01
-2.453605499969067072e+00
-9.975453260464564043e-01
2.339641490996683615e+00
1.720518425570531473e+00
-1.248530383413339218e+00
-2.501535158483779497e+00
-1.437023130375813862e+00
4.496950653525834118e-01
1.942200853435024799e+00
2.500795979035581595e+00
1.998271463272320192e+00
6.247914308389854732e-01
-1.062386880852191462e+00
-2.197983773572138144e+00
-2.017847034041221566e+00
-4.899221754483442104e-01
1.425951282614701832e+00
2.315451140398050001e+00
1.415167591761149257e+00
-6.084121357438053712e-01
-2.055978010785288301e+00
-1.635360594649669208e+00
2.984586904074346680e-01
1.969925545024339586e+00
1.813435035900858860e+00
-1.092482244507763517e-02
-1.744167361891998391e+00
-1.730065955758761875e+00
-1.961170688131482626e-02
1.711733099328405450e+00
1.820249739698062363e+00
2.573728322347152431e-01
-1.459307454453219632e+00
-1.743009799037324115e+00
-3.968622150208424015e-01
1.303069326885660795e+00
1.847794278524315104e+00
8.258586234898382950e-01
-8.190363950913499558e-01
-1.695292389118607135e+00
-1.138687500869542957e+00
3.298358323892388588e-01
1.527135934655336591e+00
1.571275188717214721e+00
5.002834345357589640e-01
-8.533802156462705346e-01
-1.531202431441215595e+00
-1.115884287989589829e+00
4.995158177483619011e-02
1.167345240455960553e+00
1.534294896700411082e+00
9.691003733283044541e-01
-1.320342773265718861e-01
-1.084720229595982133e+00
-1.339748363523761476e+00
-7.853266766455632153e-01
2.235188568346994364e-01
1.094695025948456024e+00
1.340869246837648410e+00
8.450733154063124752e-01
-8.566440559519225562e-02
-9.076701970787464102e-01
-1.158478761270318014e+00
-7.174108198216818666e-01
1.385324909881679167e-01
9.077453673260252875e-01
1.158166795575669594e+00
4.584159999032769855e-02
