3.936609175770263036e+00
3.074378025107756152e+00
-3.496435898962548805e-01
-1.872639489008024016e+00
4.857266282480406927e-01
3.654429074524819576e+00
3.514997341350759363e+00
2.517700990558305874e-01
-1.898345403294945610e+00
-1.489253007722057820e-01
3.230007269555629001e+00
3.862867837854897068e+00
9.334936504780342315e-01
-1.768230694862801267e+00
-7.523901608198522162e-01
2.666543280214786371e+00
4.075668760445004146e+00
1.659530015484369070e+00
-1.465500434596778367e+00
-1.273760133262489935e+00
1.985924384984288249e+00
4.116975982078209029e+00
2.378430980303039011e+00
-9.923217027842594629e-01
-1.660824692090886012e+00
1.231706496225267955e+00
3.966708453944657542e+00
3.028564280989261448e+00
-3.770814059314668842e-01
-1.871868005400119772e+00
4.674840351515733294e-01
3.632864513389925776e+00
3.549517162844843199e+00
3.219545175315728924e-01
-1.891208279207618803e+00
-2.316833969574791929e-01
3.161587043452591672e+00
3.899476375912476200e+00
1.019630199719897101e+00
-1.745392197560522662e+00
-7.950934063139443175e-01
2.641749800274327598e+00
4.074871890316011047e+00
1.614434868368434195e+00
-1.514001818958950585e+00
-1.175951144724024067e+00
2.196551915097591401e+00
4.122909170937200329e+00
2.016331834024068126e+00
-1.312511993277899913e+00
-1.373492852275849829e+00
1.935247680021945582e+00
4.121246810036861774e+00
2.181625266495548665e+00
-1.237517658220099070e+00
-1.411907835854139259e+00
1.921793923931289783e+00
4.122835503429189252e+00
2.088726859049504281e+00
-1.332595209660152102e+00
-1.287638077817071514e+00
2.182230454987450941e+00
4.114658221376399361e+00
1.708107767483502570e+00
-1.571093048005189230e+00
-9.401621001423758894e-01
2.700495038493830435e+00
3.996031171497782530e+00
1.007770503517095628e+00
-1.832430334439870245e+00
-2.611666208581848725e-01
3.379584796943569280e+00
3.579588074409826959e+00
1.129251425425903399e-02
-1.876747134095159586e+00
8.379159754310584463e-01
3.975873340672867684e+00
2.648269353432286088e+00
-1.092636996807617278e+00
-1.367869841006669640e+00
2.280296423364826630e+00
4.066864230937063063e+00
1.120285357638685753e+00
-1.533004174669151398e+00
8.685258261526529466e-02
3.370445851252181768e+00
2.960645120202388014e+00
-4.912309744298484215e-01
-1.302948679139397159e+00
1.888104237877837432e+00
3.782187309064963365e+00
1.196643194931999554e+00
-1.537970966184783572e+00
2.072114383987265773e-01
3.487970142524687844e+00
2.704350378938527477e+00
-8.195943838067192289e-01
-1.016968242231491404e+00
2.471891452872008621e+00
3.589022384005657429e+00
3.676359849289863035e-01
-1.551938181077497481e+00
1.225546194690054769e+00
3.797949606717665461e+00
1.583639449139802258e+00
-1.479935564279819316e+00
1.041041802848157172e-01
3.500594691666161218e+00
2.570321300082285099e+00
-1.014647535350265306e+00
-7.280757401686352992e-01
2.920621154170830458e+00
3.244075522712292603e+00
-3.654423388666778738e-01
-1.250508613601626573e+00
2.238153014331618174e+00
3.628954562090522806e+00
3.241000022832245531e-01
-1.514606610257036801e+00
1.558548301081703169e+00
3.789161091384107394e+00
9.848332393127399165e-01
-1.585722899548664300e+00
9.188591938357184574e-01
3.782201313081844596e+00
1.606675843504498324e+00
-1.506494917309044057e+00
3.077600681584579112e-01
3.629919030357274146e+00
2.216333360541570929e+00
-1.272185259808372271e+00
-3.096167099212272511e-01
3.294462855739839213e+00
2.846757448359993337e+00
-8.040716506202003622e-01
-9.483445895695672423e-01
2.647969772627817076e+00
3.468393660021733105e+00
7.991746139073163668e-02
-1.489729711225770137e+00
1.462812758082040698e+00
3.803836604554561518e+00
1.606398087309938161e+00
-1.403574884566348713e+00
-3.552090603648876410e-01
2.984566123017184047e+00
3.450874229003207283e+00
4.723447213925439092e-01
-1.579045179466938231e+00
2.077749460638789181e-02
2.991576996619107476e+00
3.640655099162074748e+00
1.422525145409846647e+00
-1.069252056836883513e+00
-1.393534898753724827e+00
4.937844335584617994e-01
2.802981569520475613e+00
3.802939088073583385e+00
3.032117680720982644e+00
1.207230310727080314e+00
-5.692386352566780605e-01
-1.510020139809413520e+00
-1.397174329040001828e+00
-4.650288149008054983e-01
8.555265137134244746e-01
2.152746903865956352e+00
1.487699006235550403e+00
1.589989219084365191e+00
1.607319288106660249e+00
1.551376724774913951e+00
1.441236343768135475e+00
1.298027255586742479e+00
1.141568615981163548e+00
9.886035272702641263e-01
8.521373431191847647e-01
7.414423273197334741e-01
6.624044177722954174e-01
6.180004918854580254e-01
6.087838879508292722e-01
6.333185949142560167e-01
6.885426483368857209e-01
7.700648835455213836e-01
8.724117061569188758e-01
9.892459795387592569e-01
1.113581161232937156e+00
1.238012013050596716e+00
1.354979358646777987e+00
1.457080784481945557e+00
1.537431952676612479e+00
1.590074352571996252e+00
1.610415019301973283e+00
1.595672410951863185e+00
1.545291051736415344e+00
1.461276951855858597e+00
1.348397896314645239e+00
1.214189529138536727e+00
1.068712017946940707e+00
9.240151184531772977e-01
7.932932466187609943e-01
6.897471444530263174e-01
6.252135732601076246e-01
6.086755509357604232e-01
6.448166771742310788e-01
7.328251773170212369e-01
8.656756208726478219e-01
1.030107478780187824e+00
1.207470067483970899e+00
1.375507750250646311e+00
1.511019827770752499e+00
1.593158851637877405e+00
1.606953205492699821e+00
1.546489457249001553e+00
1.417108594412381128e+00
1.235998414760947295e+00
1.030731400525318087e+00
8.356095793881871403e-01
6.861077778152423479e-01
6.121878352091887354e-01
6.316866350062916302e-01
7.452374687966007993e-01
9.341509274538278840e-01
1.162283767056046857e+00
1.382165700045043799e+00
1.544642056492009141e+00
1.610237638571268448e+00
1.559641334612271502e+00
1.400454021276674066e+00
1.167842765844450570e+00
9.179400984967047705e-01
7.147101628964814823e-01
6.131459696520537017e-01
6.432995689681935136e-01
8.000988144392758850e-01
1.042749313345945783e+00
1.304858552413500572e+00
1.512967822293863174e+00
1.608110793572107955e+00
1.563560434038003821e+00
1.392832112212230022e+00
1.145155405209948407e+00
8.899408599458542568e-01
6.956066732717629542e-01
6.099620538690198046e-01
6.484442877069124256e-01
7.933108656708114381e-01
1.002928408619117473e+00
1.226769891020058179e+00
1.419689128058523986e+00
1.551115613601025345e+00
4.255708726595279323e+00
