6.759312226459357476e-02
1.688278550222635843e+00
1.821710976387410419e+00
4.200423137271971363e-01
-2.014097373909197408e+00
-4.607840025497645264e+00
-6.431084893002304348e+00
-6.830027160575029122e+00
-5.661608484774966144e+00
-3.344816877088530926e+00
-7.104400900743388370e-01
1.296849950283783137e+00
1.957250908150120594e+00
1.033946901089312309e+00
-1.141970720093432146e+00
-3.790230767607842388e+00
-5.961182849103002113e+00
-6.876336384247506039e+00
-6.207522726075493047e+00
-4.194574498680099239e+00
-1.559323035144934977e+00
7.532460734385786338e-01
1.913859225744955594e+00
1.506327419062615469e+00
-3.232108412576431000e-01
-2.918693954712198835e+00
-5.349397043347030589e+00
-6.743684388814497943e+00
-6.601572834874783524e+00
-4.974022768763695979e+00
-2.444663999345417782e+00
7.949044885395428750e-02
1.693293798074258838e+00
1.818045725081708142e+00
4.090108414254682856e-01
-2.028539389376287971e+00
-4.620513878050109824e+00
-6.437445718609395406e+00
-6.827793566602779585e+00
-5.651580690647804772e+00
-3.330590032740506246e+00
-6.971154910100818558e-01
1.304493794720657185e+00
1.956471726984926995e+00
1.025022326993325628e+00
-1.155842059523873200e+00
-3.804075499411825323e+00
-5.970035741689905251e+00
-6.877020826705579459e+00
-6.199790428173077572e+00
-4.181195556715104900e+00
-1.545093680758877097e+00
7.632226840256395306e-01
1.916003016435483985e+00
1.499866012435100426e+00
-3.359638300187008930e-01
-2.933167257984502729e+00
-5.360400216745466295e+00
-6.747269204498827833e+00
-6.596450073037231299e+00
-4.962025954599427635e+00
-2.430093195617699653e+00
9.141003048293994127e-02
1.435864148958111208e+00
1.544571848740639908e+00
2.175570220139984023e-01
-2.069319472789547198e+00
-4.495996218695569979e+00
-6.192281133144830640e+00
-6.549897383136089601e+00
-5.440607268890737203e+00
-3.262196372194425376e+00
-7.958290232342921655e-01
1.074072737912873166e+00
1.676976682015136610e+00
7.966875150088421620e-01
-1.251128459964660378e+00
-3.732140078328483046e+00
-5.756677218989306510e+00
-6.598758959186445949e+00
-5.956423294946503688e+00
-4.060007001142297511e+00
-1.589548133080153303e+00
5.690696208159828906e-01
1.641786282723979973e+00
1.243935718943456337e+00
-4.818169491667401161e-01
-2.916633376801043731e+00
-5.187410817730306434e+00
-6.479867928251536568e+00
-6.330538671203630230e+00
-4.792968413850421605e+00
-2.418515435009063186e+00
-5.864100914830405742e-02
1.440416181650512328e+00
1.541100482797470583e+00
2.073201598960832115e-01
-2.082616848371490192e+00
-4.507555377993153201e+00
-6.197980067682168581e+00
-6.547807891754408693e+00
-5.431675629264058003e+00
-3.249828958069034268e+00
-7.845566096483582719e-01
1.080315828694791147e+00
1.676280734972188213e+00
7.897612655596719655e-01
-1.261387335364486439e+00
-3.741871041447013546e+00
-5.762550001939071187e+00
-6.599136271318639224e+00
-5.951777351288740192e+00
-4.052511026386126147e+00
-1.582099507416918183e+00
5.739480732885109404e-01
1.642742448610980510e+00
1.241053760291281449e+00
-4.872546668588115804e-01
-2.922677625465635032e+00
-5.192024143515999057e+00
-6.481401209044769907e+00
-6.328105116146636178e+00
-4.786776501073667589e+00
-2.410110046601736222e+00
-5.084300266589281136e-02
1.123722217399519163e+00
1.209688793376034077e+00
-2.187495569894970515e-02
-2.128983564709123755e+00
-4.354888221814766425e+00
-5.899811084907402581e+00
-6.208383711554584572e+00
-5.169441566995955029e+00
-3.156220915011263450e+00
-8.923507745751098064e-01
8.082759799673837620e-01
1.334212961316181278e+00
4.964061973305535780e-01
-1.403823656287691568e+00
-3.683249529049272386e+00
-5.522578914234626879e+00
-6.261107057714932367e+00
-5.634083795153074448e+00
-3.867428120910672895e+00
-1.595919448681237363e+00
3.653749248128694838e-01
1.313905728347150248e+00
9.112270348448903157e-01
-6.968371468097924737e-01
-2.933890215103370558e+00
-5.000387806438620686e+00
-6.159772977116695358e+00
-6.000717762549962586e+00
-4.582167862807779102e+00
-2.410366450218105250e+00
-2.571920234797264726e-01
1.114609213339361027e+00
1.221300078034348147e+00
2.775254323559739333e-02
-2.042328836504514467e+00
-4.257923213408414398e+00
-5.839365147844429949e+00
-6.232452500212641411e+00
-5.301725603791629382e+00
-3.375869956352307355e+00
-1.130526791518758456e+00
6.493147036559872021e-01
1.343597014850223204e+00
7.124046455285317769e-01
-1.022258047052197361e+00
-3.255550744050514478e+00
-5.211222866157350531e+00
-6.211321910932488422e+00
-5.910576075458426004e+00
-4.414726372208972904e+00
-2.242630859801495902e+00
-1.459856074185519326e-01
1.150631674506097823e+00
1.199660115800558646e+00
-1.547634382898488425e-02
-2.074989552010800153e+00
-4.267531527315341577e+00
-5.835343928666355318e+00
-6.235603451678652931e+00
-5.328238592392706252e+00
-3.425507778603074982e+00
-1.185752973183467063e+00
2.930452188008123571e-01
9.463475267786236600e-01
4.095018659667943872e-01
-1.134647949687460189e+00
-3.147973210031637770e+00
-4.921746386836643339e+00
-5.824314835151774616e+00
-5.526404151693902200e+00
-4.124267244883958128e+00
-2.114347259543368995e+00
-2.232434699598924155e-01
8.520080423979639050e-01
7.024580717436297306e-01
-6.313952127054525132e-01
-2.660987691596067961e+00
-4.621779389198927390e+00
-5.758805233567299453e+00
-5.620433251543023090e+00
-4.244995315864649399e+00
-2.160405325866746384e+00
-1.875227818311908656e-01
8.823003596110936542e-01
6.090124327710810803e-01
-9.081253675611662413e-01
-3.059956199404165744e+00
-4.969685679804147327e+00
-5.852384044935721619e+00
-5.342354014920228877e+00
-3.648369800795364881e+00
-1.468095992243141801e+00
3.034947507243224152e-01
9.470258942623814846e-01
2.130923035438097024e-01
-1.585752331839123563e+00
-3.718703029760904943e+00
-5.346414361823653927e+00
-5.858865125656116390e+00
-5.099742019689339934e+00
-3.394323893377755752e+00
-1.387556222612794210e+00
2.225407076277474694e-01
9.337835568036445544e-01
5.797113549106063246e-01
-6.662706237161293288e-01
-2.393099754677345814e+00
-4.102939000734533437e+00
-5.354394449600422767e+00
-5.861623592378576220e+00
-5.537253817045099780e+00
-4.485745255895295713e+00
-2.962961221674488499e+00
-1.318204191597845742e+00
6.984345689302484672e-02
8.583205821201058683e-01
8.066523962624860822e-01
-1.545829600142538673e-01
-1.857119088327142897e+00
-3.851324108822832493e+00
-5.432132182963208322e+00
-5.813185654620973253e+00
-4.532405596511969392e+00
-1.978421867041044280e+00
2.416653566173199152e-02
