-6.052420392884105826e-01
-1.311694310206724001e+00
-3.650360606250181661e+00
-4.337895958884327996e+00
-2.365220645755732765e+00
-5.514403188179557436e-01
-1.558131681356364595e+00
-3.932218918267446739e+00
-4.130502801535062218e+00
-1.822145618092973596e+00
-5.160193057885624768e-01
-2.252141810006385914e+00
-4.346529782289395349e+00
-3.483063399177963593e+00
-1.008530350765797001e+00
-9.092361773477495301e-01
-3.375635000443723222e+00
-4.363957770998711183e+00
-2.209489954082246133e+00
-5.049436554969704005e-01
-2.151249239620977693e+00
-4.360267470683931279e+00
-3.317113491319156449e+00
-8.101794523147751725e-01
-1.234592980931931150e+00
-3.863926919454486075e+00
-4.020725127625301099e+00
-1.403056830200924754e+00
-7.318306852709766108e-01
-3.244944793172742870e+00
-4.352890774993078971e+00
-2.002424377382042042e+00
-5.341341854430319280e-01
-2.689628058781902364e+00
-4.450236406514347820e+00
-2.505764913394239013e+00
-5.094265785771239230e-01
-2.234272072776697815e+00
-4.421592362526654441e+00
-2.924175901488922147e+00
-5.806653749695862565e-01
-1.840613523432660159e+00
-4.311693649852946564e+00
-3.302426415918855440e+00
-7.297742586363660244e-01
-1.472303305364843551e+00
-4.120259370790204656e+00
-3.662170400555970318e+00
-9.676454150053606096e-01
-1.123782479364999309e+00
-3.832272196355366312e+00
-3.993127268645279226e+00
-1.307609110106660255e+00
-8.197040171295524313e-01
-3.441616376833306568e+00
-4.259201509563636634e+00
-1.743383193365049433e+00
-6.029162154272864615e-01
-2.971354880165763657e+00
-4.417349611949944688e+00
-2.232264642199373483e+00
-5.085212922845301353e-01
-2.484412075692651545e+00
-4.625351483134815922e+00
-2.712443529635730322e+00
-3.556863102637386476e-01
-2.037537785725623163e+00
-4.562313183934041838e+00
-3.086833788898139197e+00
-4.379497009955315434e-01
-1.739330332864697404e+00
-4.476885950036431083e+00
-3.320475801333077293e+00
-5.200630864531978759e-01
-1.545969618067681628e+00
-4.392667144089362985e+00
-3.509232582364606223e+00
-6.254833945060060962e-01
-1.316069890946717891e+00
-4.228668827012576514e+00
-3.831497234706880306e+00
-9.149500823802581007e-01
-8.627210087954439999e-01
-3.705102934534084458e+00
-4.393501804071549444e+00
-1.815616202186215888e+00
-3.464093336026770054e-01
-2.307873086953211139e+00
-4.522342274823132335e+00
-3.655624119037283570e+00
-1.093775273609453480e+00
-4.814700981907074073e-01
-2.546481470295893779e+00
-4.502303457032878597e+00
-3.940745552443390309e+00
-1.655862986697677730e+00
-3.326274237613753293e-01
-1.364668733640264309e+00
-3.550780022715595230e+00
-4.628537974376023101e+00
-3.600389854562258574e+00
-1.525712470898708428e+00
-3.433774480152780306e-01
-1.079842931647641224e+00
-3.039988471296714234e+00
-4.505967418896120513e+00
-4.220034267964397401e+00
-2.430417607826887316e+00
-6.816233779813394289e-01
-4.865091849706786320e-01
-2.015829339103230922e+00
-3.946339835453763989e+00
-4.604626210853634660e+00
-3.418534815055683573e+00
-1.416223544095420950e+00
-3.359748281116345936e-01
-1.116797234015014073e+00
-3.081034512411304771e+00
-4.521610183439733532e+00
-4.185645532984821671e+00
-2.364787570730840560e+00
-6.426593152806803211e-01
-5.176412175739708577e-01
-2.098799151717889000e+00
-4.010361907872725951e+00
-4.754799751423265164e+00
-3.397459805754875717e+00
-1.240218413187351709e+00
-1.606511314905483268e-01
-1.098332753186961108e+00
-3.237097334329322784e+00
-4.715564725474235885e+00
-4.247210991031239224e+00
-2.239772876542401647e+00
-4.400358243430284588e-01
-4.136987747833682505e-01
-2.183406298183017569e+00
-4.209623850399589529e+00
-4.730187464697827693e+00
-3.292724710833373258e+00
-1.147367296816627524e+00
-1.591820409732638275e-01
-1.186802009031555638e+00
-3.336777914020757851e+00
-4.740826447874338712e+00
-4.179406382720271651e+00
-2.140610893429957251e+00
-3.952977340743188961e-01
-4.587578576330328950e-01
-2.275449660316527289e+00
-4.268176531270152729e+00
-4.707683215203962490e+00
-3.213058552035866544e+00
-1.081287689143446862e+00
-1.613382807404244446e-01
-1.250569767445529390e+00
-3.404169594118950926e+00
-4.755216979606392336e+00
-4.133132583129872195e+00
-2.077424521242033251e+00
-3.692167261118473043e-01
-4.878500171161241905e-01
-2.330115212419795689e+00
-4.300640183679139028e+00
-4.693762131531002524e+00
-3.169680755442410458e+00
-1.047589657922367579e+00
-1.634224011233502694e-01
-1.281604105579780217e+00
-3.434674742027774563e+00
-4.760812865575410058e+00
-4.113820674877716854e+00
-2.053361613163633859e+00
-3.603440937692794499e-01
-4.975077228878483915e-01
-2.345967828495532093e+00
-4.308733076579228438e+00
-4.690648916203634222e+00
-3.162214493082629474e+00
-1.043442177522799996e+00
-1.635968308006447991e-01
-1.281992495415375188e+00
-3.433028877617773311e+00
-4.760106873316329867e+00
-4.118050418268544455e+00
-2.061089388126370991e+00
-3.642745380594640814e-01
-3.533143288414075656e-01
-2.323250504351646484e+00
-4.427052380379165264e+00
-4.849537882842106740e+00
-3.226204856060754800e+00
-9.576751468765873909e-01
-1.246355866981296856e-03
-1.182151212484196190e+00
-3.481510385442568190e+00
-4.915373747335587851e+00
-4.246507765131156908e+00
-2.052001220241773893e+00
-2.254250774829174020e-01
-3.429562862694179870e-01
-2.303232072407337849e+00
-4.414695921987410010e+00
-4.855236787258121467e+00
-3.244633455025934587e+00
-9.727794427212295147e-01
-2.855405449033732168e-04
-1.166447725754265141e+00
-3.464864015845347645e+00
-4.911954905922671699e+00
-4.258851775200486856e+00
-2.069199058012324066e+00
-2.327075070634103682e-01
-3.342984121019956234e-01
-2.286294929966557365e+00
-4.404093325651974311e+00
-4.860002540412308392e+00
-3.260566826821228226e+00
-9.861224603100253727e-01
4.520329961814617548e-04
-1.152272109626490071e+00
-3.449477515438307051e+00
-4.908641042773817631e+00
-4.270480838080134234e+00
-2.085738098624669856e+00
-2.398814349945350699e-01
-3.259173924071894213e-01
-2.269596858170861875e+00
-4.393490285610158530e+00
-4.864638108658152049e+00
-3.276429864454668994e+00
-9.995189911011346240e-01
1.076268535159741191e-03
-1.138177719094696672e+00
-3.434082613371156611e+00
-4.905227281817314378e+00
-4.281984893913249657e+00
-2.102226007897165516e+00
-2.471253938755126889e-01
-3.176710163697098466e-01
-2.252980357459779981e+00
-4.382843811136235779e+00
-4.869148257245056399e+00
-3.292203850022984213e+00
-1.012943895829959473e+00
1.586796818721314395e-03
-1.124171055985873302e+00
-3.418666986806722541e+00
-4.901707274532675740e+00
-4.405608099119645793e+00
