-1.691121049314432634e+00
-1.013463259054697030e+00
-1.886744608585699146e+00
-3.787816800452254107e+00
-5.426009815468126440e+00
-5.597372469278053764e+00
-4.127566144051402652e+00
-2.139409326183138838e+00
-1.264546542012584762e+00
-2.279970097600904744e+00
-4.315136026358036503e+00
-5.500777345197718660e+00
-4.685803870909508007e+00
-2.656596472217828797e+00
-1.487348039489521989e+00
-2.425171028020493669e+00
-4.452994939172848277e+00
-5.285586527697530457e+00
-3.956458133653494968e+00
-2.057898999742533874e+00
-1.920383990623420356e+00
-3.703817946377902626e+00
-5.090626719994892468e+00
-4.255856989704491333e+00
-2.358440502622084267e+00
-2.031589403362878521e+00
-3.704080749486456270e+00
-4.934544107490524745e+00
-3.938494767123589479e+00
-2.254677547170291341e+00
-2.441456532969740856e+00
-4.152152611240129687e+00
-4.682271859841887540e+00
-3.245621557816212643e+00
-2.200238179522344240e+00
-3.202758185310303318e+00
-4.538909854579053160e+00
-4.016487659784561792e+00
-2.588312026353869477e+00
-2.661369958613905684e+00
-4.028829441675112477e+00
-4.331168337677339331e+00
-3.127999885328521579e+00
-2.542432161308195049e+00
-3.521596385880255031e+00
-4.297103602594606997e+00
-3.566343946458135239e+00
-2.683492591709974562e+00
-3.167071075645924161e+00
-4.096015959625611380e+00
-3.845074296078947462e+00
-2.896779722625890230e+00
-2.932726254517194597e+00
-3.889526057007615556e+00
-4.055762340867445026e+00
-3.115664194770037199e+00
-2.752351548281703142e+00
-3.641513352086366062e+00
-4.194141708904709276e+00
-3.393300737948987678e+00
-2.665244220419767274e+00
-3.340446023939186215e+00
-4.222863563811767307e+00
-3.708484928598811958e+00
-2.700234866257972488e+00
-3.022461149047309004e+00
-4.120626752493063982e+00
-4.016307137851642395e+00
-2.871129348375566881e+00
-2.739188623028458558e+00
-3.882307644695387250e+00
-4.259554574706885255e+00
-3.172389257326824641e+00
-2.551980634147763993e+00
-3.526434652989351548e+00
-4.374979023415811241e+00
-3.570221866814631273e+00
-2.522732483162556605e+00
-3.103885803454780934e+00
-4.306342040367796997e+00
-3.995721241380727040e+00
-2.696754236421913919e+00
-2.701210286002761585e+00
-4.025258510869682560e+00
-4.346851067021909820e+00
-3.079207565657747114e+00
-2.431616381654743364e+00
-3.555769320431724445e+00
-4.505964437554089486e+00
-3.612009041054672576e+00
-2.407994004448005043e+00
-2.992703387108066604e+00
-4.376317260056776348e+00
-4.164162155729549397e+00
-2.698062503829011582e+00
-2.498090296123235188e+00
-3.932231142268125534e+00
-4.553759363889408718e+00
-3.274878842055595207e+00
-2.254764526571991112e+00
-3.255946715634186805e+00
-4.622829734198579565e+00
-4.012479253219078501e+00
-2.390714297905017105e+00
-2.509019395934008134e+00
-4.245340083889821869e+00
-4.689704180615488660e+00
-3.019947113757091905e+00
-1.997645719115616059e+00
-3.396838036132147742e+00
-4.940701516616196720e+00
-4.013447587048931453e+00
-2.082726505212677104e+00
-2.369720935675916795e+00
-4.479220968151184756e+00
-4.936229131696827643e+00
-2.911295634491338991e+00
-1.698673416358835064e+00
-3.351533767997655566e+00
-5.221437770743708739e+00
-4.210765918372038286e+00
-1.894453605841670552e+00
-2.056990353674783556e+00
-4.512834090089046235e+00
-5.295793589262914658e+00
-3.066549248764112612e+00
-1.382388195318562829e+00
-3.013817128234367537e+00
-5.400299585730658158e+00
-4.678476428485240923e+00
-1.929338895539098875e+00
-1.553175179549805218e+00
-4.227370860757839743e+00
-5.716142583887160455e+00
-3.584005883228118083e+00
-1.165668318179529983e+00
-2.343223017728102597e+00
-5.322386142866203151e+00
-5.372760394196516742e+00
-2.336356503741681134e+00
-9.908586054083272643e-01
-3.530287448495438074e+00
-5.999417697264098237e+00
-4.458277422011532209e+00
-1.263023735824004845e+00
-1.460387088323705118e+00
-4.817897692068663140e+00
-6.072940238073829988e+00
-3.184575664748879209e+00
-6.466488192976922456e-01
-2.489459614710320068e+00
-5.873910490965505105e+00
-5.475039975532983050e+00
-1.867196067177008256e+00
-6.963133893092114945e-01
-3.840375131111814611e+00
-6.402140687153458742e+00
-4.339719926876425049e+00
-8.417926668017887692e-01
-1.396214629394402440e+00
-5.180869271257325437e+00
-6.280757727396931500e+00
-2.932527729121226390e+00
-3.485963765935631287e-01
-2.602400436633862668e+00
-6.207940311158925084e+00
-5.511428947904450482e+00
-1.556532260660773659e+00
-5.232140570763075260e-01
-4.070980007810979906e+00
-6.675595924166688455e+00
-4.230563747776107775e+00
-5.212279211321759753e-01
-1.365366952709921922e+00
-5.488454780237717934e+00
-6.444901390502193905e+00
-2.694288358973887743e+00
-8.104693752043790056e-02
-2.727933358757805848e+00
-6.531505299358695282e+00
-5.522195056836423532e+00
-1.233706131111866000e+00
-3.757923384782584364e-01
-4.336243336128093873e+00
-6.936926401925161301e+00
-4.070629258744122403e+00
-1.882385255600005358e-01
-1.388983723153533134e+00
-5.837884731342320777e+00
-6.566549847139751428e+00
-2.388006536476696695e+00
1.707185055981499389e-01
-2.936663710091513391e+00
-6.875693534315649558e+00
-5.450909187607066997e+00
-8.521233634833480508e-01
-2.922770541802450772e-01
-4.691726671596192944e+00
-7.164168937666992143e+00
-3.799918386369859125e+00
1.410699002551001335e-01
-1.539444596237286467e+00
-6.215409263129272333e+00
-6.546123451537408933e+00
-2.007642490146909431e+00
2.764860319309607739e-01
-3.281430952370771870e+00
-7.095720285861562893e+00
-5.175870666110700569e+00
-5.366866187034839975e-01
-4.660146189076459500e-01
-5.075337367701696856e+00
-7.121469694692834196e+00
-3.388153775844934934e+00
2.561208000039258970e-01
-1.918594641261511358e+00
-6.492794824530182751e+00
-6.272064563519938574e+00
-1.603295250844906761e+00
1.679156337139757760e-01
-3.745989695478391113e+00
-7.185040638878495756e+00
-4.735261968733198934e+00
-2.534797950042819714e-01
-7.975225732143456092e-01
-5.510844333947499507e+00
-6.968491331430394453e+00
-2.873462889562867772e+00
3.211264431012650356e-01
-2.420185846665314777e+00
-6.776143860745269976e+00
-5.878426685376972216e+00
-1.142404737999790143e+00
-3.820140106276115333e-02
-4.308133883210173209e+00
-7.214958629348256380e+00
-4.170979017001238631e+00
1.933938158299852716e-02
-1.259525599359422099e+00
-5.988575074386850439e+00
-6.699223909055978865e+00
-2.268594648371495381e+00
3.036377342126179713e-01
-3.047342256999488797e+00
-7.025770455694501315e+00
-5.342658853579398404e+00
-6.586915614314863276e-01
-3.806595500859542014e-01
-4.948646949904188297e+00
-3.444557439475050664e+00
