-3.578088593170811738e+00
-3.933973825556427606e+00
-5.022876267835358455e+00
-5.315059302458902124e+00
-4.400546569280673559e+00
-3.563526027130800689e+00
-3.978571333147201905e+00
-5.062953173872291934e+00
-5.295617062843028577e+00
-4.350677666987865955e+00
-3.553012186580282172e+00
-4.020242953005250364e+00
-5.097419257329907971e+00
-5.275905722678179366e+00
-4.306173205298990503e+00
-3.545776509686334066e+00
-4.058477778337374886e+00
-5.126719302998367311e+00
-5.256667124944311098e+00
-4.267032708932808838e+00
-3.541111641075138206e+00
-4.092871747315065534e+00
-5.151295019724303259e+00
-5.238537976611536529e+00
-4.233201385341491374e+00
-3.538382645242904356e+00
-4.123113229519698386e+00
-5.171568294999007165e+00
-5.222053975304858042e+00
-4.204588120513490956e+00
-3.537033258843220729e+00
-4.148969771462263090e+00
-5.187927941933941689e+00
-5.207654641614536395e+00
-4.181080419123843761e+00
-3.536589825792828101e+00
-4.170276631898220288e+00
-5.200719710424625220e+00
-5.195688125037891680e+00
-4.162556055426681390e+00
-3.536663458473694455e+00
-4.186927667199421776e+00
-5.210239408603251299e+00
-5.186415357544725602e+00
-4.148891168310014699e+00
-3.536950837212915477e+00
-4.198869101039166551e+00
-5.216729114908638110e+00
-5.180013027235337297e+00
-4.139964433462969495e+00
-3.537233892706592719e+00
-4.206096733698662327e+00
-5.220376665280049622e+00
-5.176574939888441307e+00
-4.135656768214029277e+00
-3.537378399734885992e+00
-4.208657217084154745e+00
-5.221318891020391817e+00
-5.176111436997563153e+00
-4.135845756200014378e+00
-3.537331225660789613e+00
-4.206654145078940310e+00
-5.219649485507503961e+00
-5.178546658094292710e+00
-4.140393600131215379e+00
-3.537115596720924238e+00
-4.200259889442385486e+00
-5.215432924633544687e+00
-5.183713588199658773e+00
-4.149126895979822649e+00
-3.536823237438601719e+00
-4.189734357792841202e+00
-5.208726594178017422e+00
-5.191347029058535512e+00
-4.161805838288773707e+00
-3.536601577720708267e+00
-4.175452184569881098e+00
-5.199614221685986415e+00
-5.201074861944831262e+00
-4.178079571253736191e+00
-3.536633414627271765e+00
-4.157940348423032617e+00
-5.188254882563566817e+00
-5.212408143493424184e+00
-4.197423231861670878e+00
-3.537105561528376629e+00
-4.137928996652164848e+00
-5.174953196956114887e+00
-5.224730422585282419e+00
-4.219050684566039600e+00
-3.538162445306993753e+00
-4.116419732774291518e+00
-5.160257648997967905e+00
-5.237285487975684717e+00
-4.241794820455624837e+00
-3.539841167794818055e+00
-4.094778672575158929e+00
-5.145094690078090061e+00
-5.249158926459613461e+00
-4.263944200821123687e+00
-3.541988202750121051e+00
-4.074868118356674174e+00
-5.130945078388404745e+00
-5.259238820177009721e+00
-4.283020132271431635e+00
-3.544169067345271706e+00
-4.059244622350920650e+00
-5.120062427028762464e+00
-5.266117148093353961e+00
-4.295471455908308478e+00
-3.545610750498260799e+00
-4.051479596875600109e+00
-5.115713608300668014e+00
-5.267840917496489084e+00
-4.296257477086006027e+00
-3.545284106767344401e+00
-4.056712072625095367e+00
-5.122363300511506345e+00
-5.261312252735253381e+00
-4.278297659402699793e+00
-3.542388302851738668e+00
-4.082628701926440229e+00
-5.145566107576549975e+00
-5.240922823177264434e+00
-4.231862794008629969e+00
9.720246335082354250e-01
-2.592201713787631867e+00
-8.796609515028649184e+00
-8.847057409781101001e+00
-2.665795662650709552e+00
9.751401072943890469e-01
-3.079362226503660427e+00
-9.074910354601023244e+00
-8.567892149447439820e+00
-2.316162859959657983e+00
9.574968106696220005e-01
-3.210876416718381865e+00
-9.061813068227968060e+00
-8.698240532433278105e+00
-2.682690005646270137e+00
9.787982172051492569e-01
-2.479388231677933874e+00
-8.500750875486961178e+00
-9.283455581425275938e+00
-3.834663078619163556e+00
8.148478355401342910e-01
-1.368433957958286484e+00
-7.598825237180834691e+00
-9.683720556585747374e+00
-4.717156434528927633e+00
6.412793161920324891e-01
-1.218511306230498636e+00
-7.861894970798400273e+00
-9.340951877913283852e+00
-3.025976801332028288e+00
9.417255667229778027e-01
-4.526099556074047570e+00
-9.885204783105784543e+00
-4.762686194348118462e+00
9.789628454827479231e-01
-4.889594407285840383e+00
-9.746232461472043695e+00
-2.135603231810961233e+00
-3.369034029266551045e-01
-9.150408395962662311e+00
-5.175942349731128544e+00
6.911551443674639472e-01
-8.551950677784823540e+00
-5.125504730836531131e+00
2.104135272926068723e-01
-9.646630291536869350e+00
-1.848258298291354240e+00
-3.384425650508841699e+00
-8.451368505828206423e+00
8.826158901945664326e-01
-9.657008987511963127e+00
-3.192327031099715384e-01
-7.184448345730322316e+00
-3.061202387055846685e+00
-4.810742717847364958e+00
-4.762701687960974262e+00
-3.878211784647291882e+00
-4.916218750331909249e+00
-4.498441988198633723e+00
-3.530661575037891353e+00
-6.592042953399440464e+00
-9.301494350259869037e-01
-9.238177805177567592e+00
9.703260374264344179e-01
-9.363913010375258139e+00
-1.568865685001403776e+00
-4.076718620252052894e+00
-8.203171757302591516e+00
9.699448668071779522e-01
-8.438807309142131174e+00
-4.677722516496042537e+00
-1.181785018796510656e-02
-9.555258936121486357e+00
-3.361039793933436215e+00
-3.482051980711844408e-01
-9.488857259671606315e+00
-4.214577966053349556e+00
4.586453897223954357e-01
-8.384932466986319000e+00
-6.683307488499126592e+00
9.506910341149810151e-01
-5.533028231809566932e+00
-9.248227500988257077e+00
-6.415743908504150106e-01
-1.824616601752947709e+00
-9.771808188439523590e+00
-3.909141022563942247e+00
4.754714817331482379e-01
-8.349608760976639843e+00
-6.408347119444099960e+00
9.590409146407390395e-01
-7.531829747918601825e+00
-6.488835680004735096e+00
7.594154043780028118e-01
-9.171977021420197218e+00
-2.569068863516364321e+00
-3.284911317243703444e+00
-7.737913123168929985e+00
-1.240994558813328652e-01
-9.088406605933560201e+00
-1.201801198839582696e-01
-7.569743281538028334e+00
-4.141476371563316938e+00
-7.209350269906780184e-01
-9.662030398040759138e+00
-5.225895675358390946e+00
6.681432561407287807e-01
-1.468737483340305516e-01
-2.817407420768892834e+00
-4.126271354500083532e+00
-3.787786588777126262e+00
-2.311771902772378873e+00
-6.108321017006872466e-01
4.093975691696973840e-01
5.775664018558979151e-01
-6.126911078983234837e-01
-6.315993897018755021e+00
-7.731655623096907348e+00
-1.807527972809940930e+00
-1.069260609350827895e+00
-7.293727087292348088e+00
-9.890335640097521974e+00
-4.762332758670098087e+00
-3.481057636118373821e+00
-3.649270705222348976e+00
