4.126562079374409109e+00
3.654882355285643314e+00
1.997352732890687266e+00
1.374138177978996067e+00
2.640041142944686392e+00
4.169747271905502650e+00
3.988123460586143310e+00
2.294709798656511701e+00
1.186921240066980632e+00
2.041934357195199556e+00
3.852077275772376908e+00
4.468560192027140943e+00
3.150333986872980496e+00
1.396096424761882782e+00
1.194404194005481257e+00
2.787968692787132774e+00
4.444995433711079968e+00
4.377360185686258731e+00
2.641851812628420948e+00
1.033969553558546695e+00
1.200563881024093060e+00
2.985339771402266695e+00
4.635310903187456866e+00
4.550631933950998409e+00
2.804802099512064828e+00
1.022387605392261367e+00
8.364079806112045823e-01
2.417174939269776335e+00
4.373076654511836026e+00
5.012843025908860994e+00
3.793939551141209066e+00
1.731062000765021258e+00
5.067504315597815001e-01
1.097627779600574005e+00
3.036650882668288087e+00
4.832041275126544022e+00
5.134533745505336810e+00
3.727273700310484550e+00
1.633262415142680002e+00
3.358897978934671791e-01
7.291377383159409753e-01
2.536786187979713336e+00
4.549723621499755843e+00
5.457016318867941251e+00
4.687551262633866678e+00
2.732870421572623165e+00
7.967968960421907276e-01
4.002290236616179442e-02
8.994663894705348106e-01
2.869289518914633685e+00
4.828974063676035655e+00
5.691409920898880870e+00
4.992769561860793459e+00
3.114440843509390877e+00
1.049502742852976400e+00
-1.323319241730720464e-01
1.698800720979685153e-01
1.803159532049132485e+00
3.957694820336643104e+00
5.576937861374064553e+00
5.870593619852206402e+00
4.688048035041177286e+00
2.589353700765142374e+00
5.919077038854170247e-01
-3.378691246443930041e-01
2.230795256930915293e-01
1.984404624284210161e+00
4.099676832047750352e+00
5.570954415774638235e+00
5.717205113411692352e+00
4.490263202914362317e+00
2.490908053885328766e+00
6.777540695279511418e-01
-9.225411200608535367e-02
5.291358964798695830e-01
2.221922871632062702e+00
4.159976280503638435e+00
5.413632750271625049e+00
5.396506885621493055e+00
4.141076449016041217e+00
2.272745505624690576e+00
6.992483891981757793e-01
1.694072630629550602e-01
9.160397600684098141e-01
2.553791974813523602e+00
4.276698274560610358e+00
5.254670010272588065e+00
5.033791053392941528e+00
3.747100744993645982e+00
2.037889679879187010e+00
7.384720693972774974e-01
4.647416686404826081e-01
1.324162269320229512e+00
2.875728588064438984e+00
4.355538388165431485e+00
5.052883272892271016e+00
4.651650630662626185e+00
3.372968172199438897e+00
1.855055258165769994e+00
8.348486758677893249e-01
7.901714200975828994e-01
1.716246554043661332e+00
3.140938951099601972e+00
4.365007719172563583e+00
4.805307794375301533e+00
4.272467950837816275e+00
3.050880148626621491e+00
1.748021671751689876e+00
9.924556348106716719e-01
1.130610535675694583e+00
2.068603364384020704e+00
3.330984626419977168e+00
4.301416252079417468e+00
4.523594374380595973e+00
3.915489527664179015e+00
2.796477639837513074e+00
1.720427712617661697e+00
1.201604244135702881e+00
1.469008452340982540e+00
2.366463529922187004e+00
3.441459159793766709e+00
4.173273688781158341e+00
4.225347356164849799e+00
3.598678445495496092e+00
2.613920829659254874e+00
1.735851713066709490e+00
1.365768333094748765e+00
1.691178189993049141e+00
2.573312697690659512e+00
3.595020747132097405e+00
4.257020518225812289e+00
4.222704102550304484e+00
3.489467406717391196e+00
2.399450193107991236e+00
1.480114246527864053e+00
1.188978926882695131e+00
1.686106850667241419e+00
2.747402203731984738e+00
3.865131825078128358e+00
4.490830013210318938e+00
4.304371864893446364e+00
3.377231119454190633e+00
2.146901405846562305e+00
1.210533789825745554e+00
1.035096242690660695e+00
1.724745274853152432e+00
2.961185311354226357e+00
4.150307636499819708e+00
4.707681348019942646e+00
4.345691015763012643e+00
3.221288864278906150e+00
1.868755128428670531e+00
9.458417847672773160e-01
9.139133760104880544e-01
1.807629127537773162e+00
3.208999135153594917e+00
4.442747641348170795e+00
4.901732773464832604e+00
4.345582743741799092e+00
3.025721581662177861e+00
1.572131222934488815e+00
6.926369975171073889e-01
8.282735187519341125e-01
1.932516058103237677e+00
3.484708719580861924e+00
4.735508989621268761e+00
5.068660729634617113e+00
4.304422212162534400e+00
2.795336614045153656e+00
1.263828767033984501e+00
4.563332227707159738e-01
7.795676005158078681e-01
2.096159527240236464e+00
3.782105624729576121e+00
5.022524196486426007e+00
5.205519324404808579e+00
4.223780600010070607e+00
2.535373568827103519e+00
9.501182122087128423e-01
2.411319823945419216e-01
7.678975899311053510e-01
2.294579230904083111e+00
4.095144050971378569e+00
5.298660863768086315e+00
5.310540656302070062e+00
4.106038121179770073e+00
2.251427919018076373e+00
6.384972717500629891e-01
5.525169432836563033e-02
7.984602864026144609e-01
2.524531951580872846e+00
4.409179671761068064e+00
5.541178971178538859e+00
5.362811894532262258e+00
3.944295320544381589e+00
1.957298458042674216e+00
3.568485010605169094e-01
-7.771044987787556479e-02
8.779461593492292604e-01
2.778053402504821356e+00
4.714660588584386858e+00
5.751549685420179969e+00
5.376760507212102524e+00
3.755022962985461454e+00
1.655787257779577581e+00
8.807708256561230797e-02
-1.845119150562224419e-01
9.844597779692454420e-01
3.046691383792794472e+00
5.016350348827113947e+00
5.941397286719103832e+00
5.363656274076721076e+00
3.545346344555336593e+00
1.350255358560947805e+00
-1.666852441521808892e-01
-2.663684653744460284e-01
1.114606716074359349e+00
3.326263599237965884e+00
5.311234929707236319e+00
6.110324053550478141e+00
5.325888423964607377e+00
3.319243939774040975e+00
1.044303569311003432e+00
-4.059775697303478204e-01
-3.246538528361138098e-01
1.264880913087496950e+00
3.612872307941819017e+00
5.596940007546701956e+00
6.258628458562964347e+00
5.266256522549891628e+00
3.080620904956126616e+00
7.410188241816002552e-01
-6.290361654013905124e-01
-3.612809326511419172e-01
1.431653241594338155e+00
3.902963919209971877e+00
5.871726513502398603e+00
6.387221944629844828e+00
5.187854744212742730e+00
2.833222805870015737e+00
4.429609885359848676e-01
-8.357292815613011072e-01
-3.785918037702558081e-01
1.611271070683350848e+00
4.193369610945627102e+00
6.134453680100100392e+00
6.497534250109115561e+00
5.093967210377835286e+00
2.580572557241508580e+00
2.806365438063089801e+00
