-3.819246247454910037e+00
-3.920003044231319400e+00
-4.699974942930305488e+00
-5.261065923624261842e+00
-4.941955109656153589e+00
-4.097284966243662119e+00
-3.704188713018139900e+00
-4.231919734319040671e+00
-5.082224459036355668e+00
-5.267262088943741816e+00
-4.557207082690480249e+00
-3.764355535989837076e+00
-3.813980098185061340e+00
-4.664603596349617298e+00
-5.337557676144657925e+00
-5.042938907101506274e+00
-4.106588875794734861e+00
-3.610478450912094406e+00
-4.142470595380417286e+00
-5.100131403307976541e+00
-5.372618086157923578e+00
-4.629195257686196996e+00
-3.719785673454194086e+00
-3.703428675836152095e+00
-4.615046809830658958e+00
-5.406533958129059236e+00
-5.151734214202082995e+00
-4.130041903950742999e+00
-3.520975341289133809e+00
-4.042463854523323796e+00
-5.104879733436101574e+00
-5.477331989747354690e+00
-4.713742181820567367e+00
-3.686506719119186481e+00
-3.589975471887609348e+00
-4.551829368677227095e+00
-5.466807604590050218e+00
-5.266663504565363141e+00
-4.167277000499361783e+00
-3.437099364945211732e+00
-3.933682214336543304e+00
-5.096695087787244560e+00
-5.579680248880812599e+00
-4.808880188184987858e+00
-3.664510020695284531e+00
-3.475665029822392782e+00
-4.476379895628653571e+00
-5.517399599194203752e+00
-5.386859298595569889e+00
-4.220649530764626789e+00
-3.361038983989756090e+00
-3.810835317581752868e+00
-5.064969808097833592e+00
-5.679558163764620637e+00
-4.934724636169302237e+00
-3.675227482324592287e+00
-3.349956003696864304e+00
-4.345508508649282398e+00
-5.530440019121687811e+00
-5.543486747975847173e+00
-4.356050839103864369e+00
-3.316750824182821411e+00
-3.617887515179041280e+00
-4.930027648875611845e+00
-5.765865093414337395e+00
-5.167158239912167161e+00
-3.799900583439395518e+00
-3.209706158675814436e+00
-4.074442654985117152e+00
-5.429934584111336449e+00
-5.748583557735455152e+00
-4.660025699244158659e+00
-3.376529722011085255e+00
-3.339877929862052230e+00
-4.603703277985147224e+00
-5.764297898771283180e+00
-5.522076620027584148e+00
-4.133910871134840015e+00
-3.136352276252144300e+00
-3.643260022270753407e+00
-5.105822952178270313e+00
-5.911365049627896440e+00
-5.162231178720006142e+00
-3.671621233703103115e+00
-3.076377863298042747e+00
-4.039776991572441744e+00
-5.517512703745232727e+00
-5.893818793967891878e+00
-4.747068084246738984e+00
-3.316584361365611411e+00
-3.159635007915733595e+00
-4.458060737373915394e+00
-5.813952368529608172e+00
-5.757747711148435421e+00
-4.338319652071568555e+00
-3.077323500576889970e+00
-3.335468980601386413e+00
-4.847561500734339113e+00
-6.000030316405128517e+00
-5.554656381853736669e+00
-3.974981946038674607e+00
-2.938606960307359017e+00
-3.554333109974080251e+00
-5.180322416671292451e+00
-6.098362994550415195e+00
-5.330206306430550711e+00
-3.675089311903863010e+00
-2.873081919624385971e+00
-3.775591743916076215e+00
-5.446770125897153925e+00
-6.138828101451337282e+00
-5.119524190977719158e+00
-3.441332677837479981e+00
-2.850038499438730000e+00
-3.969592065153676241e+00
-5.649613744333011667e+00
-6.151874353282199337e+00
-4.947212322260843287e+00
-3.266749928611611509e+00
-2.839632094841848975e+00
-4.116070740414532025e+00
-5.799607092010193199e+00
-6.167505450093751840e+00
-4.830157560171286057e+00
-3.135938212784219914e+00
-2.809013580735344462e+00
-4.200271854484653566e+00
-5.918687302194040711e+00
-6.222816049750987233e+00
-4.781427183834503047e+00
-3.026403244671578285e+00
-2.727883470975883462e+00
-4.211995897525129706e+00
-6.013220217182278837e+00
-6.324888192003651710e+00
-4.808658852480594881e+00
-2.952858024902728751e+00
-2.607682581718373527e+00
-4.142992921450056265e+00
-6.060927919257980356e+00
-6.461446411404292434e+00
-4.922435583967038397e+00
-2.935865814795515671e+00
-2.456903892622826380e+00
-3.981643171057474451e+00
-6.041708256313416570e+00
-6.623168827924711621e+00
-5.133648764399872277e+00
-2.997664835811129969e+00
-2.289142024160763622e+00
-3.719119148705296141e+00
-5.930060970378232099e+00
-6.790089679536339240e+00
-5.447680634132236577e+00
-3.167182628346113749e+00
-2.132179048305468338e+00
-3.355127104146345296e+00
-5.694216928139971934e+00
-6.925570433820574578e+00
-5.857764876060022274e+00
-3.477739551889164282e+00
-2.032163555071173633e+00
-2.905773163502838763e+00
-5.301330949651054780e+00
-6.973798310629081953e+00
-6.335961007497415309e+00
-3.958889604104604665e+00
-2.054031006887265143e+00
-2.413368599343610921e+00
-4.728778175465156330e+00
-6.862201501496146605e+00
-6.823273956948799679e+00
-4.621898953006138733e+00
-2.275285757788648056e+00
-1.955312930317012032e+00
-3.981735054173026533e+00
-6.512521391073986976e+00
-7.223246471265389879e+00
-5.439701288739069440e+00
-2.769101630029436656e+00
-1.646140631504166230e+00
-3.114477835003087058e+00
-5.864209559404671701e+00
-7.406497559344041193e+00
-6.326342607687400310e+00
-3.574358227698599677e+00
-1.624010955258989863e+00
-2.247284184632077686e+00
-4.910056559489033745e+00
-7.235427987115578219e+00
-7.127575650181790401e+00
-4.656629388262787828e+00
-2.013253749571314977e+00
-1.563737998576164134e+00
-3.734541496621317513e+00
-6.614608634279639077e+00
-7.640567092721137321e+00
-5.876535496498412670e+00
-2.863074157394964736e+00
-1.269624948283970323e+00
-2.530837573122893147e+00
-5.557882471970304827e+00
-7.679006567639491188e+00
-6.996573300330434009e+00
-4.083433913861234998e+00
-1.504584454173522712e+00
-1.561123659406983499e+00
-4.237058101384403308e+00
-7.178908374898256284e+00
-7.760199095210538189e+00
-5.426644779223947168e+00
-2.230755917959304391e+00
-1.037120624280873038e+00
-2.955733559769847307e+00
-6.297904668944308781e+00
-8.043892971959710536e+00
-6.566756285922384251e+00
-3.165790002950179094e+00
-9.542467919277832777e-01
-2.020846373543373709e+00
-5.433760776220497135e+00
-8.006779528626836395e+00
-7.251676842555719205e+00
-3.814788539558129798e+00
-9.975775962454833667e-01
-1.622598416876947169e+00
-5.164379610103102536e+00
-8.079248419336698461e+00
-7.295349972975999187e+00
-3.512519274098695021e+00
-7.391302383444315893e-01
-2.114886487303029305e+00
-6.247179676432254247e+00
-8.396639544552421341e+00
-5.855940484508263211e+00
-1.567033021344840460e+00
-9.895158984325522766e-01
-5.095892488529915276e+00
-8.450444567256194972e+00
-6.200494494078467866e+00
-1.385624754389567226e+00
-1.274548284915237417e+00
-6.291163692315522304e+00
-8.431479551404869710e+00
-3.902071682230786376e+00
-3.627059960127327898e-01
-4.307146340710331422e+00
-8.656568313801553671e+00
-4.988447627982874444e+00
-4.498487238706722735e+00
