8.071632751754567181e+00
1.178099826976480102e+01
9.324554372706648664e+00
1.972642652625659743e+00
-6.338172126554646013e+00
-1.111428159774093949e+01
-9.765896832030806607e+00
-3.037615173941220270e+00
5.416250447564372905e+00
1.107016437840051637e+01
1.099984371353615664e+01
5.378134092057808679e+00
-2.787962364847214491e+00
-9.386007925304260979e+00
-1.132389672366546307e+01
-7.916592711774828039e+00
-9.522128050604328209e-01
6.387824783631867120e+00
1.106306029827857529e+01
1.140183176937754794e+01
7.563255750266917765e+00
1.205764917567535566e+00
-5.335579997818652664e+00
-9.946774244148050670e+00
-1.137434236720141634e+01
-9.456987324437140074e+00
-4.980010124063407595e+00
7.051693481666372332e-01
6.125856582439182851e+00
1.006120687159232219e+01
1.177025094517522241e+01
1.106241371699139897e+01
8.240167723236002217e+00
3.962312748704113208e+00
-9.236811629649555044e-01
-5.543043322030541731e+00
-9.126530373671243979e+00
-1.110599834438628442e+01
-1.117345942779145318e+01
-9.309056088988862498e+00
-5.783806674474837983e+00
-1.140128279905408215e+00
3.851801693365261681e+00
8.269424796766886132e+00
1.115679633263944481e+01
1.169865711713510592e+01
9.450639952270769584e+00
4.599425293996969977e+00
-1.822746402304187718e+00
-7.911612812363384428e+00
-1.851306319715975146e+00
-1.590672160034462879e+00
-4.209395345150790946e-01
1.172008622039812265e+00
2.237493524129022582e+00
1.903891039445639422e+00
2.073573056539967929e-01
-1.543006920243344293e+00
-1.648986333052260944e+00
1.903615054150401553e-01
2.094847571547735043e+00
1.803771762265741652e+00
-4.633229504792383824e-01
-1.875963125183210956e+00
-5.121891982127899645e-01
1.853414319049443870e+00
1.946133130106497910e+00
-4.077240267067237522e-01
-1.876276192915612651e+00
-3.422281521960904294e-01
1.994676110903953026e+00
1.772046203662060115e+00
-6.795486062976718866e-01
-1.853970399409428094e+00
-1.087951474924704898e-01
2.083414494991022270e+00
1.698196232986649123e+00
-6.964387922134598341e-01
-1.864403376477125285e+00
-2.977207416485461722e-01
1.923372316589104347e+00
1.970392335349331780e+00
-1.659609991446688304e-01
-1.825866617159000338e+00
-1.026073870737731708e+00
1.237152803049747618e+00
2.301167710829128854e+00
9.642230269343206039e-01
-1.219990441924102331e+00
-1.781110345769382208e+00
-1.022427976566935848e-01
1.931606692010272353e+00
2.044553748549885697e+00
1.072471020414446918e-01
-1.709385648685497472e+00
-1.364568407308785147e+00
7.559951744217339176e-01
2.268888190196473698e+00
1.472641079656054730e+00
-7.372977296815346193e-01
-8.627379999957819123e+00
-3.504834670362503513e+00
5.795138548488355745e+00
8.830269541013926471e+00
2.201890349998524954e+00
-6.651321226431024414e+00
-7.812638387747292690e+00
8.937625134289806095e-03
8.059280189961686602e+00
7.345525047949513997e+00
-1.326718310315054827e+00
-8.277114185627834075e+00
-5.759560858464845445e+00
3.414604784512980107e+00
9.024733203948672511e+00
4.825353998581894288e+00
-4.507124290898768315e+00
-8.581103112613087447e+00
-2.855546391737482814e+00
6.294870875441735514e+00
8.664190365568797958e+00
1.594837234638373458e+00
-7.021896668009859788e+00
-7.529540835010897659e+00
6.657342277968574251e-01
8.359695207302308972e+00
6.863706353252410963e+00
-2.154441653720938987e+00
-8.491138032059941665e+00
-4.956732390447003311e+00
4.440491904960324199e+00
9.049240411393636663e+00
3.680048874589625374e+00
-5.575256159871880612e+00
-8.343076607455341076e+00
-1.622901844237157443e+00
7.090380617976304478e+00
8.320727354114893615e+00
8.837854264883311384e-01
-7.218597131798091482e+00
-7.584241620364530867e+00
-2.696263034063547948e-02
7.720001166836054196e+00
8.098761807915243693e+00
9.682510541816449212e-01
-6.801234769047005635e+00
-8.143399513203920748e+00
-2.099925973773143717e+00
5.867718764766782336e+00
9.040771379014239884e+00
7.726860250458226886e+00
-4.299894416482366921e+00
-1.275334141149539136e+01
-1.158281117975686492e+01
-2.061549502675714240e+00
8.887662022530442130e+00
1.395039756518941942e+01
1.018625869878935930e+01
3.542330216299968693e-01
-9.409642930981149789e+00
-1.353678030829109247e+01
-1.005339928937780059e+01
-1.201139396420561889e+00
8.229950660484599112e+00
1.358474459261057987e+01
1.254567433381646424e+01
5.913929682464478255e+00
-3.116522742259658862e+00
-1.059889825928541107e+01
-1.353939142962718201e+01
-1.097702331762690875e+01
-4.134599289954540957e+00
4.254776625115440858e+00
1.107402402733121605e+01
1.395012286871138585e+01
1.200783799807617669e+01
6.051449659508095102e+00
-1.815963394602156278e+00
-8.955557538093220415e+00
-1.306532963105900258e+01
-1.288761861794188945e+01
-8.552649493578798001e+00
-1.482230532569270398e+00
6.090294859020091600e+00
1.182238892545151643e+01
1.397206245404660052e+01
1.190873949399483678e+01
6.283561446513517446e+00
-1.181708023451195633e+00
-8.218974816533245686e+00
-1.269517469767368389e+01
-1.325112499252814580e+01
-9.710920127074153640e+00
-3.140416338845250621e+00
4.465795299005114849e+00
1.078092328845338876e+01
1.385234706318000519e+01
1.270692150801285969e+01
7.668373858281017696e+00
2.810596674360656411e-01
-4.762912773725568094e+00
-8.221235538527460918e+00
-8.994060629917969507e+00
-6.803710239568529161e+00
-2.327732252236167199e+00
2.996395401260528946e+00
7.423238254187896956e+00
9.470179100284196849e+00
8.421758576063247403e+00
4.594183188056446987e+00
-7.417141681749732651e-01
-5.769134626985559677e+00
-8.739738738223229220e+00
-8.588260267463109443e+00
-5.329547818733351150e+00
-8.545772354588282438e-02
5.285952699100878505e+00
8.842839789227578962e+00
9.267135043838798936e+00
6.367654006270674572e+00
1.181637938507529073e+00
-4.381063860594305304e+00
-8.235563944525418734e+00
-8.908657236986053718e+00
-6.115475740834632745e+00
-8.949049821597985233e-01
4.764595964034514353e+00
8.679051126205726163e+00
9.317595215623265759e+00
6.412501346129991120e+00
1.081981560518562313e+00
-4.594320349058727437e+00
-8.387301123409145021e+00
-8.798808011849144961e+00
-5.659426856732832967e+00
-2.021505659877550487e-01
5.421160282556411580e+00
8.990234012233582206e+00
9.095693284761384945e+00
5.697008260249372569e+00
1.373298581917561934e-01
-5.389602305032363816e+00
-8.707298217499859661e+00
-8.514164211192685627e+00
-4.892312530392865177e+00
7.306926608053809780e-01
6.148074845514739373e+00
9.241658846913352932e+00
8.808974939859313125e+00
9.869314025570783411e-01
