4.171317908754170745e+00
4.693326694557846679e+00
4.884326480352834565e+00
4.695329613859914986e+00
4.178435035165058764e+00
3.472344849632130970e+00
2.765054890795680009e+00
2.243778073307339582e+00
2.045442179652879222e+00
2.220832043960710322e+00
2.721730295306929559e+00
3.414266664721713695e+00
4.114755679661338483e+00
4.638416031017934316e+00
4.848056846157369648e+00
4.689928294092199579e+00
4.207403417845740456e+00
3.529044529249626638e+00
2.834348997492386779e+00
2.306296509075173695e+00
2.083219053005285204e+00
2.222618494858298988e+00
2.686362098858947167e+00
3.351048353865583529e+00
4.040736486377957348e+00
4.573394640967899605e+00
4.808857760532463388e+00
4.685713779526373024e+00
4.237443508993477437e+00
3.583565591289638697e+00
2.898074449350687143e+00
2.363413074650090095e+00
2.122043825661516614e+00
2.238345045561040969e+00
2.681022393267523007e+00
3.330962068889307126e+00
4.012745333313351814e+00
4.541673282296654790e+00
4.773822909134612935e+00
4.645592147910183378e+00
4.191777440422285395e+00
3.536870017812208111e+00
2.861506780945826556e+00
2.352922097238997701e+00
2.152891400664832311e+00
2.317666413833668670e+00
2.801370936727491490e+00
3.467974508209364259e+00
4.128978099181144223e+00
4.596552771350779665e+00
4.737208848398750227e+00
4.510576127677461855e+00
3.981828868244944530e+00
3.303688960083631887e+00
2.672732761034136928e+00
2.272367771490359623e+00
2.219035741835613251e+00
2.527583073241354228e+00
3.106352824981685856e+00
3.783870287341787542e+00
4.359542356823871145e+00
4.663418578761625355e+00
4.607076967104527299e+00
4.210142471431586486e+00
3.594138558908800185e+00
2.945087946038135840e+00
2.456801020728019758e+00
2.272445340596818575e+00
2.442180687298231678e+00
2.909569278825649530e+00
3.530453163054365184e+00
4.117947955114216185e+00
4.499296330336939320e+00
4.567004607763692547e+00
4.308905853517964069e+00
3.808724442568918622e+00
3.218045270948897141e+00
2.709297048794849339e+00
2.424720670009525847e+00
2.436763222033925036e+00
2.731007335468413011e+00
3.215245498113947775e+00
3.750199538845145231e+00
4.191261648530548278e+00
4.428294355280902650e+00
4.411771077932517215e+00
4.159211275614999259e+00
3.743901616223404449e+00
3.272186886995874122e+00
2.856819221489083738e+00
2.592623036596469088e+00
2.538322358271871693e+00
2.706018446681147438e+00
3.058297936313234100e+00
3.512586049748462447e+00
3.952875616189085228e+00
4.250443869553043541e+00
4.297614656088077467e+00
4.051427001513525639e+00
3.572946496258323723e+00
3.037410045725740027e+00
2.688451087737458778e+00
2.728209269554834560e+00
3.179207211226270591e+00
3.806317805060642545e+00
4.200463361305164511e+00
4.045003555496367476e+00
3.414463748584492642e+00
2.820359831893774594e+00
2.826982367637844273e+00
3.470517278225641267e+00
4.093024461381635781e+00
3.973364450538436010e+00
3.221398615385807851e+00
2.784046419750116463e+00
3.268378200364669084e+00
4.011478226486500098e+00
3.915289780138809572e+00
3.112688975768599597e+00
2.872615301713067115e+00
3.592750840816318458e+00
4.070454661881811376e+00
3.491527774967931208e+00
2.859726981634639564e+00
3.272471224337681672e+00
4.000805517854797877e+00
3.783025286132607690e+00
3.006479884304638972e+00
2.984573471330731032e+00
3.736945640807666891e+00
4.043624278206081613e+00
3.443289585785463736e+00
2.858668436375655375e+00
3.123779542843815982e+00
3.842647936841013578e+00
4.063539577227443189e+00
3.541113596969059252e+00
2.920223484363415611e+00
2.879246852648398747e+00
3.420514100268108315e+00
3.992169176953621612e+00
4.093512351263440152e+00
3.682793461355208020e+00
3.109957991730865068e+00
2.778754082033495720e+00
2.870074315517855190e+00
3.288287023184763846e+00
3.783630807860271617e+00
4.116987749273991248e+00
4.165681065868262145e+00
3.942764635233430681e+00
3.555525322160621560e+00
3.144140365925704117e+00
2.830797535960523081e+00
2.691535885746002776e+00
2.749323336555335118e+00
2.980655548822742862e+00
3.327223937937174636e+00
3.708924171184411644e+00
4.038632400580714155e+00
4.238583204990872488e+00
4.256929338417125841e+00
4.081526668261731494e+00
3.746857510283615689e+00
3.330189282946927065e+00
2.935081377747743137e+00
2.665088759792562989e+00
2.595463302775716130e+00
2.750981514621327229e+00
3.096709435872388561e+00
3.545097381636971523e+00
3.978143867400379285e+00
4.278890655254906861e+00
4.363589329127269600e+00
4.205441483850563600e+00
3.843037184169211251e+00
3.370870595801701786e+00
2.914358019076728645e+00
2.596153850837844335e+00
2.503000066711121185e+00
2.662179490138425475e+00
3.033957093565705421e+00
3.521982988084765065e+00
3.998751718926670584e+00
4.339210837819292621e+00
4.453546601190967458e+00
4.310541940758109369e+00
3.945527532790137126e+00
3.451065517717856412e+00
2.952941264245315001e+00
2.577893910995347149e+00
2.421509048113203999e+00
2.524305649326172407e+00
2.861831404382367605e+00
3.350985970648038936e+00
3.870762458207457346e+00
4.292173669653908341e+00
4.510065156061051184e+00
4.469067797024118605e+00
4.177379059564065855e+00
3.705014634158117381e+00
3.166927938580461621e+00
2.695059908699539708e+00
2.406079134297525179e+00
2.372651711441061906e+00
2.605271702854999649e+00
3.049166871983650218e+00
3.597162144700217112e+00
4.115502049109530880e+00
4.476440922600988692e+00
4.589689493534526932e+00
4.424996091034762991e+00
4.020220027070068980e+00
3.472742762285376816e+00
2.916126711981947839e+00
2.487584518538729306e+00
2.294159789578169573e+00
2.385947337021138814e+00
2.743060284005793825e+00
3.279748970714452039e+00
3.864880527295071033e+00
4.353922186346927958e+00
4.624646530129902899e+00
4.607739067199128513e+00
4.304628425224260369e+00
3.787930355936936166e+00
3.184165348009457386e+00
2.642829520258091147e+00
2.299366032156512141e+00
2.241214639165615363e+00
2.485470960129617879e+00
2.973890204933694825e+00
3.586692379191001923e+00
4.171922350245020894e+00
4.583169482663664418e+00
4.716259345870861708e+00
4.535677500206085178e+00
4.084013856542222598e+00
3.471932904417426524e+00
2.851039501669026865e+00
2.376309256733097897e+00
2.167404811248122343e+00
2.278534076919311424e+00
2.684429657188311058e+00
3.286051495934814159e+00
3.934738972169194327e+00
4.468933899383775277e+00
4.754409207766473244e+00
4.717989940676430294e+00
3.455973900256066322e+00
