6.106094567152132058e+00
8.035235978454460692e+00
7.901701628623687412e+00
5.765228065761952791e+00
2.484405120990852645e+00
-6.283561329014761832e-01
-2.331819824015815890e+00
-1.950875039852193460e+00
3.559243083767444915e-01
3.662245787505811645e+00
6.645952755482268159e+00
8.117801917057382965e+00
7.495448068434114930e+00
5.033829875115502617e+00
1.720801104661492165e+00
-1.119290074309367444e+00
-2.354995127339886807e+00
-1.498512960887360634e+00
1.101776404105623275e+00
4.402973294875726751e+00
7.085928778299661168e+00
8.082372832879709534e+00
7.000261382068292626e+00
4.277986210878531814e+00
1.006804606835128180e+00
-1.506599764470310632e+00
-2.262075685356876420e+00
-9.639848600459925976e-01
1.863157824568432819e+00
5.086596637729991599e+00
7.419194466937632626e+00
7.933393667339163180e+00
6.430051010965243563e+00
3.515486208315513394e+00
3.569657794982572518e-01
-1.784777901378721943e+00
-2.058771027028289957e+00
-3.619031747814753786e-01
2.622417424791589902e+00
5.699487049576942965e+00
7.641576700584523429e+00
7.677786394035313933e+00
5.800035856595581407e+00
2.763741045959113851e+00
-2.160742347968445110e-01
-1.950989230901499560e+00
-1.753155173228227781e+00
2.920066439753652432e-01
3.362482496972588830e+00
6.230047337927805629e+00
7.751568425176850852e+00
7.324704864689074668e+00
5.126343290138262176e+00
2.039393083776452897e+00
-7.017997537122546703e-01
-2.005018628384327428e+00
-1.355364901622096774e+00
9.813293461988512600e-01
4.067214623222124459e+00
6.668830172239065490e+00
7.750136815904743237e+00
6.885103580064616757e+00
4.425540483209661424e+00
1.358068001202403341e+00
-1.091651221010650818e+00
-1.948668998748085635e+00
-8.767950732418472448e-01
1.689529183471144114e+00
4.721258976099249161e+00
7.007390501786548320e+00
7.638768668459295696e+00
6.369761810391004531e+00
3.713881584742443565e+00
7.360749755960460661e-01
-1.374390626085689071e+00
-1.779192001051033145e+00
-3.243868309846864584e-01
2.400765889651266694e+00
5.302298135978218419e+00
7.221100485044150474e+00
7.397064470079076415e+00
5.771732885973772653e+00
3.008326150204196914e+00
2.215300356898968204e-01
-1.474213087547652457e+00
-1.415855574653640758e+00
3.474412479468624859e-01
3.086432276260982377e+00
5.695578352897920027e+00
7.141083480012807350e+00
6.871246832151351569e+00
5.026404762321416975e+00
2.369199132030417765e+00
-3.106917618759297284e-02
-1.229228094845866259e+00
-7.765308308722369546e-01
1.112095801850434773e+00
3.657732824375830472e+00
5.838611035294208662e+00
6.800358082779954572e+00
6.190616470155070772e+00
4.287051906895493758e+00
1.872749214609003898e+00
-8.572448682764521877e-02
-8.253207449893174008e-01
-8.362091968042895118e-02
1.809543889481860512e+00
4.077273771846725126e+00
5.814212165291070988e+00
6.348005289508746429e+00
5.499297097278335045e+00
3.639834713682000622e+00
1.530888018748889357e+00
1.175921422240433500e-02
-3.342334967247695410e-01
5.966280631338172213e-01
2.400816145552310488e+00
4.341414627049267061e+00
5.648968964323578312e+00
5.826560446770095325e+00
4.838155793125365811e+00
3.109050345282446060e+00
1.343803326674479326e+00
2.392590666927807419e-01
2.095030401483857219e-01
1.231295950507771630e+00
2.867394672978431203e+00
4.452834057150342417e+00
5.365113242229154977e+00
5.268535728564258669e+00
4.236827340720480173e+00
2.709639040495531059e+00
1.305924031411599628e+00
5.731339351445061681e-01
7.738416277988302561e-01
1.792904615968434534e+00
3.197436309620166561e+00
4.420041904637747265e+00
4.987999855524841486e+00
4.705828996361810290e+00
3.720819407560161718e+00
2.450372430734201412e+00
1.405704698146845066e+00
9.861645703776107386e-01
1.326911440621217020e+00
2.257917013302110476e+00
3.385457544425654941e+00
4.258100295032530624e+00
4.547384956897731811e+00
4.170888885447366690e+00
3.311802108413536949e+00
2.332585932792240691e+00
1.622533157177447949e+00
1.443222838083248805e+00
1.833194685484243358e+00
2.606138140798222480e+00
3.437683098155171368e+00
4.000953315104068153e+00
4.094220403790837182e+00
3.710953772750423152e+00
3.028948221361212223e+00
2.328995815393255064e+00
1.880470966951366396e+00
1.840784186582020032e+00
2.205509929440371941e+00
2.822220502121961516e+00
3.455084275211940614e+00
3.869254177887286872e+00
3.902499576109875079e+00
3.523869298105921644e+00
2.858759841082224362e+00
2.156024272525991936e+00
1.700393534953698049e+00
1.699330168782911876e+00
2.189634666404930208e+00
3.006449533622943981e+00
3.834747643559991648e+00
4.329277066533936846e+00
4.257678640839612783e+00
3.607384705508944300e+00
2.607628078208094724e+00
1.650640906656464235e+00
1.138203157411259880e+00
1.313484722015463735e+00
2.148467465749118510e+00
3.338190798543609894e+00
4.410987924504971680e+00
4.915364580695671393e+00
4.609496181376669277e+00
3.573975140288199182e+00
2.196286632314808251e+00
1.026525462422640755e+00
5.577772303208115012e-01
1.018841257659173660e+00
2.266219935422831622e+00
3.825169102099831075e+00
5.069921581031259450e+00
5.474859476046868068e+00
4.835821470164322733e+00
3.368606362067785298e+00
1.638548474207800476e+00
3.429890197525082840e-01
3.021946773849215617e-02
8.681655385096611610e-01
2.560127637177775028e+00
4.448102537676943413e+00
5.768487662755457990e+00
5.960878673958408314e+00
4.905101881472540448e+00
2.986531804486202368e+00
9.566830236406103083e-01
-3.610439900480577613e-01
-4.052965433476414248e-01
8.850156836574578634e-01
3.028967940281087845e+00
5.181941707041733736e+00
6.468298355547586809e+00
6.337400712891052557e+00
4.798272845721522017e+00
2.433285303352604068e+00
1.784893916441707695e-01
-1.046834351163327348e+00
-7.148170729673242185e-01
1.084789478069467794e+00
3.663330438737938621e+00
5.996262494538870058e+00
7.130227659101567639e+00
6.572451805794244706e+00
4.503493881099942087e+00
1.722004528596727146e+00
-6.631868913692362533e-01
-1.675100328895676505e+00
-8.685372617470035195e-01
1.475703399938256943e+00
4.446452001716097335e+00
6.856048866170754152e+00
7.715152229478347223e+00
6.638652603686561626e+00
4.016266161074304897e+00
8.729649926610001387e-01
-1.531439880880316906e+00
-2.207216244566428287e+00
-8.417659012873803803e-01
2.058459360130360238e+00
5.354682781395524671e+00
7.722806676768819933e+00
8.185289089979018939e+00
6.514249663875698815e+00
3.339737869920591962e+00
2.879812128231101553e+00
