1.820063921243336491e+00
7.060699772862694124e-02
-2.227959405896921652e+00
-9.589066702047202018e-01
1.581108834540623675e+00
9.928984269908120996e-01
-1.664286335491428348e+00
-1.941744518041932377e+00
5.591120219427645477e-01
1.789936028920316335e+00
-1.423562135503246839e-01
-2.205492452090095146e+00
-1.303684007533384648e+00
1.165610771905069676e+00
1.614883646754724955e+00
-5.347475128105358966e-01
-2.257978952994377231e+00
-1.249348859078512453e+00
1.089226207785010780e+00
1.716283888765938181e+00
-1.050317316331806083e-01
-2.070700638441571151e+00
-1.825781957472433659e+00
2.754662194847610768e-01
1.782839472256361635e+00
1.042630834162952214e+00
-1.070630379220148587e+00
-2.283647913040617539e+00
-1.381851229271598092e+00
6.599559308575015937e-01
1.815081797131386399e+00
1.021974170075202970e+00
-9.179948402733566493e-01
-2.225628724407652914e+00
-1.786982803875867942e+00
-3.971742062885097457e-02
1.530419323603166903e+00
1.678130149212753386e+00
3.456439244637319885e-01
-1.406043527113969294e+00
-2.282381254472776622e+00
-1.699213162838730584e+00
-1.171969819477700625e-01
1.368801157648166456e+00
1.803220904442554229e+00
9.581078212031564068e-01
-5.994154309599342145e-01
-1.921659360096212410e+00
-2.262490643224102094e+00
-1.473528235400754394e+00
-2.619730518252244567e-02
1.295522054874461926e+00
1.824472481162821680e+00
1.329815253583650270e+00
8.831597726824685912e-02
-1.290362815675050401e+00
-2.170291162104565963e+00
-2.174221202563169086e+00
-1.327215233670667516e+00
-1.671792898762133883e-02
1.192767760364657148e+00
1.801386459149980190e+00
1.572271431322730395e+00
6.133487911986941210e-01
-6.800512239803340186e-01
-1.790716764946804762e+00
-2.284364882401515473e+00
-1.974769912743796985e+00
-9.891375176320680307e-01
2.869633941233005747e-01
1.360852511320346458e+00
1.821436943044782542e+00
1.494374423252952111e+00
5.064152384364926096e-01
-7.641225827864579490e-01
-1.831528820645684119e+00
-2.287297707180296680e+00
-1.955837651475616390e+00
-9.624513390736766372e-01
3.128218720224530958e-01
1.379165893669195508e+00
1.823080970587778626e+00
1.469148199248017983e+00
4.951162116693036408e-02
-4.820907031287087197e-01
-9.167017996417168302e-01
-1.082012586163966228e+00
-9.105174874144570385e-01
-4.681679184892736378e-01
6.967530485916728633e-02
4.868492331726999578e-01
6.131719114932898673e-01
3.946874628526286233e-01
-8.188197115226164557e-02
-6.220236038666381306e-01
-1.001922527291891907e+00
-1.061339239596168937e+00
-7.723598707289569543e-01
-2.541122620253494779e-01
2.747160915434948003e-01
5.874190115024380265e-01
5.469513696942822634e-01
1.675296307442147303e-01
-3.881119007816196120e-01
-8.769639362169241448e-01
-1.081636103367119350e+00
-9.080085384410712113e-01
-4.304233605262937634e-01
1.380059193655427396e-01
5.392365284425959526e-01
5.876201961634524018e-01
2.573626021790331175e-01
-3.017085856321792270e-01
-8.301546558244072838e-01
-1.078649197465588738e+00
-9.265603154201300651e-01
-4.426306858770910901e-01
1.436412791487545193e-01
5.493937029930799909e-01
5.750952760166392341e-01
2.044590852392699776e-01
-3.832294676319784044e-01
-8.977708750969035645e-01
-1.080845643952515811e+00
-8.370158482417906498e-01
-2.859305736369985862e-01
2.938676768866210209e-01
6.045754814524550991e-01
4.828772255575555783e-01
-1.188593783737151854e-02
-6.238016779105506338e-01
-1.031064627852304350e+00
-1.015494501882293399e+00
-5.815308962759007105e-01
4.120784968377771973e-02
5.173159431467109215e-01
5.860943654290207139e-01
2.061810708496515376e-01
-4.168490200583900296e-01
-9.393187051381055586e-01
-1.068535751408622669e+00
-7.284491938496300278e-01
-1.072626458147308559e-01
4.441144592904369692e-01
6.095784421465875180e-01
2.906149919750435351e-01
-3.321530085785203146e-01
-8.985386222630484809e-01
-1.076288911675331583e+00
-7.575131482730417254e-01
-1.270882689922699926e-01
4.418363325543624431e-01
6.079091664354103752e-01
2.679573827916278961e-01
-3.759893407562939216e-01
-9.341226678618670398e-01
-1.064180335756557794e+00
-6.830282660661665117e-01
-2.269504893685822533e-02
5.084430355797739942e-01
5.778554113515199653e-01
1.389098605583489743e-01
-5.350614768570224333e-01
-1.018883046295055328e+00
-1.003778368089623063e+00
-4.964403735084010894e-01
2.862160084973960905e-01
8.035475887310981058e-01
6.524385113826318694e-01
-7.246378230885527905e-02
-9.024929082574233430e-01
-1.296808163502916722e+00
-9.958296583926775636e-01
-1.943789458051241592e-01
5.825666117735326388e-01
8.234080136486738866e-01
3.678895689131722047e-01
-4.846829171004440884e-01
-1.171075050409836171e+00
-1.236274965422690775e+00
-6.360192648466864718e-01
2.321646030184944531e-01
7.917507647260222381e-01
6.702989664048957241e-01
-5.202514830827315029e-02
-8.948154040004541177e-01
-1.296800436326914330e+00
-9.898836695727788459e-01
-1.783120922839190048e-01
5.970369950562754990e-01
8.191638886645358220e-01
3.398486484747405556e-01
-5.213219684140740773e-01
-1.190049911430363094e+00
-1.220399200971000520e+00
-5.922045453520190517e-01
2.755997055402841789e-01
8.044841553663260036e-01
6.420576568661968686e-01
-1.032366591050142557e-01
-9.347247031600931511e-01
-1.298646821569842791e+00
-9.529248387549400512e-01
-1.279674208220042131e-01
6.271616247741664818e-01
8.103087180645816012e-01
3.000277185211615572e-01
-5.642062998325255707e-01
-1.208132835146932482e+00
-1.204346254855745979e+00
-5.557553233515324376e-01
3.069855705749723884e-01
8.116915877977028959e-01
6.241011567015035677e-01
-1.310625608491315375e-01
-9.534114773287820643e-01
-1.298669417046817376e+00
-9.387804383110849304e-01
-1.121695518755138621e-01
6.345940083844918700e-01
8.083263500922126532e-01
2.947297460966919469e-01
-5.668240499966694657e-01
-1.207878761409385326e+00
-1.206001592276201961e+00
-5.628686003557694661e-01
2.975427153879520170e-01
8.087238807383738681e-01
6.345828228977543617e-01
-1.099117409164940551e-01
-9.350165037402264900e-01
-1.298561289684164510e+00
-9.620763629409168072e-01
-1.468727429544497975e-01
6.118429103636471300e-01
8.164430918169707230e-01
3.330796901832940304e-01
-5.210786263170137378e-01
-1.186205527301522622e+00
-1.226744001503349724e+00
-6.164231295472282213e-01
2.449828429746563341e-01
7.936562701525990970e-01
6.707150359382390015e-01
-4.322997505581646638e-02
-8.810903028194791986e-01
-1.294914956685701890e+00
-1.014153781787062725e+00
-2.224359580299832273e-01
1.329176956492853057e+00
