4.618156830057275286e+00
6.155359425243258187e+00
7.175315674971042945e+00
7.476487395765637700e+00
6.967991016813498639e+00
5.700838015027990480e+00
3.875495491884016985e+00
1.819531882936181288e+00
-6.539809727310519349e-02
-1.380897905153878114e+00
-1.819908854289672639e+00
-1.246373605559110587e+00
2.545343754949467296e-01
2.373295310089944543e+00
4.628755217461185012e+00
6.471931042031026315e+00
7.421089331527809918e+00
7.195705242794069534e+00
5.811324028293124222e+00
3.602158431561303775e+00
1.154328350077344023e+00
-8.427089674342962411e-01
-1.792063067367467788e+00
-1.377553786338261865e+00
3.169339820936349916e-01
2.804139711844220617e+00
5.320992181320191250e+00
7.058984962927091544e+00
7.429723925166903165e+00
6.277018886511964268e+00
3.955471417310231885e+00
1.235068727236751762e+00
-9.487977795075512866e-01
-1.820752020938863680e+00
-1.051276222491490220e+00
1.106760746542956753e+00
3.891595148897192047e+00
6.299385969721623013e+00
7.450950923491586941e+00
6.919987756787463695e+00
4.895747449393477169e+00
2.116622124745482836e+00
-4.013124583337792650e-01
-1.738712473078153131e+00
-1.410117109580382611e+00
4.607552435890385212e-01
3.190129563764376286e+00
5.786577522373040239e+00
7.311923812934749911e+00
7.218811111165204686e+00
5.544635746395691456e+00
2.894829526122712604e+00
2.231547098937483042e-01
-1.511304791355080113e+00
-1.687489246901055395e+00
-2.436833587869200457e-01
2.301598418091846732e+00
5.036008051624863313e+00
6.980124965885886823e+00
7.437824142134705774e+00
6.245209043422153883e+00
3.829263464075716605e+00
1.055216279957547076e+00
-1.082991517339563003e+00
-1.818628544311783557e+00
-8.871866488903550341e-01
1.378150845731235918e+00
4.165190611059662373e+00
6.473519338406813262e+00
7.473494909896849947e+00
6.804694911491907305e+00
4.706372415949786614e+00
1.932483033773925385e+00
-5.187969727995564995e-01
-1.764203749246141761e+00
-1.353978949481695615e+00
5.651370635447241497e-01
3.301822633522975448e+00
5.868874732201214250e+00
7.339342946540441837e+00
7.181576134269567646e+00
5.451894197918434770e+00
2.774827382611047000e+00
-4.764901826003935525e-01
-2.520590361902248056e+00
-2.630704875404362042e+00
-7.670013467337795099e-01
2.396846682760356728e+00
5.717290741008796751e+00
7.994357373839395819e+00
8.405340890199862969e+00
6.801968576019119972e+00
3.763753269148971459e+00
3.884341510556836852e-01
-2.104658952558708052e+00
-2.815036092335926554e+00
-1.486222578960700424e+00
1.401710664754542979e+00
4.805621868578645817e+00
7.496087712347739185e+00
8.501419250219626633e+00
7.458563291388375482e+00
4.744186926559049056e+00
1.338623920780266818e+00
-1.528176364259799414e+00
-2.820840669725872552e+00
-2.072497321079207033e+00
4.466010991797153551e-01
3.826661251596127578e+00
6.846910744936081095e+00
8.416491923237394701e+00
7.968462137835495618e+00
5.664594728689889891e+00
2.336992383859569866e+00
-8.124254722851937949e-01
-2.646042170219982559e+00
-2.501476477359762640e+00
-4.308878153202160277e-01
2.817811699634186429e+00
6.071083441920885448e+00
8.153674385816003678e+00
8.313190816105407777e+00
6.491946950083102408e+00
3.347855767497900814e+00
1.678439727607949905e-02
-2.297794778473199351e+00
-2.759613856607244564e+00
-1.201778599129895930e+00
1.812897055109856881e+00
5.195211312832031858e+00
7.723101141872180442e+00
8.483192925438642007e+00
7.200833262016897329e+00
4.339344029297757643e+00
9.326287809579423271e-01
-1.788393113036709892e+00
-2.840547989477843593e+00
-1.843659009649139868e+00
8.420791819186741467e-01
4.246243474618997205e+00
7.138820708751143940e+00
8.474645741223664430e+00
7.771049572362763058e+00
5.282261139665806127e+00
1.907546244844140926e+00
-1.133723277613093661e+00
-2.742661878705602518e+00
-2.337924884640837142e+00
-6.575927106730050653e-02
3.252844093650005153e+00
6.418798347522875147e+00
8.288179663675107278e+00
8.185549513179392278e+00
6.147998725582439761e+00
2.911738388823965629e+00
-3.539130378041650538e-01
-2.469027157128168781e+00
-2.669390245643766590e+00
-8.826183006836680889e-01
2.245698162159603495e+00
5.585261063474508347e+00
7.929456986161095067e+00
8.431316160715944363e+00
6.909523184325388812e+00
3.913919048975040837e+00
5.268331060221700390e-01
-6.243427314826401897e-01
-1.192839152153404747e+00
-3.077451280510592468e-01
1.711149643319556102e+00
4.134417985383224803e+00
6.086538561788607637e+00
6.862219070551067723e+00
6.181213175030467966e+00
4.289568667289482384e+00
1.870728682176411084e+00
-2.013936649330085871e-01
-1.178154195338397159e+00
-7.066566928938087244e-01
1.042749153215472457e+00
3.438014384009400182e+00
5.613745578645001899e+00
6.783865247176880331e+00
6.525616247748723175e+00
4.932301544243133051e+00
2.579575184266937438e+00
3.174627842696358115e-01
-1.036747327441219113e+00
-9.937859478930288759e-01
4.308260562995536169e-01
2.722384621098918878e+00
5.052961856278148645e+00
6.580531977990222714e+00
6.753191153164715743e+00
5.508557997719258026e+00
3.296312071643269892e+00
9.157270990002575051e-01
-7.731027472432314696e-01
-1.160010927722857410e+00
-1.052090707322133056e-01
2.010207928563002788e+00
4.421949617852022563e+00
6.258664623383159764e+00
6.856756014397289434e+00
6.000135975398679378e+00
3.998297439215410698e+00
1.574495707398828825e+00
-3.955604696301016077e-01
-1.200098585589316258e+00
-5.484426286313754950e-01
1.323966982361875599e+00
3.740637005534041215e+00
5.828435399674747330e+00
6.833050036208582867e+00
6.391518259208442743e+00
4.663363593408655916e+00
2.272960532993866689e+00
8.395080331627591264e-02
-1.112786477785942196e+00
-8.848757609592579065e-01
6.853397340194904430e-01
3.030548358790777552e+00
5.303437189566063026e+00
6.682822255711847959e+00
6.670338399799967455e+00
5.270496139705489469e+00
2.989051901774778752e+00
6.502805317853308509e-01
-9.008312811427021671e-01
-1.103874556113440875e+00
1.145090670142585587e-01
2.314123464338713188e+00
4.700258842552076821e+00
6.410816494334328652e+00
6.827780710796254482e+00
5.800504624609185811e+00
3.700137999156560831e+00
1.285532570593600488e+00
-5.709272583406566071e-01
-1.198512366289391728e+00
-3.704797382893940672e-01
1.614006634650887007e+00
4.037962280427398021e+00
6.025625015192900946e+00
6.858863127845715724e+00
6.236632397275675643e+00
4.383741576245970606e+00
1.969630053752493115e+00
-1.334970236493111528e-01
-2.517160854430673389e-01
