2.915795277195185164e+00
3.304755574938745610e+00
3.568445115354830222e+00
3.697445163202639051e+00
3.700570053998777809e+00
3.596735253483167583e+00
3.408315006004677628e+00
3.156824580068767094e+00
2.860945288172341616e+00
2.536555548471461030e+00
2.198410267987232380e+00
1.863243174453609541e+00
1.554146032220816487e+00
1.305820013017129133e+00
1.169231359230698208e+00
1.211628915207368706e+00
1.502127291469086412e+00
2.067687390785679202e+00
2.820621939342956352e+00
3.496797049881822161e+00
3.697157352915761308e+00
3.132502069921261345e+00
2.013399922814774534e+00
1.196136985474327119e+00
1.576186035038755318e+00
2.938114798416516571e+00
3.712591405945200762e+00
2.764873885801128139e+00
1.323542416595034465e+00
1.590571613710734189e+00
3.224095544597766594e+00
3.555061188777750125e+00
1.990789510453485622e+00
1.189414987249823863e+00
2.531605283084886970e+00
3.710246308421172312e+00
2.733451011011004628e+00
1.266926256531526240e+00
1.702302191297920375e+00
3.289640807404735856e+00
3.572651807369194188e+00
2.203242027063710307e+00
1.172920201865293333e+00
1.812605295870137745e+00
3.210385944269054548e+00
3.689004427001562281e+00
2.817706071168419868e+00
1.594948532098560801e+00
1.169310678664067460e+00
1.795587143714971301e+00
2.868438963525245633e+00
3.609157789666395999e+00
3.632796444085287568e+00
3.049772954281841031e+00
2.235856626816121739e+00
1.553954325347866483e+00
1.201143287024470263e+00
1.197764197816378884e+00
1.453818325031917214e+00
1.845391070854664362e+00
2.265783620198115411e+00
2.645936189555505358e+00
2.953581549851318933e+00
3.182863853567594603e+00
3.342639248880876046e+00
3.447347263314941568e+00
3.511339661843802418e+00
3.546112634705806066e+00
3.559506807042121856e+00
3.556061439936078372e+00
3.537963904311981267e+00
3.506246155403848874e+00
3.461999558951329270e+00
3.407429514556578276e+00
3.346598514594779861e+00
3.285751723875563357e+00
3.233195282817072247e+00
3.198773714123416045e+00
3.192994874545809658e+00
3.225675250502841429e+00
3.303520884716529160e+00
3.425287458629552972e+00
3.572359752099636410e+00
1.358046126437587553e+01
1.350642551575213979e+01
1.094061213474302008e+01
4.795798545675371116e+00
-3.765600400175395990e+00
-8.884341531118332469e+00
-2.509149081820232219e+00
1.141215917248400658e+01
9.027451083890039030e+00
-8.290040125040160746e+00
5.144964252218175105e+00
7.620757726430731793e+00
-6.432644018272172914e+00
1.213597195479430901e+01
-6.162119380717975048e+00
6.915735368560396168e+00
6.097976171565751002e+00
-8.567717656036926144e+00
8.437897387481676503e+00
1.145066355443612593e+01
-3.406873955432474510e+00
-8.496477139970048498e+00
7.866862711739397440e-01
1.146493361869486272e+01
1.297439852478101407e+01
4.278779860925508771e+00
-6.679887569736125741e+00
-6.938905143730458747e+00
7.473426346273796206e+00
1.171697854508882131e+01
-7.822960980516123541e+00
8.401869199223638063e+00
-3.500821285285759643e+00
1.315286408223160386e+01
-1.895402813202554881e+00
-8.116588307622919274e+00
-8.865631062617326918e+00
-7.413051380140046831e+00
-1.359495111574899440e+00
1.016287228829294875e+01
1.148634948136755263e+01
-6.130046493582302247e+00
-1.935385506462452554e-01
1.256687469034749682e+01
-8.586547265010134211e+00
1.040793837232758712e+01
-1.181362337595811329e+00
1.760828048750214148e+00
6.874735535687666044e+00
-5.111105080884122742e+00
1.233394755795086439e+01
-8.767981490377286136e+00
1.338572308862622329e+01
-6.034158591061496324e+00
5.824392831319460839e+00
6.029857605403631027e+00
-7.353909689798769023e+00
1.327126396799800290e+01
-1.394378247197606946e+00
-4.817106358415113476e+00
1.333510873617157699e+01
2.075448777027340874e+00
-8.589466884587107387e+00
6.057889135235265954e+00
1.318338366289829189e+01
-1.162734828779266039e-01
-8.874162585811140147e+00
3.120131100710579197e-01
1.246356054868981111e+01
1.068311810364315484e+01
-2.037000114714515142e+00
-8.872284741491917259e+00
-6.962021509493627747e-01
1.183084636816466073e+01
1.112523798935299979e+01
-2.494450978279736830e+00
-8.563961374509958091e+00
3.170521469435568118e+00
1.372638419266340115e+01
4.706495854622751551e+00
-8.381661495062287415e+00
-1.784317305656438535e+00
1.264441872041007819e+01
3.810476441964540051e+00
5.926779244894930798e-03
8.556499492546054686e-01
4.750204274241657032e+00
4.175497200919725316e+00
2.372676192835592168e-01
5.518259520006014718e-01
4.503035807547456137e+00
4.481289866278095779e+00
5.481146145920945401e-01
2.076469798138460554e-01
4.076536407266196704e+00
4.871579794274444986e+00
1.144237755099897891e+00
-2.023112777347653157e-01
3.260427411895808536e+00
5.234581414504327235e+00
2.213822241938360857e+00
-4.099503048235670910e-01
1.942765881259821636e+00
5.146643092597602553e+00
3.708841930669083631e+00
1.168556353593639408e-01
4.254579613144118255e-01
4.083716466429400782e+00
5.015162596475365220e+00
1.708886995774685502e+00
-4.049413200048870287e-01
2.113183690549460536e+00
5.156844157017893338e+00
3.781251903390468794e+00
2.209880484699708880e-01
2.641477254373874040e-01
3.848624812733083100e+00
5.126968002927158707e+00
1.992656591550932443e+00
-4.121071443559847225e-01
1.897840648294442545e+00
5.106680760985897294e+00
3.848117698708371393e+00
2.106984493831336458e-01
3.450976349257754983e-01
4.051214784944456859e+00
4.984200042281822007e+00
1.504949393361837195e+00
-3.509702946929462719e-01
2.694027524150201636e+00
5.285526718327803408e+00
2.791848363953611134e+00
-3.425601201870467349e-01
1.560637442477833092e+00
5.065689805209837360e+00
3.733523738964386940e+00
-3.850447570336257286e-03
8.151800288454524868e-01
4.684131751156037637e+00
4.299336208787680746e+00
3.650403952481950931e-01
4.021790686205379828e-01
4.363355046889638267e+00
4.588975520833313837e+00
6.196841676760580508e-01
2.081659430306075365e-01
4.178687999850207113e+00
4.711851340345575068e+00
7.417341270798292197e-01
1.347908999575078148e-01
4.103794111083516327e+00
4.754599073084329497e+00
7.877095999526371184e-01
1.077144434757566493e-01
4.070685222860567443e+00
4.776844155531422054e+00
8.203702272830246667e-01
8.278098434051628374e-02
4.029661028158552760e+00
4.809090481651240978e+00
8.751208531961867099e-01
4.129792575467616800e-02
3.959179186291522878e+00
4.859194653094238703e+00
9.599115537632205708e-01
-1.449998121217177527e-02
7.594404418345273911e+00
