-1.765731828102475198e+00
-1.256724154158919138e+00
-8.271045292115921654e-01
-5.090723107016117410e-01
-3.264637921833999368e-01
-2.929656449799677986e-01
-4.110890384481076243e-01
-6.719813371785550160e-01
-1.056089499303112689e+00
-1.534625466199454280e+00
-2.071723724547078760e+00
-2.627129342124668199e+00
-3.159215017465931474e+00
-3.628101020851079106e+00
-3.998644188875613459e+00
-4.243071945612020279e+00
-4.343063925203044739e+00
-4.291125170124666433e+00
-4.091147973726860343e+00
-3.758120245776963131e+00
-3.317002247976205798e+00
-2.800855878367288554e+00
-2.248366707305039291e+00
-1.700944484029988324e+00
-1.199619430122831565e+00
-7.819669456695590437e-01
-4.792912280165935179e-01
-3.142789005304638117e-01
-2.992985237046625890e-01
-4.354734531635826578e-01
-7.125975466276643910e-01
-1.109900048988455845e+00
-1.597602336197830208e+00
-2.139149845353662371e+00
-2.693951908990834365e+00
-3.220424139698504717e+00
-3.679105330672407526e+00
-4.035615248985227055e+00
-4.263231620473076688e+00
-4.344893144935277007e+00
-4.274478398978008187e+00
-4.057264757144914746e+00
-3.709532922146284939e+00
-3.257346695415910709e+00
-2.734599439775366125e+00
-2.180473652835937859e+00
-1.636504062702416551e+00
-1.143464378811105409e+00
-7.383110522577991386e-01
-4.514131303800654749e-01
-3.042758493298451938e-01
-3.079286027030381234e-01
-4.620981274915938464e-01
-7.552288930445614223e-01
-1.165349175827405270e+00
-1.661717912463210656e+00
-2.207128897402885759e+00
-2.760699616683500057e+00
-3.280935679318547127e+00
-3.728841146401040696e+00
-4.070841614051350810e+00
-4.281300938406783274e+00
-4.344442947459867810e+00
-4.255534083048682525e+00
-4.021238313918455987e+00
-3.659117705172317603e+00
-3.196316069943728522e+00
-2.667524365354109861e+00
-2.112380336467527098e+00
-1.572497322913202211e+00
-1.088344943764419925e+00
-6.962154828852742394e-01
-4.255033763951485692e-01
-2.965017370928180185e-01
-3.188810963738859527e-01
-4.909644071183496550e-01
-7.998526642568357659e-01
-1.222391737266629974e+00
-1.726907950341030284e+00
-2.275582318395484638e+00
-2.827285470391103672e+00
-3.340660754791231479e+00
-3.777224414523573159e+00
-4.104250435769683847e+00
-4.297223812768279139e+00
-4.341678320206124653e+00
-4.234281020999972611e+00
-3.983082202108094716e+00
-3.606911991873559487e+00
-3.133968879644093875e+00
-2.599705936856561816e+00
-2.044173187170001071e+00
-1.509015344701370998e+00
-1.034349977337512216e+00
-6.557601192583246696e-01
-4.016267806631350634e-01
-2.910013258127279734e-01
-3.321772224204173618e-01
-5.220682395431635037e-01
-8.464397173132029994e-01
-1.280975581890666737e+00
-1.793101126872500339e+00
-2.344424924840219138e+00
-2.893616817255535434e+00
-3.399506237293316691e+00
-3.824168599604918839e+00
-4.135768382229474405e+00
-4.310945762430587358e+00
-4.336567883329573547e+00
-4.210713457139770632e+00
-3.942816883239579351e+00
-3.552961066899641640e+00
-3.070371943801989190e+00
-2.531227562202868153e+00
-1.975945962060711825e+00
-1.446155166116715574e+00
-9.815724321314456269e-01
-6.170267211593953860e-01
-3.798476033641733363e-01
-2.878163547810053124e-01
-3.478328545609099542e-01
-5.553982317854191386e-01
-8.949520565781701187e-01
-1.341038806507998782e+00
-1.860216168931245972e+00
-2.413562123865087727e+00
-2.959592859842353985e+00
-3.457372772713788844e+00
-3.869583394039794122e+00
-4.165321171657508259e+00
-4.322414349921645638e+00
-4.329085247535035208e+00
-4.184833304362450157e+00
-3.900472686315160420e+00
-3.497321619843750007e+00
-3.005604223026499877e+00
-2.462184640873921193e+00
-1.907803351860324792e+00
-1.384022837668443806e+00
-9.301116001692391055e-01
-5.801001347141276909e-01
-3.602295798579575603e-01
-2.869843266847658114e-01
-3.658560926550991077e-01
-5.909321272593106578e-01
-9.453384308786239032e-01
-1.402504766261993385e+00
-1.928156629785671594e+00
-2.482884846459132433e+00
-3.025100144854295348e+00
-3.514151202857810130e+00
-3.913372396722861524e+00
-4.192832753633195964e+00
-4.331580007209621996e+00
-4.319211506987642224e+00
-4.156654199221875956e+00
-3.856095193949824029e+00
-3.440068116418283140e+00
-2.939763735206023743e+00
-2.392691519216064933e+00
-1.839867440585456704e+00
-1.322738861710352598e+00
-8.800770586429931264e-01
-5.450703618190253508e-01
-3.428358560975304226e-01
-2.885362027700391074e-01
-3.862427789813935863e-01
-6.286303761545932733e-01
-9.975263535591343267e-01
-1.465273080417951013e+00
-1.996801523039248405e+00
-2.552260514215519471e+00
-3.090004578296928539e+00
-3.569716300838996048e+00
-3.955429142400435083e+00
-4.218224058563332157e+00
-4.338397743235512749e+00
-4.306939926396829321e+00
-4.126208960688361849e+00
-3.809755039699844303e+00
-3.381304297828961136e+00
-2.872979955656334017e+00
-2.322893878792309685e+00
-1.772289123075290851e+00
-1.262447705470337356e+00
-8.315954437116628295e-01
-5.120359286601856574e-01
-3.277285148221045219e-01
-2.924919243799899427e-01
-4.089681543313721246e-01
-6.684243717047060329e-01
-1.051407652342490895e+00
-1.529203475180087590e+00
-2.065988620641881379e+00
-2.621517057144326923e+00
-3.154137437461686844e+00
-3.623915963198638401e+00
-3.995630475081088484e+00
-4.241411281635279806e+00
-4.342830725206919595e+00
-4.292284816312341711e+00
-4.093563346032874861e+00
-3.761565731832639869e+00
-3.321183902708932045e+00
-2.805435982587876964e+00
-2.252990703749627066e+00
-1.705268163081820720e+00
-1.203334298066119024e+00
-7.848219250182695284e-01
-4.811091897073513923e-01
-3.149669795174476761e-01
-2.988516840202053437e-01
-4.339713036749697217e-01
-7.101949224167880548e-01
-1.106812326712573125e+00
-1.594086812395236308e+00
-2.135484750414151645e+00
-2.690414742479915411e+00
-3.217270991733479857e+00
-3.676552706499377265e+00
-4.033825656740465782e+00
-4.262303840074137540e+00
-4.344857699390280104e+00
-4.275298331259605789e+00
-4.058841409418302071e+00
-3.711716050343116358e+00
-3.259947956873858299e+00
-2.737408084256188534e+00
-2.183273139202676738e+00
-1.639088318047185577e+00
-1.145652508883930221e+00
-7.399594893271215224e-01
-4.524244488745714499e-01
-3.046037683115212502e-01
-3.075790027979481422e-01
-4.611262136763831787e-01
-7.537329108711834369e-01
-1.163461318064769934e+00
-1.659593221422295262e+00
-2.204933066760431881e+00
-2.758596622777912177e+00
-3.279076128771914345e+00
-3.727352122712414229e+00
-4.069818652730965880e+00
-4.280802573229287589e+00
-4.344488065760371498e+00
-4.256102121815033890e+00
-4.022272135505636115e+00
-3.660528824113501667e+00
-3.197991769734204404e+00
-2.669336151879063479e+00
-2.114193125005891183e+00
-1.574178747173643700e+00
-1.089774204264152502e+00
-6.972912122301013760e-01
-4.261500835276643695e-01
-2.966744938107104268e-01
-3.185682401483274084e-01
-4.901881480677012792e-01
-7.986675958225839533e-01
-1.220881355744465990e+00
-1.725179385167752377e+00
-2.273759561124052642e+00
-2.825501464294887466e+00
-3.339048767859001732e+00
-3.775909164859887479e+00
-4.103339468264060486e+00
-4.296799636956900592e+00
-4.341791808715422363e+00
-4.234946532914424466e+00
-3.984274833506071367e+00
-3.608567265071739527e+00
-3.135985063465444256e+00
-2.601949044701394431e+00
-2.046484530510578104e+00
-1.511221343403577055e+00
-1.036273752214286858e+00
-6.572342172570599939e-01
-4.025062324975881012e-01
-2.911761244364519108e-01
-3.315832536662297603e-01
-5.206957065347470603e-01
-8.443381869246273652e-01
-1.278254948085342457e+00
-1.789928028954040684e+00
-2.341014467846073810e+00
-2.890219798854772648e+00
-3.396392465879904954e+00
-3.821607261899455210e+00
-4.134006752720719824e+00
-4.310187808249309249e+00
-4.336954476287928628e+00
-4.212305935232485865e+00
-3.945585591209190834e+00
-3.556780244948321901e+00
-3.075021933254385331e+00
-2.536404778077489652e+00
-1.981280478726604066e+00
-1.451235117696622501e+00
-9.859737958016341342e-01
-6.203464843184638422e-01
-3.817378690874078107e-01
-2.880166623976920803e-01
-3.461979212418400120e-01
-5.519184794808791317e-01
-8.897646812267339111e-01
-1.334427758007780129e+00
-1.852600205755386753e+00
-2.405471031771249102e+00
-2.951632911088212907e+00
-3.450183471483274644e+00
-3.863788422196357430e+00
-4.161477135991148657e+00
-4.320961367127535091e+00
-4.330303532226228214e+00
-4.188809716781235259e+00
-3.907080644875306596e+00
-3.506216912681120679e+00
-3.016238114319679475e+00
-2.473834339644225278e+00
-1.919618491957905126e+00
-1.395085220166521811e+00
-9.395041909912824618e-01
-5.869803040678265305e-01
-3.639009146988685384e-01
-2.869611182910096758e-01
-3.619148426619196446e-01
-5.831451347877889546e-01
-9.340856890274134017e-01
-1.388461937726620965e+00
-1.912258683168439832e+00
-2.466266883188135139e+00
-3.009018879215271447e+00
-3.499892315206593274e+00
-3.902150409150935584e+00
-4.185691043777793219e+00
-4.329298976103950203e+00
-4.322232688515269317e+00
-4.165027227874748661e+00
-3.869453072072055910e+00
-3.457634231160974903e+00
-2.960391704748480901e+00
-2.414936370788959952e+00
-1.862084038071621261e+00
-1.343201116902251968e+00
-8.971094800321590679e-01
-5.571820973075067851e-01
-3.488467116215736574e-01
-2.876842557923167121e-01
-3.782641808245315040e-01
-6.138037103536317929e-01
-9.766763826904025780e-01
-1.439731704524831901e+00
-1.968327072415054557e+00
-2.522919857148412603e+00
-3.062025674089291272e+00
-3.545321508910835639e+00
-3.936661575042683658e+00
-4.206780349941324104e+00
-4.335480676178237402e+00
-4.313143363180509837e+00
-4.141445499450755463e+00
-3.833233883045245705e+00
-3.411563170885135499e+00
-2.907970808492501558e+00
-2.360117860391446332e+00
-1.808972252382888612e+00
-1.295745118965372145e+00
-8.588093697595848841e-01
-5.308308745361240977e-01
-3.363267254968420605e-01
-2.898330639712534129e-01
-3.948193509728201711e-01
-6.434301302178109250e-01
-1.017073454659040976e+00
-1.487811850598336205e+00
-2.020451709096060977e+00
-2.575174805810538370e+00
-3.110515156696113781e+00
-3.586458642020109444e+00
-3.967433697764644052e+00
-4.224969560117710188e+00
-4.339823439163229324e+00
-4.303417727564859518e+00
-4.118479945986794455e+00
-3.798837730234946974e+00
-3.368384319344560396e+00
-2.859291988703313692e+00
-2.309607056117072954e+00
-1.760406274640817781e+00
-1.252727165409257104e+00
-8.245016937240958743e-01
-5.077223973234112897e-01
-3.260526634246172506e-01
-2.930596260894566818e-01
-4.112016040225292546e-01
-6.716456022925023639e-01
-1.054928375383179295e+00
-1.532411528506880005e+00
-2.068421827278289271e+00
-2.622916721933046258e+00
-3.154475891043668767e+00
-3.623395296240252250e+00
-3.994652626049592037e+00
-4.240522658016294244e+00
-4.342647258534443111e+00
-4.293405509029250666e+00
-4.096481746744015773e+00
-3.766589229631764457e+00
-3.328370200876663798e+00
-2.814554628964028193e+00
-2.263515241820261537e+00
-1.716401527331953059e+00
-1.214066775944142140e+00
-7.940176526692921399e-01
-4.876140590538737829e-01
-3.177283137403952296e-01
-2.970383461126231417e-01
-4.270822284610118480e-01
-6.981445079054298120e-01
-1.089982687573766373e+00
-1.573339485396378912e+00
-2.112127850652622207e+00
-2.666125520045175001e+00
-3.193977891538370528e+00
-3.656285019107076817e+00
-4.018542295986563317e+00
-4.253715359165179066e+00
-4.344257090956160638e+00
-4.283416269636672880e+00
-4.075740316328384516e+00
-3.736734749101247033e+00
-3.291704895970241296e+00
-2.773866438327470263e+00
-2.221865902378125757e+00
-1.676896219663319254e+00
-1.179622657915533779e+00
-7.671485318284883004e-01
-4.702470911894718331e-01
-3.110660802599820585e-01
-3.014761565419123990e-01
-4.421862870863575434e-01
-7.226919957748452195e-01
-1.122060188481814214e+00
-1.610491872145683789e+00
-2.151546064391559820e+00
-2.704858889432249391e+00
-3.229154948934679581e+00
-3.685326293290636990e+00
-4.039349318828083568e+00
-4.264822048731502946e+00
-4.344932610665536821e+00
-4.273712183473300286e+00
-4.056479078685948814e+00
-3.709440965200621498e+00
-3.258485035474076863e+00
-2.737246465779402893e+00
-2.184599326340214365e+00
-1.641757139001958743e+00
-1.149199353587676997e+00
-7.436529547265184892e-01
-4.553542577475315767e-01
-3.057950190229794529e-01
-3.061208377645532330e-01
-4.563011615352041694e-01
-7.451326578809327472e-01
-1.151075572182338469e+00
-1.643860590959693058e+00
-2.186746299990924403e+00
-2.739258847820405851e+00
-3.260209509266622785e+00
-3.710765164654351800e+00
-4.057342806522832745e+00
-4.274112343516373258e+00
-4.344921206293866689e+00
-4.264497389792637705e+00
-4.038841372272499619e+00
-3.684777821571500134e+00
-3.228700624671506425e+00
-2.704604890255806193e+00
-2.151552696127175590e+00
-1.610761526980503344e+00
-1.122532432837526795e+00
-7.232468448420621421e-01
-4.426558295553817413e-01
-3.016637334028113848e-01
-3.107712958209507548e-01
-4.692941437161028961e-01
-7.654147870612812987e-01
-1.177064123638461357e+00
-1.673566658592029466e+00
-2.217926755910203607e+00
-2.769585501299712593e+00
-3.287442723517842946e+00
-3.732919001086675515e+00
-4.072829539166589186e+00
-4.281855852776519811e+00
-4.344431187204508049e+00
-4.255899306733496701e+00
-4.022860430756480810e+00
-3.705803858568934572e+00
-3.230566629160804393e+00
-2.687210279526510259e+00
-2.116208874027463160e+00
-1.560093256408991103e+00
-1.060283168290218958e+00
-6.540024431957200957e-01
-3.715070079914544188e-01
-2.338320942235769806e-01
-2.512263657826139251e-01
-4.223894910464958130e-01
-7.345698405370586492e-01
-1.164514933168934618e+00
-1.680203755979688740e+00
-2.243231871723089021e+00
-2.811671639120431276e+00
-3.343194517928635534e+00
-3.798222945071477508e+00
-4.142877096861463215e+00
-4.351497154426295921e+00
-4.408553322607023262e+00
-4.309801459014045655e+00
-4.062598352047782413e+00
-3.685353260308910528e+00
-3.206156631728271922e+00
-2.660688171630986698e+00
-2.089560065774118680e+00
-1.535293195695578206e+00
-1.039151482555973116e+00
-6.380700322311609884e-01
-3.619057468961934809e-01
-2.312150408209983077e-01
-2.557240413748220753e-01
-4.336050942752129878e-01
-7.516133642678362037e-01
-1.186073297522339143e+00
-1.704641455726865207e+00
-2.268714451933740328e+00
-2.836302714206702102e+00
-3.365156146515027480e+00
-3.815909024815497652e+00
-4.155010052152128708e+00
-4.357219503317875109e+00
-4.407487624223548117e+00
-4.302074513233874242e+00
-4.048828172309067774e+00
-3.666600072378367159e+00
-3.183841766887348879e+00
-2.636487033191739382e+00
-2.065277188503687356e+00
-1.512728659674156262e+00
-1.019968501911832748e+00
-6.236733809339867207e-01
-3.533398262539813039e-01
-2.290889046128339324e-01
-2.601686874894850732e-01
-4.442659553258199168e-01
-7.676783580322943390e-01
-1.206334217748612714e+00
-1.727584080334881644e+00
-2.292630690188945941e+00
-2.859416551994731659e+00
-3.385754188026991685e+00
-3.832466134675075686e+00
-4.166300991285312172e+00
-4.362408493005434096e+00
-4.406189388066353629e+00
-4.294382418304885540e+00
-4.035307469090994914e+00
-3.648246747888999497e+00
-3.162009997625859103e+00
-2.612790479010056899e+00
-2.041471246092732450e+00
-1.490582163036672458e+00
-1.001134121079621853e+00
-6.095660760474319595e-01
-3.450321548733283894e-01
-2.272307951910010893e-01
-2.649375643428975025e-01
-4.553509510128619375e-01
-7.842999280064615331e-01
-1.227297948727127830e+00
-1.751365034629972062e+00
-2.317482425169822946e+00
-2.883497152239719696e+00
-3.407260375761240301e+00
-3.849765873920236281e+00
-4.178055022471305335e+00
-4.367671931280870723e+00
-4.404485847325355863e+00
-4.285744997229709696e+00
-4.020283230150806908e+00
-3.627863879913257428e+00
-3.137709502046684307e+00
-2.586326775654656185e+00
-2.014788377127110230e+00
-1.465674120242270728e+00
-9.798990966143747983e-01
-5.936650419085474084e-01
-3.357620575928998985e-01
-2.254218048681417841e-01
-2.708822860427111401e-01
-4.687713849480015238e-01
-8.043553885277128224e-01
-1.252634291121806687e+00
-1.780202586770089468e+00
-2.347737182818352419e+00
-2.912927274220905360e+00
-3.433627993532871958e+00
-3.871002864898695606e+00
-4.192420802051287865e+00
-4.373891558821835446e+00
-4.401857824131142571e+00
-4.274210008810229944e+00
-4.000447642906887147e+00
-3.600974884444045898e+00
-3.105582199960618350e+00
-2.551227002794987264e+00
-1.979278397566587744e+00
-1.432431268292170934e+00
-9.515197635991827774e-01
-5.724679114211708164e-01
-3.236050486370041224e-01
-2.235467102606785161e-01
-2.797995875442609304e-01
-4.881952543751828522e-01
-8.331955852587176192e-01
-1.289047745924629451e+00
-1.821703178335251971e+00
-2.391357862812411028e+00
-2.955424593079611029e+00
-3.471715532714917618e+00
-3.901597375658701683e+00
-4.212883221505679288e+00
-4.382244689123428572e+00
-4.396963404830993127e+00
-4.255890177525727402e+00
-3.969539259482889548e+00
-3.559309688708976349e+00
-3.055890998272321024e+00
-2.496971681333612025e+00
-1.924421144059789812e+00
-1.381155573428367811e+00
-9.079219991785949517e-01
-5.402412513246133141e-01
-3.057392070974773723e-01
-2.220669828390589018e-01
-2.955669286790896244e-01
-5.207856408349342825e-01
-8.808718537239788038e-01
-1.348830741820168377e+00
-1.889541816619012993e+00
-2.462390080257189862e+00
-3.024313730233239461e+00
-3.533040011178569362e+00
-3.950266201063454830e+00
-4.244546345717548519e+00
-4.393665995372649569e+00
-4.386325273290630378e+00
-4.223002301101547395e+00
-3.915930465880052225e+00
-3.488189639900684202e+00
-2.971978250753222639e+00
-2.406195013524164761e+00
-1.833511494928270036e+00
-1.297155503361212325e+00
-8.376476182905052692e-01
-4.897372524686618434e-01
-2.797701179491416390e-01
-2.236868829543916526e-01
-3.258055335115805917e-01
-5.784810205575079411e-01
-9.626696034536681434e-01
-1.449356881177347400e+00
-2.001743007174977329e+00
-2.578020983700597402e+00
-3.134538615978123666e+00
-3.629105148991398799e+00
-4.024192100017608631e+00
-4.289785266268962616e+00
-4.405670819715822972e+00
-4.362980886407244796e+00
-4.164879867046052730e+00
-3.826337783284536886e+00
-3.373006212671814108e+00
-2.839280646869544622e+00
-2.265695174127481337e+00
-1.695846504770893937e+00
-1.173080602733212796e+00
-7.371937528126646377e-01
-4.213993169490910518e-01
-2.497917034864092223e-01
-2.355016427223270981e-01
-3.796845375676698442e-01
-6.714203935966522874e-01
-1.088534429956617977e+00
-1.599277217108008298e+00
-2.164737445876264488e+00
-2.741804242154421090e+00
-3.286453624015577724e+00
-3.757108524735575550e+00
-4.117815744482319573e+00
-4.340996754839203220e+00
-4.409561471302171576e+00
-4.318222506169160368e+00
-4.073908345545621756e+00
-3.695242716468074562e+00
-3.211128863345023898e+00
-2.658546062338675409e+00
-2.079726198771402412e+00
-1.518925958065027171e+00
-1.019041447952922619e+00
-6.183244485597236828e-01
-3.474519942585119203e-01
-2.271741699166160977e-01
-2.667208848324955639e-01
-4.630903354604039013e-01
-8.012743260004977497e-01
-1.255403764857867976e+00
-1.790727015278231082e+00
-2.366269785179232699e+00
-2.937972824596673860e+00
-3.462066903661256578e+00
-3.898426214771494980e+00
-4.213642904380457743e+00
-4.383586785220089155e+00
-4.395253776041169402e+00
-4.247761229496383351e+00
-3.952413838498542553e+00
-3.531835212369362154e+00
-3.018231987108710435e+00
-2.450923950413642416e+00
-1.873329990773196618e+00
-1.329641384750666955e+00
-8.614378109432689890e-01
-5.045056941209231649e-01
-2.861027281877648321e-01
-2.228779330073340503e-01
-3.196060442353316766e-01
-5.688323305107754191e-01
-9.514539249830888945e-01
-1.438191851308221691e+00
-1.991839659032314858e+00
-2.570115209875617257e+00
-3.128896228466728768e+00
-3.625591254784100492e+00
-4.022387800947281988e+00
-4.289129529664399421e+00
-4.405603310140680406e+00
-4.363062779380022072e+00
-4.164873969428549927e+00
-3.826236078765767878e+00
-3.373001348442460134e+00
-2.839686791563877932e+00
-2.266831943308925901e+00
-1.697906163711668359e+00
-1.176002602751068826e+00
-7.405712263321699851e-01
-4.244392221235546714e-01
-2.513440711837811037e-01
-2.341644548943628834e-01
-3.739801384309093812e-01
-6.600282517808366833e-01
-1.070554913005302922e+00
-1.574493172322001255e+00
-2.133835988196964628e+00
-2.706521089933520141e+00
-3.249607031286922965e+00
-3.722499398495082268e+00
-4.089983122792123282e+00
-4.324833729911517821e+00
-4.409814692528817304e+00
-4.338915676727991055e+00
-4.117744790362861451e+00
-3.763052184502439168e+00
-3.301427598868356128e+00
-2.767275751832841024e+00
-2.200226297740812242e+00
-1.642175559816254626e+00
-1.134182533605563536e+00
-7.134500675103336853e-01
-4.106132782012867910e-01
-2.475320607945068474e-01
-2.357451221608690695e-01
-3.756924396269885058e-01
-6.567553352835098224e-01
-1.058102830550686546e+00
-1.550274108772973669e+00
-2.097374061209219764e+00
-2.659715799859698304e+00
-3.196713677592804004e+00
-3.669814759587722630e+00
-4.045256721359957730e+00
-4.296455531872756417e+00
-4.405855628321072359e+00
-4.366116229182138930e+00
-4.180556799981991034e+00
-3.862838774011794207e+00
-3.435915466928813444e+00
-2.930333768254007154e+00
-2.382016015215678628e+00
-1.829685391783916426e+00
-1.312120956198290278e+00
-8.654376084815711412e-01
-5.205815822211821153e-01
-3.012139942512552793e-01
-2.221251506813741727e-01
-2.882830219682146478e-01
-4.945735077840136551e-01
-8.262411465588164194e-01
-1.259990261288205460e+00
-1.765661546446300800e+00
-2.308360829353536037e+00
-2.850887684071028438e+00
-3.356293540754894167e+00
-3.790392919089723200e+00
-4.124057570860997224e+00
-4.335140955801470852e+00
-4.409908140305811131e+00
-4.343881796775869830e+00
-4.142055902404824685e+00
-3.818472103826878072e+00
-3.395196549505868688e+00
-2.900774427893010543e+00
-2.368272921006698173e+00
-1.833048690747385079e+00
-1.330391852865911773e+00
-8.932038319666595338e-01
-5.498614139719786298e-01
-3.224043036334984791e-01
-2.251597783274412734e-01
-2.638873709548077429e-01
-4.354910886199967468e-01
-7.283089081145865951e-01
-1.122951699642290802e+00
-1.593628752650171343e+00
-2.109866912224855451e+00
-2.638506809863140123e+00
-3.145844138448544491e+00
-3.599777176639181953e+00
-3.971824025462830754e+00
-4.238883911082590217e+00
-4.384635523739700780e+00
-4.400490329672565260e+00
-4.286048372538076023e+00
-4.049036293475365866e+00
-3.704740054794883886e+00
-3.274976087108172340e+00
-2.786672383487623250e+00
-2.270153795773494743e+00
-1.757242168923866643e+00
-1.279291131510736257e+00
-8.652769657271366377e-01
-5.400611080108626005e-01
-3.229270373243446901e-01
-2.264755554142334759e-01
-2.559390504436835911e-01
-4.089488058392516390e-01
-6.757614568862293503e-01
-1.039923031723589464e+00
-1.479323295078860401e+00
-1.967570830106745827e+00
-2.475601683550706866e+00
-2.973422383624315657e+00
-3.431882279477854514e+00
-3.824370625012679881e+00
-4.128340437533591256e+00
-4.326573347593361873e+00
-4.408116554198612036e+00
-4.368843493975091974e+00
-4.211612633125422001e+00
-3.946022511952392620e+00
-3.587784417730656816e+00
-3.157755507772540327e+00
-2.680693670371818271e+00
-2.183809924317988038e+00
-1.695204001568146213e+00
-1.242273504600855505e+00
-8.501865549272729083e-01
-5.405023266444677343e-01
-3.300137423768094713e-01
-2.298725959306531230e-01
-2.450403501184919008e-01
-3.740888723250963555e-01
-6.093555240321952837e-01
-9.374374354626520134e-01
-1.339991544153853686e+00
-1.794791020214074440e+00
-2.276975847796240071e+00
-2.760426192743762996e+00
-3.219182149048104069e+00
-3.628832674916459666e+00
-3.967799920736759134e+00
-4.218452411503924360e+00
-4.367991172737767158e+00
-4.409066215152932955e+00
-4.340096030648623149e+00
-4.165279036186382733e+00
-3.894302341445448068e+00
-3.541768940676331745e+00
-3.126378635255781635e+00
-2.669909983735204051e+00
-2.196059792364149388e+00
-1.729202705927753048e+00
-1.293136118740936924e+00
-9.098748636775064735e-01
-5.985560955939528416e-01
-3.745077704121015927e-01
-2.485245802688544892e-01
-2.263836999360355762e-01
-3.086198723420796597e-01
-4.905658987796928105e-01
-7.626511981817898356e-01
-1.110938428813249113e+00
-1.517866834554975064e+00
-1.963161508625780094e+00
-2.424860571608068227e+00
-2.880407622807744428e+00
-3.307754893003127528e+00
-3.686423313055645856e+00
-3.998469093712976985e+00
-4.229312141925477775e+00
-4.368389367119159594e+00
-4.409605221558241972e+00
-4.351562176391942316e+00
-4.197564729482143875e+00
-3.955401435755493633e+00
-3.636919827575841424e+00
-3.257418476327805568e+00
-2.834888425682391855e+00
-2.389142471378849830e+00
-1.940875034576307279e+00
-1.510697539518736310e+00
-1.118194228290973591e+00
-7.810412934660164730e-01
-5.142282447588055749e-01
-3.294147922244616833e-01
-2.344495378515825124e-01
-2.330687823459554053e-01
-3.247851695285024487e-01
-5.049671151046455364e-01
-7.651014015365591447e-01
-1.093223344222419957e+00
-1.474491883847005580e+00
-1.891881119550776980e+00
-2.326955387082432658e+00
-2.760692153427092954e+00
-3.174315817356692104e+00
-3.550105971330343557e+00
-3.872145719279946441e+00
-4.126979116117989399e+00
-4.304151500156024213e+00
-4.396612184638851950e+00
-4.400965381183938874e+00
-4.317562047642480749e+00
-4.150432280731209289e+00
-3.907064611449316605e+00
-3.598044829758495489e+00
-3.236572515573747921e+00
-2.837878076760910417e+00
-2.418566629366606158e+00
-1.995917390291503057e+00
-1.587168331844253544e+00
-1.208815669206884769e+00
-8.759563660616185299e-01
-6.016993486292903093e-01
-3.966676541102982512e-01
-2.686094802950260707e-01
-2.221312489370408372e-01
-2.585605628564757730e-01
-3.759415491579181090e-01
-5.691597595363615536e-01
-8.301887533606069347e-01
-1.148445910889973165e+00
-1.511241077452816217e+00
-1.904298458137725358e+00
-2.312329864581761374e+00
-2.719636021094476330e+00
-3.110712188467981587e+00
-3.470834844488964954e+00
-3.786607519063471372e+00
-4.046446035693117338e+00
-4.240986249213485770e+00
-4.363400759719691990e+00
-4.409614876147207596e+00
-4.378416142246587484e+00
-4.271455861842596846e+00
-4.093145111651103285e+00
-3.850451559899795484e+00
-3.552606883134163063e+00
-3.210737576089762957e+00
-2.837434386719851709e+00
-2.446277411353396936e+00
-2.051335010622159949e+00
-1.666655138859868934e+00
-1.305767427721047147e+00
-9.812134628568283112e-01
-7.041211967648166592e-01
-4.838374267072629298e-01
-2.697255557388698044e-01
