-3.475104991315409730e-01
7.818149248423322817e-02
4.755053288411315027e-01
8.317234100764654414e-01
1.135435318414808714e+00
1.376942674423848878e+00
1.548558824627863206e+00
1.644853471807807388e+00
1.662824463111970186e+00
1.601991302618957391e+00
1.464407478324898815e+00
1.254591307326434979e+00
9.793776230878692424e-01
6.476951708618743364e-01
2.702769599340653084e-01
-1.406870320304804967e-01
-5.719435653778126571e-01
-1.009603540123043208e+00
-1.439589309757463464e+00
-1.848087500922994453e+00
-2.221992773483040029e+00
-2.549328264851498993e+00
-2.819629229772270929e+00
-3.024277586831701115e+00
-3.156776676713533458e+00
-3.212957472837880246e+00
-3.191109699899894014e+00
-3.092033738375766561e+00
-2.919011745139153291e+00
-2.677699019707715067e+00
-2.375939208675247549e+00
-2.023509385210554790e+00
-1.631803287669423508e+00
-1.213462979358362670e+00
-7.819708370406173170e-01
-3.512150363877015735e-01
6.495746180123607161e-02
4.531860365027544635e-01
8.010253332226293654e-01
1.097344222171945161e+00
1.332681998387184485e+00
1.499550425269903897e+00
1.592671978737510319e+00
1.609146712738283913e+00
1.548542471546723753e+00
1.412905645605786908e+00
1.206692226040819271e+00
9.366214759581319438e-01
6.114570218371127019e-01
2.417224959117552086e-01
-1.606390442310641209e-01
-5.826508966169716697e-01
-1.010721234912437483e+00
-1.431080869272592260e+00
-1.830226148386053575e+00
-2.195352755859824256e+00
-2.514766465151643704e+00
-2.778257676029641132e+00
-2.977427737045521550e+00
-3.105956624211135164e+00
-3.159803445126382559e+00
-3.137333408721700856e+00
-3.039367273389973700e+00
-2.869151784034018160e+00
-2.632252150964911941e+00
-2.336370128839257543e+00
-1.991093641407052139e+00
-1.607586091131898431e+00
-1.198225421465087370e+00
-7.762046020285201520e-01
-3.551064320835919941e-01
5.153363346805694967e-02
4.306625641607912947e-01
7.701287548920197068e-01
1.059071496938332801e+00
1.288268434821192354e+00
1.450429894225353955e+00
1.540430688480955990e+00
1.555472033695960654e+00
1.495168459561887708e+00
1.361557021173607218e+00
1.159028618925284748e+00
8.941837381143380448e-01
5.756173467663028287e-01
2.136399614561677041e-01
-1.800560662734947970e-01
-5.927742412849764664e-01
-1.011223393034304197e+00
-1.421945714409349915e+00
-1.811749585809497853e+00
-2.168133263814305600e+00
-2.479685826281493366e+00
-2.736452515286655451e+00
-2.930252781270287876e+00
-3.054940868168375623e+00
-3.106600640261074187e+00
-3.083668476702783323e+00
-2.986980380506395250e+00
-2.819741890261949546e+00
-2.587421866415378524e+00
-2.297573669614606295e+00
-1.959589577874746968e+00
-1.584396427400254437e+00
-1.184102340359741046e+00
-7.716059617093466994e-01
-3.601808166362421848e-01
3.695181738105379754e-02
4.070477791097393272e-01
7.382489794348203738e-01
1.019963321580581006e+00
1.243203414068434043e+00
1.400873246095748925e+00
1.487993682582420263e+00
1.501859615227902900e+00
1.442123812526459048e+00
1.310804874554553301e+00
1.112219141301561631e+00
8.528388477263191270e-01
5.410811860149675745e-01
1.870351497079936198e-01
-1.978649754974308728e-01
-6.012089070303205940e-01
-1.010010519159521003e+00
-1.411125952329182365e+00
-1.791676216212247041e+00
-2.139460698923460580e+00
-2.443348306045900475e+00
-2.693633690583286722e+00
-2.882347174350165631e+00
-3.003508465465204225e+00
-3.053316096659720813e+00
-3.030266586115095251e+00
-2.935199589381781493e+00
-2.771267694490857636e+00
-2.543831935878878348e+00
-2.260286488268451244e+00
-1.929818272571784954e+00
-1.563109289398017188e+00
-1.171991325158153519e+00
-7.690641926484921287e-01
-3.672898240538819969e-01
2.042470708804289270e-02
3.816418210916057152e-01
7.047924048068048286e-01
9.795463241385087283e-01
1.197142611283991132e+00
1.350668774026679397e+00
1.435280324091424919e+00
1.448353554957327649e+00
1.389566754108218394e+00
1.260907340932124754e+00
1.066604805040293424e+00
8.129917039671654688e-01
5.082972874293654186e-01
1.623804735094451779e-01
-2.135891588375715688e-01
-6.074920386666693428e-01
-1.006649287139777416e+00
-1.398230822837913223e+00
-1.769667752436881125e+00
-2.109055791841702998e+00
-2.405536769839511813e+00
-2.649645988837839639e+00
-2.833614331498427674e+00
-2.951615471693673776e+00
-2.999950325482076074e+00
-2.977162905179414398e+00
-2.884083951604573759e+00
-2.723801044874840649e+00
-2.501556257851734966e+00
-2.224574742504571656e+00
-1.901829853391641789e+00
-1.543752443197234037e+00
-1.161893747834770174e+00
-7.685527561236370486e-01
-3.763800844476751228e-01
2.028885542574632161e-03
3.545385213495271248e-01
6.698621153554666918e-01
9.379232422278862558e-01
1.150177729707378971e+00
1.299885956115214292e+00
1.382326798149761338e+00
1.394946439178684106e+00
1.337437350278594117e+00
1.211745005897370664e+00
1.022002220744647749e+00
7.743933195734771235e-01
4.769526022185877068e-01
1.393036704167949225e-01
-2.276519268235689397e-01
-6.120866566216600635e-01
-1.001628211632356713e+00
-1.383757679435216659e+00
-1.746211858546137252e+00
-2.077376792675757144e+00
-2.366659895258806934e+00
-2.604828741854523955e+00
-2.784305695532182767e+00
-2.899408964332972349e+00
-2.946532423790637178e+00
-2.924258515181353602e+00
-2.833400687793203421e+00
-2.676974121502387227e+00
-2.460095771317595936e+00
-2.189817044209219077e+00
-1.874894577664253159e+00
-1.525506569810767044e+00
-1.152923849284097857e+00
-7.691463137733268729e-01
-3.865164635373872781e-01
-1.732247535517994486e-02
3.265964191892352098e-01
6.342295791514922509e-01
8.957474503049380754e-01
1.102815627869797588e+00
1.248860452201948856e+00
1.329277674551874622e+00
1.341577570420324328e+00
1.285461928581601132e+00
1.162830538366218969e+00
9.777170656104787749e-01
7.361564758531100594e-01
4.459883590408100229e-01
1.166025627779205820e-01
-2.413646147113959195e-01
-6.163738441853697791e-01
-9.963547111167659898e-01
-1.369094200239014958e+00
-1.722629216979644440e+00
-2.045630531509558203e+00
-2.327765824112354665e+00
-2.560030198908601395e+00
-2.735033594004621094e+00
-2.847235915285556196e+00
-2.893122412938398558e+00
-2.871313749632273371e+00
-2.782607314792572062e+00
-2.629948552717822796e+00
-2.418333322166919874e+00
-2.154644519176022399e+00
-1.847428302180093018e+00
-1.506617191470901229e+00
-1.143209011770059513e+00
-7.689120530472846049e-01
-3.957678958889603860e-01
-3.576404975785707485e-02
2.995511366738106140e-01
5.994389237562749440e-01
8.543141053616927216e-01
1.056051395490689604e+00
1.198244483647050718e+00
1.276409499464694619e+00
1.288126424215719545e+00
1.233113989216630735e+00
1.113235744189718934e+00
9.324371932997095325e-01
6.966161116325688685e-01
4.134302991530067750e-01
9.204903387383867042e-02
-2.571437131321455682e-01
-6.228846987449351280e-01
-9.933946337231659429e-01
-1.356757503066448267e+00
-1.701303767794976718e+00
-2.015985125312012016e+00
-2.290728801112512869e+00
-2.516760009931364284e+00
-2.686882261344987199e+00
-2.795706554177012304e+00
-2.839822158222154780e+00
-2.817903568641981327e+00
-2.730750276989232006e+00
-2.581258166817530508e+00
-2.374323541551142558e+00
-2.116682956973382712e+00
-1.816694090795287320e+00
-1.484064771177808773e+00
-1.129538944251602395e+00
-7.645497345576274251e-01
-4.008507980652243896e-01
-5.013785176040685965e-02
2.763274348658300017e-01
5.680790920180878167e-01
8.157824308838947935e-01
1.011532792237684442e+00
1.149107898593858756e+00
1.224165750395725283e+00
1.234381768497065490e+00
1.179520847517365079e+00
1.061442084170810984e+00
8.840361136815566567e-01
6.530971560333749260e-01
3.761339722785197459e-01
6.212589199667506445e-02
-2.787681667031034483e-01
-6.355382599375113406e-01
-9.966789406508418381e-01
-1.350560263270210060e+00
-1.685802308203287581e+00
-1.991641165201650798e+00
-2.258274604249695727e+00
-2.477176330926306402e+00
-2.641368748185836779e+00
-2.745645494818234944e+00
-2.786736658699215052e+00
-2.763411417597648523e+00
-2.676514881787300126e+00
-2.528938035721764344e+00
-2.325521832080818641e+00
-2.072898611097922839e+00
-1.779276032992293199e+00
-1.454170556761506194e+00
-1.108099115275967605e+00
-7.522389727210356813e-01
-3.980667632221502328e-01
-5.698836668692386365e-02
2.600284412700906156e-01
5.428067326175134433e-01
7.822872160758376214e-01
9.708185753239997329e-01
1.102402047198990376e+00
1.172882417270555422e+00
1.180079346972230381e+00
1.123854877365890736e+00
1.006115017133669021e+00
8.307454498790471931e-01
6.034835196043266681e-01
3.317307048363566935e-01
2.431170522119352473e-02
-3.088120220426421314e-01
-6.568649798430844511e-01
-1.008606149636595228e+00
-1.352692038952110876e+00
-1.678042532056989611e+00
-1.974197742654567822e+00
-2.231654372956448640e+00
-2.442170759385006384e+00
-2.599030809254878172e+00
-2.697258371600583793e+00
-2.733775195277019510e+00
-2.707497456281732440e+00
-2.619367824648318965e+00
-2.472322124874702709e+00
-2.271191755315478122e+00
-2.022545103102128650e+00
-1.734473155159416580e+00
-1.416326299501264652e+00
-1.078410876530261131e+00
-7.316553272839779742e-01
-3.872567532669875523e-01
-5.631931984521065804e-02
2.505038173185181183e-01
5.233535131582862654e-01
7.534815143156816664e-01
9.335310318235239269e-01
1.057772002954206148e+00
1.122283515080797267e+00
1.125077580653905063e+00
1.066160353897428470e+00
9.475289049119177687e-01
7.731037499697448467e-01
5.485994105317435476e-01
2.813372709389942994e-01
-1.999313857727158528e-02
-3.456166507502143603e-01
-6.849895767394011958e-01
-1.027141139185486773e+00
-1.361028163999292495e+00
-1.675891560491606480e+00
-1.961603079000809213e+00
-2.208991166581117049e+00
-2.410135433319434028e+00
-2.558620271566782289e+00
-2.649739504023056913e+00
-2.680645530654739872e+00
-2.650438246951277943e+00
-2.560190958473952172e+00
-2.412912555696734351e+00
-2.213447272756879247e+00
-1.968315367331001209e+00
-1.685499961430275917e+00
-1.374187013155139692e+00
-1.044466891721495871e+00
-7.070072541840044522e-01
-3.727078330568329712e-01
-5.234831055083721818e-02
2.437593403366207223e-01
5.061028311315192152e-01
7.262751584394806503e-01
8.972440086963464623e-01
1.013576331954718635e+00
1.071610912365186019e+00
1.069573454987107208e+00
1.007630574612885521e+00
8.878810517893018783e-01
7.142847499881663786e-01
4.925316002560637951e-01
2.298549906453730696e-01
-6.520431496116863013e-02
-3.830760178783116920e-01
-7.134708406525935853e-01
-1.045713713863969385e+00
-1.369088797785787737e+00
-1.673185181421904089e+00
-1.948232100969131464e+00
-2.185412879689932808e+00
-2.377147499181703871e+00
-2.517334744514632128e+00
-2.601546188663752979e+00
-2.627165851735624003e+00
-2.593471136442786484e+00
-2.501652545639810210e+00
-2.354771668677546614e+00
-2.157658916689253026e+00
-1.916754428262282373e+00
-1.639897393662798075e+00
-1.336070699103035775e+00
-1.015109219443885102e+00
-6.873812426195456959e-01
-3.634533552642200682e-01
-5.374962988543841025e-02
2.317838862649750364e-01
4.839985760620235666e-01
6.948362903993805517e-01
8.575866320716485358e-01
9.671002731537041708e-01
1.019951530110573712e+00
1.014545072750775656e+00
9.511634563045663349e-01
8.319540814225148129e-01
6.608561426561858632e-01
4.434700587677211647e-01
1.868737256962290649e-01
-1.006083642148039026e-01
-4.096755896171507261e-01
-7.303525344389543150e-01
-1.052318575688612201e+00
-1.365251519665942936e+00
-1.659150604591848932e+00
-1.924629831531850188e+00
-2.153197542680500121e+00
-2.337518918950111324e+00
-2.471645616874307727e+00
-2.551205629198136648e+00
-2.573547531774683428e+00
-2.537834390518900474e+00
-2.445083864580420485e+00
-2.298152433591672761e+00
-2.101663171251519469e+00
-1.861878053558235768e+00
-1.586517392412015948e+00
-1.284530584953201382e+00
-9.658239235632255504e-01
-6.409526761894878133e-01
-3.207859754052429513e-01
-1.615420098375730529e-02
2.625105405107643897e-01
5.055295871647615957e-01
7.043169524006680504e-01
8.516910242448745283e-01
9.421475092171500698e-01
9.720831443407234040e-01
9.399608331578910292e-01
8.464083707085954256e-01
6.942447864301992677e-01
4.884305168347398141e-01
2.359400710143328972e-01
-5.444149343551019093e-02
-3.723941870759421291e-01
-7.064038871359759053e-01
-1.044158659540954215e+00
-1.372988372213160613e+00
-1.680333078348592579e+00
-1.954223754883660069e+00
-2.183757589101428920e+00
-2.359549210963284516e+00
-2.474139150855884317e+00
-2.522341422366495500e+00
-2.501513522731458661e+00
-2.411734315673158768e+00
-2.255878185510709066e+00
-2.039577465491190011e+00
-1.771069348714850555e+00
-1.460928152528277124e+00
-1.121688759110202716e+00
-7.673720992840747934e-01
-4.129284634868342074e-01
-7.361897857439236859e-02
2.356404580254944925e-01
5.009453779320276468e-01
7.100495994209057304e-01
8.529624344839246142e-01
9.224664778418170119e-01
9.145282090741884140e-01
8.285771130651933269e-01
6.676339172422331991e-01
4.382747219353706480e-01
1.504250485582832031e-01
-1.830141406687479932e-01
-5.466981455518293842e-01
-9.235054461224586619e-01
-1.295297569654812353e+00
-1.643771999263857087e+00
-1.951369257321548201e+00
-2.202180758526699478e+00
-2.382809968344398843e+00
-2.483139172682274243e+00
-2.496956386462749755e+00
-2.422401826852017770e+00
-2.262200878020585559e+00
-2.023660346226838769e+00
-1.718416654693553092e+00
-1.361937914276233341e+00
-9.727958538810140832e-01
-5.717376277046642974e-01
-1.806006956489574211e-01
1.788745559371297533e-01
4.862708413066423319e-01
7.236893447573709004e-01
8.768432627789395362e-01
9.359806949469946513e-01
8.965747572738145266e-01
7.597297148974746506e-01
5.322666708774046462e-01
2.264702172664236901e-01
-1.405024886524052219e-01
-5.475276701840969817e-01
-9.706925277915036121e-01
-1.384681945585735541e+00
-1.764295608092523615e+00
-2.086004930085947784e+00
-2.329452610185197781e+00
-2.478797082119041484e+00
-2.523810037744248724e+00
-2.460647493631541671e+00
-2.292233081509001735e+00
-2.028215432392912909e+00
-1.684488359651825640e+00
-1.282291356927019343e+00
-8.469368066659380689e-01
-4.062372268415412879e-01
1.127111986085982398e-02
3.781946773347066859e-01
6.701155082754666203e-01
8.672653107409431517e-01
9.559221811762526055e-01
9.294269984548013674e-01
7.887392741452718958e-01
5.424843892172788173e-01
2.064782748908071675e-01
-1.972484682686538315e-01
-6.418693619197626266e-01
-1.097533650394496130e+00
-1.533373802849412160e+00
-1.919612939973245780e+00
-2.229626449610466299e+00
-2.441812538465457205e+00
-2.541137388054281576e+00
-2.520241373125870155e+00
-2.380022148997371634e+00
-2.129646349388759852e+00
-1.785981660230621326e+00
-1.372482298893438424e+00
-9.176004398677790608e-01
-4.528309724198166242e-01
-1.052453599341718338e-02
3.783780636036140343e-01
6.865296538717313712e-01
8.921225352342623260e-01
9.804557668145992277e-01
9.450092269032062120e-01
7.879442492385573260e-01
5.199912193462370436e-01
1.597282949891148940e-01
-2.677007834189462088e-01
-7.323412037348601134e-01
-1.201530870616795088e+00
-1.642204693680410887e+00
-2.023235508473255173e+00
-2.317644470403086299e+00
-2.504522551927258256e+00
-2.570525047127098617e+00
-2.510831300788323173e+00
-2.329500047287131004e+00
-2.039194005034739021e+00
-1.660292586913266533e+00
-1.219455474382403315e+00
-7.477391793464782666e-01
-2.784007323462913686e-01
1.554550218369055159e-01
5.232169704494253892e-01
7.989315503728837697e-01
9.631351958058653739e-01
1.004225686010486340e+00
9.192757977697776361e-01
7.142326076287277559e-01
4.034896382970358797e-01
8.863639036652104508e-03
-4.419500660712910034e-01
-9.173330361065110683e-01
-1.383970700566902856e+00
-1.809192982449662201e+00
-2.163263342301159575e+00
-2.421455445564427045e+00
-2.565772413977179589e+00
-2.586189520157334165e+00
-2.481335311853957393e+00
-2.258566031801553464e+00
-1.933430970553448480e+00
-1.528569017097452631e+00
-1.072116160831004583e+00
-5.957373065255652245e-01
-1.324211920790073771e-01
2.858072528581367955e-01
6.300980900765258408e-01
8.767584887855592868e-01
1.008870103875500801e+00
1.017432231435653867e+00
9.019547789451292097e-01
6.704635519910679964e-01
3.389210587949280651e-01
-6.989385896869193537e-02
-5.279674960905418324e-01
-1.003982845228468701e+00
-1.465467186075974038e+00
-1.881007953410581468e+00
-2.222385647380719753e+00
-2.466479381376691649e+00
-2.596817233522173751e+00
-2.604668643109499193e+00
-2.489607879671511093e+00
-2.259513886808820260e+00
-1.930010069402589679e+00
-1.523385254690244217e+00
-1.067071593214160341e+00
-5.917842960397036167e-01
-1.294499424002133470e-01
2.889367392422526049e-01
6.353839952304300986e-01
8.867643298226688398e-01
1.026343176820547765e+00
1.044875175072781159e+00
9.411976551706140448e-01
7.222847362898716650e-01
4.027613525954027995e-01
3.912194885656528065e-03
-4.477463727906546564e-01
-9.222350213129920649e-01
-1.388102590476402831e+00
-1.814507555040574482e+00
-2.173252572348558953e+00
-2.440638701027041613e+00
-2.599018391032088093e+00
-2.637946644183563727e+00
-2.554856455351789624e+00
-2.355215992050156970e+00
-2.052158897124175319e+00
-1.665613400836012170e+00
-1.220988394656850273e+00
-7.475031740780954115e-01
-2.762704668909967687e-01
1.617416829100172260e-01
5.377377130499578772e-01
8.269803596582916416e-01
1.010411503707755232e+00
1.075902468387480271e+00
1.019052172066776452e+00
8.434808232402604133e-01
5.605995522963675981e-01
1.888704110524637159e-01
-2.473956571978273011e-01
-7.196251120902850129e-01
-1.196849418069390492e+00
-1.647732424648853611e+00
-2.042625273759945514e+00
-2.355514439238978852e+00
-2.565735115009769807e+00
-2.659337144425427901e+00
-2.630013086511558296e+00
-2.479526418926795817e+00
-2.217610455279857007e+00
-1.861343156492237805e+00
-1.434037301120846930e+00
-9.637180118702024512e-01
-4.812869610349256866e-01
-1.849328795462024111e-02
3.941556602057358916e-01
7.294063123958864914e-01
9.650608291182718457e-01
1.085449738691159682e+00
1.082477335608538205e+00
9.561698237110378695e-01
7.146888009370035988e-01
3.738078730176683795e-01
-4.411436499855447835e-02
-5.115983709340250485e-01
-9.978490404307159833e-01
-1.470783918326246997e+00
-1.899150656774300394e+00
-2.254593875159721872e+00
-2.513534556258114616e+00
-2.658737171905722008e+00
-2.680460100692997560e+00
-2.577112255584159684e+00
-2.355371386952451296e+00
-2.029755120147607172e+00
-1.621672069555004203e+00
-1.158014931992416674e+00
-6.693879963963971225e-01
-1.880859699604015001e-01
2.540422326284335064e-01
6.277031964456902813e-01
9.081021769963792956e-01
1.076590531598786482e+00
1.121907661014407864e+00
1.040934505483318118e+00
8.389080027994406663e-01
5.290816982193609075e-01
1.318545133875389519e-01
-3.265749232824105563e-01
-8.159393755985865360e-01
-1.303904816875108175e+00
-1.758210180847580961e+00
-2.148803030540811676e+00
-2.449829363534763882e+00
-2.641345459744421920e+00
-2.710638173404031015e+00
-2.653066137839456218e+00
-2.472366245227403336e+00
-2.180405348701917490e+00
-1.796394028941188825e+00
-1.345615003594700543e+00
-8.577509475490779911e-01
-3.649229879575651703e-01
1.004298216491349427e-01
5.076894276875800749e-01
8.300748166234397374e-01
1.046401032973916845e+00
1.142464737726117230e+00
1.111966953767461019e+00
9.569140191464817757e-01
6.874723949513839028e-01
3.212890046621321716e-01
-1.176762248663359989e-01
-6.007272822670944867e-01
-1.096313808761198993e+00
-1.572093736873800829e+00
-1.997041850138884911e+00
-2.343467064369323172e+00
-2.588807911095039493e+00
-2.717090761970767154e+00
-2.719957717453793222e+00
-2.597199286840726984e+00
-2.356759151120040752e+00
-2.014212338099451216e+00
-1.591751871046243938e+00
-1.116750243172116575e+00
-6.199889643734317612e-01
-1.336702645306560022e-01
3.106614441773993818e-01
6.841553406898877032e-01
9.625171966925363254e-01
1.127580761119800767e+00
1.168487272283278644e+00
1.082397673802283355e+00
8.746916231571706390e-01
5.586397393811288747e-01
1.545687393595700510e-01
-3.114288824267105737e-01
-8.091601322960911835e-01
-1.306267343450940421e+00
-1.770312630596975634e+00
-2.170879036820605013e+00
-2.481554552563102867e+00
-2.681671593608815574e+00
-2.757688887082957230e+00
-2.704124283510818127e+00
-2.523975239276748717e+00
-2.228594613564394589e+00
-1.837021278084427056e+00
-1.374800619089994402e+00
-8.723635819830312110e-01
-3.630626412375368983e-01
1.190127482622060917e-01
5.413017342280987965e-01
8.749708113741301307e-01
1.096898810606941721e+00
1.191311763192915985e+00
1.150951051775301437e+00
9.776863144042484688e-01
6.825193578053085908e-01
2.849648209010853250e-01
-1.881649294835484598e-01
-7.045018892829879587e-01
-1.228284647230487803e+00
-1.722801783204896520e+00
-2.152953717757605911e+00
-2.487756913835982076e+00
-2.702612689187008588e+00
-2.781173629206818099e+00
-2.716663501692851757e+00
-2.512540609960371540e+00
-2.182437780534435046e+00
-1.749362009131686158e+00
-1.244189911307577834e+00
-7.035478507951153926e-01
-1.672140807607094271e-01
3.247793431986272239e-01
7.351381301491848319e-01
1.032169238047474957e+00
1.192295908746629163e+00
1.202021830548128500e+00
1.059176198900111610e+00
7.733201192650507316e-01
3.652549535866931318e-01
-1.343592166790016362e-01
-6.871967503967589819e-01
-1.250125760930702157e+00
-1.778529285665226389e+00
-2.229838724355655000e+00
-2.567002607553348525e+00
-2.761607546447938155e+00
-2.796384823475684733e+00
-2.666875406806600068e+00
-2.382086214863832652e+00
-1.964047362493925197e+00
-1.446268365799826983e+00
-8.711840324836555016e-01
-2.867703640262986298e-01
2.574106251642636067e-01
7.144181239067768363e-01
1.044037299292383869e+00
1.216420943402158894e+00
1.214932514450130174e+00
1.037911266176031466e+00
6.991640209588045884e-01
2.270937100560017630e-01
-3.375062647931595383e-01
-9.448406015500570021e-01
-1.540417944669372652e+00
-2.069912754917525799e+00
-2.484155126284849580e+00
-2.743790315240032029e+00
-2.823161162021508019e+00
-2.713020822225660655e+00
-2.421777503681810106e+00
-1.975100384077534521e+00
-1.413866072801357454e+00
-7.905844979097774727e-01
-1.645968136279785110e-01
4.035296611931482591e-01
8.578876758576630124e-01
1.152826124360152527e+00
1.257689929933490713e+00
1.160200260864954647e+00
8.680881563319200467e-01
4.087561595669673142e-01
-1.730652026324472903e-01
-8.194945888809471723e-01
-1.465142758943607237e+00
-2.043686256063996787e+00
-2.494718291854482572e+00
-2.770168300991337595e+00
-2.839599446091074064e+00
-2.693785780829461185e+00
-2.346131651067926427e+00
-1.831711226646792090e+00
-1.203955031295727673e+00
-5.292673070731628293e-01
1.199049751137202247e-01
6.728409690035617174e-01
1.068323287384725484e+00
1.261563098620618106e+00
1.229476224671078644e+00
9.736700061553686947e-01
5.207363047624695707e-01
-8.026261832463787993e-02
-7.629124651695093906e-01
-1.450661167915761496e+00
-2.065361975941048200e+00
-2.536198575818165324e+00
-2.807969397648574006e+00
-2.847749351122389250e+00
-2.649105656918171903e+00
-2.233306323685662065e+00
-1.647298183832991203e+00
-9.586087475998812391e-01
-2.476985041489989658e-01
4.013876623572931734e-01
9.109907845453870667e-01
1.219243531788062551e+00
1.287759104280023159e+00
1.106627566843209953e+00
6.960462777125446809e-01
1.043063956656946623e-01
-5.977002453599087328e-01
-1.324854041284722950e+00
-1.988086605468742718e+00
-2.505329279298287304e+00
-2.811779711583004548e+00
-2.868187566677149469e+00
-2.666079017278788932e+00
-2.229201609221358016e+00
-1.610934312288132997e+00
-8.879155117663040109e-01
-1.506300920882668315e-01
5.078981626185565812e-01
1.003895764991251216e+00
1.273607032973919306e+00
1.281639397803604918e+00
1.025772414970219204e+00
5.375563830805492049e-01
-1.214357218293473650e-01
-8.672763575456642338e-01
-1.604327298565817683e+00
-2.237512312373611145e+00
-2.684639317815449289e+00
-2.887164529089198517e+00
-2.817974285403577195e+00
-2.485134032031303786e+00
-1.931071647858189078e+00
-1.227257394924055722e+00
-4.650371792147239836e-01
2.562095609377141869e-01
8.420507736205056215e-01
1.215419630411463281e+00
1.326826411964689978e+00
1.160999572846690642e+00
7.390532950979558091e-01
1.158652850679526836e-01
-6.270179479446730264e-01
-1.392034879270998449e+00
-2.078429512030568027e+00
-2.595549869731212489e+00
-2.874862522523814690e+00
-2.879082808968983276e+00
-2.607196508752251951e+00
-2.094690190558500031e+00
-1.408942641828600850e+00
-6.403740430588895638e-01
1.094833860191520847e-01
7.414159254436492041e-01
1.171678493620808670e+00
1.343115906881460653e+00
1.232773411790873297e+00
8.549796031531755602e-01
2.594862511944973082e-01
-4.750928568074122005e-01
-1.251676092417047581e+00
-1.967562752722088026e+00
-2.528031166588978973e+00
-2.858881314111906935e+00
-2.916257972177471736e+00
-2.692452640989545287e+00
-2.216917566649053484e+00
-1.552361469577415054e+00
-7.864491769220732786e-01
-2.020934419405051585e-02
6.453113897577702485e-01
1.122380420391953182e+00
1.348135804765892676e+00
1.292845064229326102e+00
9.637835774440464132e-01
4.042314719378228283e-01
-3.122665163588446147e-01
-1.091609782448464516e+00
-1.831530730699656440e+00
-2.435027365052325976e+00
-2.823072236541268598e+00
-2.944932561670735804e+00
-2.784756807030589698e+00
-2.363578398626688504e+00
-1.736491324089547872e+00
-9.853853060733168689e-01
-2.082068053349607206e-01
4.938390079905399244e-01
1.029468789369032855e+00
1.329166445657825602e+00
1.354158799257757728e+00
1.101368346579996604e+00
6.037188623560880707e-01
-7.422400406731710643e-02
-8.446904339892471469e-01
-1.608111384032415270e+00
-2.266002802175290931e+00
-2.733659212300445063e+00
-2.951021659245222306e+00
-2.890330380392904353e+00
-2.559594994921347677e+00
-2.001458583024195548e+00
-1.287625851299650570e+00
-5.095930009310769560e-01
2.331145432791845717e-01
8.456797873487136297e-01
1.250076048785238481e+00
1.394956497508314186e+00
1.262104385633330050e+00
8.686429190829398905e-01
-7.879042122396802128e-01
