-2.059317063565377026e+00
-1.819400728372380760e+00
-1.581153358390130936e+00
-1.348217645301338363e+00
-1.124230874539350333e+00
-9.127684174211221357e-01
-7.172871740072099822e-01
-5.410698557638118356e-01
-3.871709968978327421e-01
-2.583655689563744140e-01
-1.571010449934608921e-01
-8.545371759851549953e-02
-4.509001986187133326e-02
-3.723353064493650777e-02
-6.263826625266721848e-02
-1.215687708909283238e-01
-2.137874194230304781e-01
-3.385492393663456223e-01
-4.946044463738117347e-01
-6.802087703200265789e-01
-8.931415293360369656e-01
-1.130731288548131985e+00
-1.389888820740849740e+00
-1.667146969551739577e+00
-1.958706903955525158e+00
-2.260490147492838275e+00
-2.568195668642860419e+00
-2.877361231518457352e+00
-3.183428130127409883e+00
-3.481808366085207052e+00
-3.767953279992040105e+00
-4.037422611608390000e+00
-4.285952944172739976e+00
-4.509524484166615110e+00
-4.704425139774404130e+00
-4.867310889193710466e+00
-4.995261473567918387e+00
-5.085830508135462225e+00
-5.137089178482893814e+00
-5.147662775586981709e+00
-5.116759422456190975e+00
-5.044190455257428596e+00
-4.930382041284268269e+00
-4.776377743276048804e+00
-4.583831872588691958e+00
-4.354993610598656417e+00
-4.092682016464483929e+00
-3.800252177903167272e+00
-3.481552897871805996e+00
-3.140876441905112948e+00
-2.782900996318848019e+00
-2.412626604598437918e+00
-2.035305456208227781e+00
-1.656367497072267714e+00
-1.281342412548021947e+00
-9.157791004808282231e-01
-5.651638027396210795e-01
-2.348380975704795759e-01
7.008202851634770525e-02
3.447848122128798209e-01
5.848378508666427500e-01
7.862585863380755491e-01
9.455790311261194070e-01
1.059903705095615933e+00
1.126959839734021696e+00
1.145139010438362526e+00
1.113529474508358597e+00
1.031938621706999903e+00
9.009050836615628555e-01
7.217001960642837055e-01
4.963186615003012392e-01
2.274584185772687839e-01
-8.151011742758029754e-02
-4.265851182815936227e-01
-8.031842308262786556e-01
-1.206204658656351070e+00
-1.630091663736462859e+00
-2.068914580953181037e+00
-2.516449317125460716e+00
-2.966266198247223151e+00
-3.411821936438916403e+00
-3.846554412761797437e+00
-4.263978914987341717e+00
-4.657784431651744050e+00
-5.021928586027213370e+00
-5.350729796492415424e+00
-5.638955273371617949e+00
-5.881903506528346703e+00
-6.075479962434376269e+00
-6.216264793382152654e+00
-6.301571463971602505e+00
-6.329495319704759204e+00
-6.298951257925060609e+00
-6.209699810659556007e+00
-6.062361110157606703e+00
-5.858416378870813901e+00
-5.600196763921642784e+00
-5.290859519266213340e+00
-4.934351724173188458e+00
-4.535361911657352252e+00
-4.099260162486154435e+00
-3.632027500882506921e+00
-3.140175638355072962e+00
-2.630657615305983299e+00
-2.110770632695284643e+00
-1.588052447423704105e+00
-1.070172772780499271e+00
-5.648212241526635591e-01
-7.959342789858547818e-02
3.781230337892305116e-01
8.012611384076286924e-01
1.183183689754134793e+00
1.517787646421006720e+00
1.799601869091486783e+00
2.023876715577267227e+00
2.186664009913052098e+00
2.284886033607659961e+00
2.316392331987620956e+00
2.280003294707281469e+00
2.175539654808839707e+00
2.003837252710011896e+00
1.766746627363577460e+00
1.467117223469850185e+00
1.108766237680074873e+00
6.964323646574341886e-01
2.357149419658650658e-01
-2.670007727500744998e-01
-8.046312317657975388e-01
-1.369493958073907613e+00
-1.953417259638746017e+00
-2.547858737238344329e+00
-3.144030865223800042e+00
-3.733031788475059010e+00
-4.305979370206208579e+00
-4.854146446352495481e+00
-5.369095194889661471e+00
-5.842808513939569792e+00
-6.267816321731013218e+00
-6.637314744684086776e+00
-6.945276246782094098e+00
-7.186548873120973902e+00
-7.356942931643942529e+00
-7.453303617582936802e+00
-7.473568292500106125e+00
-7.416807361013916022e+00
-7.283247939800534532e+00
-7.074279781369269493e+00
-6.792443195157698455e+00
-6.441398996132827293e+00
-6.025880801568805012e+00
-5.551630285123118291e+00
-5.025316278834358386e+00
-4.454438883345522626e+00
-3.847219999780942423e+00
-3.212481928758666783e+00
-2.559515888797308847e+00
-1.897942484058436685e+00
-1.237566296600160598e+00
-5.882268882801620080e-01
4.035143008959174438e-02
6.387086713630041324e-01
1.197794702110528853e+00
1.709108892594502827e+00
2.164831635700585011e+00
2.557945608865790810e+00
2.882344814598038596e+00
3.132929630677510069e+00
3.305686327335086716e+00
3.397749761815072489e+00
3.407448208012518798e+00
3.334329208318147053e+00
3.179165949698425031e+00
2.943944613383946418e+00
2.631833073002992407e+00
2.247131557911946409e+00
1.795206185884855365e+00
1.282406537605060404e+00
7.159686902389355012e-01
1.039053449735249934e-01
-5.451151294547744719e-01
-1.221898761125560950e+00
-1.916863052001952061e+00
-2.620178889728088212e+00
-3.321915070322678076e+00
-4.012183198944091700e+00
-4.681280763108730980e+00
-5.319830234853922590e+00
-5.918912153503457674e+00
-6.470190266552304337e+00
-6.966026959920303518e+00
-7.399587387230398328e+00
-7.764930907318109199e+00
-8.057088656110511948e+00
-8.272126309379808973e+00
-8.407191332641861692e+00
-8.460544259569950043e+00
-8.431573786708487006e+00
-8.320795716095082284e+00
-8.129836014897136920e+00
-7.861398488836610632e+00
-7.519217838802602749e+00
-7.108005965855666908e+00
-6.633381357021345792e+00
-6.101765537511432136e+00
-5.520283990900931137e+00
-4.896661239726322279e+00
-4.239109773170898876e+00
-3.556214512700037744e+00
-2.856814516541631210e+00
-2.149883608966884019e+00
-1.444411581736989358e+00
-7.492875544616022232e-01
-7.318699984156218363e-02
5.755361590780765368e-01
1.188951087183379496e+00
1.759644046753050084e+00
2.280803852884658589e+00
2.746297897309877278e+00
3.150738016714131895e+00
3.489535638981719146e+00
3.758945799350054351e+00
3.956099776029390114e+00
4.079026249313285390e+00
4.126661037616557337e+00
4.098845606454418089e+00
3.996314680534522878e+00
3.820673413494202642e+00
3.574364683209158677e+00
3.260627182075083397e+00
2.883445060482705991e+00
2.447489957345259093e+00
1.958056313677254856e+00
1.420990913743847894e+00
8.426176332702319804e-01
2.296583958595643793e-01
-4.108486524824312980e-01
-1.071632744431010975e+00
-1.745274877054379115e+00
-2.424292017389141130e+00
-3.101220199362461294e+00
-3.768695628879196846e+00
-4.419532967304759197e+00
-5.046800024020450692e+00
-5.643888155136797202e+00
-6.204577736740775507e+00
-6.723098156156823713e+00
-7.194181842561669704e+00
-7.613111937889549985e+00
-7.975763289318282823e+00
-8.278636524807325259e+00
-8.518885052300415595e+00
-8.694334900503790209e+00
-8.803497393874827992e+00
-8.845574725950434924e+00
-8.820458562831319682e+00
-8.728721872018073924e+00
-8.571604230450565964e+00
-8.350990919192010864e+00
-8.069386160462091340e+00
-7.729880895471135105e+00
-7.336115538624060406e+00
-6.892238175100318998e+00
-6.402858694588351440e+00
-5.872999374135831729e+00
-5.308042437793901058e+00
-4.713675130161360194e+00
-4.095832845290313884e+00
-3.460640851948747709e+00
-2.814355151235544028e+00
-2.163302993317579137e+00
-1.513823566935264875e+00
-8.722093586484438443e-01
-2.446486589219070140e-01
3.628303305629363429e-01
9.444133591769761082e-01
1.494551557316496915e+00
2.008010061298760363e+00
2.479913490931278552e+00
2.905787969155084305e+00
3.281599405618401910e+00
3.603787799012101445e+00
3.869297346226176160e+00
4.075602179615771092e+00
4.220727586677464060e+00
4.303266599030815875e+00
4.322391869599649716e+00
4.277862788145668560e+00
4.170027815695164009e+00
3.999822047817826132e+00
3.768760045087101496e+00
3.478923996318980194e+00
3.132947306317684699e+00
2.733993724840300565e+00
2.285732157333915993e+00
1.792307320722872355e+00
1.258306429172205032e+00
6.887221153770766158e-01
8.891181259713309970e-02
-5.354461585573488946e-01
-1.178399536587812380e+00
-1.833771819534316672e+00
-2.495214423412366322e+00
-3.156260986560059933e+00
-3.810383492082074941e+00
-4.451049865220884527e+00
-5.071782687397296208e+00
-5.666218653800307870e+00
-6.228168386702495063e+00
-6.751676202122926185e+00
-7.231079413037875270e+00
-7.661066738081420802e+00
-8.036735370632310804e+00
-8.353646249444910410e+00
-8.607877058673928161e+00
-8.796072472446780921e+00
-8.915491147269387184e+00
-8.964048954794392898e+00
-8.940357938165353957e+00
-8.843760467677645565e+00
-8.674358066329595829e+00
-8.433034373510469806e+00
-8.121471716194964330e+00
-7.742160762268476937e+00
-7.298402740757838458e+00
-6.794303729620759569e+00
-6.234760534270845866e+00
-5.625437710161469873e+00
-4.972735321569564881e+00
-4.283747077308359685e+00
-3.566208543597476854e+00
-2.828435205893127691e+00
-2.079250236297089938e+00
-1.327901922354484565e+00
-5.839708277027559902e-01
1.427331138886147599e-01
8.422832212088628978e-01
1.504757888938557997e+00
2.120370911104234146e+00
2.679609401485408604e+00
3.173378187370398784e+00
3.593149315788908282e+00
3.931115058777482574e+00
4.180342195315683185e+00
4.334926326533897978e+00
4.390146808880410312e+00
4.342616694205186256e+00
4.190423620957692386e+00
3.933257886938167580e+00
3.572523684159531143e+00
3.111429290199498432e+00
2.555051904572812838e+00
1.910372810407794830e+00
1.186278648513523493e+00
3.935248298202731476e-01
-4.553425008897920012e-01
-1.346108988029544040e+00
-2.263061390779199211e+00
-3.189205123883409598e+00
-4.106530340064548312e+00
-4.996325614303567697e+00
-5.839536854780325470e+00
-6.617167479107670225e+00
-7.310714185292400025e+00
-7.902630852054468136e+00
-8.376811270429547207e+00
-8.719079596062453419e+00
-8.917675687466740442e+00
-8.963720937255306609e+00
-8.851648896302048541e+00
-8.579584026133243668e+00
-8.149651386743371972e+00
-7.568200069127637875e+00
-6.845923802973979733e+00
-5.997863489262844183e+00
-5.043278488790596370e+00
-4.005376383418995268e+00
-2.910894632252065684e+00
-1.789532051502893184e+00
-6.732332967911704991e-01
4.046645818848486620e-01
1.410408058935815223e+00
2.310903396393987563e+00
3.074864402692029763e+00
3.673996369779326976e+00
4.084174989034139003e+00
4.286574115315868738e+00
4.268692650605062866e+00
4.025228935731588464e+00
3.558751231601055665e+00
2.880115456559026121e+00
2.008586570327297594e+00
9.716280064550257833e-01
-1.956656200168498394e-01
-1.451503787464722528e+00
-2.748698667459677836e+00
-4.036304549312498935e+00
-5.261556480726749641e+00
-6.372046984301214856e+00
-7.318060762505674610e+00
-8.054970081020091044e+00
-8.545579859193567884e+00
-8.762315124760302609e+00
-8.689093861906918903e+00
-8.322749295417171567e+00
-7.673924887361766700e+00
-6.767335433389949806e+00
-5.641322224623738890e+00
-4.346662858474322988e+00
-2.944634377002382397e+00
-1.504371183351023378e+00
-9.960458453045495375e-02
1.195083697781633258e+00
2.308319029812096801e+00
3.176090653791234786e+00
3.745768497522747431e+00
3.979725416159666906e+00
3.858309786358765869e+00
3.381929668509302545e+00
2.572043863365108152e+00
1.470907000753535421e+00
1.399838837423308391e-01
-1.342970159324901269e+00
-2.888075421531540510e+00
-4.398558529827271357e+00
-5.776774204535529478e+00
-6.930663039283197158e+00
-7.780226255482975972e+00
-8.263558875962385031e+00
-8.341973756610251201e+00
-8.003774730927549541e+00
-7.266299795600702716e+00
-6.175954047838428274e+00
-4.806083114015457625e+00
-3.252694001046425143e+00
-1.628201524395356703e+00
-5.355201259088593346e-02
1.350762640584339369e+00
2.474153530034802095e+00
3.225106925541330050e+00
3.539303886008243971e+00
3.385937765957477197e+00
2.771575074136185535e+00
1.741067074812329807e+00
3.752405511216845291e-01
-1.214638075647153981e+00
-2.895340850730830251e+00
-4.522524496613749889e+00
-5.953109200797680245e+00
-7.058149409050345824e+00
-7.735032963618562185e+00
-7.917823943878559589e+00
-7.584657665484919598e+00
-6.761305034167749639e+00
-5.520337581408615968e+00
-3.975721677778905505e+00
-2.273117171198328901e+00
-5.766098358812321578e-01
9.469787613676934335e-01
2.144733822746374585e+00
2.893576205014000813e+00
3.113778907743554036e+00
2.778520870407401588e+00
1.918256304803320766e+00
6.191649113878527899e-01
-9.844476330025302424e-01
-2.723267649526219802e+00
-4.410430160331705096e+00
-5.861575679568383990e+00
-6.915371464191742312e+00
-7.452185937188297693e+00
-7.408688586469445170e+00
-6.786500168232269203e+00
-5.653617066232294874e+00
-4.138124420235689271e+00
-2.414611990876632586e+00
-6.846111360128406265e-01
8.468317452604336992e-01
1.995748070215805470e+00
2.622030675854546189e+00
2.647513793800112758e+00
2.066909046648687465e+00
9.499493770718112629e-01
-5.658585149675947612e-01
-2.291289412592798058e+00
-4.008509313840647792e+00
-5.498487795835348635e+00
-6.569277457310478852e+00
-7.081466967844493254e+00
-6.967341519032030916e+00
-6.240992893042455414e+00
-4.997739544640245057e+00
-3.402611744710411834e+00
-1.669147610772337309e+00
-3.112814279899911440e-02
1.289047680021777165e+00
2.111050789587349819e+00
2.322065015780815145e+00
1.893279952230964902e+00
8.848852268911930885e-01
-5.614154595867253406e-01
-2.241586892116023133e+00
-3.917645419858171607e+00
-5.351341949747961735e+00
-6.338368055261960343e+00
-6.738111008198189644e+00
-6.494519016322871430e+00
-5.644849691282628257e+00
-4.314805159702198800e+00
-2.700568643002028146e+00
-1.040229742459485962e+00
4.212765043327797443e-01
1.468543352033819804e+00
1.947923547915963560e+00
1.790708582598758980e+00
1.023654296703145672e+00
-2.348655782121986668e-01
-1.792618096419753115e+00
-3.412581824644148831e+00
-4.848961058917284461e+00
-5.884660648247450609e+00
-6.364462701409059342e+00
-6.218764480287723551e+00
-5.474163725494523902e+00
-4.249199225979354289e+00
-2.735859012188120332e+00
-1.169695433375391946e+00
2.068171824293365546e-01
1.181968787978667113e+00
1.607647729933344483e+00
1.422174656974922069e+00
6.595536765501650578e-01
-5.563034728545102059e-01
-2.031451403209374007e+00
-3.532724182278282665e+00
-4.824597726854233493e+00
-5.706258003900819276e+00
-6.043008839661496268e+00
-5.787065759021011502e+00
-4.984484147433310142e+00
-3.767187847450240490e+00
-2.331441635932378631e+00
-9.062659769664473952e-01
2.831204864829315326e-01
1.050979203854329747e+00
1.280174201333252437e+00
9.401458144688787932e-01
9.095603192061396669e-02
-1.127126960913178433e+00
-2.516720599935849290e+00
-3.855298486775103228e+00
-4.930854196104293763e+00
-5.575528787239962369e+00
-5.691852500949011073e+00
-5.267485831934967777e+00
-4.376227780900785014e+00
-3.165280307317358321e+00
-1.830957077747001227e+00
-5.868482499752512016e-01
3.703875238777571965e-01
8.921157971129205499e-01
9.007817705121334839e-01
4.013534695451488332e-01
-5.205209825870775742e-01
-1.713172280793020530e+00
-2.983876837727400755e+00
-4.130014752568389902e+00
-4.971374050579710158e+00
-5.378447334279488956e+00
-5.292281387054452502e+00
-4.732850912652875053e+00
-3.794798079601935381e+00
-2.631404082790134602e+00
-1.429512544379054617e+00
-3.795153498492740418e-01
3.547733951575979816e-01
6.615915839179389302e-01
4.981028442795545352e-01
-1.038538232589352184e-01
-1.043864009800531623e+00
-2.169733056478345024e+00
-3.302158565388006561e+00
-4.263273427509117752e+00
-4.904515744839468283e+00
-5.129468757517024358e+00
-4.908180171636484346e+00
-4.280866418550763441e+00
-3.350603884443584590e+00
-2.266334621785734971e+00
-1.198998624647293232e+00
-3.146222180867210838e-01
2.514058325630714741e-01
4.149014805702551101e-01
1.551990136066319081e-01
-4.825520659501925103e-01
-1.395291108720671192e+00
-2.438760034771735530e+00
-3.450305758128371814e+00
-4.274165451410031125e+00
-4.785314449142095583e+00
-4.908248370874454203e+00
-4.627909073359649739e+00
-3.991208343905328526e+00
-3.099125221403133956e+00
-2.090675195965859157e+00
-1.121274198567641101e+00
-3.388697516230414486e-01
1.385082685758365351e-01
2.403909178294965088e-01
-4.590512355626952257e-02
-6.739273125081983729e-01
-1.545707666620489196e+00
-2.527095288088832437e+00
-3.468396189500608795e+00
-4.227146992406266790e+00
-4.689567812354813903e+00
-4.787480790246483764e+00
-4.508200586345679994e+00
-3.895987135346249186e+00
-3.044931855344236826e+00
-2.084432252188213042e+00
-1.159504891061432286e+00
-4.089323903134938210e-01
5.546987921944213085e-02
1.653843936671646198e-01
-9.410482033010625358e-02
-6.826483643271943347e-01
-1.511011339966101374e+00
-2.454675163231590851e+00
-3.372579129704827317e+00
-4.128178889243208971e+00
-4.609683569656622737e+00
-4.746484513619263268e+00
-4.519378675427773828e+00
-3.963126738873841148e+00
-3.161028275678861466e+00
-2.232373753690054752e+00
-1.314672849861437731e+00
-5.433095209303733242e-01
-3.162982197079866609e-02
1.456192795431512366e-01
-3.690451427244179072e-02
-5.516331606516018393e-01
-1.322348663170635596e+00
-2.235538716684798644e+00
-3.157146984213214935e+00
-3.952243307575867171e+00
-4.504730880657384695e+00
-4.734220924144945997e+00
-4.607635123314070213e+00
-4.143876364199915230e+00
-3.410923464970062824e+00
-2.515807144163669129e+00
-1.588952734991404103e+00
-7.651823783519560163e-01
-1.641408380033819725e-01
1.270209250982192728e-01
6.620917020429661903e-02
-3.376009536750119722e-01
-1.025752274916936546e+00
-1.898468503107259231e+00
-2.829338078578190085e+00
-3.683615855087942315e+00
-4.337696702741570931e+00
-4.696953904768946586e+00
-4.709378251920359304e+00
-4.373061750956917848e+00
-3.736455601918858616e+00
-2.891371898418110042e+00
-1.959740910330654451e+00
-1.076032004804788222e+00
-3.678681930349516627e-01
6.237687318071039044e-02
1.523518128368244184e-01
-1.112563416872713873e-01
-6.907632132794070401e-01
-1.502872491292272183e+00
-2.430637466950000825e+00
-3.340284295457135677e+00
-4.100481370480074439e+00
-4.601283886134259760e+00
-4.770024850795508087e+00
-4.581858254099219430e+00
-4.063425279636944332e+00
-3.289101308728075157e+00
-2.370348764077886639e+00
-1.439695399069317983e+00
-6.316361943400823353e-01
-6.320686167974542968e-02
1.829677941733152124e-01
7.069610409730309186e-02
-3.844382938027579577e-01
-1.117205982677828002e+00
-2.022047839439323091e+00
-2.968252709101130815e+00
-3.818819529023234516e+00
-4.450287029431969188e+00
-4.770662635109035321e+00
-4.732845795832474778e+00
-4.341583468363210407e+00
-3.652925417800941599e+00
-2.766231122525465214e+00
-1.809861810067222132e+00
-9.226133476734221794e-01
-2.335734088502383621e-01
1.566733937097799512e-01
1.907529465959005854e-01
-1.370336817670789742e-01
-7.797426888744081186e-01
-1.644483565971252670e+00
-2.605828186681451442e+00
-3.523999497968000050e+00
-4.265201806549866248e+00
-4.721132857563394403e+00
-4.824827661619897512e+00
-4.560511095705819251e+00
-3.966005129346259483e+00
-3.127321036098102081e+00
-2.166208848822650967e+00
-1.222468253935402149e+00
-4.335953065485667057e-01
8.526599732954620592e-02
2.581379856169996323e-01
5.932927649899477629e-02
-4.827692725795618145e-01
-1.289772215066053995e+00
-2.244677497980351877e+00
-3.208875293993312283e+00
-4.042305274669304893e+00
-4.623821093607142885e+00
-4.868793229981168480e+00
-4.741388436399154749e+00
-4.259745305314558195e+00
-3.493304834507416246e+00
-2.552700356616136812e+00
-1.573697964200758914e+00
-6.975374350274108348e-01
-5.053491024912304397e-02
2.740987196271578163e-01
2.296067374528352190e-01
-1.777000074929402373e-01
-8.894837492386147293e-01
-1.803883713542516976e+00
-2.790220002044856873e+00
-3.707753037683329200e+00
-4.425789401523850586e+00
-4.842254255475840097e+00
-4.898093957083683669e+00
-4.585490051530669575e+00
-3.948764575540983923e+00
-3.077904647822850226e+00
-2.095680449304628379e+00
-1.140226348256041522e+00
-3.455753151221796493e-01
1.771017906390590646e-01
3.549294917851799624e-01
1.633062765746418066e-01
-3.709123742874369523e-01
-1.173404693389663578e+00
-2.132923521450418747e+00
-3.116863229152671888e+00
-3.989652328290549832e+00
-4.631409449968998615e+00
-4.954297021084419939e+00
-4.914356288698826347e+00
-4.517254926705749796e+00
-3.817230115281858183e+00
-2.909445596909980392e+00
-1.916871811077458521e+00
-9.735237703260146702e-01
-2.063568852152011246e-01
2.817312167846783844e-01
4.255282652793224152e-01
2.059831448022095834e-01
-3.475385088018385638e-01
-1.161444965731202483e+00
-2.127923930811279618e+00
-3.119372903830739396e+00
-4.005302505180607042e+00
-4.669465654324067572e+00
-5.024969873461880177e+00
-5.025427034088721712e+00
-4.670739602700131776e+00
-4.006838826595518377e+00
-3.119481944389157047e+00
-2.122978716175843772e+00
-1.145354911426641475e+00
-3.118930192774314047e-01
2.708323584571088460e-01
5.284021331714865433e-01
4.278105599737807019e-01
-1.858544161454522836e-02
-7.548596726099190413e-01
-1.688760667559213058e+00
-2.703437852600993896e+00
-3.672137910616489087e+00
-4.474013390414494751e+00
-5.009075448617045012e+00
-5.210456777834121311e+00
-5.052507515453852349e+00
-4.553777863862588760e+00
-3.774576082952636469e+00
-2.809462938900755269e+00
-1.775663155521337577e+00
-7.987866441898485714e-01
2.390917300246098165e-03
5.302451594364261389e-01
7.200069748188804297e-01
5.474728828914572354e-01
3.183160567743570368e-02
-7.666937853595652275e-01
-1.754071214883220708e+00
-2.813663177414226002e+00
-3.820058808509408710e+00
-4.653888421934126107e+00
-5.215874536359223157e+00
-5.438478571763614156e+00
-5.293797422052474388e+00
-4.796812046242706629e+00
-4.003637078841209451e+00
-3.005001775726630520e+00
-1.915741041705698589e+00
-8.615283649848444192e-01
3.561034699352783051e-02
6.713349090461657731e-01
9.709770490808025123e-01
8.981156555733389446e-01
4.587788101092069581e-01
-2.991877620296510276e-01
-1.291496835635465024e+00
-2.406916852788592465e+00
-3.519806431612900521e+00
-4.504267485974641438e+00
-5.248324261380618694e+00
-5.666540418697858073e+00
-5.709667636403970903e+00
-5.370255343539981574e+00
-4.683603659957265464e+00
-3.723959920794608358e+00
-2.596385525258809501e+00
-1.425193195186777118e+00
-3.402312472996655845e-01
5.374730077399130224e-01
1.109130032287700907e+00
1.309188681153924616e+00
1.112709754454729971e+00
5.382985712330783379e-01
-3.537322227168508970e-01
-1.467777993150297000e+00
-2.683244756457538571e+00
-3.867624231002714019e+00
-4.890923309077865433e+00
-5.639880430028728853e+00
-6.030421437870304047e+00
-6.016995038299047138e+00
-5.597762745621776226e+00
-4.815064250354813780e+00
-3.751088534189530144e+00
-2.519199099913976614e+00
-1.251832701652536795e+00
-8.626427137867231920e-02
8.502339496689943488e-01
1.454239343568112464e+00
1.657532196844954342e+00
1.434717176188804011e+00
8.062704695391991194e-01
-1.633421342719367786e-01
-1.372302841470105950e+00
-2.692149673614686822e+00
-3.981427907216039230e+00
-5.100835813064778179e+00
-5.928246204027449728e+00
-6.371988563755413004e+00
-6.380952823535888996e+00
-5.950407326326429214e+00
-5.122875664740503154e+00
-3.983942333571925509e+00
-2.653399843296665672e+00
-1.272652231953191659e+00
1.030214885154201454e-02
1.056716356210375629e+00
1.752075899472750997e+00
2.018601357689321141e+00
1.823911557724996690e+00
1.184886675496521491e+00
1.662770344146906609e-01
-1.125837432736531252e+00
-2.555079448620626525e+00
-3.969153810783215164e+00
-5.216060746031333295e+00
-6.160420111975001944e+00
-6.698156140297305328e+00
-6.767952425836403663e+00
-6.358218713551830881e+00
-5.508780817548638353e+00
-4.307063740534958995e+00
-2.879126769991371404e+00
-1.376465234682561434e+00
4.004318673304529952e-02
1.217349791292092753e+00
2.026765125771969878e+00
2.378024653452078141e+00
2.229353509293740210e+00
1.592408883471628123e+00
5.315182311058412878e-01
-8.427606714633719687e-01
-2.385120416547968247e+00
-3.930838750954867677e+00
-5.313353481360493902e+00
-6.382205456129787180e+00
-7.019418448095929186e+00
-7.152533165885017752e+00
-6.762854905804355887e+00
-5.887975810910676344e+00
-4.618241041066632135e+00
-3.087478933265325853e+00
-1.458938644870021673e+00
9.209286500576485679e-02
1.397147587689293147e+00
2.312880612541973413e+00
2.736833307852067243e+00
2.618920990130761517e+00
1.967355249204461032e+00
8.483007554993622357e-01
-6.207612612709407784e-01
-2.283307604174982686e+00
-3.960410804719050049e+00
-5.469976718491224688e+00
-6.646516732848083642e+00
-7.359308485279477452e+00
-7.526950924325294778e+00
-7.126690492484089035e+00
-6.197447391945452466e+00
-4.836146279410325377e+00
-3.187682108418253168e+00
-1.429550488250069584e+00
2.472338272905600931e-01
1.658883118427679548e+00
2.648995829721071615e+00
3.105916553967579929e+00
2.975367144686907217e+00
2.266916354204584039e+00
1.053515341259458893e+00
-5.359212970844626778e-01
-2.330146144300330846e+00
-4.133988114839522332e+00
-5.749566381418711458e+00
-6.998005632052264779e+00
-7.739269288625160392e+00
-7.887908961612404291e+00
-7.422954720373557080e+00
-6.390797614811782879e+00
-4.900676486975681811e+00
-3.113193046117717078e+00
-1.223053335230115612e+00
5.621159448475672171e-01
2.044574657556475827e+00
3.058394931332409250e+00
3.488071882617234998e+00
3.281727829450629130e+00
2.457395882715764479e+00
1.101620333711358146e+00
-6.395445548415430448e-01
-2.576211624278836432e+00
-4.495337784313722551e+00
-6.184152981176454844e+00
-7.453765310990366544e+00
-8.160321559520337331e+00
-8.221348777492263338e+00
-7.625415712503696319e+00
-6.433978658225836256e+00
-4.775135859891097567e+00
-2.829913521184784564e+00
-8.125447466492097259e-01
1.053113831476601092e+00
2.558432403524521170e+00
3.533364936581064875e+00
3.865694197173660029e+00
3.513982186926444484e+00
2.512727347142331702e+00
9.690878375609202067e-01
-9.485323650929429196e-01
-3.028825174680592092e+00
-5.040853258872600051e+00
-6.759694715539089849e+00
-7.991607867983541169e+00
-8.595897123088537484e+00
-8.501007807809777717e+00
-7.713004976302550553e+00
-6.315430311118014117e+00
-4.460489926014604478e+00
-2.352497366789723543e+00
-2.253713120437663697e-01
1.683332750372110276e+00
3.158971195297884726e+00
4.033970345896025655e+00
4.206870880480635400e+00
3.654090927357380281e+00
2.433041470010629759e+00
6.761869617494618012e-01
-2.297309849272533455e+00
