6.958424225654118445e-01
3.372945466449936092e+00
5.508430069826987463e+00
6.939752439515980420e+00
7.575245832828653825e+00
7.395766725689612464e+00
6.449855126145940254e+00
4.843681359563372979e+00
2.727335420085073459e+00
2.791064539041987480e-01
-2.310674641020340925e+00
-4.854859629004794286e+00
-7.182693559954836715e+00
-9.150263516839995503e+00
-1.064777588434180799e+01
-1.160356603057462266e+01
-1.198501058819518050e+01
-1.179671817018440905e+01
-1.107651400682792797e+01
-9.889809089728093028e+00
-8.322961565443472765e+00
-6.476207377265818188e+00
-4.456670345077591300e+00
-2.371871219425881527e+00
-3.240522388524376129e-01
1.594471657836275647e+00
3.304823550751629924e+00
4.743914024539917840e+00
5.865679284841749386e+00
6.641313768064905254e+00
7.058641870803783469e+00
7.120796001016384658e+00
6.844376466458615305e+00
6.257265226247162637e+00
5.396252931170898215e+00
4.304619649595726294e+00
3.029786708410897589e+00
1.621132347638050586e+00
1.280391841618149229e-01
-1.401781813477374516e+00
-2.923667038788109629e+00
-4.397069741552718014e+00
-5.786331976373649155e+00
-7.061178906117635989e+00
-8.196963385681659275e+00
-9.174693867677953918e+00
-9.980881261180410746e+00
-1.060724086472633942e+01
-1.105028432234132296e+01
-1.131083413659425574e+01
-1.139349000002528811e+01
-1.130607241253190054e+01
-1.105906502054522278e+01
-1.066507307197960586e+01
-1.013831150366193512e+01
-9.494132591049821102e+00
-8.748599876341074832e+00
-7.918112296998295108e+00
-7.019080079122289817e+00
-6.067652032839188081e+00
-5.079492366729050801e+00
-4.069603990398225513e+00
-3.052194456416559731e+00
-2.040580159257501691e+00
-1.047124113152708924e+00
-8.320252792634086347e-02
8.408045500540239914e-01
1.715503103630100057e+00
2.532459848458916696e+00
3.284165813821242175e+00
3.963992520697467548e+00
4.566144149384584239e+00
5.085608767199827795e+00
5.518111381651169545e+00
5.860071302605104115e+00
6.108566041757454990e+00
6.261303749216904357e+00
6.316605982307964773e+00
6.273402414885098644e+00
6.131238917623138995e+00
5.890300258896242092e+00
5.551448476634893936e+00
5.116277735010009486e+00
4.587186183065606215e+00
3.967464948420767357e+00
3.261403896375680844e+00
2.474413127251666289e+00
1.613158332557618646e+00
6.857070404269105524e-01
-2.983185918997675046e-01
-1.327588479101322161e+00
-2.388915717816541218e+00
-3.467072072691990137e+00
-4.544653067209761588e+00
-5.602066170490890507e+00
-6.617620137917135104e+00
-7.567736773790755045e+00
-8.427307872436090364e+00
-9.170218305778625734e+00
-9.770052319539951569e+00
-1.020099359808576267e+01
-1.043892013578530609e+01
-1.046268210912635865e+01
-1.025553468401934865e+01
-9.806678225802297533e+00
-9.112836322244003640e+00
-8.179778506602511712e+00
-7.023671290339996709e+00
-5.672120423186924221e+00
-4.164752136528014681e+00
-2.553174932009189657e+00
-9.001699561985967435e-01
7.220192278296058142e-01
2.234384559496905176e+00
3.554862892657598472e+00
4.602996261610059037e+00
5.305379370744621070e+00
5.601614920929145036e+00
5.450378199437186488e+00
4.835082613843781907e+00
3.768553397452353515e+00
2.296075184134790170e+00
4.961980301049133679e-01
-1.521219489955811355e+00
-3.620073284432927974e+00
-5.646263646434995565e+00
-7.438878068379227493e+00
-8.843671097348998700e+00
-9.727815432570778853e+00
-9.994551197320433289e+00
-9.596113372657438134e+00
-8.543228143426357946e+00
-6.909585182061857012e+00
-4.830042659926711224e+00
-2.491898781823430387e+00
-1.193076839248905507e-01
2.048043865477950476e+00
3.780028797108304417e+00
4.882326360913754826e+00
5.220730490778380251e+00
4.740322616699723213e+00
3.476627723195261588e+00
1.556618882057620112e+00
-8.114403738403774824e-01
-3.358940214986382067e+00
-5.786800354091992560e+00
-7.801053827687373321e+00
-9.149866785447612116e+00
-9.657180160081514586e+00
-9.248251594480432658e+00
-7.963148935428031372e+00
-5.955646883883680687e+00
-3.476852504508228137e+00
-8.449937159319695912e-01
1.595148187137331419e+00
3.518005922885003578e+00
4.662011726238198150e+00
4.867040502013696646e+00
4.098899485939778486e+00
2.456873359747994812e+00
1.626288127182777821e-01
-2.468559783381427675e+00
-5.070668034241777811e+00
-7.278060242945821656e+00
-8.777684409312634273e+00
-9.354711911905777555e+00
-8.924759826557815856e+00
-7.547646714249215627e+00
-5.420266424941448946e+00
-2.849239044137883425e+00
-2.070517013042865173e-01
2.122038238347596639e+00
3.798407687464493421e+00
4.577372551464854666e+00
4.345785802195175407e+00
3.139300585193676163e+00
1.137538954819990789e+00
-1.362266060558380065e+00
-3.989312586753936962e+00
-6.354400007147594565e+00
-8.107944085357548403e+00
-8.992089182266692404e+00
-8.879045231489776313e+00
-7.789862493821084755e+00
-5.890831790140059532e+00
-3.468102130952148698e+00
-8.844148840008561052e-01
1.475446336929576940e+00
3.262211661538215957e+00
4.214002720450891637e+00
4.194769148859854191e+00
3.213616049139045749e+00
1.422291414497649953e+00
-9.085776795336573119e-01
-3.430719995136457978e+00
-5.770567592332424667e+00
-7.584774460567231813e+00
-8.610601823145861644e+00
-8.703756040075047551e+00
-7.858251561010381359e+00
-6.205633572068133041e+00
-3.994002144153306233e+00
-1.550259115801502441e+00
7.685913339801344613e-01
2.627762717797105907e+00
3.762920725391878385e+00
4.017387672280182009e+00
3.363133602699250879e+00
1.902845168088916239e+00
-1.468315969411255750e-01
-2.488062058396458553e+00
-4.785559471692470090e+00
-6.714794319340633422e+00
-8.007712668579696214e+00
-8.489539008289662902e+00
-8.101677815662258197e+00
-6.907830533331168255e+00
-5.082888809516771467e+00
-2.886592581838474558e+00
-6.260110837327610422e-01
1.387661385908191658e+00
2.881881851157328533e+00
3.659241094829088325e+00
3.622833508154699622e+00
2.787367816107971130e+00
1.274914320301433257e+00
-7.036976292672838529e-01
-2.878915688357635005e+00
-4.959579710787297202e+00
-6.671962416251642658e+00
-7.795501641433421725e+00
-8.190608973323321607e+00
-7.815144641467936637e+00
-6.727754943903491380e+00
-5.078047049282641723e+00
-3.085286194856774244e+00
-1.008722396395361987e+00
8.863833884032854549e-01
2.362563204456053612e+00
3.239492893505744320e+00
3.415330052989661525e+00
2.877622412702158350e+00
1.702768062103741542e+00
4.447466268575128723e-02
-1.886988287654577157e+00
-3.851883495461737361e+00
-5.610917533511684319e+00
-6.954234592712129626e+00
-7.726013833343770010e+00
-7.841858717911276422e+00
-7.297142582246484821e+00
-6.165626984856521275e+00
-4.588851596894972573e+00
-2.757864590664754534e+00
-8.896998245569816000e-01
7.984750643310727369e-01
2.114461656806956746e+00
2.912516372223071137e+00
3.108880644567012297e+00
2.689791695977698183e+00
1.711327048082659452e+00
2.913846496618335280e-01
-1.405027794932694807e+00
-3.185319934554061483e+00
-4.851327606275116722e+00
-6.221287629209733439e+00
-7.149366839818740438e+00
-7.540696974790946250e+00
-7.360436906155923609e+00
-6.636088035232502236e+00
-5.453044716105873491e+00
-3.944085820382109198e+00
-2.274130429546307397e+00
-6.220301743560188168e-01
8.385860975440730947e-01
1.957378121474993016e+00
2.622424748935119787e+00
2.770947725054385913e+00
2.394666856038899283e+00
1.539411059263088966e+00
2.992095133179430988e-01
-1.194361089357619754e+00
-2.786346600619377334e+00
-4.314567178110692680e+00
-5.626071890980823831e+00
-6.592246419439959482e+00
-7.121114900322151442e+00
-7.165703553724378949e+00
-6.727758286664714760e+00
-5.856585609171008677e+00
-4.643267674177948834e+00
-3.210941717566982767e+00
-1.702191452873344835e+00
-2.648425118246704457e-01
9.624327607587983557e-01
1.863319434985111656e+00
2.354644249195225747e+00
2.393774360505342536e+00
1.982009950696691725e+00
1.163742101445477406e+00
2.154883415581343442e-02
-1.332223921615838691e+00
-2.766536569151586189e+00
-4.144303948248664327e+00
-5.335409063879113845e+00
-6.228833465253575952e+00
-6.742807559139563978e+00
-6.832093751813905769e+00
-6.491793903866439841e+00
-5.757397521819524577e+00
-4.701126225535309011e+00
-3.424954222287367678e+00
-2.050967588053255408e+00
-7.099456288165935103e-01
4.708073197254694087e-01
1.379293673255852504e+00
1.929328064457559222e+00
2.068766091954028497e+00
1.784665763653562109e+00
1.104853617983224012e+00
9.567384647219068228e-02
-1.143962754924195968e+00
-2.491769688345874201e+00
-3.813736572367171895e+00
-4.977199380366455372e+00
-5.864106009306674139e+00
-6.383179276107313171e+00
-6.479725427822963901e+00
-6.142007923938044733e+00
-5.403396665306012814e+00
-4.339892522514578133e+00
-3.063084403455799354e+00
-1.709079389726743337e+00
-4.244067965465019299e-01
6.497171253864011398e-01
1.393114479076637213e+00
1.720612376086914530e+00
1.592592380236469207e+00
1.020750370111603189e+00
6.816140537108106301e-02
-1.156646707173311750e+00
-2.511216118312487922e+00
-3.835185793494282347e+00
-4.969112942224583662e+00
-5.773926055055312645e+00
-6.148629687743961902e+00
-6.043950081714575262e+00
-5.469982414888633571e+00
-4.496553218635488847e+00
-3.245883320493849755e+00
-1.878129273241571306e+00
-5.713695702495893425e-01
5.015509921489567091e-01
1.196330245714377849e+00
1.417483342348914821e+00
1.132632765410106490e+00
3.785379073468986277e-01
-7.423624892003810594e-01
-2.074823488014097883e+00
-3.431637942573441791e+00
-4.619759386152159308e+00
-5.468089845192238840e+00
-5.852886764125512009e+00
-5.716903286585484523e+00
-5.079143948690090227e+00
-4.033413206979824750e+00
-2.735485683612556507e+00
-1.380492526341436044e+00
-1.737198815294789256e-01
7.008167936153419930e-01
1.109140557243607272e+00
9.887924063557820276e-01
3.594107335653142776e-01
-6.795470699511791945e-01
-1.963858966558353014e+00
-3.290188706121783380e+00
-4.448350369994686915e+00
-5.255017738300150398e+00
-5.583361825230113595e+00
-5.383679164264603578e+00
-4.691505743702170328e+00
-3.621769986902738214e+00
-2.349878058073574305e+00
-1.082842243315956132e+00
-2.526736949108343566e-02
6.541048063869787654e-01
8.496907643252469278e-01
5.356653282984153996e-01
-2.308168753197721301e-01
-1.320157247535838518e+00
-2.552636992072137012e+00
-3.728584809426997104e+00
-4.661187634940598734e+00
-5.206414055275535802e+00
-5.285155491159601482e+00
-4.894152650641552249e+00
-4.104280459118117008e+00
-3.046941155449927496e+00
-1.891273229879772755e+00
-8.162899956834714921e-01
1.730256482339775914e-02
4.910623744705548965e-01
5.449535172846942110e-01
1.835833775685098423e-01
-5.278128968449606884e-01
-1.476316238419728366e+00
-2.520549758432644616e+00
-3.512763499417554502e+00
-4.320202316913325902e+00
-4.842620241278915216e+00
-5.023701223506852109e+00
-4.855303226789682292e+00
-4.374641136926869400e+00
-3.655564183757486596e+00
-2.795817586545616518e+00
-1.902528772925286438e+00
-1.078122851963692730e+00
-4.085111179747591414e-01
4.518483660287708759e-02
2.507882298211785432e-01
2.051706853745156600e-01
-6.909358811713506299e-02
-5.295786626260803320e-01
-1.121216736899850019e+00
-1.783727394945363365e+00
-2.458335984941230290e+00
-3.093132338586847663e+00
-3.646727506119135320e+00
-4.090149312756347300e+00
-4.407142680801763746e+00
-4.593190647110136027e+00
-4.653645275162752171e+00
-4.601364251838710118e+00
-4.454205727711174845e+00
-4.232660079981963364e+00
-3.957810702091359545e+00
-3.649731112507043296e+00
-3.326352562579291572e+00
-3.002780306583900494e+00
-2.690999306108368572e+00
-2.399890062840713156e+00
-2.135469451046513978e+00
-1.901276029917035482e+00
-1.698830519092540570e+00
-1.528116560592733819e+00
-1.388041944796143845e+00
-1.276854325636310517e+00
-1.192497007028153533e+00
-1.132899166957355597e+00
-1.096200856760143560e+00
-1.080916516857070908e+00
-1.086041992458253391e+00
-1.111109588460881703e+00
-1.156194062256535204e+00
-1.221870101995357505e+00
-1.309119263011722989e+00
-1.419182049024465986e+00
-1.553349396670236970e+00
-1.712687904618838353e+00
-1.897695485001269500e+00
-2.107889507815408514e+00
-2.341338731724990296e+00
-2.594163943103696468e+00
-2.860050373587607719e+00
-3.129836924024224309e+00
-3.391271013053260841e+00
-3.629039795611902264e+00
-3.825202800238948431e+00
-3.960149846259065853e+00
-4.014181962195984887e+00
-3.969752246949324714e+00
-3.814300745224167066e+00
-3.543470884365335749e+00
-3.164313728431933370e+00
-2.697894253840690038e+00
-2.180553412931489632e+00
-1.663011255552063972e+00
-1.206591371967851378e+00
-8.761727655804347759e-01
-7.300702829831848817e-01
-8.078863266726923342e-01
-1.118349579531187743e+00
-1.630034451528330930e+00
-2.268311535453792604e+00
-2.921546245376103634e+00
-3.458143083611989965e+00
-3.753459081323378133e+00
-3.722207452104857595e+00
-3.348559544774591501e+00
-2.703986598221844506e+00
-1.943374415867577198e+00
-1.274133581082424138e+00
-9.009140998257765265e-01
-9.585096960929677667e-01
-1.454284575422819525e+00
-2.244632838065835134e+00
-3.063823750592802764e+00
-3.607089351268762734e+00
-3.646616932328885063e+00
-3.137862498540755940e+00
-2.265690175417294672e+00
-1.394458768121769721e+00
-9.238114232644545343e-01
-1.100259490936932316e+00
-1.872340840830613917e+00
-2.876992042001567995e+00
-3.593424591236213494e+00
-3.612271128338114590e+00
-2.885206962960372046e+00
-1.799091527835483761e+00
-9.929118547634825376e-01
-9.851246500024701813e-01
-1.822314577861390505e+00
-2.992919116206166130e+00
-3.715272571152071546e+00
-3.460034230152849055e+00
-2.362465351149129589e+00
-1.193390750609115925e+00
-8.370882700365807061e-01
-1.609964954041373408e+00
-2.948771842809845278e+00
-3.785994595460683065e+00
-3.398482011474165176e+00
-2.062212501157297595e+00
-9.031162896697091380e-01
-9.641675464088748093e-01
-2.242374300117883745e+00
-3.600106369111991000e+00
-3.752331724755095799e+00
-2.502372246824233759e+00
-1.025270297693097854e+00
-7.937960873575640175e-01
-2.092618413918279074e+00
-3.631551945033051787e+00
-3.795346824680854603e+00
-2.357977139140619904e+00
-8.271645169985339940e-01
-8.915595085629597349e-01
-2.533896684648842879e+00
-3.940199498037119774e+00
-3.482363912363422465e+00
-1.634631112830427613e+00
-5.365379041735873766e-01
-1.524187854684014631e+00
-3.465759146401206081e+00
-4.015334853346527844e+00
-2.454169716338745477e+00
-6.713710414002449500e-01
-9.063562706551895332e-01
-2.913746318402350433e+00
-4.166577098186186490e+00
-3.027862225900461723e+00
-9.215139771729052853e-01
-5.845719760498977458e-01
-2.501423066061896794e+00
-4.179230301101798162e+00
-3.375893329633795403e+00
-1.117034125446730419e+00
-4.130810951722549973e-01
-2.243885231395869706e+00
-4.175322148771234865e+00
-3.586296564779008378e+00
-1.236844348998258791e+00
-3.005778166572745658e-01
-2.074944664741591893e+00
-4.177958611787089716e+00
-3.747570708635268311e+00
-1.339017615446806087e+00
-2.030129394656028374e-01
-1.892290681535274466e+00
-4.150856325013680959e+00
-3.944411928260374456e+00
-1.531672828219357019e+00
-1.121131088323745750e-01
-1.568997199657312880e+00
-3.999595788473145674e+00
-4.239618298688582421e+00
-1.976225413875126513e+00
-1.023755769700067653e-01
-9.862345706800250689e-01
-3.516245915505129993e+00
-4.567388989184451020e+00
-2.871680984118655466e+00
-4.778463005982189760e-01
-2.067683610135886418e-01
-2.347245076514663964e+00
-4.444873591794285872e+00
-4.176779242604140130e+00
-1.875228742444911667e+00
-1.192246094101534482e-02
-4.930713721895307877e-01
-2.777895723133027239e+00
-4.600391441372937429e+00
-4.265973916672031407e+00
-2.153132982905878734e+00
-1.723169291021018346e-01
2.476782147492473385e-02
-1.635681547406514280e+00
-3.789001327221654059e+00
-4.843557727077792308e+00
-4.142930934985367131e+00
-2.261498120077932494e+00
-4.323617525542260420e-01
3.102082906391725459e-01
-3.266545992984184466e-01
-1.895741525155779428e+00
-3.595723883762523165e+00
-4.722225923455344976e+00
-4.940690847320482249e+00
-4.314698388743654078e+00
-3.164488103820577436e+00
-1.877674800296160296e+00
-7.649194293059025096e-01
4.146269398719315546e-03
3.959230118152454736e-01
4.703833111828950031e-01
3.312777981877745859e-01
8.727159817922647278e-02
-1.701491214517849571e-01
-3.743291473028103056e-01
-4.823670616073520989e-01
-4.711864493818764821e-01
-3.353969619849923589e-01
-9.004011610475481930e-02
2.204654928857645579e-01
5.087586551132257107e-01
6.339996118399859881e-01
4.102711940059324824e-01
-3.424861065513222780e-01
-1.685282020892088450e+00
-3.400407543552139700e+00
-4.881303834838492506e+00
-5.259954015801170613e+00
-3.937870671209496187e+00
-1.371562207485561125e+00
6.208240524108350478e-01
-1.096694688194066458e-03
-3.110798629699411677e+00
-5.380356877456434539e+00
-3.579543867920009781e+00
1.915984348058401565e-01
-3.758226090456284751e-02
-4.325528969130399304e+00
-4.722684247093227761e+00
-4.674193990784081265e-02
-4.189531936576056381e-01
-5.271683608409873045e+00
-2.555879525718287582e+00
7.949088355544042805e-01
-4.561294810907803310e+00
-3.169373101373562207e+00
8.043755602747579836e-01
-5.100095874239274352e+00
-1.675561182582768982e+00
-5.088421421841948789e-01
-5.479203400101211763e+00
8.979154129659625561e-01
-4.463496924495816032e+00
-1.638155167605137352e+00
-1.471262956384501885e+00
-4.312206508570072927e+00
5.129577686687420979e-01
-5.554238117121411022e+00
1.140533739999041174e+00
-5.758436762738210035e+00
1.104607667193740816e+00
-5.626113717642395429e+00
9.731562937190716411e-01
-5.551243633529480803e+00
9.775993901765054339e-01
-5.633134335773323897e+00
1.117538256791906548e+00
-5.800196212634834758e+00
1.274884225862695786e+00
-5.910756940147221528e+00
1.307111467729157095e+00
-5.843945187836443900e+00
1.135482520730433986e+00
-5.578699420116727481e+00
8.043657576127603015e-01
-5.223185557317213679e+00
4.750744885589024413e-01
-4.974375301480218781e+00
3.587713138213022290e-01
-5.033846644354840194e+00
6.197172579302314688e-01
-5.490187913342818860e+00
1.210051865062200527e+00
-6.062881073787549369e+00
1.483603552251685276e+00
-5.609732309601551670e+00
-1.972854008192670427e-01
-2.387668503305969026e+00
-4.579252791792601585e+00
1.529802066984827569e+00
-5.328947496840507725e+00
-2.707025850419583879e+00
1.407091505139170806e+00
-4.709804401494643855e+00
-5.004475534321315422e+00
6.304212211864479443e-01
8.377360318026720876e-01
-3.609609798272612302e+00
-6.250943338508283986e+00
-5.468151772350722695e+00
-3.318430164479766020e+00
-1.582915482841694699e+00
-7.841369268673972215e-01
-6.054595948076169076e-01
-1.873830776885720972e-01
6.435626029792733682e-01
1.396411714873140308e+00
1.786664608047786373e+00
1.848736352313457232e+00
1.644322228906454075e+00
1.243992727881791271e+00
7.161444679992108320e-01
1.204132487952387365e-01
-4.953258579395365402e-01
-1.095429154676015093e+00
-1.655399064612648186e+00
-2.160012001362903611e+00
-2.601199127004139910e+00
-2.976016608962122056e+00
-3.284885214376053408e+00
-3.530170626812224377e+00
-3.715108635744239329e+00
-3.843043188924386122e+00
-3.916930324093421234e+00
-3.939059047078342424e+00
-3.910945234959895878e+00
-3.833362470552997614e+00
-3.706481736976164676e+00
-3.530098604128935946e+00
-3.303931161276731920e+00
-3.027974222997439124e+00
-2.702895310949573027e+00
-2.330455861592157341e+00
-1.913937467148987048e+00
-1.458548303859316775e+00
-9.717799476211159693e-01
-4.636803442521340024e-01
5.299430934251736502e-02
5.627866802792125256e-01
1.047739762812938569e+00
1.487821549688276956e+00
1.861590895821868763e+00
2.147107233874093524e+00
2.323067451173736586e+00
2.370130840513959392e+00
2.272369146238783166e+00
2.018755419730761780e+00
1.604585152912052504e+00
1.032708649910136334e+00
3.144474274081421328e-01
-5.299281852121915382e-01
-1.471266653876122987e+00
-2.472225537733080181e+00
-3.488621320400072889e+00
-4.471425437127193092e+00
-5.369336954356581870e+00
-6.131804794873211506e+00
-6.712318937629316196e+00
-7.071746394214442510e+00
-7.181459388799437349e+00
-7.025994498545942157e+00
-6.604995441768828357e+00
-5.934229591221719780e+00
-5.045527678140462768e+00
-3.985573713005001295e+00
-2.813561915237587030e+00
-1.597831795164854629e+00
-4.116828961435077261e-01
6.713515857613070459e-01
1.582435890196321360e+00
2.262200577617011099e+00
2.664982312473683557e+00
2.762199132285821257e+00
2.544586697064498360e+00
2.023106422503688329e+00
1.228438990662791053e+00
2.090874997931395640e-01
-9.717763280255924396e-01
-2.240491515721510396e+00
-3.517803140898512204e+00
-4.724111885361893748e+00
-5.784694261199254228e+00
-6.634519446176956770e+00
-7.222327812264456526e+00
-7.513700746540041386e+00
-7.492934882049510747e+00
-7.163628638909470325e+00
-6.547986696999887890e+00
-5.684940564947249975e+00
-4.627263593911903783e+00
-3.437920944498537246e+00
-2.185935398821341025e+00
-9.420668613224312260e-01
2.254026756999718550e-01
1.254513746058456114e+00
2.092882463730973086e+00
2.700196907221481979e+00
3.049854664651518554e+00
3.129703897110282185e+00
2.941911491697016601e+00
2.502035655998247954e+00
1.837423557641566951e+00
9.850853943961470627e-01
-1.078618308547740767e-02
-1.101477777433628624e+00
-2.236431684811660769e+00
-3.365787599687434017e+00
-4.442664468463386918e+00
-5.425086575790823318e+00
-6.277489424217839620e+00
-6.971772357949920007e+00
-7.487894168757986080e+00
-7.814033531994913240e+00
-7.946356965019806040e+00
-7.888452477109758831e+00
-7.650497036896505954e+00
-7.248230653964496284e+00
-6.701809793459887032e+00
-6.034608769691974572e+00
-5.272030576771701504e+00
-4.440379236533269491e+00
-3.565835077156908284e+00
-2.673563221790015820e+00
-1.786974668886970097e+00
-9.271492477409939426e-01
-1.124208464734777202e-01
6.418820989282565392e-01
1.323553666665019168e+00
1.923502053354570585e+00
2.435635349027688079e+00
2.856662358333338148e+00
3.185829397530810958e+00
3.424613081996700892e+00
3.576387466353494915e+00
3.646081732710359624e+00
3.639842147108872439e+00
3.564709399138783930e+00
3.428319853385833227e+00
3.238636790395454490e+00
3.003715484303180361e+00
2.731504010250495718e+00
2.429680027661321517e+00
2.105522454381354436e+00
1.765815923484975514e+00
1.416785178259693190e+00
1.064056081715802460e+00
7.126396597962720847e-01
3.669355247774341855e-01
3.075109968833356078e-02
-2.926667497875805601e-01
-6.005908050723418601e-01
-8.907661208574442213e-01
-1.161358662368925820e+00
-1.410902082749426967e+00
-1.638244433955726720e+00
-1.842496290770448519e+00
-2.022981483730671215e+00
-2.179191388075705227e+00
-2.310743504661286085e+00
-2.417344895519255132e+00
-2.498760899891537601e+00
-2.554789453353524031e+00
-2.585241259167981198e+00
-2.589926012595101579e+00
-2.568644850163487092e+00
-2.521189181052067241e+00
-2.447346050478863777e+00
-2.346910178723871532e+00
-2.219702807225154562e+00
-2.065597457880353538e+00
-1.884552665915403047e+00
-1.676651672924621028e+00
-1.442148957536778742e+00
-1.181523329389433163e+00
-8.955371110909196020e-01
-5.853006769064419412e-01
-2.523413018079203596e-01
1.013251018360445954e-01
4.731212195650869035e-01
8.598368947541041862e-01
1.257561905772697664e+00
1.661626425179146604e+00
2.066553208780360862e+00
2.466026127327614503e+00
2.852880163388201495e+00
3.219118404859076854e+00
3.555961820603219969e+00
3.853937641049801854e+00
4.103011919515102690e+00
4.292771247238236221e+00
4.412657565780465418e+00
4.452258498985084856e+00
4.401653559403038152e+00
4.251813936656592574e+00
3.995050341575542951e+00
3.625499591768242880e+00
3.139636360720160724e+00
2.536791909312066551e+00
1.819656875801323181e+00
9.947405868550016628e-01
7.275520697110282597e-02
-9.311102298094802165e-01
-1.997062807113919813e+00
-3.100762761408995427e+00
-4.213599412762540908e+00
-5.303215892491841998e+00
-6.334304486358925956e+00
-7.269682961613149530e+00
-8.071647396443598410e+00
-8.703579009618351847e+00
-9.131761838680427346e+00
-9.327345735137654970e+00
-9.268366308662113084e+00
-8.941711800556259249e+00
-8.344908361302032063e+00
-7.487582039769387521e+00
-6.392450246538344594e+00
-5.095699721272040961e+00
-3.646623983975691985e+00
-2.106422174392914570e+00
-5.461035292436344779e-01
9.565031386497633292e-01
2.320569669878209673e+00
3.466779859695114041e+00
4.322317253878456000e+00
4.826042458675924074e+00
4.933511236033317537e+00
4.621441176952593821e+00
3.891216985543898055e+00
2.771038845332451928e+00
1.316369612630424957e+00
-3.915733971778430078e-01
-2.249409071695871010e+00
-4.137233899526023606e+00
-5.926101931801610156e+00
-7.486942836307569848e+00
-8.700338581897415935e+00
-9.466428768439620001e+00
-9.714111997505579410e+00
-9.408673554498408365e+00
-8.557011502443792494e+00
-7.209761168838982215e+00
-5.459830808643447497e+00
-3.437148381747625159e+00
-1.299760615916871753e+00
7.782082877527942699e-01
2.620875700551640541e+00
4.066029860874247781e+00
4.980286149515548821e+00
5.272493876900224308e+00
4.903969877677183398e+00
3.894343216191148649e+00
2.322150884640160839e+00
3.198018549990604420e-01
-1.936916311032486071e+00
-4.244033864844743320e+00
-6.388005232752966833e+00
-8.166007304805566136e+00
-9.405880353348308631e+00
-9.983633828201659455e+00
-9.836661514065390577e+00
-8.971181488070467225e+00
-7.462975997005847795e+00
-5.451183918932117400e+00
-3.125621428365637389e+00
-7.087959107012993254e-01
1.565642805422514883e+00
3.475867018345214277e+00
4.833924992777174801e+00
5.504623492601967705e+00
5.419285205020757168e+00
4.582943235448198038e+00
3.074205191223744471e+00
1.037772227657389301e+00
-1.329646864621733648e+00
-3.798610305680711896e+00
-6.129464118785221238e+00
-8.095844215166794200e+00
-9.506808459910923048e+00
-1.022540285871585297e+01
-1.018184373286531397e+01
-9.380055118369513778e+00
-7.896977147216127868e+00
-5.874785422004862312e+00
-3.506858872730765686e+00
-1.018934577871448255e+00
1.352665304537303381e+00
3.383597476111639857e+00
4.882677804156036139e+00
5.709677978412707411e+00
5.788101668435273517e+00
5.111814218585251091e+00
3.745004724140019725e+00
1.815597261376806770e+00
-2.298377959033481410e+00
