-6.194713412782171247e+00
-5.899576675707110418e+00
-5.654261297020886978e+00
-5.478578171311863088e+00
-5.386705735042358612e+00
-5.386047644566192005e+00
-5.476638297487540719e+00
-5.651143715342304752e+00
-5.895457210386202185e+00
-6.189841273892439766e+00
-6.510523116158298151e+00
-6.831614799827373297e+00
-7.127202866369956702e+00
-7.373438842362135759e+00
-7.550462097231917191e+00
-7.644000181180562237e+00
-7.646517883361598322e+00
-7.557822699011957468e+00
-7.385078235581842954e+00
-7.142224788080802966e+00
-6.848854034187034756e+00
-6.528628705232632612e+00
-6.207374656311155370e+00
-5.910999057009328261e+00
-5.663402350354797221e+00
-5.484552072697961300e+00
-5.388873564601189159e+00
-5.384087088438965552e+00
-5.470584955535222171e+00
-5.641398839439490942e+00
-5.882759998002247137e+00
-6.175207452190070612e+00
-6.495155097775840325e+00
-6.816791791939823320e+00
-7.114161623887035546e+00
-7.363257002213841496e+00
-7.543956047000254017e+00
-7.641648162084679008e+00
-7.648416600387198727e+00
-7.563682335038601323e+00
-7.394256776758688865e+00
-7.153798378165997285e+00
-6.861716189267982102e+00
-6.541607939981340714e+00
-6.219357668393697303e+00
-5.921045747080389887e+00
-5.670839635605982920e+00
-5.489035648269377177e+00
-5.390410279355270617e+00
-5.383015068129862080e+00
-5.467513542187415254e+00
-5.637115263117603803e+00
-5.878113887136127147e+00
-6.170987305801282297e+00
-6.491972286784875479e+00
-6.814987292206511782e+00
-7.113748475196320697e+00
-7.363907611661751673e+00
-7.545038290098052158e+00
-7.642308325605476682e+00
-7.647701215580489986e+00
-7.560685569581726106e+00
-7.388275955442916043e+00
-7.144477939411747691e+00
-6.849160276392495028e+00
-6.526444148575091475e+00
-6.202739213396130324e+00
-5.904585710815160482e+00
-5.656478522855174162e+00
-5.478851432363541996e+00
-5.386387605739739293e+00
-5.386796427450570413e+00
-5.480159269320123983e+00
-5.658900581079636893e+00
-5.908389569580420719e+00
-6.208125855508365376e+00
-6.533414118127419457e+00
-6.857391868168558169e+00
-7.153244550372916066e+00
-7.396425723359498328e+00
-7.566698558807603447e+00
-7.649828586922801321e+00
-7.638785480267013206e+00
-7.534351520608114861e+00
-7.345083027983987378e+00
-7.086624484338317487e+00
-6.780428955334161678e+00
-6.451988226156370132e+00
-6.128717637733203105e+00
-5.837670401986229329e+00
-5.603271598878079907e+00
-5.445261698203706757e+00
-5.377023194145712282e+00
-5.404433008226615875e+00
-5.525340165970199280e+00
-5.729716393849980882e+00
-6.000470993151702181e+00
-6.314865320748573652e+00
-6.646411165469763738e+00
-6.967095604903197348e+00
-7.249746172154972967e+00
-7.470336911511058275e+00
-7.610039428723494481e+00
-7.656843211462679655e+00
-7.606604761247644397e+00
-7.463432593837445950e+00
-7.239371011271842349e+00
-6.953405052767212879e+00
-6.629867155934411116e+00
-6.296377826871372818e+00
-5.981493536144535383e+00
-5.712261512312521994e+00
-5.511890677354179147e+00
-5.397739660960070296e+00
-5.379797169085911435e+00
-5.459788991304189487e+00
-5.630992980538263915e+00
-5.878782868683828156e+00
-6.181858936085359524e+00
-6.514063743052164845e+00
-6.846629571590370666e+00
-7.150665477587248020e+00
-7.399669423595033990e+00
-7.571846980337186395e+00
-7.652033101540776094e+00
-7.633046392672723890e+00
-7.516353434308375547e+00
-7.311980045514069104e+00
-7.037671812278386341e+00
-6.717372091216470054e+00
-6.379146249181474104e+00
-6.052730730275139415e+00
-5.766920143272686872e+00
-5.547021709692383951e+00
-5.412602468334980266e+00
-5.375730713784278691e+00
-5.439871141464355020e+00
-5.599536595562550900e+00
-5.840733022859576629e+00
-6.142164006780585161e+00
-6.477093299246596381e+00
-6.815704169430657267e+00
-7.127748568344223656e+00
-7.385251325874335748e+00
-7.565027553282709150e+00
-7.650785996337124750e+00
-7.634626219938830616e+00
-7.517790288970291002e+00
-7.310595498589717245e+00
-7.031547914254693055e+00
-6.705710482776430226e+00
-6.362467586663631991e+00
-6.032883894428222149e+00
-5.746893985076972911e+00
-5.530576777293046753e+00
-5.403763421126382305e+00
-5.378199224105919996e+00
-5.456431671457070642e+00
-5.631531845934456548e+00
-5.887681284283216243e+00
-6.201577293865208063e+00
-6.544534200136319591e+00
-6.885092889684724327e+00
-7.191902474965485403e+00
-7.436610613154579497e+00
-7.596495743316774352e+00
-7.656595861116644031e+00
-7.611132754865830741e+00
-7.464094056008441669e+00
-7.228912357631403829e+00
-6.927264041650722071e+00
-6.587092643471225806e+00
-6.240034891867694000e+00
-5.918485034075308349e+00
-5.652569118893207900e+00
-5.467311919542582110e+00
-5.380263788590451846e+00
-5.399814066751075892e+00
-5.524355227765409992e+00
-5.742383345425020380e+00
-6.033532932066655086e+00
-6.370455882402923820e+00
-6.721373512137193806e+00
-7.053065256280551587e+00
-7.334013890224674093e+00
-7.537409584346693947e+00
-7.643725698994291662e+00
-7.642617313366438125e+00
-7.533955766369580864e+00
-7.327893316407347868e+00
-7.043943890780175465e+00
-6.709160120281199013e+00
-6.355574418283883809e+00
-6.017144257905126636e+00
-5.726491859733148004e+00
-5.511751115060675055e+00
-5.393827205485693277e+00
-5.384337375209379495e+00
-5.484437881644902646e+00
-5.684658118219924283e+00
-5.829866445728532298e+00
-6.247412946506536002e+00
-6.691410199875906351e+00
-7.118592710994430917e+00
-7.487179938339458829e+00
-7.760973059071970326e+00
-7.912931662719027592e+00
-7.927875008256402900e+00
-7.804035166556284153e+00
-7.553299830110105972e+00
-7.200110255143029825e+00
-6.779112307500825274e+00
-6.331782861294345643e+00
-5.902357428947253126e+00
-5.533457339186000468e+00
-5.261848434912887562e+00
-5.114754300014394239e+00
-5.107095802934486173e+00
-5.239939850136317467e+00
-5.500322090978863265e+00
-5.862472371580597752e+00
-6.290331408380344769e+00
-6.741116479476053414e+00
-7.169586175484255364e+00
-7.532580550169310385e+00
-7.793381222582741685e+00
-7.925449839802099383e+00
-7.915161978717422997e+00
-7.763251660236555551e+00
-7.484809707407274360e+00
-7.107824561241330663e+00
-6.670402296686271271e+00
-6.216938396246565190e+00
-5.793623328368885161e+00
-5.443735627066842220e+00
-5.203202178001530065e+00
-5.096882555274691029e+00
-5.135964266248245202e+00
-5.316745261940631018e+00
-5.620939933708516634e+00
-6.017489124483627272e+00
-6.465699316234398530e+00
-6.919397180432080852e+00
-7.331677683860355010e+00
-7.659758503786905592e+00
-7.869437938600514215e+00
-7.938690029890171473e+00
-7.860016071101284751e+00
-7.641297751090770696e+00
-7.305051197372164573e+00
-6.886147377631345101e+00
-6.428225433588312221e+00
-5.979164601603637053e+00
-5.586082547885721894e+00
-5.290382022481150415e+00
-5.123367440931349215e+00
-5.102897712379360406e+00
-5.231436526254204189e+00
-5.495716904417043303e+00
-5.868067944161889926e+00
-6.309275937192266426e+00
-6.772688032292792037e+00
-7.209131897381133136e+00
-7.572134124720693471e+00
-7.822883607494459213e+00
-7.934408338488085022e+00
-7.894513360655553313e+00
-7.707156118772170217e+00
-7.392100019828509616e+00
-6.982870360644730212e+00
-6.523219429529133251e+00
-6.062469859675913675e+00
-5.650229470730414150e+00
-5.331043031637418217e+00
-5.139558202081365046e+00
-5.096732380247559036e+00
-5.207499056596406994e+00
-5.460157618835645543e+00
-5.827565646867049587e+00
-6.270017356759690408e+00
-6.739507174771530273e+00
-7.184923724440852588e+00
-7.557613942757855696e+00
-7.816711706290215389e+00
-7.933645897312963768e+00
-7.895327765925769015e+00
-7.705658144490513450e+00
-7.385176696120398177e+00
-6.968878382866579457e+00
-6.502424570371535317e+00
-6.037155300402712754e+00
-5.624445195227862015e+00
-5.310022675999313435e+00
-5.128881468460130932e+00
-5.101352950668736952e+00
-5.230783716535110983e+00
-5.503087906421173514e+00
-5.888237319850643914e+00
-6.343536775576454012e+00
-6.818331605534822870e+00
-7.259631162525871595e+00
-7.618025451535523018e+00
-7.853234041984339164e+00
-7.938662283913465068e+00
-7.864446293077905992e+00
-7.638633958799162293e+00
-7.286356309032704814e+00
-6.847069007935569829e+00
-6.370162284009468046e+00
-5.909424398370549447e+00
-5.516977371857530343e+00
-5.237368390191505796e+00
-5.102488036386315429e+00
-5.127897857478032506e+00
-5.310994059911564591e+00
-5.631228399390595385e+00
-6.052374545670554440e+00
-6.526594673577433170e+00
-6.999853455504460698e+00
-7.418069034084799895e+00
-7.733301502038361086e+00
-7.909269813155988871e+00
-7.925559787325913597e+00
-7.780031507184046013e+00
-7.489137892383993744e+00
-7.086104688307964139e+00
-6.617168340264261595e+00
-6.136293867121500156e+00
-5.698973600918338711e+00
-5.355818371696584812e+00
-5.146681905391050194e+00
-5.096002705607054928e+00
-5.209911262624377315e+00
-5.475449192562654943e+00
-5.862003683069702653e+00
-6.324803370390378987e+00
-6.810080384482695592e+00
-7.261306115803205508e+00
-7.625778739230676173e+00
-7.860794450387495580e+00
-7.938677876938768918e+00
-7.850075918871110225e+00
-7.605118981006370404e+00
-7.232301338994023610e+00
-6.775199493956947094e+00
-6.287402528911113286e+00
-5.826241497316020812e+00
-5.446050251752375004e+00
-5.191750111521286293e+00
-5.093517559242476622e+00
-5.163170899966579519e+00
-5.392712367758535130e+00
-5.755209549005937397e+00
-6.207923759595007418e+00
-6.697325791580665211e+00
-7.165413082908274944e+00
-7.556584127957481023e+00
-7.824255223833317174e+00
-7.936430552000454774e+00
-7.879556780780173852e+00
-7.660194205176400040e+00
-7.304294515836102342e+00
-6.854160156179424312e+00
-6.363437968416903345e+00
-5.890737102619888255e+00
-5.492629211504981512e+00
-5.216867105546310945e+00
-5.096636271712209343e+00
-5.146533883980896285e+00
-5.360765892955348555e+00
-5.713788476347903433e+00
-6.163327014995020114e+00
-6.655418997708106410e+00
-7.130881512362518215e+00
-7.532429203839583920e+00
-7.811586354040622737e+00
-7.934557594065132946e+00
-7.886343805932703788e+00
-7.672598839871310084e+00
-7.318993936931661892e+00
-6.868157661882966281e+00
-6.374553358293617578e+00
-5.897907858123680569e+00
-5.495983576454207764e+00
-5.217569097301064218e+00
-5.096540297335925729e+00
-5.147717210518515607e+00
-5.365026129009361711e+00
-5.722197715232065995e+00
-6.175923856767284725e+00
-6.671096087350597337e+00
-7.147493287461381684e+00
-7.547107443415166372e+00
-7.821215699779153319e+00
-7.936335066098918034e+00
-7.878329953902750482e+00
-7.654166276350819587e+00
-7.291092117899842684e+00
-6.833339139589313938e+00
-6.336742520851445626e+00
-6.015245906421530897e+00
-5.712857135074537851e+00
-5.508549976638793311e+00
-5.427345768309377760e+00
-5.479227433468837560e+00
-5.657902488946774611e+00
-5.941557898786263614e+00
-6.295517257951077639e+00
-6.676477187974991345e+00
-7.037805459122181695e+00
-7.335252217660011453e+00
-7.532374058249333260e+00
-7.605005046975010785e+00
-7.544225090663257305e+00
-7.357460076594788845e+00
-7.067577380207575644e+00
-6.710086371821232021e+00
-6.328787120892756413e+00
-5.970401458722746746e+00
-5.678845273145679329e+00
-5.489844877565955628e+00
-5.426557899375916705e+00
-5.496735642917110809e+00
-5.691774542823730521e+00
-5.987772450528917823e+00
-6.348459596346323508e+00
-6.729644326477439265e+00
-7.084628267180307581e+00
-7.369927110374371537e+00
-7.550596524642456231e+00
-7.604511094041288999e+00
-7.525072528940158989e+00
-7.322015946494548011e+00
-7.020215969668587519e+00
-6.656639258343469479e+00
-6.275816900859495284e+00
-5.924391127582230965e+00
-5.645403946318062971e+00
-5.473026743588133236e+00
-5.428375838873026105e+00
-5.516926062045741652e+00
-5.727838917361123272e+00
-6.035287706832992427e+00
-6.401617697803143159e+00
-6.781954143098516852e+00
-7.129696184548098614e+00
-7.402227313673375164e+00
-7.566142128176967852e+00
-7.601346963440231086e+00
-7.503528909587866558e+00
-7.284687465617708746e+00
-6.971661310291268343e+00
-6.602829899456147622e+00
-6.223394598205901573e+00
-5.879824271114651779e+00
-5.614152885132626558e+00
-5.458831513702190108e+00
-5.432767120030472796e+00
-5.539032159360917085e+00
-5.764521411389124772e+00
-6.081591588918394464e+00
-6.451475194842962502e+00
-6.829043042429725041e+00
-7.168326466879568315e+00
-7.428120331723631509e+00
-7.576982005852150870e+00
-7.597019614971680213e+00
-7.486014740810548851e+00
-7.257631054963454176e+00
-6.939695338327727114e+00
-6.570771920873762717e+00
-6.195457126038538043e+00
-5.858972057670251310e+00
-5.601712139485651498e+00
-5.454411290117644029e+00
-5.434498501057229092e+00
-5.544075545513914349e+00
-5.769745457457914561e+00
-6.084296942569547895e+00
-6.450027381524138903e+00
-6.823293276356019454e+00
-7.159734725998423421e+00
-7.419546104893203875e+00
-7.572166477718580424e+00
-7.599839147289348062e+00
-7.499629970865782980e+00
-7.283681073074399492e+00
-6.977687463886058872e+00
-6.617793539669317937e+00
-6.246289821110686979e+00
-5.906626400741053828e+00
-5.638333216296953054e+00
-5.472440828453066786e+00
-5.427929604675893138e+00
-5.509608923482759657e+00
-5.707656928331651613e+00
-5.998856098553244642e+00
-6.349363493510475465e+00
-6.718679678657043297e+00
-7.064346838614040003e+00
-7.346829053917337760e+00
-7.534014077752019034e+00
-7.604826633178801920e+00
-7.551551336571785455e+00
-7.380615510671275636e+00
-7.111760308102089922e+00
-6.775712065098999481e+00
-6.410633799083020001e+00
-6.057770576649411431e+00
-5.756787659515479660e+00
-5.541328187093354174e+00
-5.435285575247474021e+00
-5.450199384405044256e+00
-5.584052741159788447e+00
-5.821589797653206055e+00
-6.136101397686696046e+00
-6.492465126923467444e+00
-6.851090000917158918e+00
-7.172320714396604124e+00
-7.420811421280105513e+00
-7.569388510747407040e+00
-7.601983833483764386e+00
-7.515326669913615198e+00
-7.319222039873587882e+00
-7.035399058834936881e+00
-6.695068748186830732e+00
-6.335469162632358930e+00
-5.995782225586190783e+00
-5.712870277711295408e+00
-5.517294856297541017e+00
-5.430044810717609138e+00
-5.460320047167385837e+00
-5.604600275734794579e+00
-5.847088087066442341e+00
-6.161467746040651505e+00
-6.513781086895229500e+00
-6.866104579085771320e+00
-7.180629143035923256e+00
-7.423704922645672610e+00
-7.569420608424596963e+00
-7.602339733841311009e+00
-7.519108574270159551e+00
-7.328771754604520794e+00
-7.051769374130806511e+00
-6.717728799938996076e+00
-6.362290667626861129e+00
-6.023308965778038981e+00
-5.736829110085613692e+00
-5.533269237996242929e+00
-5.434206659968626951e+00
-5.450106206866846215e+00
-5.579227144154856433e+00
-5.807820965474361330e+00
-6.111596755078800847e+00
-6.458298035052298935e+00
-6.811118843489031072e+00
-7.132599213757960577e+00
-7.388590251707594092e+00
-7.551871757017175391e+00
-7.605041526303213395e+00
-7.542371363331524137e+00
-7.370432581233650637e+00
-7.107422307179887433e+00
-6.781257932826402879e+00
-6.426636528879154042e+00
-6.081365518011103255e+00
-5.782348931494038169e+00
-5.561651887548483053e+00
-5.443060284577408758e+00
-5.439503357215962787e+00
-5.551618461973393259e+00
-5.767619070171282836e+00
-6.064490481347136530e+00
-6.410397273828971620e+00
-6.768056622747842255e+00
-7.098726085826633003e+00
-7.366384708011161742e+00
-7.541660213516790279e+00
-7.605076107793738771e+00
-7.549259309510190086e+00
-7.379855260013164830e+00
-7.115032815868062244e+00
-6.783611824456742490e+00
-6.421996378430862684e+00
-6.070230261202577360e+00
-5.767593283819872241e+00
-5.548216250226009727e+00
-5.437200617495101973e+00
-5.447684196041294058e+00
-5.579199761168851524e+00
-5.817538018244186482e+00
-6.136163539668053168e+00
-6.499059125622511424e+00
-6.864709376282228881e+00
-7.190796762673706155e+00
-7.439089576318237640e+00
-7.579963109384093123e+00
-7.596019846311767409e+00
-7.484361185694755392e+00
-7.257205042441857046e+00
-7.015481818113144641e+00
-6.582124798203111027e+00
-6.139453819465266804e+00
-5.741282024367740711e+00
-5.436826709734744689e+00
-5.264560472762870091e+00
-5.247201941491661970e+00
-5.388506840622427241e+00
-5.672332323069138482e+00
-6.064183663620001496e+00
-6.515148215762460282e+00
-6.967811623636436913e+00
-7.363474998224933898e+00
-7.649787412014043220e+00
-7.787807621220734333e+00
-7.757533184323083475e+00
-7.561089848025787319e+00
-7.223047682165507410e+00
-6.787694106699909469e+00
-6.313503874605764565e+00
-5.865448298387522463e+00
-5.506123163946229582e+00
-5.286894044028758621e+00
-5.240318977556664315e+00
-5.374991397576666330e+00
-5.673655125371354302e+00
-6.095008867206853864e+00
-6.579094687032701394e+00
-7.055625981255000845e+00
-7.454136384280363181e+00
-7.714498961544456357e+00
-7.796236031130304056e+00
-7.685147774260936870e+00
-7.396131220828095820e+00
-6.971601234143300907e+00
-6.475588222499214730e+00
-5.984274630597031575e+00
-5.574334000300884107e+00
-5.310849203900542825e+00
-5.236731338688432658e+00
-5.365398242848663735e+00
-5.678011308655657174e+00
-6.125871900219694410e+00
-6.637749005380126022e+00
-7.131081455161601745e+00
-7.525312301546465577e+00
-7.755194107003223536e+00
-7.781836521697720777e+00
-7.599579009775732530e+00
-7.237424051079349496e+00
-6.754659646070075851e+00
-6.231287237028887205e+00
-5.754781926923184798e+00
-5.405382591055428065e+00
-5.242413442724771500e+00
-5.294010675515094633e+00
-5.552078687611635033e+00
-5.973417483151366447e+00
-6.486896629013873650e+00
-7.005489310096560729e+00
-7.441113703099879295e+00
-7.719717249605244191e+00
-7.793979379357296011e+00
-7.651415309984774815e+00
-7.316467690965564152e+00
-6.846230572758805089e+00
-6.320570711736491987e+00
-5.828391968380453925e+00
-5.452452923437840937e+00
-5.255378173553443055e+00
-5.269263005553618484e+00
-5.490608960894413748e+00
-5.881370203696477894e+00
-6.375815194252743900e+00
-6.891910031000140435e+00
-7.345184894532996722e+00
-7.662678060515013101e+00
-7.794615139392872649e+00
-7.721947240293705050e+00
-7.458642105851171600e+00
-7.048548420432284800e+00
-6.557566558782660593e+00
-6.062601524026976385e+00
-5.639227485120473560e+00
-5.350098029094377594e+00
-5.235896841107171795e+00
-5.310104311616802519e+00
-5.558164320149865389e+00
-5.940900842756009936e+00
-6.401381265650489816e+00
-6.873952515215952630e+00
-7.293947467941735319e+00
-7.606586353029161529e+00
-7.773850947407468404e+00
-7.778524360702524731e+00
-7.625083032174567066e+00
-7.337614140450898326e+00
-6.955330439087705763e+00
-6.526532548333578099e+00
-6.102017211086859128e+00
-5.728862596145496866e+00
-5.445336502466779471e+00
-5.277416324179638352e+00
-5.237127048294596854e+00
-5.322640968089165980e+00
-5.519873629706239626e+00
-5.805173498056470649e+00
-6.148642243616766478e+00
-6.517630907829710551e+00
-6.880019020228496984e+00
-7.206979708798251671e+00
-7.475044532621018867e+00
-7.667390381805121002e+00
-7.774364842758441085e+00
-7.793338316850699776e+00
-7.728017933360534997e+00
-7.587380727081515452e+00
-7.384385135841199599e+00
-7.134605595058466143e+00
-6.854910324106160857e+00
-6.562272460531793250e+00
-6.272773824158565326e+00
-6.000832018867006568e+00
-5.758657406049144889e+00
-5.555927777990413041e+00
-5.399655547526803545e+00
-5.294214564203533868e+00
-5.241490490427514359e+00
-5.241119055809551064e+00
-5.290777981283067533e+00
-5.386495014768765799e+00
-5.522954077166984277e+00
-5.693796789486111898e+00
-5.891911916885496758e+00
-6.109707151570391126e+00
-6.339359943518012130e+00
-6.573045799018762736e+00
-6.803143669390919968e+00
-7.022418822566414143e+00
-7.224184006509125844e+00
-7.402439850125539067e+00
-7.551995373009280144e+00
-7.668569251583402746e+00
-7.748872170587919328e+00
-7.790670223612575995e+00
-7.792828957166173964e+00
-7.755337317503230743e+00
-7.679310491915284587e+00
-7.566970466533891937e+00
-7.421603077288731143e+00
-7.247490431877961825e+00
-7.049817846033387347e+00
-6.834554878758554608e+00
-6.608310673194966789e+00
-6.378164608265034730e+00
-6.151474227035504505e+00
-5.935663505035221554e+00
-5.737995717151297193e+00
-5.565336403695845924e+00
-5.423913160422489277e+00
-5.319080107715308259e+00
-5.255095845713459113e+00
-5.234924384083496030e+00
-5.260068856244204838e+00
-5.330447702449394143e+00
-5.444322361382679887e+00
-5.598284293539945722e+00
-5.787307347865208840e+00
-6.004869087833700547e+00
-6.243141768158050553e+00
-6.493250297760813083e+00
-6.745590884142685262e+00
-6.990200317685472342e+00
-7.217162246949127002e+00
-7.417033571164940220e+00
-7.581272730153624018e+00
-7.702646378025392870e+00
-7.775585487284796926e+00
-7.796476311113373470e+00
-7.763870694638220549e+00
-7.678602809239055915e+00
-7.543803640822234868e+00
-7.364809427193407032e+00
-7.148965463888240279e+00
-6.905332006324086613e+00
-6.644304100438083616e+00
-6.377161789726349284e+00
-6.115571010577411037e+00
-5.871058373890328141e+00
-5.654484764169987798e+00
-5.475543154690519110e+00
-5.342305195480321345e+00
-5.260839009043015935e+00
-5.234917327624270200e+00
-5.265830792237807145e+00
-5.352316130959968277e+00
-5.490603309433141455e+00
-5.674579895880331293e+00
-5.896065113710758254e+00
-6.145180668754828268e+00
-6.463072797160316796e+00
-6.598821834360112604e+00
-6.730840959198312490e+00
-6.853246158092730411e+00
-6.960595977979469495e+00
-7.048136629278285881e+00
-7.112014208056704589e+00
-7.149444395254962892e+00
-7.158832122083648386e+00
-7.139836153601555324e+00
-7.093376208013766338e+00
-7.021582961392256017e+00
-6.927693950632597186e+00
-6.815900853200012044e+00
-6.691155775985283327e+00
-6.558945931870093560e+00
-6.425047349100264427e+00
-6.295268998942038507e+00
-6.175198922232731036e+00
-6.069963593228632881e+00
-5.984010912950350480e+00
-5.920925930054342423e+00
-5.883286720050872276e+00
-5.872565902763077439e+00
-5.889081142033111504e+00
-5.931995753842972618e+00
-5.999368351457112780e+00
-6.088248375620021413e+00
-6.194812481268949789e+00
-6.314535153513107346e+00
-6.442385662860505846e+00
-6.573042583416060403e+00
-6.701116610272660701e+00
-6.821372327576344929e+00
-6.928939883419552359e+00
-7.019508192701254146e+00
-7.089492271743993435e+00
-7.136168555178171502e+00
-7.157773494798397529e+00
-7.153562327667826182e+00
-7.123826668372257309e+00
-7.069871311043102402e+00
-6.993951679976789571e+00
-6.899174907371471654e+00
-6.789368974712214566e+00
-6.668925494557999656e+00
-6.542622611826719670e+00
-6.415435142472355246e+00
-6.292339425248270501e+00
-6.178120432310387322e+00
-6.077188470632414408e+00
-5.993412322693824734e+00
-5.929974945217496796e+00
-5.889256900786273619e+00
-5.872751577881894391e+00
-5.881015004657374590e+00
-5.913651728726136092e+00
-5.969336869559682235e+00
-6.045873102022611079e+00
-6.140280047820375842e+00
-6.248912381580213449e+00
-6.367601940498871294e+00
-6.491818295385100690e+00
-6.616841623681042783e+00
-6.737941340769826759e+00
-6.850553805089649728e+00
-6.950452516987208007e+00
-7.033904573828451134e+00
-7.097807709275940624e+00
-7.139803009784360555e+00
-7.158359336434151565e+00
-7.152826549759933705e+00
-7.123455799451575032e+00
-7.071386357045613913e+00
-6.998599693956350620e+00
-6.907842695579213377e+00
-6.802523012607048614e+00
-6.686580544166528917e+00
-6.564339889423846941e+00
-6.440349266091788927e+00
-6.319211853548442726e+00
-6.205415760128846436e+00
-6.103168831421160512e+00
-6.016244309906606524e+00
-5.947842934728122977e+00
-5.900476449983319327e+00
-5.875876693860183408e+00
-5.874933498388219988e+00
-5.897663574804600017e+00
-5.943211430581778920e+00
-6.009882201537308788e+00
-6.095205127697150616e+00
-6.196025295837450209e+00
-6.308620254170175023e+00
-6.428837211516552408e+00
-6.552245796120793386e+00
-6.674300793997759662e+00
-6.790508932925122032e+00
-6.896593638260798187e+00
-6.988651765492374324e+00
-7.063296608852544622e+00
-7.117781984869298029e+00
-7.150102876482776537e+00
-7.159068972825417987e+00
-7.144348421595678289e+00
-7.106480190095234128e+00
-7.046854568864677759e+00
-6.967662507713733078e+00
-6.871815606344402028e+00
-6.762839650000571190e+00
-6.644745546123012048e+00
-6.521882345881173215e+00
-6.398777694550001449e+00
-6.279971522749148605e+00
-6.169849049120339046e+00
-6.072479204071512093e+00
-5.991464401592443423e+00
-5.929807187628993503e+00
-5.889798692657503665e+00
-5.872933033850875617e+00
-5.879850876128312365e+00
-5.910314304689570974e+00
-5.963214022142647508e+00
-6.036608702042166819e+00
-6.127795150321003526e+00
-6.233406789705284723e+00
-6.349536931415766361e+00
-6.471882372104897918e+00
-6.595902086624474414e+00
-6.716985207882942177e+00
-6.830622116104453134e+00
-6.932572316109870236e+00
-7.019022869538058984e+00
-7.086731467531835804e+00
-7.133148768179002452e+00
-7.156515363639440963e+00
-7.155929658541940519e+00
-7.131384001362217617e+00
-7.083767575990888687e+00
-7.014835789254889598e+00
-6.927147136749766787e+00
-6.823969747887958626e+00
-6.709160956100297390e+00
-6.587024268477682298e+00
-6.462148981570739359e+00
-6.339238372746583750e+00
-6.222932862357709816e+00
-6.117634771723072795e+00
-6.027341284909506491e+00
-5.955491956988690383e+00
-5.904836605563218654e+00
-5.877328692739371974e+00
-5.874048376768397972e+00
-5.895158319406689884e+00
-5.939894116345961095e+00
-6.006589918684881013e+00
-6.092738481729192301e+00
-6.195083563546860184e+00
-6.309741349668712473e+00
-6.432346450105177915e+00
-6.558217044575707533e+00
-6.682532980060511107e+00
-6.800520082919629061e+00
-6.907633658895081297e+00
-6.999734131946405036e+00
-7.073248020656878410e+00
-7.125307962168338172e+00
-7.153866251356181039e+00
-7.157777340666599208e+00
-7.136845908353461887e+00
-7.091838406880777157e+00
-7.024457400123727879e+00
-6.937279434650768017e+00
-6.833658611564195517e+00
-6.717599375801263761e+00
-6.593603266211284009e+00
-6.466495423048825408e+00
-6.341237486820035407e+00
-6.222734108643398265e+00
-6.115640601759965378e+00
-6.024179281392858520e+00
-5.951971761886537315e+00
-5.901893913601685249e+00
-5.875959346466109956e+00
-5.875236212285248172e+00
-5.899800843609649625e+00
-5.948730321228807405e+00
-6.020134539900833026e+00
-6.111226781949416598e+00
-6.218430272320432550e+00
-6.337516737879005824e+00
-6.463771686827162632e+00
-6.592180014824863932e+00
-6.717624679206634752e+00
-6.835090598933917683e+00
-6.939865662163411386e+00
-7.027730770084115619e+00
-7.095131216764153592e+00
-7.139322388911868877e+00
-7.807282205982386536e+00
