-2.097148637217954859e-01
3.030131635857471473e-01
7.823296192594497711e-01
1.212883425495204337e+00
1.580887885250505498e+00
1.874561911363794131e+00
2.084506894252773357e+00
2.204007162219352445e+00
2.229244440251812787e+00
2.159419471037934635e+00
1.996776937215304137e+00
1.746532921311851005e+00
1.416707260150464442e+00
1.017866193818345533e+00
5.627835782767149908e-01
6.603153359497848651e-02
-4.564863465051001157e-01
-9.880442655287799969e-01
-1.511629664177862153e+00
-2.010487687539976420e+00
-2.468657255893930369e+00
-2.871481591301232150e+00
-3.206076876302430101e+00
-3.461744066897179728e+00
-3.630310706229808115e+00
-3.706391829430885743e+00
-3.687561641898042364e+00
-3.574430509881100448e+00
-3.370624832100759249e+00
-3.082670467327892183e+00
-2.719783476052950899e+00
-2.293574896048522049e+00
-1.817679017181934364e+00
-1.307317062641274230e+00
-7.788102439253704601e-01
-2.490577698834471887e-01
2.650034955349735988e-01
7.469404516965736374e-01
1.181348952473183944e+00
1.554345991362553914e+00
1.854013162057223330e+00
2.070777238015109045e+00
2.197715728182035200e+00
2.230777666659885750e+00
2.168912604970436586e+00
2.014103709937631770e+00
1.771303934314023554e+00
1.448277323231405678e+00
1.055350548515584297e+00
6.050826282112067300e-01
1.118633989260542361e-01
-4.085464193830862234e-01
-9.395188651744424968e-01
-1.464089991108514122e+00
-1.965501763907241406e+00
-2.427737302809274134e+00
-2.836032368029585804e+00
-3.177346772809941822e+00
-3.440780675615992212e+00
-3.617922471695148801e+00
-3.703117189174313317e+00
-3.693646834288740077e+00
-3.589816942089869567e+00
-3.394946583323230627e+00
-3.115262159550348464e+00
-2.759698388720327689e+00
-2.339612844377030765e+00
-1.868423169125698058e+00
-1.361178549002006744e+00
-8.340791314244424548e-01
-3.039587287155345874e-01
2.122526810670573028e-01
6.980695012466286986e-01
1.137976861009901919e+00
1.517925960973843580e+00
1.825782613433907020e+00
2.051714664733144566e+00
2.188505937329479956e+00
2.231786673375395047e+00
2.180173125216985142e+00
2.035311836260145668e+00
1.801827195772732537e+00
1.487173936506395844e+00
1.101399276209187317e+00
6.568222865349613304e-01
1.676407136828511613e-01
-3.505222098418825927e-01
-8.811165074533309216e-01
-1.407193844931622362e+00
-1.911948703484682488e+00
-2.379255071275563793e+00
-2.794181525179666004e+00
-3.143468260542753967e+00
-3.415950837055957479e+00
-3.602917105097984685e+00
-3.698385905088177328e+00
-3.699298624852463746e+00
-3.605617477420651529e+00
-3.420327335644296696e+00
-3.149341035862750715e+00
-2.801311142588728487e+00
-2.387354151711657657e+00
-1.920695905866641073e+00
-1.416249513216144784e+00
-8.901392195967250398e-01
-3.591854148351015241e-01
1.596327983343830414e-01
6.497203199369039339e-01
1.095396722440862280e+00
1.482397918763554756e+00
1.798332788810782734e+00
2.033080152879159108e+00
2.179113375424183374e+00
2.231742184875003421e+00
2.189263931297561694e+00
2.053019390020882629e+00
1.827351264056887192e+00
1.519466644348304474e+00
1.139207755609005890e+00
6.987382489110460781e-01
2.121550076725270406e-01
-3.049620926089831041e-01
-8.360481406231023982e-01
-1.364083229891544846e+00
-1.872137590576482324e+00
-2.343914360404718789e+00
-2.764272597257166897e+00
-3.119713736909927260e+00
-3.398815840411637534e+00
-3.592601621819678570e+00
-3.694828347297320459e+00
-3.702190184880246093e+00
-3.614426381767714691e+00
-3.434331663692212544e+00
-3.167668392204506578e+00
-2.822983179612144955e+00
-2.411333745710226850e+00
-1.945934705377378116e+00
-1.441733607018323537e+00
-9.149308126699051691e-01
-3.824586466545943919e-01
1.385634198839975628e-01
6.313799813453506715e-01
1.080139507903248086e+00
1.470405299903303487e+00
1.789621045464728333e+00
2.027515892156561250e+00
2.176435888493506887e+00
2.231591026573288339e+00
2.191209846798814809e+00
2.056596560795123541e+00
1.832088811870812517e+00
1.524917420427173376e+00
1.144972648932066628e+00
7.044845628914777613e-01
2.176278606714859842e-01
-2.999359960550023185e-01
-8.315644791703342698e-01
-1.360171091981807745e+00
-1.868776425073046754e+00
-2.341055281617361317e+00
-2.761862124205571423e+00
-3.117717817290547977e+00
-3.397241918997223831e+00
-3.591516570876879477e+00
-3.694370284876891564e+00
-3.702572543214622591e+00
-3.615932869548380335e+00
-3.437301393251298354e+00
-3.172471368248051427e+00
-2.829987136747166954e+00
-2.420864074783480646e+00
-1.958229886887616011e+00
-1.456899126464910932e+00
-9.328949263084944654e-01
-4.029335636969015866e-01
1.161113936819512249e-01
6.077480441065989947e-01
1.056390888661308480e+00
1.447854583207036860e+00
1.769801035549798396e+00
2.012125772144382818e+00
2.167271535873363408e+00
2.230459486710301142e+00
2.199831079087311902e+00
2.076496593547537461e+00
1.864489310161328461e+00
1.570627329179677734e+00
1.204287973246374044e+00
7.771024519018796539e-01
3.025809467314899415e-01
-2.043195923668148506e-01
-7.276709273947965517e-01
-1.251077015579653562e+00
-1.758189457806286438e+00
-2.233218624887265413e+00
-2.661424442854798400e+00
-3.029571590421893390e+00
-3.326335107158019166e+00
-3.542644085019865940e+00
-6.666963991389351030e+00
-6.744745392289556385e+00
-6.636901817040445906e+00
-6.347141926394964884e+00
-5.884773731063334345e+00
-5.264390288662975870e+00
-4.505394283781003040e+00
-3.631377433856917580e+00
-2.669375004169207699e+00
-1.649019379723469125e+00
-6.016195250951759110e-01
4.408048140988081176e-01
1.446504203913548725e+00
2.384965768831786903e+00
3.227835204214582809e+00
3.949766810272415718e+00
4.529176277595464484e+00
4.948874171581791437e+00
5.196561915038753199e+00
5.265176428566761047e+00
5.153074317201634891e+00
4.864051440251932590e+00
4.407198716000545247e+00
3.796599941012217982e+00
3.050882097307132668e+00
2.192632941176149597e+00
1.247704489961499741e+00
2.444242397669649236e-01
-7.872615301663253851e-01
-1.816686247457074854e+00
-2.813376250150561031e+00
-3.747951479750271098e+00
-4.592987107274426606e+00
-5.323810982893149024e+00
-5.919213971723642054e+00
-6.362053060471022370e+00
-6.639730498835323402e+00
-6.744536068064497236e+00
-6.673843727360083911e+00
-6.430158249959094796e+00
-6.021011893710872975e+00
-5.458715525023075443e+00
-4.759972803276494524e+00
-3.945369915884498813e+00
-3.038756823693355980e+00
-2.066538937851262414e+00
-1.056900524428324939e+00
-3.898286208794798924e-02
9.579587791836428057e-01
1.905394933566999516e+00
2.776334472697261191e+00
3.546086892433532256e+00
4.192953064247737061e+00
4.698825443015875791e+00
5.049681514950449035e+00
5.235957485520036592e+00
5.252792749719927379e+00
5.100139450677471764e+00
4.782735307530444402e+00
4.309941768777364679e+00
3.695453313733135126e+00
2.956887278126585361e+00
2.115266823809057062e+00
1.194412520879097883e+00
2.202603896673227535e-01
-7.798738992920288826e-01
-1.778063690500599536e+00
-2.746551217400492462e+00
-3.658516957467072395e+00
-4.488817271776735396e+00
-5.214670241201004863e+00
-5.816271259245657355e+00
-6.277322075171899662e+00
-6.585459534751825217e+00
-6.732573163775631642e+00
-6.715003897085364493e+00
-6.533619583631246286e+00
-6.193766302877835805e+00
-5.705097916323784268e+00
-5.081289558426595576e+00
-4.339643856744242356e+00
-3.500601481201396137e+00
-2.587170085352838100e+00
-1.624287757116211539e+00
-6.381386933673901529e-01
3.445600842820544241e-01
1.297281568830027876e+00
2.194401697319853906e+00
3.011883363453149887e+00
3.727913464799165411e+00
4.323476362426763586e+00
4.782848981280409362e+00
5.094004999760157304e+00
5.248918103426969850e+00
5.243757040175517581e+00
5.078968137119139747e+00
4.759243944294152762e+00
4.293379677618261780e+00
3.694022064942673822e+00
2.977317979241040469e+00
2.162472801688930080e+00
1.271230731035330130e+00
3.272911889076168812e-01
-6.443229823054524852e-01
-1.617928706881379686e+00
-2.567859746512808350e+00
-3.469139930447560083e+00
-4.298135057624875799e+00
-5.033166667309990849e+00
-5.655071983670813651e+00
-6.147695840956454383e+00
-6.498302247154633449e+00
-6.697895394643138545e+00
-6.741442325083702336e+00
-6.627992227553794358e+00
-6.360689889407041164e+00
-5.946683142478861761e+00
-5.396927069182584802e+00
-4.725890393650469257e+00
-3.951171960513210291e+00
-3.093037469973493270e+00
-2.173888636425376664e+00
-1.217678619838111542e+00
-2.492889033796616416e-01
7.061162746599187745e-01
1.623741303819870030e+00
2.479799669279019181e+00
3.252127100046884767e+00
3.920751733835495578e+00
4.468406771106736564e+00
4.880972592704902802e+00
5.147837144371584017e+00
5.262165500419322406e+00
5.221071854126657641e+00
5.025689684641982957e+00
4.681138455889802152e+00
4.196387846201020899e+00
3.584023121322179151e+00
2.859917782087163740e+00
2.042821977813062961e+00
1.153877317898609922e+00
2.160705831853002579e-01
-7.463596117123768581e-01
-1.708547962728051317e+00
-2.645643382242316655e+00
-3.533449227479913191e+00
-4.349046436915571689e+00
-5.071383602736202256e+00
-5.681818856682847141e+00
-6.164599681142515664e+00
-6.507268345933749920e+00
-6.700982573641771189e+00
-6.740743204422698476e+00
-6.625523009972287269e+00
-6.358293335496420617e+00
-5.945947863808649814e+00
-5.399125430624737376e+00
-4.731936407645664033e+00
-3.961599644147196120e+00
-3.107999255328314003e+00
-2.193172607798783869e+00
-1.240742626381234004e+00
-2.753089861706533581e-01
6.781861777308955119e-01
1.595101741096203174e+00
2.451733688031013880e+00
3.225927452751629954e+00
3.897650715704532587e+00
4.449511862429596398e+00
4.867210693253062992e+00
5.139909698282327355e+00
5.260516241692616113e+00
5.225868280511505759e+00
5.036818717997177508e+00
4.698216097132630331e+00
4.218782009053557935e+00
3.610888255911015143e+00
2.890239399167243928e+00
2.075468775763634977e+00
1.187658312496121082e+00
2.497944548623293182e-01
-7.138258012596750968e-01
-1.678223472409856143e+00
-2.618384520423252759e+00
-3.509908426721479735e+00
-4.329641606686391420e+00
-5.056279224728032595e+00
-5.670919759052110543e+00
-6.157557860714148568e+00
-6.503502624499338580e+00
-6.699710299766153732e+00
-6.741022669061562667e+00
-6.626304754811528142e+00
-6.358478117237757132e+00
-5.944448712752530284e+00
-5.394931021420024564e+00
-4.724172853532039085e+00
-3.949587838554579289e+00
-3.091305016860838251e+00
-2.171647132326756324e+00
-1.251488461657637163e+00
-2.065029063449888014e-01
8.247282395721928783e-01
1.815309113599462787e+00
2.739386273131195981e+00
3.572824341457031316e+00
4.293837642270006860e+00
4.883561252173541867e+00
5.326546452172214785e+00
5.611167507261067833e+00
5.729928998110009886e+00
5.679665511303067404e+00
5.461628297735606097e+00
5.081456459668775238e+00
4.549033248549475772e+00
3.878231068868872811e+00
3.086551708864397447e+00
2.194671079631704824e+00
1.225900267155865642e+00
2.055769198865632363e-01
-8.395971514132993807e-01
-1.882254844497244450e+00
-2.895080803215702936e+00
-3.851527866453075877e+00
-4.726514052181688186e+00
-5.497081554901567912e+00
-6.143000491663590523e+00
-6.647301485991514269e+00
-6.996723022231154943e+00
-7.182061731594226117e+00
-7.198416314415916339e+00
-7.045318594172104376e+00
-6.726748164207310587e+00
-6.251030149837448313e+00
-5.630618685799098522e+00
-4.881771720707223317e+00
-4.024125626697998115e+00
-3.080180737962686877e+00
-2.074711296394740057e+00
-1.034115283648836092e+00
1.427878655336012326e-02
1.042929896500542020e+00
2.024808487607170360e+00
2.934107304782203052e+00
3.746920402153832264e+00
4.441872418021564073e+00
5.000681527019135153e+00
5.408641215938962965e+00
5.655008160843392417e+00
5.733285950967770717e+00
5.641397144536820285e+00
5.381739080804969433e+00
4.961121933911428528e+00
4.390590596764562648e+00
3.685135045263685072e+00
2.863296773887331614e+00
1.946681635356528606e+00
9.593918872779607643e-01
-7.260761790913006219e-02
-1.122172423148839693e+00
-2.161692659651088366e+00
-3.163819637723349398e+00
-4.102185699285652021e+00
-4.952098368841212128e+00
-5.691190512825182957e+00
-6.300009372885372549e+00
-6.762528946350245818e+00
-7.066572204585665595e+00
-7.204132013949975821e+00
-7.171582292062464781e+00
-6.969773823729160434e+00
-6.604012199869860211e+00
-6.083918448992323924e+00
-5.423176022227221615e+00
-4.639170788115404065e+00
-3.752533513209250771e+00
-2.786596874732042206e+00
-1.766781304224259719e+00
-7.199258368881510384e-01
3.264184092563915396e-01
1.344713515477266697e+00
2.308159702503013833e+00
3.191400834848434176e+00
3.971191907936448828e+00
4.627010938931275241e+00
5.141599147713361795e+00
5.501415204499685352e+00
5.696991585358839316e+00
5.723183656537053743e+00
5.579304935048193137e+00
5.269144971841257963e+00
4.800869395968792475e+00
4.186804762020075010e+00
3.443113876847137433e+00
2.589370165359877074e+00
1.648042292929963626e+00
6.439026237391738405e-01
-3.966249019362421691e-01
-1.446160295707824339e+00
-2.477088138429724751e+00
-3.462284313578097628e+00
-4.375829725679681204e+00
-5.193692219036093682e+00
-5.894358752801178269e+00
-6.459401201579757057e+00
-6.873960901403471269e+00
-7.127139202963391540e+00
-7.212283770816251938e+00
-7.127163113591680421e+00
-6.874024773621157713e+00
-6.459535667316155916e+00
-5.894606169364919879e+00
-5.194102592722370737e+00
-4.376455651928635504e+00
-3.463175232279418925e+00
-2.478284249868104361e+00
-1.447686512818125104e+00
-3.984852263168435216e-01
6.417299220938843529e-01
1.645608338986895625e+00
2.586757677530056476e+00
3.440437654638322407e+00
4.184210293268060710e+00
4.798529501650512508e+00
5.267254501626288388e+00
5.578073625362873322e+00
5.722827360654743067e+00
5.697722177477565708e+00
5.503429542614923342e+00
5.145067549325011313e+00
4.632065675687825568e+00
3.977916257284423551e+00
3.199819236452603466e+00
2.318229553322405767e+00
1.356319099562703911e+00
3.393673971947654966e-01
-7.059029668198060214e-01
-1.752028673160487493e+00
-2.771527306323991358e+00
-3.737619329825998982e+00
-4.624931433356572086e+00
-5.410162780607979727e+00
-6.072696667355000244e+00
-6.595141539272833420e+00
-6.963787179914418424e+00
-7.168964112138250577e+00
-7.205296802271734080e+00
-7.071844048390811821e+00
-6.772122898860062357e+00
-6.314015506770442876e+00
-5.709561399755059163e+00
-4.974640652147304998e+00
-4.128556308639742767e+00
-3.193527050441801851e+00
-2.194103447176099397e+00
-1.156523138791942573e+00
-1.080218892589059898e-01
9.238813939927756902e-01
1.912106904031781074e+00
2.830724486877974844e+00
3.655633860935729729e+00
4.365196664256238535e+00
4.940803760544230983e+00
5.367362939031987246e+00
5.633694236806347178e+00
5.732822539775163762e+00
5.662159816389375599e+00
5.423572235594927626e+00
5.023330441215580144e+00
4.471944319784874722e+00
3.783886627376673140e+00
2.977212753842020998e+00
2.073086623727761868e+00
1.095225190802692650e+00
6.927611322778282066e-02
-9.778550566792751919e-01
-2.018710516057505178e+00
-3.026000181553484492e+00
-3.973317109329112640e+00
-4.835829613844460084e+00
-5.590931950863668121e+00
-6.218836521725964239e+00
-6.703092093677162744e+00
-7.031014474483087362e+00
-7.194018377574892931e+00
-7.187841806249705812e+00
-7.012657103956239091e+00
-6.673065788516021613e+00
-6.177977333405549665e+00
-5.540375099171259698e+00
-4.776975573073906745e+00
-3.907789867812921258e+00
-2.955598987618940132e+00
-1.945356625251511984e+00
-9.035351475791965070e-01
1.425680889952004593e-01
1.165545917651346297e+00
2.138599300997208186e+00
3.036239230201702721e+00
3.834954206535082122e+00
1.072159008351267762e+00
1.258809687879251848e+00
1.393114510754649871e+00
1.471557729910260015e+00
1.492086920743002310e+00
1.454166594655980305e+00
1.358792089637351541e+00
1.208463376898209152e+00
1.007119474140169002e+00
7.600351870696964163e-01
4.736828865479545403e-01
1.555629435567303931e-01
-1.859927359470862074e-01
-5.420389306634586513e-01
-9.032513636189940520e-01
-1.260170868198319472e+00
-1.603451068179035932e+00
-1.924103088029312625e+00
-2.213730888014076470e+00
-2.464751064554214999e+00
-2.670591363337975643e+00
-2.825862710241779485e+00
-2.926500258570212676e+00
-2.969869762329509832e+00
-2.954836492966714356e+00
-2.881794897487759854e+00
-2.752658223453134489e+00
-2.570808384151771264e+00
-2.341007377857681426e+00
-2.069272581250457765e+00
-1.762719182509119742e+00
-1.429373879527270574e+00
-1.077964720656300113e+00
-7.176925896784962511e-01
-3.579903170211933272e-01
-8.275722970935150968e-03
3.222949426296108921e-01
6.250667101784488366e-01
8.921124749436291079e-01
1.116440525442918386e+00
1.292177583291404641e+00
1.414722563208748340e+00
1.480867028252958573e+00
1.488879187070382581e+00
1.438549234213066352e+00
1.331194846402720344e+00
1.169626690538634328e+00
9.580748459601144962e-01
7.020780665925296926e-01
4.083387813482002304e-01
8.454762806453008928e-02
-2.608178861418472549e-01
-6.187153278156826142e-01
-9.797740736294060504e-01
-1.334540643174613184e+00
-1.673726205650185150e+00
-1.988449780893952523e+00
-2.270470767689538150e+00
-2.512404711440431981e+00
-2.707916661840099160e+00
-2.851887057614231225e+00
-2.940545794424891834e+00
-2.971570964794286951e+00
-2.944149683639002202e+00
-2.858999405499035529e+00
-2.718349173827103726e+00
-2.525881291697310793e+00
-2.286634939539441636e+00
-2.006874261876107290e+00
-1.693924375447448893e+00
-1.355979591187868705e+00
-1.001888870272641840e+00
-6.409241308117901159e-01
-2.825374711172402020e-01
6.388633397726317664e-02
3.892755831242824538e-01
6.851092097131197267e-01
9.436399333169205317e-01
1.158097157236499086e+00
1.322864298045002940e+00
1.433625902231263627e+00
1.487480695914163764e+00
1.483017605458004873e+00
1.420352756312377451e+00
1.301126479151589965e+00
1.128460399644627188e+00
9.068757335253807561e-01
6.421749246785293241e-01
3.412897240976628943e-01
1.209968666063132581e-02
-3.367741623327547007e-01
-6.961950883020887604e-01
-1.056749924482871750e+00
-1.408995598877020861e+00
-1.743706454668155326e+00
-2.052115886512875242e+00
-2.326145963576894182e+00
-2.558619024428086863e+00
-2.743445700714676860e+00
-2.875784443598038198e+00
-2.952168373028559500e+00
-2.970596125618902406e+00
-2.930584319675768157e+00
-2.833180261210845874e+00
-2.680934556136797653e+00
-2.477834344086865315e+00
-2.229198900866030453e+00
-1.941540342421627985e+00
-1.622393077581687049e+00
-1.280116475684668353e+00
-9.236759171634468801e-01
-5.624079616340640353e-01
-2.057757835762287213e-01
1.368787162163936921e-01
4.565796289374688399e-01
7.449521755497392483e-01
9.944421038226816112e-01
1.198513596524317437e+00
1.351820505414869089e+00
1.450346424315184457e+00
1.491509930723907029e+00
1.474232237855817917e+00
1.398965483669272647e+00
1.267680914644853996e+00
1.083817272755864369e+00
8.521907367063394911e-01
5.788687757849266813e-01
2.710112202023036154e-01
-6.331728923007784449e-02
-4.153585592715528518e-01
-7.758902762056685276e-01
-1.135467601220843115e+00
-1.484670600033381804e+00
-1.814351024554612613e+00
-2.115871981219147990e+00
-2.381334206799682995e+00
-2.603783023265184404e+00
-2.777390549301670841e+00
-2.897608394261719233e+00
-2.961286833553399056e+00
-2.966757342572119871e+00
-2.913876326210893541e+00
-2.804028897608640492e+00
-2.640092606476544645e+00
-2.426362066655814775e+00
-2.168436457013140917e+00
-1.873072842530754789e+00
-1.548009158007533692e+00
-1.201761491690817252e+00
-8.434009795742727356e-01
-4.823161553821541658e-01
-1.279669824081779428e-01
2.103629885949993561e-01
5.238098420937633559e-01
8.041615285786594125e-01
1.044073018964148725e+00
1.237258745379701042e+00
1.378657286184149289e+00
1.464563980185348502e+00
1.492727995265032082e+00
1.462411307876827937e+00
1.374408047808518329e+00
1.231023701029387185e+00
1.036014715172444367e+00
7.944900896745215046e-01
5.127775286290607859e-01
1.982576629015457836e-01
-1.408293153137964993e-01
-4.955995394765029816e-01
-8.567582210889496119e-01
-1.214843169436888637e+00
-1.560472698475329434e+00
-1.884591425665479436e+00
-2.178707522762047599e+00
-2.435115202475031104e+00
-2.647096611722936199e+00
-2.809097841723652511e+00
-2.916874443294260821e+00
-2.967602634690372554e+00
-2.959953288172558317e+00
-2.894126756693748970e+00
-2.771847628103377925e+00
-2.596319544182448702e+00
-2.372141268146984672e+00
-2.105186199572107064e+00
-1.802448493392840190e+00
-1.471859814637344055e+00
-1.122081529915425424e+00
-7.622777802680520409e-01
-4.018753809099408492e-01
-5.031683854991952920e-02
2.831870426934388618e-01
5.898984849781880868e-01
8.617816672637632625e-01
1.091713264613952905e+00
1.273669080073284832e+00
1.402881879293378820e+00
1.475966292589998563e+00
1.491007511956023990e+00
1.447611459146642687e+00
6.526933905112514367e+00
5.985848683825133243e+00
5.268561826950744376e+00
4.393866219157786190e+00
3.384678839990663768e+00
2.267440336512455357e+00
1.071422276048180855e+00
-1.720397707484131455e-01
-1.430367223038012447e+00
-2.670592048910953586e+00
-3.860220527038854765e+00
-4.968084580172265952e+00
-5.965158375458496920e+00
-6.825318796637119156e+00
-7.526029863782121687e+00
-8.048933168915789693e+00
-8.380328858263558445e+00
-8.511534559661861010e+00
-8.439112851527866610e+00
-8.164961314051808472e+00
-7.696262803655981699e+00
-7.045297253931035897e+00
-6.229119934271328596e+00
-5.269114596223094082e+00
-4.190433215472242345e+00
-3.021337008544567215e+00
-1.792455989829552454e+00
-5.359864687083563117e-01
7.151524875556207750e-01
1.928181524499862132e+00
3.071319808102412008e+00
4.114617668833623121e+00
5.030741267157580410e+00
5.795688722665304660e+00
6.389418944744848616e+00
6.796376689995010878e+00
7.005900090499467936e+00
7.012499976376449951e+00
6.816003675024946418e+00
6.421559520188612424e+00
5.839501953329846451e+00
5.085080752232462586e+00
4.178061481539862676e+00
3.142207633820795820e+00
2.004658029348892256e+00
7.952157868661806628e-01
-4.544325056893445125e-01
-1.711546962923963910e+00
-2.943192165975709873e+00
-4.117100045794228613e+00
-5.202515278745263316e+00
-6.171001045893972581e+00
-6.997184045900960214e+00
-7.659419243098360752e+00
-8.140356935330128607e+00
-8.427397285384001790e+00
-8.513020408307900411e+00
-8.394983367306663169e+00
-8.076378917851506856e+00
-7.565554461739319336e+00
-6.875893335214304791e+00
-6.025464161966503696e+00
-5.036547458345654427e+00
-3.935051893935416878e+00
-2.749835501454110265e+00
-1.511949620066274091e+00
-2.538253803629847427e-01
9.915759555327623431e-01
2.191626538475465402e+00
3.314886737563846886e+00
4.331928811424655024e+00
5.216107866608965971e+00
5.944259905361763963e+00
6.497308675331772143e+00
6.860765423187317857e+00
7.025108459991141530e+00
6.986032595038594195e+00
6.744561904193368207e+00
6.307022879235193003e+00
5.684878662555131079e+00
4.894428710876864486e+00
3.956381757187131143e+00
2.895313259381747883e+00
1.739021550299582053e+00
5.177995575517067017e-01
-7.363588266420955097e-01
-1.990596933508075317e+00
-3.212056104375320409e+00
-4.368736524789479603e+00
-5.430335553866518339e+00
-6.369041586430225443e+00
-7.160262650611155522e+00
-7.783270653549780427e+00
-8.221744397849514385e+00
-8.464197143563195525e+00
-8.504277515274472066e+00
-8.340935872021129072e+00
-7.978451782452223640e+00
-7.426321886388599580e+00
-6.699011081527324052e+00
-5.815573554580429239e+00
-4.799153585862381277e+00
-3.676379205915373927e+00
-2.476664589677138650e+00
-1.231439464423641938e+00
2.667428037511854200e-02
1.264717210131022451e+00
2.450255800108186222e+00
3.552232107902876912e+00
4.541777404310597177e+00
5.392968447835913892e+00
6.083506590867514774e+00
6.595301927317179569e+00
6.914947179323092108e+00
7.034068909285045912e+00
6.949546857340600958e+00
6.663595659211733135e+00
6.183706804642357113e+00
5.522452357960280445e+00
4.697155583711002613e+00
3.729437106962902426e+00
2.644648498423888938e+00
1.471208123544270663e+00
2.398566550228613536e-01
-1.017148247428742991e+00
-2.266876992771710064e+00
-3.476590711703396064e+00
-4.614598908243824127e+00
-5.651089642194160767e+00
-6.558910494621008169e+00
-7.314279858034698378e+00
-7.897409918360398073e+00
-8.293025009346246534e+00
-8.490761761080904080e+00
-8.485440560991992953e+00
-8.277201216958417263e+00
-7.871499269654460562e+00
-7.278963051768667647e+00
-6.515115239669323266e+00
-5.599966192860903469e+00
-4.557489735198868352e+00
-3.414995111324979682e+00
-2.202411571485899611e+00
-9.515043265530469530e-01
3.049575872638379259e-01
1.534059734917004203e+00
2.703604512616993194e+00
3.782954594458522557e+00
4.743835500774297387e+00
5.561076264447988748e+00
6.213268793199910434e+00
6.683328655860048428e+00
6.958942603085072953e+00
7.032891100197598888e+00
6.903237424086036356e+00
6.573378371641587670e+00
6.051955252438380839e+00
5.352627498328126343e+00
4.493714821441480822e+00
3.497717295491444389e+00
2.390725933059765218e+00
1.201739199957371440e+00
-3.809662837194049967e-02
-1.296303368590768557e+00
-2.539921716019856390e+00
-3.736374629037553685e+00
-4.854320694557689997e+00
-5.864475120476834391e+00
-6.740376849197400766e+00
-7.459081697906378317e+00
-8.001763369213767518e+00
-8.354206589275541717e+00
-8.507179456402186091e+00
-8.456675247368780290e+00
-8.204017348295362666e+00
-7.755824562480492901e+00
-7.123837705022486588e+00
-6.324612027642932510e+00
-5.379083531651038363e+00
-4.312020530404381269e+00
-3.151374828385875571e+00
-1.927549513416657367e+00
-6.726025426625210635e-01
5.805930152126232979e-01
1.799210084202003568e+00
2.951327474927139871e+00
4.006766043822742596e+00
4.937879214875741773e+00
5.720277156901379279e+00
6.333465647396656628e+00
6.761382888920015155e+00
6.992820217179405162e+00
7.021715681524760555e+00
6.847312808671692785e+00
6.474180391985864702e+00
5.912092789035550133e+00
5.175773864005091873e+00
4.284511283253755742e+00
3.261651268231224421e+00
1.107861783650991860e-01
