4.541460601674343067e+00
6.528189824260259400e+00
8.128873951888596849e+00
9.194999495758668928e+00
9.627407876494002537e+00
9.385570152474267402e+00
8.491443379866558061e+00
7.027536255481793503e+00
5.129348326768894850e+00
2.972870420380624878e+00
7.582953017479439062e-01
-1.308556273556142013e+00
-3.035371635984576155e+00
-4.261264270873105886e+00
-4.871801801042488833e+00
-4.809736176760928572e+00
-4.080425019365197414e+00
-2.751425487346663257e+00
-9.462845921116138648e-01
1.166907947947024349e+00
3.391147185158943422e+00
5.518869860896842283e+00
7.351330636290303033e+00
8.717187583600656708e+00
9.488556222869064527e+00
9.593024082931345120e+00
9.020492549769395296e+00
7.824194933269858154e+00
6.115784300641426086e+00
4.054940712809029790e+00
1.834462815200496699e+00
-3.377653135043123811e-01
-2.258244900736410710e+00
-3.746945354523992133e+00
-4.664206920411828605e+00
-4.923872590946565708e+00
-4.501410678534444543e+00
-3.436258694324326068e+00
-1.828161709435729865e+00
1.721568136161484297e-01
2.377119891586731981e+00
4.579893336884589772e+00
6.573801091069865876e+00
8.171734405002576196e+00
9.223728906667469474e+00
9.631055039429632814e+00
9.355495001140498701e+00
8.422932336974101375e+00
6.920916003055403110e+00
4.990428430369395763e+00
2.812633220083710306e+00
5.918509596783729787e-01
-1.463633438390956165e+00
-3.161125032819027236e+00
-4.341595136052593062e+00
-4.894580749998194591e+00
-4.768509287630603666e+00
-3.975483198283850772e+00
-2.590082057961824891e+00
-7.423035165504252575e-01
1.394684149114638227e+00
3.620818317143698728e+00
5.727911157442372669e+00
7.519144884638581772e+00
8.827462672747449446e+00
9.531133607184024470e+00
9.565040578368291690e+00
8.926646142464695899e+00
7.676094261798681373e+00
5.930457680987961666e+00
3.852689279806839728e+00
1.636329422274150236e+00
-5.125860954868235453e-01
-2.394717793704536302e+00
-3.835919823285286245e+00
-4.703322864272168502e+00
-4.917517307106235691e+00
-4.459723116666983955e+00
-3.373303405155661405e+00
-1.759514364870365721e+00
2.320726964789350255e-01
2.417554368568490375e+00
4.595761643955669662e+00
6.566815706653100548e+00
8.150456295974311871e+00
9.202462855157541810e+00
9.627679404150956799e+00
9.388478962641503500e+00
8.507930771373825252e+00
7.067423066433283552e+00
5.199000342217418691e+00
3.073150752449300249e+00
8.831838634612489969e-01
-1.172364052781508015e+00
-2.907695785795679111e+00
-4.166470014419907386e+00
-4.835775851205905695e+00
-4.856130396675087724e+00
-4.226630462255307918e+00
-3.004828885119508630e+00
-1.301378762631421271e+00
7.300466205910027817e-01
2.906635142534514937e+00
5.032865218460582213e+00
6.918012715352388042e+00
8.393178460192133983e+00
9.326329959718675511e+00
9.634032903644655477e+00
9.288844504117067302e+00
8.321725225817010241e+00
6.819264206011210305e+00
4.915968540781372909e+00
2.782298430962510061e+00
6.095019643148400501e-01
-1.407416626728968723e+00
-3.087096844932121886e+00
-4.278056501865414418e+00
-4.872325018122525719e+00
-4.815261390296887711e+00
-4.110670542266881000e+00
-2.820737939437984121e+00
-1.060752724220665133e+00
1.010953831593372820e+00
3.207003922545883512e+00
5.327697551283471000e+00
7.179005906220718103e+00
8.590243011733642575e+00
9.429830299003491234e+00
9.617712515857192557e+00
9.133256076021762482e+00
8.017848657652010047e+00
6.371873840101244468e+00
4.346200425625154296e+00
2.128833238022689311e+00
-7.215961522260272432e-02
-2.047949063771255407e+00
-3.608726817745745219e+00
-4.602112542284908514e+00
-4.928398372327684740e+00
-4.551080802539251735e+00
-3.501526641933479400e+00
-1.877145130523659500e+00
1.669516836784796787e-01
2.432178891692158285e+00
4.695370670137005931e+00
6.730593842253718151e+00
8.331782304083331425e+00
9.333927881623505840e+00
9.630623729180555870e+00
9.186047077828851215e+00
8.039971071249516044e+00
6.305068987474408360e+00
4.156555859068280512e+00
1.815024339119742702e+00
-4.759124636694846977e-01
-2.474943654790725756e+00
-3.968722007879873725e+00
-4.795108706633099516e+00
-4.861414983822557545e+00
-4.155512136352081498e+00
-2.748395447512149925e+00
-7.877197929642183460e-01
1.517184736268154310e+00
3.917352287247340747e+00
6.150985079133640454e+00
7.972139638793894534e+00
9.178131727444855059e+00
9.632565837039397394e+00
9.281318565346220240e+00
8.159544040063625658e+00
6.388747614397153995e+00
4.164084921307087406e+00
1.733162072713005486e+00
-6.313901183854535581e-01
-2.662538304904762843e+00
-4.129213012597748644e+00
-4.862935688280320079e+00
-4.777594859635117430e+00
-3.880000665683648098e+00
-2.269877449771948275e+00
-1.291591400143365931e-01
2.298306397592613237e+00
4.734405328984720995e+00
6.898631243393923640e+00
8.540522204665373707e+00
9.468887253565236861e+00
9.574378202149933514e+00
8.842702866708854970e+00
7.356844788348940511e+00
5.287929845436254439e+00
2.875713321737738859e+00
4.008942366387966416e-01
-1.847550906772176038e+00
-3.606205632717407017e+00
-4.668241691862309750e+00
-4.907957304507654328e+00
-4.295884968659624548e+00
-2.902624675854025060e+00
-8.908831599957469649e-01
1.503403337196104639e+00
3.998682863494154915e+00
6.300906792105280374e+00
8.138250131883946636e+00
9.293318446211142003e+00
9.629006172330766944e+00
9.104910193688693809e+00
7.782315136000196532e+00
5.817121537344931426e+00
3.441523457349499715e+00
9.365864151485481237e-01
-1.401031835979308582e+00
-3.294268115522594353e+00
-4.518562110241154173e+00
-4.928563762018903560e+00
-4.475450800936231488e+00
-3.212783613631160495e+00
-1.290190214853449646e+00
1.064374338092240579e+00
3.571686139674651983e+00
5.934408142847670931e+00
7.872395917650132802e+00
9.155950505240106452e+00
9.633062159521820433e+00
9.247407821829524366e+00
8.044969954958276048e+00
6.168502164020885026e+00
3.840515063948286567e+00
1.336820878065641205e+00
-1.046205586955701428e+00
-3.026751608267263638e+00
-4.370904586408308035e+00
-4.920254154496296550e+00
-4.610500964114836009e+00
-3.478891434127561855e+00
-1.659629500736020002e+00
6.321562511501088721e-01
3.125958825698623045e+00
5.527903064888974427e+00
7.555418669403131560e+00
8.970476274622768642e+00
9.607474596822155988e+00
9.392515534127280574e+00
8.351834565636742980e+00
6.608441675767872781e+00
4.367419634122124528e+00
1.891656985246404465e+00
-5.290937529694370589e-01
-2.612175824729670470e+00
-4.115016954616665501e+00
-4.863295901315165537e+00
-4.771023488119753964e+00
-3.850239964965308292e+00
-2.209257050517905885e+00
-3.971513870525766876e-02
2.405973809181937817e+00
4.844120467953017872e+00
6.992725994109704857e+00
8.604082725986186730e+00
9.493238405697438154e+00
9.559062109391442519e+00
8.795530442999714538e+00
7.292000056866989155e+00
5.222511724095490138e+00
2.825433057408873516e+00
3.758461515949742537e-01
-1.846101690292871300e+00
-3.587231540102707061e+00
-4.650086647017097619e+00
-4.915150246892752151e+00
-4.354046773326251341e+00
-3.032296166133187310e+00
-1.101392795564236415e+00
1.218804906444675318e+00
3.665298984144994776e+00
5.961874104779829153e+00
7.850299100977453648e+00
9.119280146681312260e+00
9.627927525877181480e+00
9.321148882909103150e+00
8.235315745107106622e+00
6.493658077381994076e+00
4.291996880628005329e+00
1.876497285600660314e+00
-4.840045233478913467e-01
-2.527972182303080739e+00
-4.030089974878634962e+00
-4.825940972715983435e+00
-4.829756849056556334e+00
-4.043350964876987419e+00
-2.555341143805846205e+00
-5.308480327980564795e-01
1.807101192162687830e+00
4.202340000485681237e+00
6.393728322573963396e+00
8.143608877526334666e+00
9.263454125960786101e+00
9.633949690839694213e+00
9.217399968515758601e+00
8.061201137197624433e+00
6.292108880927193226e+00
4.102024480713165389e+00
1.726925652853101179e+00
-5.787179591043325466e-01
-2.569253717625353151e+00
-4.033943545536079256e+00
-4.819085442429020816e+00
-4.843856686927063393e+00
-4.108277350934704586e+00
-2.692551765485766690e+00
-7.479674523950969878e-01
1.519581828324507278e+00
3.871623049515608095e+00
6.062301125732739493e+00
7.864071987031163502e+00
9.091207448908788180e+00
9.618698167050096615e+00
9.394657396021857565e+00
8.445031951644928370e+00
6.870240809557225603e+00
4.834199643231415600e+00
2.546964397968072280e+00
2.428603875605865881e-01
-1.843606506110328613e+00
-3.501572695435351879e+00
-4.564959302677998210e+00
-4.928832769119857460e+00
-4.559402037091782489e+00
-3.496739767318000514e+00
-1.850062580465703821e+00
2.138457252143961540e-01
2.487808808528919169e+00
4.745235473029763895e+00
6.762759758401392318e+00
6.269836723742912454e+00
6.915934034894659632e+00
7.113396877527970119e+00
6.844837634248737146e+00
6.138475406457235550e+00
5.064926431189782363e+00
3.729916753352807923e+00
2.263689090113739866e+00
8.081813368839869671e-01
-4.967511872735212997e-01
-1.526729924493619439e+00
-2.184586405356926608e+00
-2.409340980338811722e+00
-2.181617160138169087e+00
-1.525036472965781709e+00
-5.035286717192501982e-01
7.851206051901211680e-01
2.218814540591433904e+00
3.662834946339091680e+00
4.982547996797259238e+00
6.055924541882177436e+00
6.784715090164429085e+00
7.103267758882310545e+00
6.984215901867811382e+00
6.440566316041866912e+00
5.524059108018955833e+00
4.320014261912155540e+00
2.939196089606869844e+00
1.507486958922235054e+00
1.543438208753120655e-01
-9.988993021322341015e-01
-1.849828133465509783e+00
-2.323892587934754506e+00
-2.380733005566109117e+00
-2.017372039030439712e+00
-1.268045599204711937e+00
-2.007487923942861130e-01
1.089138862042577705e+00
2.487535528207058810e+00
3.871844002291173314e+00
5.121726945368019202e+00
6.129522534136798484e+00
6.809404553225499868e+00
7.104519161498112467e+00
6.991521824865550627e+00
6.482173926274164444e+00
5.621917777519293224e+00
4.485608305925133266e+00
3.170817417146484907e+00
1.789323363079879936e+00
4.575369402400688568e-01
-7.133111117215236163e-01
-1.626395694758045796e+00
-2.207177789992238015e+00
-2.409310748201713981e+00
-2.218121445413366200e+00
-1.651425996492802195e+00
-7.576646853111177471e-01
3.884389328047885837e-01
1.692292111683831646e+00
3.047357941213376886e+00
4.343919448187797627e+00
5.477958616808279224e+00
6.359433744446759462e+00
6.919303548863609876e+00
7.114761912072605554e+00
6.932302309431952025e+00
6.388412250223380440e+00
5.527890251118506626e+00
4.419965432421632201e+00
3.152568122352072955e+00
1.825236250553337047e+00
5.412371190470626203e-01
-6.004687476730943274e-01
-1.512797731397462986e+00
-2.127074153385945632e+00
-2.398042690602312010e+00
-2.307010371360418421e+00
-1.862917384690554901e+00
-1.101298048276661223e+00
-8.125380157333550457e-02
1.119293072337457451e+00
2.409673776344892993e+00
3.693394394593076502e+00
4.875372027154226018e+00
5.868943025763163845e+00
6.602130865572295448e+00
7.022728320838639959e+00
7.101846575223369484e+00
6.835704510866893457e+00
6.245565138224771218e+00
5.375862790373336253e+00
4.290694302018756012e+00
3.068960788366327019e+00
1.798536195207082411e+00
5.698988621475147287e-01
-5.303104047380622355e-01
-1.425346685054852625e+00
-2.053617214125073698e+00
-2.372783977464753224e+00
-2.362450669392727409e+00
-2.025277384102583067e+00
-1.386479567198213303e+00
-4.917806252001346579e-01
5.960076322855314412e-01
1.801512813331574980e+00
3.042105102971492059e+00
4.233598558800721889e+00
5.295955998203009329e+00
6.158612804409600017e+00
6.765070489537409415e+00
7.076468755585546333e+00
7.073920457852644006e+00
6.759481652044010858e+00
6.155722552691727856e+00
5.303958346820884628e+00
4.261285268737808885e+00
3.096641693701790210e+00
1.886171794360485654e+00
7.082073190649256222e-01
-3.618005018405305862e-01
-1.256072368210920498e+00
-1.918715344367056819e+00
-2.309104689596443105e+00
-2.404237063742784120e+00
-2.199929326036181632e+00
-1.710813208053294066e+00
-9.691530316458729644e-01
-2.258650218919644459e-02
1.069046982684491054e+00
2.237573830958439647e+00
3.410795639672301593e+00
4.516966079682631197e+00
5.489157895654063424e+00
6.269256677022495339e+00
6.811347696612596536e+00
7.084305014107528109e+00
7.073445147603592886e+00
6.781167375026669220e+00
6.226565322047504125e+00
5.444056085568089287e+00
4.481130101403239863e+00
3.395374076828051813e+00
2.250957947508590351e+00
1.114803077286658617e+00
5.266169213064841870e-02
-8.746634488690836484e-01
-1.614744355957437705e+00
-2.126409451585232535e+00
-2.381929099050893672e+00
-2.368396340316749171e+00
-2.088242781295983175e+00
-1.558880083838613206e+00
-8.115070258792620450e-01
1.108321784577674940e-01
1.155813082245576551e+00
2.264863188051596588e+00
3.376482889554117683e+00
4.429665794254262323e+00
5.367228654854415026e+00
6.138871152758988536e+00
6.703805291741337768e+00
7.032821778759123177e+00
7.109694711628920416e+00
6.931864106416046667e+00
6.510376077538310824e+00
5.869100602333960914e+00
5.043284626364067158e+00
4.077531868406325977e+00
3.023328436181508927e+00
1.936254008648155445e+00
8.730310438191470901e-01
-1.114311540972932058e-01
-9.668445656554274237e-01
-1.650061511616345289e+00
-2.127181935017762537e+00
-2.375150502382794127e+00
-2.382773683154099320e+00
-2.151118208596560333e+00
-1.693284554740563497e+00
-1.033580678189450097e+00
-2.061505958284270967e-01
7.468618517209377750e-01
1.777512735212732675e+00
2.834504622007264718e+00
3.865754242545998753e+00
4.820952795065157837e+00
5.653994128639293848e+00
6.325155689103743484e+00
6.802932047773982305e+00
7.065440158291718120e+00
7.101338124273398833e+00
6.910224013668161192e+00
6.502506873007577681e+00
5.898767330403833498e+00
5.128648849550240030e+00
4.229341745425720056e+00
3.243739596236852041e+00
2.218360983995135260e+00
1.201138089424273137e+00
2.391773127453231673e-01
-6.234042154047010342e-01
-1.347468407072540675e+00
-1.900584787624711947e+00
-2.258424407485418950e+00
-2.405762603995767801e+00
-2.337053162933251382e+00
-2.056556622374915211e+00
-1.578025866591808324e+00
-9.239718580902125389e-01
-1.245504993438286689e-01
7.838725511483493058e-01
1.760409386126467579e+00
2.761510469950714697e+00
3.742913393042601733e+00
4.661592868392647304e+00
5.477626986507551976e+00
6.155900276964318962e+00
6.667572933429042337e+00
6.991257169985928499e+00
7.113855512192202468e+00
7.031031233871056330e+00
6.747297433212425588e+00
6.275727688454738384e+00
5.637307149893150182e+00
4.859957661438576437e+00
3.977283481514778618e+00
3.027094900951655454e+00
2.049775153817211315e+00
1.086561224503828749e+00
1.778113354635859622e-01
-6.386689536260732325e-01
-1.329173878213310012e+00
-1.865456140880043190e+00
-2.225844257963502937e+00
-2.396076481117710433e+00
-2.369821660601900692e+00
-2.148870783827376396e+00
-1.742995453779066839e+00
-1.169483259954705368e+00
-4.523729430012268793e-01
3.785760654981189521e-01
1.289135035144110875e+00
2.242025392498585123e+00
3.198447417948452554e+00
4.119655820894559284e+00
4.968518800409364111e+00
5.710998675780540879e+00
6.317496056654178460e+00
6.764005625583108028e+00
7.033039654616610292e+00
7.114285030094070095e+00
7.004970418328861470e+00
6.709931832087656645e+00
6.241376794041171294e+00
5.618359074453858071e+00
4.865987155089143812e+00
4.014399718242275483e+00
3.097550202811238496e+00
2.151849490899311768e+00
1.214720840829089044e+00
3.231240958977190658e-01
-4.878931138011508573e-01
-1.186560997762931446e+00
-1.745617563075394063e+00
-2.143356070016145143e+00
-2.364450558244375333e+00
-2.400528868893947898e+00
-2.250472535070488167e+00
-1.920433567370194883e+00
-1.423569111424294320e+00
-7.795057833789598156e-01
-1.355578741265883735e-02
8.442836986853459180e-01
1.760508265946700845e+00
2.699414984236702786e+00
3.624491160697593362e+00
4.499829433701735937e+00
5.291514752847237268e+00
5.968930130803121514e+00
6.505931396838464664e+00
6.881846396873333660e+00
7.082260963960830935e+00
7.099562258390809788e+00
6.933219429569678738e+00
6.589791625409732845e+00
6.082663786979866316e+00
5.431521023646305402e+00
4.661582277683418596e+00
3.802623086358222881e+00
2.887825194653735217e+00
1.952497268191405677e+00
1.032715763709103562e+00
1.639379574638182291e-01
-6.203598959446470218e-01
-1.289967332981582171e+00
-1.819098429482697288e+00
-2.187380415965009650e+00
-2.380634546845421529e+00
-2.391419524842300692e+00
-2.219316813457159920e+00
-1.870946979536021626e+00
-1.359716425884603286e+00
-7.053041169470684046e-01
6.709221612053628547e-02
9.277217525618282057e-01
1.843421426513497163e+00
2.778888528042917194e+00
3.698036587716046153e+00
4.565382836199042060e+00
5.347414246585571185e+00
6.013879887292313597e+00
6.538960014961119782e+00
6.902266923207186267e+00
7.089638866773514181e+00
7.093696169423395759e+00
6.914137608999197937e+00
6.557765019864559619e+00
6.038234393105142317e+00
5.375542199944512767e+00
4.595265819609164026e+00
3.727586434016733286e+00
2.806131196109657999e+00
1.866678561296010619e+00
9.457761164597739967e-01
7.932383246200513938e-02
-6.988227435598530768e-01
-1.358175323549431823e+00
-1.872810262335845355e+00
-2.222393550789034666e+00
-2.392992847661083555e+00
-2.377643947311068207e+00
-2.176648356442827836e+00
-2.618900037582390983e+00
-1.969010868046884521e+00
-1.148536788216601767e+00
-1.895002175315330106e-01
8.705162039643892236e-01
1.989824483564631707e+00
3.124255827353663140e+00
4.228892441635480282e+00
5.259839435450828660e+00
6.175967521138690408e+00
6.940557728822442485e+00
7.522782553594955957e+00
7.898963748975676324e+00
8.053555174011334472e+00
7.979809406275926165e+00
7.680098875641629519e+00
7.165875608183794654e+00
6.457267793512736276e+00
5.582325761496484517e+00
4.575944016931934755e+00
3.478499177452884616e+00
2.334255459585190096e+00
1.189599274543202245e+00
9.117210841917078312e-02
-9.160241672577291716e-01
-1.790473319742106550e+00
-2.495866804834898200e+00
-3.002630489029782357e+00
-3.289191574235185822e+00
-3.342930845028339260e+00
-3.160777321996029787e+00
-2.749416333417134428e+00
-2.125097980071128934e+00
-1.313048615006246589e+00
-3.465026110625397671e-01
7.346114619897654574e-01
1.885280954561731059e+00
3.057252956480241757e+00
4.201038219891356285e+00
5.267993397097502140e+00
6.212394854630176155e+00
6.993415917635054768e+00
7.576921696932851447e+00
7.937001665591461474e+00
8.057169734490436497e+00
7.931174420491649002e+00
7.563377347997647604e+00
6.968676178563182333e+00
6.171967410268644372e+00
5.207164524724504417e+00
4.115806822404033838e+00
2.945313091793952065e+00
1.746951136425268558e+00
5.736083244747673948e-01
-5.225409880020150943e-01
-1.492368661375017336e+00
-2.292021916687972283e+00
-2.884946233169182417e+00
-3.243607025706050973e+00
-3.350826860648200789e+00
-3.200670807781560878e+00
-2.798831857872321915e+00
-2.162490359112025917e+00
-1.319645189450254108e+00
-3.079388193045651256e-01
8.269776017132646206e-01
2.033470626113818902e+00
3.256254186274937901e+00
4.438918453995253088e+00
5.526542406341269142e+00
6.468268509130501442e+00
7.219717494167939620e+00
7.745126614561108624e+00
8.019105897810261396e+00
8.027923377362508717e+00
7.770251393880753810e+00
7.257330892277048306e+00
6.512538063733105176e+00
5.570366398100480509e+00
4.474865827280675390e+00
3.277607729995596131e+00
2.035268749838465840e+00
8.069463823247664536e-01
-3.486659743846782789e-01
-1.376108180392011437e+00
-2.225848431628091095e+00
-2.856710870024163018e+00
-3.237914006832721459e+00
-3.350616179696642494e+00
-3.188887667712804852e+00
-2.760056845741338361e+00
-2.084408513163439114e+00
-1.194244747318886635e+00
-1.323506705880124201e-01
1.050062271153157312e+00
2.295836124265263400e+00
3.544647982810302800e+00
4.735955994371842337e+00
5.811963501674488164e+00
6.720453419076370949e+00
7.417350935704648762e+00
7.868885947874955988e+00
8.053246600276310119e+00
7.961640946046431466e+00
7.598713700166157992e+00
6.982297799877684952e+00
6.142514286400782453e+00
5.120267108191044692e+00
3.965210076254968907e+00
2.733289765860084763e+00
1.483989264699539623e+00
2.774122192575729784e-01
-8.286461111527776424e-01
-1.781494463327318645e+00
-2.536069460657154107e+00
-3.057064441267215660e+00
-3.320561149409587909e+00
-3.315088530254937549e+00
-3.042062780107128273e+00
-2.515594687617241920e+00
-1.761682445289052712e+00
-8.168388131978367994e-01
2.737708183160232345e-01
1.458579698288500426e+00
2.682142908130296544e+00
3.887803824391510066e+00
5.020370799442877896e+00
6.028673526432452690e+00
6.867877684214271028e+00
7.501451543823904444e+00
7.902698302492632720e+00
8.055791794453831756e+00
7.956279542421222928e+00
7.611044405675992053e+00
7.037742893293618351e+00
6.263763165372873587e+00
5.324767614005201821e+00
4.262902685721184248e+00
3.124771526120886378e+00
1.959272634941495728e+00
8.154098314366455824e-01
-2.598277212711983530e-01
-1.223418367162270926e+00
-2.037998847147762138e+00
-2.673234760629844775e+00
-3.106826797929577832e+00
-3.325127935350439490e+00
-3.323366456608361386e+00
-3.105488116083659822e+00
-2.683647153283132969e+00
-2.077389554709394570e+00
-1.312582495281041428e+00
-4.201510416769709266e-01
5.653130707868709859e-01
1.607005323499462568e+00
2.667362225499161354e+00
3.709457406368636523e+00
4.698289507778786955e+00
5.601920073368127362e+00
6.392429284506299325e+00
7.046667461968837642e+00
7.546790253133897508e+00
7.880574916075721248e+00
8.041523737151514695e+00
8.028768102703823573e+00
7.846792900052969699e+00
7.505005643666295967e+00
7.017177982436168193e+00
6.400789084653748517e+00
5.676300916516639816e+00
4.866394769991915226e+00
3.995196730048964362e+00
3.087517292087336607e+00
2.168127247781356459e+00
1.261088449071616990e+00
3.891543224360562991e-01
-4.267487915673382481e-01
-1.167952107490625835e+00
-1.818382804901517158e+00
-2.364809701126392216e+00
-2.796998320538689686e+00
-3.107779881206428119e+00
-3.293040659201788234e+00
-3.351639679662143489e+00
-3.285263735618360048e+00
-3.098229378195837658e+00
-2.797241792920880155e+00
-2.391120421636676152e+00
-1.890500923580307191e+00
-1.307525895332774191e+00
-6.555329094288637748e-01
5.126074606345820683e-02
7.980694958042722220e-01
1.569841576196574273e+00
2.351547208787019283e+00
3.128448941897150171e+00
3.886350929445876901e+00
4.611824565803805953e+00
5.292408512305080137e+00
5.916781728801323581e+00
6.474908658301627540e+00
6.958156201607538449e+00
7.359382560625135739e+00
7.672998423396618861e+00
7.895001311426314672e+00
8.022984211851644787e+00
8.056119875210045578e+00
7.995122376167332234e+00
7.842187712053883430e+00
7.600915355027373366e+00
7.276212780851190942e+00
6.874185073372089505e+00
6.402011751481433421e+00
5.867812987252781554e+00
5.280507382557731333e+00
4.649663449104759927e+00
3.985346895736740169e+00
3.297965768988811330e+00
2.598115420222705918e+00
1.896425186843254451e+00
1.203408577722799855e+00
5.293186454374552152e-01
-1.159898884536496588e-01
-7.231903128965173622e-01
-1.283604100064708486e+00
-1.789310396034652140e+00
-2.233243795106751417e+00
-2.609279508267742020e+00
-2.912305184137586433e+00
-3.138278790828647136e+00
-3.284272118720417577e+00
-3.348499616442599969e+00
-3.330332424603947405e+00
-3.230297623222995629e+00
-3.050062858610683936e+00
-2.792406662798422534e+00
-2.461174922642799689e+00
-2.061224095590421523e+00
-1.598351903824862141e+00
-1.079216367212377126e+00
-5.112441571262302809e-01
9.747063312038317662e-02
7.382761008821920878e-01
1.402079234889293868e+00
2.079468325576726340e+00
2.760839635045659435e+00
3.436526818163354147e+00
4.096931541703154878e+00
4.732653718609638460e+00
5.334619760198048510e+00
5.894207251066001518e+00
6.403364470293633204e+00
6.854723218573205656e+00
7.241703464559510195e+00
7.558608395110887557e+00
7.800708543160308039e+00
7.964313773500807159e+00
8.046832030340841158e+00
8.046813890452622076e+00
7.963982121198807107e+00
7.799245612579655429e+00
7.554697235329257410e+00
7.233595371411915664e+00
6.840329067191161627e+00
6.380366970995096310e+00
5.860190433494212314e+00
5.287211368737616546e+00
4.669675693184473175e+00
4.016553376758439597e+00
3.337416350859632175e+00
2.642305720312178252e+00
1.941589916229601309e+00
1.245815601587716648e+00
5.655532977302824005e-01
-8.876016498136252153e-02
-7.069801585951318579e-01
-1.279411433934650955e+00
-1.796961611172027684e+00
-2.251288612308180337e+00
-2.634939675657214320e+00
-2.941479640301949861e+00
-3.165606272895523876e+00
-3.303250530727086964e+00
-3.351659813621154616e+00
-3.309462452472443861e+00
-3.176711912821531758e+00
-2.954909456029226167e+00
-2.647004295822735553e+00
-2.257370611118600490e+00
-1.791761123271848444e+00
-1.257237312832238718e+00
-6.620767324621366079e-01
-1.565826331844721864e-02
6.716734441773788422e-01
1.388762714145912458e+00
2.123814762827355374e+00
2.864582416757677219e+00
3.598564920587448590e+00
4.313215817547646935e+00
4.996156618307994179e+00
5.635392752251335402e+00
6.219528125308269040e+00
6.737974496236116551e+00
7.181151833584792143e+00
7.540675832748572560e+00
7.809528859591353012e+00
7.982210746186227723e+00
8.054866095959402728e+00
8.025385059425094170e+00
7.893474915676547354e+00
7.660700235390478952e+00
7.330489903266451890e+00
6.908109835040210811e+00
6.400600828470043524e+00
5.816681629573234424e+00
5.166617964172365518e+00
4.462058968572818252e+00
3.715843139070016399e+00
2.941776594247586640e+00
2.154387092464535414e+00
1.368657855003921675e+00
5.997457985287144577e-01
-1.373107354016736004e-01
-8.278892645069704237e-01
-1.458079668111632810e+00
-2.014973912134467415e+00
-2.486942917293822664e+00
-2.863894530603805944e+00
-3.137506728604029238e+00
-3.301430480680831447e+00
-3.351457132347542167e+00
-3.285645728485047545e+00
-3.104406379352848244e+00
-3.667558862899767735e+00
