4.628436502215706128e+00
5.164349237709009444e+00
5.667369191918314897e+00
6.106245885852959354e+00
6.448807537730186112e+00
6.664462773577671584e+00
6.727183666824553043e+00
6.618765810232821067e+00
6.332060296630411145e+00
5.873781996111770987e+00
5.266436876272792666e+00
4.548898766253473447e+00
3.775222070498509108e+00
3.011415048872422062e+00
2.330121485491585709e+00
1.803454969932368090e+00
1.494569742076006680e+00
1.448887151566133458e+00
1.686165107244573580e+00
2.194731570137618881e+00
2.929141241524227723e+00
3.812218347915991679e+00
4.741916148667255193e+00
5.602701716103545948e+00
6.280359524846845787e+00
6.678338470250919201e+00
6.733204592536301547e+00
6.426556850813680555e+00
5.791020764445568680e+00
4.908680449791408940e+00
3.901468979780605029e+00
2.914434131165292818e+00
2.094177638428032395e+00
1.565845968131757804e+00
1.412574644816176672e+00
1.661096081083956566e+00
2.276317262872255220e+00
3.166117225726187812e+00
4.195647166273002604e+00
5.208701290854691024e+00
6.052477137573196941e+00
6.601482680427268157e+00
6.776585999331667054e+00
6.556170839224103375e+00
5.977842422974347869e+00
5.130815467383824213e+00
4.140681955213149301e+00
3.149418988912255024e+00
2.294076862084762247e+00
1.687531521608918617e+00
1.404065538951804637e+00
1.471525593903301399e+00
1.870612504939527021e+00
2.540715758899247056e+00
3.390793258334356519e+00
4.313236510073822139e+00
5.198491695742673002e+00
5.948395756350924657e+00
6.486647465691882886e+00
6.765450717498090683e+00
6.768020946163069596e+00
6.507232453175063824e+00
6.021131453923436183e+00
5.366309753763577106e+00
4.610224035602549009e+00
3.823479765365881189e+00
3.072917914274305939e+00
2.416095304269324728e+00
1.897481863455968920e+00
1.546448778804379920e+00
1.376917225505750242e+00
1.388392411309728125e+00
1.568025299476027090e+00
1.893319094390753854e+00
2.335118289835655059e+00
2.860571035158085973e+00
3.435826843361543315e+00
4.028308941487030559e+00
4.608474211901979700e+00
5.151037120033710615e+00
5.635683643852281932e+00
6.047335887010558686e+00
6.376048529128540920e+00
6.616626535229524819e+00
6.768052246254127269e+00
6.832801902765613278e+00
6.816119433925664772e+00
6.725301200743436070e+00
6.569031050379985359e+00
6.356791742416900703e+00
6.098367308767879358e+00
5.803441578184640015e+00
5.481291007863603681e+00
5.140564983738936888e+00
4.789143613937252297e+00
4.434061418778562746e+00
4.081484872514407058e+00
3.736732151700390414e+00
3.404324406129608960e+00
3.088059152301075638e+00
2.791097808631204824e+00
2.516060805732970529e+00
2.265125015339898962e+00
2.040119383256652874e+00
1.842615587038543001e+00
1.674010720742921343e+00
1.535561251426932117e+00
1.428446288858560287e+00
1.353986331212143401e+00
1.313853519960117122e+00
1.310084031912585267e+00
1.345008095830064310e+00
1.421137521022734607e+00
1.541006122989994953e+00
1.706958401458547936e+00
1.920882922921768543e+00
2.183889357630361960e+00
2.495932316279650731e+00
2.855391278546594691e+00
3.258624142313651717e+00
3.699522172234198436e+00
4.169105977982822786e+00
4.655214730696172865e+00
5.142352673220161208e+00
5.611765982715286150e+00
6.041826449804874599e+00
6.408793010850160954e+00
6.688004541118615975e+00
6.855524567778198630e+00
6.890209036497727091e+00
6.776102558223515260e+00
6.504990542938129394e+00
6.078852270421001514e+00
5.511885659406515536e+00
4.831724572979555710e+00
4.079462413773633500e+00
3.308149058580357238e+00
2.579535646739193666e+00
1.959084967538045952e+00
1.509626887341144474e+00
1.284149944723111503e+00
1.318483554425136983e+00
1.624821445309304391e+00
2.187123360050725829e+00
2.959376784620009637e+00
3.867478010324369109e+00
4.815099821560949067e+00
5.693378976256749269e+00
6.393640031179164573e+00
6.821761448383686144e+00
6.912292683807787164e+00
6.640157155170873793e+00
6.027817678820904135e+00
5.146190420401632437e+00
4.108364458823581700e+00
3.056241357203851372e+00
2.141409248958826783e+00
1.502712760660742219e+00
1.243854029096754132e+00
1.414757748100810453e+00
2.000210962312521268e+00
2.918401091186725083e+00
4.030501593592560994e+00
5.160598220156412452e+00
6.123317565301903187e+00
6.754876067374119941e+00
6.942262043822743145e+00
6.645160336927145472e+00
5.906142204370311788e+00
4.846493324659978619e+00
3.647563537771725706e+00
2.520255093146599457e+00
1.667697094395882207e+00
1.247772743453710920e+00
1.342586332126929349e+00
1.941007443963312262e+00
2.938208517312105528e+00
4.152986485457066834e+00
5.360209264725726008e+00
6.332636966246591115e+00
6.884285284481761025e+00
6.906900024226785284e+00
6.392187876463900409e+00
5.435049831720016655e+00
4.216715558063210523e+00
2.970666597020843902e+00
1.937753514130925225e+00
1.319219121920559790e+00
1.236929468904592877e+00
1.708824834971379936e+00
2.644661660875045950e+00
3.863099782066885535e+00
5.126908236908274574e+00
6.189394381187344862e+00
6.842864255342739455e+00
6.959477306235437588e+00
6.516364119579547420e+00
5.600026642621189765e+00
4.389191602439484363e+00
3.119590508049909783e+00
2.037718740391882388e+00
1.352762616743460100e+00
1.196160736827089899e+00
1.596652632823397866e+00
2.475516471683839814e+00
3.662665638403303170e+00
4.930182486370560113e+00
6.036530138629344400e+00
6.772741983360504037e+00
7.001689507861391881e+00
6.683062695388338526e+00
5.879612300501250388e+00
4.743889890793648867e+00
3.488441389369230983e+00
2.345447041178211567e+00
1.523600544692953918e+00
1.170289364913624119e+00
1.345889265344343944e+00
2.014518742135482654e+00
3.052428313888441824e+00
4.271946123676482188e+00
5.456168287732922728e+00
6.397843869116220716e+00
6.935424796254598512e+00
6.980049953327995382e+00
6.529096834245723180e+00
5.664472083535653013e+00
4.536537165021380602e+00
3.336989224460476855e+00
2.265737463756136716e+00
1.497579774575579670e+00
1.154223664465503951e+00
1.286021006874384032e+00
1.865956312717722554e+00
2.796292503957315212e+00
3.926210309538451959e+00
5.077110682763746219e+00
6.071224974904385618e+00
6.758911998948653022e+00
7.040499695903513100e+00
6.879619551888126239e+00
6.306466552584943486e+00
5.411035906087262148e+00
4.327881893980519479e+00
3.215098115456498817e+00
2.230887460475585726e+00
1.511215971956733739e+00
1.151655161826632856e+00
1.195713346453702197e+00
1.630889780030510661e+00
2.392530470647106000e+00
3.374491555078675376e+00
4.444766461041592009e+00
5.463702860510046833e+00
6.302266854939035490e+00
6.857993552987389663e+00
7.066737855468272045e+00
6.909016578502745531e+00
6.410505730562276128e+00
5.637016686805386811e+00
4.684927453701300593e+00
3.668519509172621262e+00
2.705926325906157892e+00
1.905427731980753325e+00
1.353644663691533356e+00
1.106844362828045103e+00
1.186114173839658559e+00
1.576666315883080927e+00
2.231057558759892423e+00
3.075698668844236927e+00
4.019726851822860603e+00
4.965141708659969844e+00
5.817066143836435721e+00
6.493077807387290790e+00
6.930741625615272739e+00
7.092729433431957276e+00
6.969204669455663748e+00
6.577444966800566561e+00
5.958943564384364677e+00
5.174448458325391798e+00
4.297550667041140748e+00
3.407512787135495103e+00
2.582036943268099627e+00
1.890614771709596020e+00
1.388993774348230126e+00
1.115149957511689660e+00
1.086993110397125317e+00
1.301864890752989279e+00
1.737735682687190586e+00
2.355875655719953166e+00
3.104676730946134278e+00
3.924239658910789519e+00
4.751314758360320134e+00
5.524193119444150035e+00
6.187189880097920813e+00
6.694420463241657515e+00
7.012645807819904320e+00
7.123049786625482938e+00
7.021899706772060767e+00
6.720123429452907082e+00
6.241908934861545077e+00
5.622490176329280054e+00
4.905324368894241616e+00
4.138889443394280221e+00
3.373336593340476419e+00
2.657223100038974550e+00
2.034527273533919267e+00
1.542113334920115264e+00
1.207772669640007734e+00
1.048922464768006879e+00
1.071996527888865902e+00
1.272518967959742398e+00
1.635811834211497118e+00
2.138254640774892579e+00
2.748988240577264541e+00
3.431938444318940462e+00
4.148026239446943819e+00
4.857431081311776921e+00
5.521780719231253798e+00
6.106154278301440641e+00
6.580803517522145540e+00
6.922518879129981428e+00
7.115590657422437459e+00
7.152339925536429277e+00
7.033217464645590944e+00
6.766490714949016549e+00
6.367557795580507829e+00
5.857943237214014331e+00
5.264041791626751454e+00
4.615684314741063332e+00
3.944603268041110500e+00
3.282875043617290878e+00
2.661412446924384945e+00
2.108573751304747113e+00
1.648945342148536053e+00
1.302343723394440378e+00
1.083070212757267115e+00
9.994386426097481291e-01
1.053583412635100469e+00
1.241542852121543028e+00
1.553601513518739097e+00
1.974865118025338262e+00
2.486033699260838059e+00
3.064332238437843081e+00
3.684553856938428407e+00
4.320168445296250326e+00
4.944449397299502280e+00
5.531572751011473166e+00
6.057646324080245392e+00
6.501631132798276980e+00
6.846123234596351637e+00
7.077970843786852484e+00
7.188708844194394487e+00
7.174800366489165526e+00
7.037682631789481391e+00
6.783621526396951928e+00
6.423386132826280459e+00
5.971760499675095701e+00
5.446915123684756388e+00
4.869664816296678467e+00
4.262642748028529383e+00
3.649422459729989132e+00
3.053620490097703311e+00
2.498012018391052802e+00
2.003690616372585165e+00
1.589300928253011946e+00
1.270369959737321253e+00
1.058758784368306838e+00
9.622520092534285752e-01
9.842974352545343919e-01
1.123903156974282780e+00
1.375694035216116440e+00
1.730124196531679370e+00
2.173837122578534231e+00
2.690160128638493298e+00
3.259715726043312944e+00
3.861128633033155566e+00
4.471804141666809507e+00
5.068751245299960573e+00
5.629422442629556933e+00
6.132541500462030726e+00
6.558890697036120265e+00
6.892030178242603888e+00
7.118924016332602633e+00
7.230450319550888238e+00
7.221776236094232360e+00
7.092582842055904280e+00
6.847129597698864423e+00
6.494153180170251005e+00
6.046600919725351631e+00
5.521204634418662494e+00
4.937906218964975835e+00
4.319151734053970237e+00
3.689075796044961386e+00
3.072602616743726145e+00
2.494493925638361365e+00
1.978377067298184411e+00
1.545788661844871736e+00
1.215270221017707541e+00
1.001551923170437064e+00
9.148592917197646557e-01
9.603747497089050178e-01
1.137881932178105959e+00
1.441615263760158694e+00
1.860330733012494075e+00
2.377606148164063349e+00
2.972370622977729138e+00
3.619653849853423644e+00
4.291536154330636066e+00
4.958270722559244170e+00
5.589540124902022455e+00
6.155800732305952039e+00
6.629661267954593207e+00
6.987235994239695991e+00
7.209409335070752434e+00
7.282947478203242397e+00
7.201394042475785184e+00
6.965691505214387291e+00
6.584477937720697227e+00
6.074019734903072454e+00
5.457755337671231999e+00
4.765442145896123805e+00
4.031918423342047753e+00
3.295513321034565291e+00
2.596161757607235110e+00
1.973300386203400869e+00
1.463634025024416196e+00
1.098891286564589898e+00
9.037007060948472059e-01
8.937260726246694098e-01
1.074199946181344956e+00
1.438985563476343099e+00
1.970278595031357050e+00
2.639031199054961974e+00
3.406141919808859164e+00
4.224407439983771440e+00
5.041178170668329628e+00
5.801602225268562840e+00
6.452285403782962447e+00
6.945143026240719664e+00
7.241177833603106961e+00
7.313891808725582422e+00
7.152033345846894541e+00
6.761398484100775264e+00
6.165448230828618037e+00
5.404573674980665210e+00
4.533934573235586463e+00
3.619910655516786591e+00
2.735330593740084915e+00
1.953771460730105769e+00
1.343339669179065332e+00
9.604398249636987295e-01
8.440977337197055341e-01
1.011416524019557173e+00
1.454702062494359183e+00
2.140691606356729615e+00
3.012159816258187739e+00
3.991967318079201466e+00
4.989374301385137933e+00
5.908186835196716835e+00
6.656063214756123614e+00
7.154110847709268306e+00
7.345779563721620775e+00
7.204029305316005605e+00
6.735835593914361041e+00
5.983300344256180736e+00
5.020950038079569744e+00
3.949204404371779109e+00
2.884448549618126911e+00
1.946590087154180360e+00
1.245373326117259705e+00
8.669976006146526970e-01
8.626962094095902422e-01
1.240841343834341082e+00
1.963836417491959363e+00
2.950555550444008635e+00
4.084435239306648313e+00
5.226587412070985650e+00
6.232578829329784575e+00
6.970911929180953592e+00
7.340845733949933560e+00
7.287092273334891956e+00
6.809160372180493859e+00
5.963695707203481078e+00
4.859033768413222099e+00
3.642241018402305297e+00
2.480029090355270860e+00
1.535924214808802812e+00
9.467962453466340911e-01
8.021628506001419190e-01
1.129503752901250824e+00
1.888108458426913661e+00
2.972831587391343788e+00
4.227695275386762042e+00
5.467752138503246151e+00
6.506244534220540388e+00
7.183098511119268892e+00
7.390362150678407183e+00
7.090447188444894522e+00
6.323965260771204022e+00
5.205459344555088741e+00
3.907190467199063377e+00
2.633025289284702808e+00
1.586430221392686857e+00
9.376095796025438744e-01
7.951107925839089319e-01
1.186736335018410582e+00
2.053246727803703653e+00
3.256331260790277238e+00
4.599974162580497961e+00
5.862040919070315326e+00
6.831052626664652294e+00
7.342049070610568329e+00
7.305385968989815737e+00
6.723323438088215198e+00
5.691209882320947600e+00
4.382644383822056788e+00
3.020780826944781339e+00
1.840432752174047781e+00
1.047393565057594955e+00
7.820605508392901584e-01
1.093882873516890175e+00
1.931401685967023774e+00
3.149990226707265695e+00
4.536284617061936864e+00
5.845273063313666029e+00
6.843635457615671491e+00
7.351650071190958258e+00
7.276074670849036252e+00
6.627888009196564845e+00
5.521410384895380830e+00
4.154654213331275159e+00
2.774189726194137506e+00
1.630713909681972940e+00
9.333315127711894199e-01
8.109321827952213901e-01
1.287875656679287939e+00
2.278663125198950645e+00
3.602822962695602538e+00
5.017500687041023255e+00
6.261911710161438549e+00
7.105524098173921388e+00
7.391036204866582082e+00
7.064076636385701491e+00
6.183945502049674303e+00
4.913208140787885370e+00
3.487901411244065386e+00
2.173777264522924746e+00
1.216690710235084794e+00
7.964184569134231673e-01
9.926287460597067458e-01
1.769500006727243502e+00
2.982010895485534441e+00
4.402845642143538463e+00
5.764947213938087067e+00
6.811753246225157099e+00
7.345644861481086529e+00
7.265424836965049593e+00
6.585677182152123166e+00
5.434267988951983597e+00
4.028385023820040267e+00
2.633594739206263746e+00
1.513640320234051373e+00
8.804894024581648715e-01
8.541184216259019024e-01
1.439690177569733720e+00
2.526486615046360296e+00
3.908826033350681683e+00
5.325010941213491833e+00
6.506918622999666724e+00
7.230817878619424377e+00
7.359760513590209108e+00
6.869500027409046972e+00
5.853025876275816053e+00
4.502870237359071659e+00
3.074568400346238572e+00
1.838228327087451319e+00
1.027409881262846714e+00
7.950054942876918496e-01
1.184463068568597066e+00
2.121761583356194691e+00
3.429602780600806256e+00
4.861072153378519722e+00
6.146349381548953161e+00
7.043606342536100406e+00
7.384476299864976667e+00
7.105544487325627045e+00
6.259985768122601435e+00
5.007243916391857397e+00
3.582790779127697167e+00
2.253738124949097532e+00
1.268699742385904994e+00
8.113306551167696057e-01
9.662231071501929947e-01
1.703469919054524606e+00
2.884672849790781868e+00
4.289148621901704317e+00
5.655325703417229732e+00
6.729530762106824326e+00
7.313047048928107863e+00
7.298718603551229478e+00
6.690383891909232439e+00
5.601659951960062500e+00
4.234449446607789547e+00
2.841287837308749786e+00
1.678594517583940959e+00
9.595049699394011533e-01
8.149588898665340864e-01
1.270121482170273985e+00
2.240335051765298680e+00
3.547180274312736969e+00
4.951543550137534666e+00
6.197513342734470854e+00
7.059017782557626575e+00
7.380700933296707511e+00
7.105671174224761799e+00
6.285214314353419596e+00
5.068881730724466017e+00
3.676927121894598027e+00
2.360226870341782579e+00
1.355014104945875708e+00
8.406044317924328269e-01
9.076598029841149717e-01
1.542561865864978898e+00
2.630521625441217815e+00
3.976679532331829581e+00
5.341257320910216322e+00
6.482375389160885959e+00
7.198869932269232663e+00
7.365540232996526271e+00
6.954688884104045954e+00
6.040311303952264232e+00
4.784388730918298194e+00
3.407886235489772986e+00
2.151701281059876791e+00
1.234494871821845585e+00
8.147883784747449454e-01
9.638676864125921284e-01
1.654071420746151766e+00
2.764312505761529870e+00
4.101678030799786434e+00
5.435195265303083723e+00
6.535812431308512416e+00
7.215659111868014008e+00
7.359872389506185719e+00
6.945640876315223977e+00
6.045375152106075234e+00
4.813658656724973284e+00
3.460391828405603221e+00
2.214846050865086902e+00
1.286811533105116645e+00
8.314227558338957991e-01
9.235297248590303987e-01
1.545794619047163199e+00
2.592333383269549874e+00
3.887098107025591887e+00
5.213751527570542166e+00
6.351923076551785563e+00
7.113754295043540843e+00
7.374685455926595523e+00
7.093477344292588249e+00
6.318310812276473953e+00
5.178141926194271605e+00
3.860919491456907160e+00
2.582395104103223371e+00
1.550733107662595422e+00
9.327313089640316690e-01
8.271125338860736420e-01
1.249118122931766717e+00
2.128743644773164689e+00
3.322722712199086992e+00
4.638153193815932163e+00
5.863825755219367331e+00
6.804143530175030818e+00
7.310187384348888706e+00
7.303019983802197856e+00
6.785630408938503777e+00
5.841776344518251562e+00
4.622078495811058119e+00
3.319726076091039424e+00
2.139749550280335200e+00
1.266764853722610606e+00
8.362567603633497271e-01
9.138383003117276360e-01
1.485612448571616451e+00
2.460989146340203604e+00
3.687359293421531792e+00
4.974203046289718877e+00
6.122791463214546148e+00
6.956838390303245134e+00
7.349384303233269300e+00
7.241842611082413228e+00
6.652398149409095574e+00
5.672613189546400925e+00
4.452906963847858002e+00
3.179252926569718696e+00
2.044732375876498143e+00
1.220305754419186428e+00
8.292162314942195245e-01
9.288290500676352757e-01
1.502539063414173537e+00
2.462833815158685269e+00
3.664918145710295505e+00
4.928741540806886867e+00
6.066051475326619702e+00
6.908398798629377779e+00
7.331938081541301777e+00
7.275397625410192859e+00
6.748650869140721653e+00
5.830738326981502517e+00
4.657752666236881112e+00
3.402477832290981219e+00
2.248852090556853867e+00
1.365038172210772949e+00
8.790359822587419103e-01
8.603523071909702225e-01
1.310318503310305527e+00
2.162363209672556685e+00
3.292093824797236223e+00
4.535629620751713276e+00
5.713462680134409055e+00
6.656363384809877104e+00
7.229596875899961361e+00
7.352003261823984559e+00
7.007268085661017665e+00
6.245853087799562608e+00
5.177402702345678343e+00
3.954795447417992715e+00
2.752179968790583686e+00
1.740160534365721823e+00
1.061665083800557685e+00
8.118952560921615103e-01
1.025147952273504970e+00
1.670303951183174984e+00
2.655545129798591475e+00
3.841563456360419515e+00
5.061343744232378761e+00
6.143702720246770888e+00
6.937269066748995350e+00
7.331555235587535968e+00
7.272204832796733243e+00
6.768332983328428476e+00
5.890991724551172481e+00
4.763031149745971859e+00
3.541817391707268392e+00
2.397246805797783153e+00
1.488129012144069563e+00
9.402157155890291662e-01
8.289031420146506512e-01
1.168971668734828828e+00
1.912741521454311311e+00
2.956856046171568941e+00
4.156715623464052989e+00
5.346538861535132803e+00
6.362265603796165792e+00
7.064140844629152483e+00
7.355878593688339961e+00
7.197789002188362595e+00
6.612091792075072583e+00
5.679717346101069708e+00
4.529065117681200903e+00
3.318287387299401647e+00
2.213545410489078158e+00
1.366225983994252324e+00
8.922373691492881953e-01
8.562084755270435998e-01
1.262736330464356627e+00
2.055858205049273746e+00
3.126799327321072131e+00
4.328918585510782790e+00
5.497796477065319820e+00
6.473714236350149420e+00
7.123454135816214006e+00
7.358450559100109700e+00
7.146824825102659595e+00
6.517674411450840921e+00
5.557044561275620076e+00
4.396143159293541380e+00
3.193414248264121902e+00
2.112918630236344075e+00
1.301968984914350536e+00
8.710646748981525356e-01
8.788552414282126968e-01
1.324175001034487043e+00
2.146227766443466578e+00
3.232891580058676162e+00
4.436009137719883810e+00
5.591580172513410218e+00
6.542106251412855400e+00
7.158046479512828242e+00
7.355464043467644153e+00
7.107461815672263761e+00
6.447850007295471642e+00
5.466545419478963552e+00
4.297326740328982098e+00
3.099610771961725852e+00
2.036729019934569784e+00
1.253661873086131084e+00
8.572634146857005533e-01
9.016730428914940809e-01
1.380905906917669235e+00
2.229638034329549434e+00
3.332086396903957137e+00
4.537780682517498221e+00
5.682082464342037120e+00
6.608657223439623252e+00
7.190834391076201371e+00
7.348937790694193950e+00
7.061214349499531195e+00
6.366859173651640447e+00
5.360712048735726043e+00
4.180337648905636527e+00
2.987244106794826770e+00
1.944799511612349541e+00
1.195862765258709715e+00
8.431906397150790156e-01
9.353094713563119278e-01
1.459797559924936650e+00
2.344913503196954796e+00
3.469363968013708721e+00
4.678887758435480215e+00
5.807394610171783711e+00
6.699766188984041193e+00
7.233190912452587717e+00
7.334097211905616476e+00
6.988346746268635279e+00
6.243269350777035598e+00
5.201239864113293088e+00
4.005660374743849950e+00
2.821259945889746490e+00
1.811412701010160831e+00
1.115594562031624992e+00
8.300896025427677571e-01
9.946184019400754472e-01
1.586751659967061023e+00
2.524902771818328340e+00
3.679509691595717946e+00
4.890882299796140309e+00
5.991263722340149478e+00
6.828061963484984176e+00
7.285035352692528221e+00
7.298487575439068564e+00
6.866209811611477143e+00
6.047906113579395004e+00
4.957016517909777598e+00
3.745047688210910497e+00
2.580567067249900592e+00
1.625767319098563757e+00
1.013857286540322367e+00
8.304330742965904122e-01
1.101440184997030336e+00
1.789428294037312739e+00
2.798649242752380584e+00
3.988315618864070267e+00
5.192193767652312886e+00
6.241811611560356354e+00
6.990044605302104586e+00
7.331776942455649149e+00
7.218731478516030364e+00
6.666367693393574712e+00
5.751851559392644475e+00
4.603350969875117826e+00
3.382130621923566949e+00
2.259939197907455899e+00
1.394854858678881815e+00
9.089857154418319318e-01
8.711750870560486248e-01
1.287169071804628473e+00
2.098661411218812667e+00
3.191383006544390000e+00
4.411125882797961140e+00
5.585464364570112750e+00
6.548120086054748157e+00
7.162529581847045357e+00
7.341271051961570926e+00
7.058579419918888931e+00
6.354147529376181325e+00
5.327640994202875291e+00
4.124671595508122124e+00
2.916192355664633418e+00
1.874222537327109528e+00
1.147346586035002503e+00
8.394786718267090997e-01
9.949343057073840590e-01
1.591963824147326179e+00
2.545703424560706640e+00
3.720157461660829945e+00
4.947532011278402919e+00
6.052179770857108565e+00
6.875743435900300682e+00
7.299897545174572677e+00
7.263417158844287513e+00
6.771101534519285536e+00
5.893240074356432601e+00
4.755661696321402232e+00
3.521763776367541787e+00
2.369077809781527044e+00
1.463727504120767797e+00
9.364538495863024004e-01
8.636719794694456276e-01
1.256313512181236991e+00
2.058095379680149772e+00
3.153500453722895891e+00
4.384351353872872892e+00
5.572609695574399780e+00
6.546120639655665485e+00
7.163581209417944073e+00
7.335107229886889790e+00
7.035397018137903302e+00
6.307552561934945068e+00
5.256968847715127957e+00
4.036144423607296972e+00
2.822591674766048442e+00
1.793039836311218771e+00
1.097677771837701766e+00
8.381935747832249817e-01
1.052829603367023914e+00
1.710660268641179371e+00
2.715961016386035265e+00
3.922064576613776055e+00
5.152709543929362646e+00
6.227780936777389975e+00
6.989686166951399215e+00
7.326501512822733986e+00
7.188482558751209339e+00
6.595492815753090099e+00
5.634229309064162194e+00
4.445619401547349803e+00
3.204210324060013271e+00
2.092558449159160894e+00
1.274373249318188517e+00
8.703686408354411874e-01
9.403900917887102473e-01
1.474473298295009727e+00
2.394181586574789300e+00
3.564055940108428633e+00
4.811516455919652380e+00
5.952298394264218473e+00
6.817676819287862955e+00
7.279455951555454440e+00
7.269016505626079372e+00
6.787582166496592961e+00
5.906158700554044572e+00
4.755126060116189990e+00
3.504999490843217380e+00
2.341191932664152819e+00
1.436510278139638164e+00
9.254666400938726945e-01
8.842285014324535730e-01
1.319204290007890190e+00
2.165984476826249505e+00
3.298821185202108985e+00
4.549259693068473887e+00
5.731167129154651541e+00
6.668442039994270765e+00
7.221278420590323321e+00
7.307062514857049607e+00
6.912771799865053524e+00
6.097006847478048996e+00
4.981331180788277635e+00
3.732191688258747142e+00
2.536103708817025293e+00
1.571798622368290932e+00
9.834946099755779159e-01
8.592921857522979323e-01
1.217937175670718464e+00
2.005947118284202357e+00
3.105548233806005420e+00
4.352250717596306551e+00
5.559443007406857262e+00
6.546328508893980214e+00
7.165020706172213316e+00
7.322732117005335439e+00
6.995722582352144059e+00
6.232904472949624797e+00
5.148552353413775151e+00
3.905200045583281820e+00
2.689283116981723065e+00
1.683177474097061754e+00
1.037830010202986042e+00
8.500923202131827061e-01
1.148165293292707112e+00
1.887346009208921149e+00
2.956721576915426475e+00
4.195808903236274645e+00
5.418642424454430007e+00
6.441692088407526384e+00
7.111417812993405363e+00
7.327321018897245963e+00
7.057030576358293672e+00
6.341157718288413569e+00
5.287191973227827191e+00
4.053356667964347793e+00
2.824850480213031645e+00
1.786044316501591567e+00
1.092808928546681990e+00
8.491274279870459907e-01
1.091501820534013678e+00
1.783491159392603720e+00
4.088047509524955991e+00
