-1.359247749723976550e+00
-7.964152956474201961e-01
-2.475057735103933787e-01
2.807335436052786903e-01
7.818094636863492930e-01
1.249562691018012206e+00
1.678243537113495609e+00
2.062582596693960379e+00
2.397855519959633863e+00
2.679941084962301989e+00
2.905371856245381412e+00
3.071376807048447954e+00
3.175915381158079587e+00
3.217702575711954172e+00
3.196224736634840635e+00
3.111745872546769487e+00
2.965304409531925867e+00
2.758700426659108640e+00
2.494473529156530756e+00
2.175871631227015879e+00
1.806811032229604930e+00
1.391828276976791123e+00
9.360243918873498714e-01
4.450021824518484159e-01
-7.520263724079456757e-02
-6.181956363501703855e-01
-1.177302268528007456e+00
-1.745649916381054156e+00
-2.316252370651090242e+00
-2.882095705682151010e+00
-3.436224495581607030e+00
-3.971827311293905094e+00
-4.482320447644945638e+00
-4.961428851172464682e+00
-5.403263253966127166e+00
-5.802392565377358480e+00
-6.153910631749779370e+00
-6.453496543550292230e+00
-6.697467748597047077e+00
-6.882825318509015133e+00
-7.007290811955630971e+00
-7.069334281578210977e+00
-7.068193080318168953e+00
-7.003881235981971543e+00
-6.877189278809362705e+00
-6.689674524164416880e+00
-6.443641929795974832e+00
-6.142115762972663262e+00
-5.788802425764076887e+00
-5.388044895425048608e+00
-4.944769339908102523e+00
-4.464424564713886490e+00
-3.952915035407220667e+00
-3.416528299095598076e+00
-2.861857697015427249e+00
-2.295721318253821419e+00
-1.725078190838183589e+00
-1.156942740384505619e+00
-5.982985677907139976e-01
-5.601260583178269137e-02
4.632492901441445099e-01
9.531042798476736522e-01
1.407530996819069902e+00
1.820943563912039043e+00
2.188260255681614641e+00
2.504965963668323692e+00
2.767167696746710259e+00
2.971642434320012516e+00
3.115876744142835886e+00
3.198097677783983794e+00
3.217294563958030817e+00
3.173231431838980487e+00
3.066449911646852211e+00
2.898262576852820960e+00
2.670736809841393278e+00
2.386669389355276838e+00
2.049552112097521306e+00
1.663528871075110604e+00
1.233344718283101660e+00
7.642875378577476120e-01
2.621230466607462617e-01
-2.669760787237691613e-01
-8.165060773983541242e-01
-1.379712049296253351e+00
-1.949670987363570696e+00
-2.519376876136055099e+00
-3.081826810666992600e+00
-3.630107077220173561e+00
-4.157478137611951396e+00
-4.657457472562898104e+00
-5.123899265736927333e+00
-5.551069948980460467e+00
-5.933718680148919233e+00
-6.267141887197224648e+00
-6.547241085149167361e+00
-6.770573255251456146e+00
-6.934393167044664352e+00
-7.036687123122332466e+00
-7.076197711782823419e+00
-7.052439263310882112e+00
-6.965703819898118709e+00
-6.817057545819297459e+00
-6.608327621991048062e+00
-6.342079786006939557e+00
-6.021586793729980513e+00
-5.650788190117010501e+00
-5.234241883777819737e+00
-4.777068120521135164e+00
-4.284886544572700906e+00
-3.763747121117757111e+00
-3.220055769277658797e+00
-2.660495619650693921e+00
-2.091944864330436804e+00
-1.521392209200650880e+00
-9.558509677792788040e-01
-4.022728525817877987e-01
1.325374763071920370e-01
6.420060550731121474e-01
1.119870424259695518e+00
1.560256607801767004e+00
1.957751316765578675e+00
2.307468490258021365e+00
2.605109355574699581e+00
2.847015269318811104e+00
3.030212689960621208e+00
3.152449729028344638e+00
3.212223831638084004e+00
3.208800246109893894e+00
3.142221055638810601e+00
3.013304661002300211e+00
2.823635720662742710e+00
2.575545671922653934e+00
2.272084072569275914e+00
1.916981115281212844e+00
1.514601775575107556e+00
1.069892156912444214e+00
5.883186924998438094e-01
7.580095112286011627e-02
-4.613611270263597852e-01
-1.016564670100460477e+00
-1.582985038026634150e+00
-2.153659711942689015e+00
-2.721573878458647844e+00
-3.279746656729855658e+00
-3.821316908426694248e+00
-4.339627575812263771e+00
-4.828307511232842408e+00
-5.281349792161282863e+00
-5.693185559133953078e+00
-6.058752468954795134e+00
-6.373556921730282099e+00
-6.633729296831537781e+00
-6.836071518815577619e+00
-6.978096368618718515e+00
-7.058058056803197644e+00
-7.074973683046643202e+00
-7.028635318091108530e+00
-6.919612559638796512e+00
-6.749245530776912361e+00
-6.519628406996167413e+00
-6.233583674290935406e+00
-5.894627434764272422e+00
-5.506926186206176688e+00
-5.075245606916384489e+00
-4.604891975316240504e+00
-4.101646944427713493e+00
-3.571696472980829817e+00
-3.021554786738701814e+00
-2.457984304717656165e+00
-1.887912514581318701e+00
-1.318346818987489399e+00
-7.562883996085674188e-01
-2.086461576214770908e-01
3.178482114779290768e-01
8.167229648229445971e-01
1.281845863749973446e+00
1.707499552139116084e+00
2.088451834960002973e+00
2.420019993149337356e+00
2.698128344252518129e+00
2.919358341285822167e+00
3.080990593996994154e+00
3.181038295992828946e+00
3.218271646842925993e+00
3.192232968959619388e+00
3.103242333435288547e+00
2.952393625683452871e+00
2.741541099245358826e+00
2.473276583044513810e+00
2.150897622260908637e+00
1.778366944441649000e+00
1.360263749096372266e+00
9.017274195325546415e-01
4.083943488326915450e-01
-1.136713434824874192e-01
-6.580523524644057431e-01
-1.218057070152188448e+00
-1.786801839759105448e+00
-2.357295570550463015e+00
-2.922525673314595451e+00
-3.475544260096163018e+00
-4.009553548612588614e+00
-4.517989421550270279e+00
-4.994602113618288541e+00
-5.433533034542724849e+00
-5.829386783682705797e+00
-6.177297471054185252e+00
-6.472988529534301705e+00
-6.712825283026280232e+00
-6.893859624409341080e+00
-7.013866254086320140e+00
-7.071370033679368561e+00
-7.065664118638522950e+00
-6.996818646874331193e+00
-6.865679876612791332e+00
-6.673859784070177881e+00
-6.423716248814560714e+00
-6.118324070378394097e+00
-5.761437172389985761e+00
-5.357442458816100483e+00
-4.911305889521095480e+00
-4.428511437989532062e+00
-3.914993681552479288e+00
-3.377064852727839295e+00
-2.821337248370241912e+00
-2.254641950387472171e+00
-1.683944857120678984e+00
-1.116261057541636070e+00
-5.585686007922223695e-01
-1.772272102234295765e-02
4.996284281128042792e-01
9.871254934928179736e-01
1.438776092595539957e+00
1.849028472706106818e+00
2.212839753842621437e+00
2.525737916546365813e+00
2.783876772574247038e+00
2.984083242785861234e+00
3.123896361078820849e+00
3.201597524930311689e+00
3.216231620701119009e+00
3.167618764026906231e+00
3.056356510982111363e+00
2.883812512836586794e+00
2.652107704693795309e+00
2.364090234658049905e+00
2.023300453997235238e+00
1.633927398646972673e+00
1.200757296991323830e+00
7.291147368701418330e-01
2.247972149961543487e-01
-3.059961266905075750e-01
-8.567407017472168373e-01
-1.420666680363455336e+00
-1.990842205061372328e+00
-2.560258598063413160e+00
-3.121916512945644762e+00
-3.668911971588769028e+00
-4.194521228848751448e+00
-4.692283421778178365e+00
-5.156079987462689473e+00
-5.580209873257163444e+00
-5.959459614927139270e+00
-6.289167421284739490e+00
-6.565280477581795893e+00
-6.784404763279141548e+00
-6.943846771824535580e+00
-7.041646619614230218e+00
-7.076602137158031880e+00
-7.048283646315782747e+00
-6.957039241961535225e+00
-6.803990513152399444e+00
-6.591018756398009160e+00
-6.320741850499102199e+00
-5.996482077213014961e+00
-5.622225283298785570e+00
-5.202571885927925521e+00
-4.742680323709377532e+00
-4.248203648436103208e+00
-3.725220036977200166e+00
-3.180158077472412970e+00
-2.619717748222380571e+00
-2.050788060612379393e+00
-1.480362378415216229e+00
-9.154524543797160074e-01
-3.630022407791801964e-01
1.701974666269121528e-01
6.775925020098956253e-01
1.152945894200495314e+00
1.590414532416094762e+00
1.984620990600645118e+00
2.330719627502265023e+00
2.624456149977493435e+00
2.862219907361130300e+00
3.041088274092229593e+00
3.158862575038819731e+00
3.214095111921932091e+00
3.206106958626553816e+00
3.134996306656993692e+00
3.001637258153067922e+00
2.807669081303597824e+00
2.555476060231229862e+00
2.248158187036438438e+00
1.889493056258480852e+00
1.483889430151744016e+00
1.036333045559848731e+00
5.523253285367957233e-01
3.781577004371294848e-02
-5.008712060309550296e-01
-1.057113983580003413e+00
-1.624075148114275891e+00
-2.194785533223525320e+00
-2.762229886550763069e+00
-3.319433102261218238e+00
-3.859545960024639122e+00
-4.375929316595406959e+00
-4.862235715095547306e+00
-5.312487408847742287e+00
-5.721149840678517506e+00
-6.083199674473947383e+00
-6.394186542733891088e+00
-6.650287751115454782e+00
-6.848355267529870005e+00
-6.985954418195751359e+00
-7.061393814991889784e+00
-7.073746146237963828e+00
-7.022859575340239857e+00
-6.909359607188305219e+00
-6.734641399361004588e+00
-6.500852612653114093e+00
-6.210867011726676878e+00
-5.868249140391457175e+00
-5.477210505730861101e+00
-5.042557809664202750e+00
-4.569633864290420178e+00
-4.064251917290080840e+00
-3.532624194666741158e+00
-2.981285539190888123e+00
-2.417013083193214396e+00
-1.846742943100170065e+00
-1.277484959715168067e+00
-7.162365322688029057e-01
-1.698966054032111650e-01
3.548191336264570062e-01
8.514608051246121967e-01
1.313923619783899266e+00
1.736522919614549298e+00
2.114064054560150563e+00
2.441906235867035146e+00
2.716019581312691056e+00
2.933034651085102862e+00
3.090283865410978326e+00
3.185834294821650037e+00
3.218511419994146916e+00
3.187913569107927447e+00
3.094416855251436171e+00
2.939170553187080426e+00
2.724082972304182615e+00
2.451797999411374551e+00
2.125662599708042944e+00
1.749685675417038233e+00
1.328488787794512849e+00
8.672493482487593219e-01
3.716369768704890220e-01
-1.522561893348481910e-01
-6.979903818525607928e-01
-1.258857359199298198e+00
-1.827962865571256534e+00
-2.398311376006777795e+00
-2.962892086363099420e+00
-3.514765091107859174e+00
-4.047146689613997594e+00
-4.553492772362565333e+00
-5.027579262057668252e+00
-5.463578620860484847e+00
-5.856131483304175767e+00
-6.200412534368430428e+00
-6.492189822930605203e+00
-6.727876781504463111e+00
-6.904576312832256590e+00
-7.020116401411948814e+00
-7.073076812217349740e+00
-7.062806548426920017e+00
-6.989431853568266462e+00
-6.853854659714968989e+00
-6.657741500810619328e+00
-6.403503027399031211e+00
-6.094264374568716391e+00
-5.733826747352426700e+00
-5.326620695780247772e+00
-4.877651653934989007e+00
-4.392438412452463581e+00
-3.876945280770052626e+00
-3.337508772996203632e+00
-2.780759718587265450e+00
-2.213541755258866317e+00
-1.642827206028018239e+00
-1.075631374437751475e+00
-5.189263114587119308e-01
2.044488594232096723e-02
5.358521911133604654e-01
1.020960144937507863e+00
1.469805732188002700e+00
1.876871679750373278e+00
2.237154275719981822e+00
2.546224875732657100e+00
2.800284340484477941e+00
2.996209735286617271e+00
3.131592717618014721e+00
3.204769140810411532e+00
3.214839509973471454e+00
3.161680038712463503e+00
3.045944170728050349e+00
2.869054547594423799e+00
2.633185521448861532e+00
2.341236427549265198e+00
1.996795945237307190e+00
1.604097985386943925e+00
1.167969646576253684e+00
6.937718797123935133e-01
1.873335904688895326e-01
-3.451200104431855209e-01
-8.970439284411400038e-01
-1.461653837065185702e+00
-2.032009471873492679e+00
-2.601099941149760397e+00
-3.161929904770245159e+00
-3.707605561909216529e+00
-4.231419390608298414e+00
-4.726932597580658424e+00
-5.188054264763710677e+00
-5.609116219741135723e+00
-5.984942709715733500e+00
-6.310914022591155970e+00
-6.583023273122888597e+00
-6.797925656115566539e+00
-6.952979561239049033e+00
-7.046279044074319486e+00
-7.076677254250416382e+00
-7.043800532690594807e+00
-6.948053004682279266e+00
-6.790611612312138945e+00
-6.573411647328381235e+00
-6.299122962262265091e+00
-5.971117152225135172e+00
-5.593426110786794858e+00
-5.170692469372683675e+00
-4.708112529384802514e+00
-4.211372388534000422e+00
-3.686578046526706842e+00
-3.140180349257438053e+00
-2.578895694103242153e+00
-2.009623471022299324e+00
-1.439361254281622760e+00
-8.751187872896266651e-01
-3.238318178436814243e-01
2.077231570575057695e-01
7.130121888686495879e-01
1.185824193712714081e+00
1.620347299897995530e+00
2.011240288262550191e+00
2.353698247191804871e+00
2.643511635268178228e+00
2.877118025546504310e+00
3.051645895407288034e+00
3.164949923716837699e+00
3.215637361416411988e+00
3.203085151389717833e+00
3.127447587168595167e+00
2.989654416335206566e+00
2.791399411934011976e+00
2.535119552375053598e+00
2.223965065752576908e+00
1.861760706797865872e+00
1.452958742456174068e+00
1.002584223994639423e+00
5.161732183653455763e-01
-2.952419089052860102e-04
-5.404726538433126670e-01
-1.097719080683332349e+00
-1.665184770941499970e+00
-2.235894356506526570e+00
-2.802832594849387959e+00
-3.359030601371882252e+00
-3.897651511916611966e+00
-4.412074522463194093e+00
-4.895976272982686339e+00
-5.343408575069076960e+00
-5.748871527908049117e+00
-6.107381123831649106e+00
-6.414530512441702470e+00
-6.666544170235184197e+00
-6.860324309870303949e+00
-6.993488958604327621e+00
-7.064401237837723002e+00
-7.072189483856282877e+00
-7.016757962444074792e+00
-6.898788045661921942e+00
-6.719729836326193251e+00
-6.481784343140878590e+00
-6.201166949572888498e+00
-5.853828789924452991e+00
-5.458247123927659317e+00
-5.019284497082225016e+00
-4.542336699762660857e+00
-4.033266441403769775e+00
-3.498331285251429001e+00
-2.944106729514381904e+00
-2.377405380415399616e+00
-1.805193210676657944e+00
-1.234503932803306059e+00
-6.723525396991461012e-01
-1.256490753871639665e-01
3.988863042239074730e-01
8.948059364418705641e-01
1.356013907367892735e+00
1.776840983727898227e+00
2.152114299885645732e+00
2.477220943435189948e+00
2.748164657769077035e+00
2.961614964626875679e+00
3.114948102802583829e+00
3.206279279786650616e+00
3.234485839900589799e+00
3.199221064138602966e+00
3.100918432086387622e+00
2.940786293529038087e+00
2.720793015245523971e+00
2.443642785567174069e+00
2.112742374114397581e+00
1.732159255304899226e+00
1.306571610386054072e+00
8.412108225725161148e-01
3.417971721479524660e-01
-1.855304780253392849e-01
-7.342901422724761318e-01
-1.297736389585976369e+00
-1.868943259412612745e+00
-2.440889396535353306e+00
-3.006544358559581465e+00
-3.558955035100239250e+00
-4.091331116392826317e+00
-4.597128560736763347e+00
-5.070130034776687111e+00
-5.504521337838875539e+00
-5.894962870903860619e+00
-6.236655271709143022e+00
-6.525398409185369175e+00
-6.757643012058325738e+00
-6.930534296990893850e+00
-7.041947059981602308e+00
-7.090511799671157078e+00
-7.075631551445853873e+00
-6.997489225410649993e+00
-6.857045358032388904e+00
-6.656026305090383843e+00
-6.396903021068281348e+00
-6.082860685833944459e+00
-5.717759551960169162e+00
-5.306087493956992418e+00
-4.852904842686749376e+00
-4.363782183065165299e+00
-3.844731879647472095e+00
-3.302134171797574069e+00
-2.742658746888063881e+00
-2.173182755564278423e+00
-1.600706276841106002e+00
-1.032266272146777464e+00
-4.748500860029059023e-01
6.469044339783458497e-02
5.797232079506544622e-01
1.063917352444664122e+00
1.511321094325881020e+00
1.916434883846080073e+00
2.274279005301929057e+00
2.580454788401113309e+00
2.831198677336478564e+00
3.023428492943714740e+00
3.154781319281191099e+00
3.223642548925238049e+00
3.229165729951752883e+00
3.171282970642418153e+00
3.050705774019209837e+00
2.868916291949113795e+00
2.628149106324936479e+00
2.331363761270113688e+00
1.982208384005948343e+00
1.584974841558607128e+00
1.144545984525672466e+00
6.663356263894120168e-01
1.562219961598443341e-01
-3.795245176434769441e-01
-9.343184434891639301e-01
-1.501340176377093272e+00
-2.073619805382439729e+00
-2.644122788781329447e+00
-3.205836423627672183e+00
-3.751856046884659790e+00
-4.275469908514132555e+00
-4.770241673252575865e+00
-5.230089536949575901e+00
-5.649360984960617671e+00
-6.022902273651981275e+00
-6.346121780943088098e+00
-6.615046447170808364e+00
-6.826370612498180890e+00
-6.977496650550097712e+00
-7.066566898802255636e+00
-7.092486493230262923e+00
-7.054936826532330230e+00
-6.954379464495026753e+00
-6.792050472361717439e+00
-6.569945220944612529e+00
-6.290793859246017306e+00
-5.958027755082589749e+00
-5.575737316229495200e+00
-5.148621710552172104e+00
-4.681931103174107101e+00
-4.181402120707966574e+00
-3.653187335834559235e+00
-3.103779639013297675e+00
-2.539932426959321088e+00
-1.968576588940684102e+00
-1.396735311312540251e+00
-8.314377475217362701e-01
-2.796326147641701176e-01
2.518972206252918511e-01
7.566181191196448275e-01
1.228325980416621999e+00
1.661222505112303960e+00
2.049986468213367274e+00
2.389839128383287825e+00
2.676602968903387225e+00
2.906753048296201403e+00
3.077460329401996209e+00
3.186626454301573208e+00
3.232909537627194130e+00
3.215740661206240691e+00
3.135330867283455003e+00
2.992668564360001060e+00
2.789507377537106425e+00
2.528344592709496741e+00
2.212390459575807267e+00
1.845528730797729278e+00
1.432268922365582675e+00
9.776908819933307626e-01
4.873823469158438115e-01
-3.262974136352170262e-02
-5.759533210860683372e-01
-1.135909782360115194e+00
-1.705616061573651976e+00
-2.278069248980464145e+00
-2.846232669452604558e+00
-3.403122378280600380e+00
-3.941893008805090748e+00
-4.455921916626433443e+00
-4.938890586082010259e+00
-5.384862298329533559e+00
-5.788355106330516975e+00
-6.144409219714422221e+00
-6.448647971220125896e+00
-6.697331615305376573e+00
-6.887403297625390053e+00
-7.016526630316603175e+00
-7.083114411204951111e+00
-7.086348133918342285e+00
-7.026188049082174203e+00
-6.903373652924219783e+00
-6.719414597282993284e+00
-6.476572132754821354e+00
-6.177831313083514075e+00
-5.826864302459531686e+00
-5.427985236761175614e+00
-4.986097193589246857e+00
-4.506631922947513580e+00
-3.995483079406966898e+00
-3.458933776475040744e+00
-2.903579353679778041e+00
-2.336246305728882255e+00
-1.763908370275739435e+00
-1.193600805755210326e+00
-6.323339129968916783e-01
-8.700686362113474459e-02
4.356771055494323974e-01
9.292930896202542534e-01
1.387773491459691755e+00
1.805482605456561807e+00
2.177285892406848777e+00
2.498613093991828737e+00
2.765514411036487541e+00
2.974709054996634183e+00
3.123625575873428151e+00
3.210433470838603309e+00
3.234065685032721849e+00
3.194231727953671385e+00
3.091421244206812968e+00
2.926897994724550589e+00
2.702684322439193654e+00
2.421536293359069614e+00
2.086909818617258328e+00
1.702918173925758616e+00
1.274281438611585493e+00
8.062684757377556188e-01
3.046321664968214549e-01
-2.244613050140804589e-01
-7.745082473956261815e-01
-1.338747406236228343e+00
-1.910243074402776298e+00
-2.481970346728409993e+00
-3.046901471135429862e+00
-3.598092234752403584e+00
-4.128767323156388613e+00
-4.632403603490654831e+00
-5.102810307731848738e+00
-5.534205130481725021e+00
-5.921285305878534189e+00
-6.259292789941234503e+00
-6.544072747115434296e+00
-6.772124622096903579e+00
-6.940645169149767923e+00
-7.047562909997505898e+00
-7.091563596725482199e+00
-7.072106366701223834e+00
-6.989430390933968340e+00
-6.844551934150960193e+00
-6.639251862728505316e+00
-6.376053754031747900e+00
-6.058192876246815572e+00
-5.689576420008787494e+00
-5.274735470664955628e+00
-4.818769311535865185e+00
-4.327282742807412319e+00
-3.806317186538211939e+00
-3.262276424649845907e+00
-2.701847882737952400e+00
-2.131920427296384979e+00
-1.559499686800384310e+00
-9.916219375361953192e-01
-4.352676127023877850e-01
1.027245020569247380e-01
6.157413319676323660e-01
1.097476801971057458e+00
1.542009351886043156e+00
1.943874725060010800e+00
2.298133135780456637e+00
2.600429989815878695e+00
2.847049411701072064e+00
3.034959920801009847e+00
3.161851694697417781e+00
3.226164961850904067e+00
3.227109174532258873e+00
3.164672726346357212e+00
3.039623094899559508e+00
2.853497407857070289e+00
2.608583548353292425e+00
2.307892032010436356e+00
1.955119001256982347e+00
1.554600791824837458e+00
1.111260629900236996e+00
6.305481151348026891e-01
1.183722334000365528e-01
-4.189712772988225531e-01
-9.748773149199742027e-01
-1.542512604228874151e+00
-2.114899692378693352e+00
-2.685002716742633577e+00
-3.245813890727485607e+00
-3.790439644472327618e+00
-4.312185361579032872e+00
-4.804637670279432449e+00
-5.261743277503279081e+00
-5.677883376808298799e+00
-6.047942715539734948e+00
-6.367372472235812708e+00
-6.632246171381042998e+00
-6.839307948195827436e+00
-6.986012570184348291e+00
-7.070556723490705409e+00
-7.091901179486455931e+00
-7.049783569115158244e+00
-6.944721607969778887e+00
-6.778006732459727957e+00
-6.551688225292815915e+00
-6.268548025403823942e+00
-5.932066531969821810e+00
-5.546379822853506170e+00
-5.116228813352462268e+00
-4.646900980200866726e+00
-4.144165367161908975e+00
-3.614201671129703364e+00
-3.063524280425772961e+00
-2.498902199021045156e+00
-1.927275840986882427e+00
-1.355671717948242261e+00
-7.911160682146785028e-01
-2.405484892698175337e-01
2.892633647367932603e-01
7.918069719472464740e-01
1.260904995630030889e+00
1.690791216872454594e+00
2.076181413754704774e+00
2.412338315749351647e+00
2.695129834917314948e+00
2.921079858114105310e+00
3.087410975861654361e+00
3.192078622656597364e+00
3.233796209057004045e+00
3.212050936620850283e+00
3.127110101296640021e+00
2.980017807784017148e+00
2.772582135251798530e+00
2.507352912174569237e+00
2.187590373482125816e+00
1.817225085293079800e+00
1.400809629842989512e+00
9.434626445030911412e-01
4.508059027694253373e-01
-7.110478936815023410e-02
-6.158540322451750981e-01
-1.176745691517732784e+00
-1.746885207988420952e+00
-2.319264346497918794e+00
-2.886847342137526251e+00
-3.442657384861554704e+00
-3.979862379418242391e+00
-4.491858926425699394e+00
-4.972353492286387677e+00
-5.415439770187411739e+00
-5.815671281255287539e+00
-6.168128323440416949e+00
-6.468478445186836012e+00
-6.713029700536479183e+00
-6.898776031048420521e+00
-7.023434216692098886e+00
-7.085471941509235094e+00
-7.084126629057184488e+00
-7.019414816105905786e+00
-6.892131949365650101e+00
-6.703842607744018522e+00
-6.456861270322006519e+00
-6.154223866451321356e+00
-5.799650457683712901e+00
-5.397499510250852950e+00
-4.952714320184364638e+00
-4.470762249625068740e+00
-3.957567521238700259e+00
-3.419438396836827820e+00
-2.862989635335569716e+00
-2.295061183207775191e+00
-1.722634096898821410e+00
-1.152744730698359810e+00
-5.923982448835389825e-01
-4.848249730304754479e-02
4.723166231408737481e-01
9.635973803794199988e-01
1.419320882217575797e+00
1.833885311247072991e+00
2.202194783173978987e+00
2.519721986145350368e+00
2.782563831103865848e+00
2.987489429107398120e+00
3.131979805870757527e+00
3.214258865351846683e+00
3.233315221774260007e+00
3.188914631723480664e+00
3.081602873499893480e+00
2.912699038335158530e+00
2.684279315937201371e+00
2.399151473674098423e+00
2.060820343102542918e+00
1.673444738085351879e+00
1.241786334066029340e+00
7.711511368843795289e-01
2.673242606060184379e-01
-2.635011839135332767e-01
-8.148002156190192746e-01
-1.379796189240845017e+00
-1.951544094772123206e+00
-2.523015926508668905e+00
-3.087187072284446998e+00
-3.637122660992509360e+00
-4.166062806996291279e+00
-4.667505703595177025e+00
-5.135287544147439931e+00
-5.563658288448573686e+00
-5.947352343034674860e+00
-6.281653286598023911e+00
-6.562451844901723064e+00
-6.786296402556649454e+00
-6.950435430763448608e+00
-7.052851309491796172e+00
-7.092285128349695711e+00
-7.068252161287110980e+00
-6.981047824916782218e+00
-6.831744047211701698e+00
-6.622176091215553839e+00
-6.354919995731290072e+00
-6.033260910289486745e+00
-5.661152713628339050e+00
-5.243169412059602408e+00
-4.784448915139565273e+00
-4.290629879761744370e+00
-3.767782398993196669e+00
-3.222333387635986313e+00
-2.660987581686651726e+00
-2.090645122777373910e+00
-1.518316740664703568e+00
-9.510375763524226977e-01
-3.957807051486508243e-01
1.406285773567983455e-01
6.515966527866656754e-01
1.130842629660569365e+00
1.572475548997368300e+00
1.971066796811373756e+00
2.321716833399717128e+00
2.620115419173545401e+00
2.862594596729619578e+00
3.046173777898706359e+00
3.168596381554944497e+00
3.228357571828376127e+00
3.224722755759323878e+00
3.157736613018355509e+00
3.028222546697503237e+00
2.837772561923590064e+00
2.588727696707171955e+00
2.284149245574004450e+00
1.927781129701954033e+00
1.524003876114971234e+00
1.077780771628654932e+00
5.945968534302479291e-01
8.039148622992842164e-02
-4.585146452459571975e-01
-1.015497231001417866e+00
-1.583709762720481695e+00
-2.156167692011606629e+00
-2.725834285458717865e+00
-3.285707121138628395e+00
-3.828904163377109260e+00
-4.348748357698891454e+00
-4.838849706121305161e+00
-5.293183813908706625e+00
-5.706165942279763925e+00
-6.072719656803046817e+00
-6.388339227642646279e+00
-6.649145014623684347e+00
-6.851931156315378857e+00
-6.994204976930438633e+00
-7.074217626646857937e+00
-7.090985578715955029e+00
-7.044302719111527722e+00
-6.934742880112439778e+00
-6.763652786675567796e+00
-6.533135502303176523e+00
-6.246024577890171514e+00
-5.905849221318170805e+00
-5.516790915935450457e+00
-5.083632021175118254e+00
-4.611696987120344815e+00
-4.106786905614690397e+00
-3.575108202424425841e+00
-3.023196346980574489e+00
-2.457835517468351938e+00
-1.885975208754587129e+00
-1.314644808219201266e+00
-7.508671895359326776e-01
-2.015723865214802402e-01
3.264875918154417356e-01
8.268217579193573030e-01
1.293279933819522665e+00
1.720128349983705007e+00
2.102120125619552748e+00
2.434559764071743349e+00
2.713360870527825153e+00
2.935096382557723427e+00
3.097040696047672181e+00
3.197203168709549015e+00
3.234352589335725003e+00
3.208032312020671295e+00
3.118565869316594519e+00
2.967052995325866416e+00
2.755356107614508776e+00
2.486077414113652129e+00
2.162526926413446571e+00
1.788681772634533207e+00
1.369137310010134723e+00
9.090506381077974041e-01
4.140772070362674917e-01
-1.096987001430849151e-01
-6.558387562802519000e-01
-1.217629730959032486e+00
-1.788166010470366718e+00
-2.360434482587882243e+00
-2.927400742729595606e+00
-3.482095561849698928e+00
-4.017700553181669854e+00
-4.527631984808259347e+00
-5.005621707820969490e+00
-5.445794205287627143e+00
-5.842738814933730040e+00
-6.204387261756497907e+00
