5.105328816976792083e+00
6.970058373956097952e+00
8.427015173087571753e+00
9.334597790301438991e+00
9.606974847731571288e+00
9.222174259811225738e+00
8.223752912067272547e+00
6.715932803329462075e+00
4.852741012100310058e+00
2.822283307470911939e+00
8.277563043037829971e-01
-9.328855669207030132e-01
-2.286573978750271685e+00
-3.102132667973633851e+00
-3.302975309443454854e+00
-2.874267786176877948e+00
-1.863888415652313668e+00
-3.771423889320177913e-01
1.434191497109110314e+00
3.387344659895009436e+00
5.286994730345863758e+00
6.944794904845142725e+00
8.198044684633323698e+00
8.925651897351464470e+00
9.059820972868045885e+00
8.592340829952529901e+00
7.574892520394980622e+00
6.113396859289148999e+00
4.357014809925421339e+00
2.482939532823305040e+00
6.785286560304855108e-01
-8.774227092766482272e-01
-2.032397079830000841e+00
-2.675102962983973320e+00
-2.746191639614457003e+00
-2.243711096377673186e+00
-1.222798581222175329e+00
2.103086851638287236e-01
1.909299702839830637e+00
3.702711351660930461e+00
5.411225427942852662e+00
6.865596984851731754e+00
7.923421675368852668e+00
8.483080723319680772e+00
8.493497718265931695e+00
7.958770813187456383e+00
6.937263151634747160e+00
5.535290888150975697e+00
3.896086109273484865e+00
2.185177732305994880e+00
5.736811169483782002e-01
-7.788170913965877240e-01
-1.740066762026626357e+00
-2.218088305658445947e+00
-2.169967518219280578e+00
-1.605670720984241129e+00
-5.865448851054368973e-01
7.812982817500757626e-01
2.358005661517418972e+00
3.984270637284891503e+00
5.497426820215796539e+00
6.747721736961215022e+00
7.613141811222320143e+00
8.011320248113921849e+00
7.907365261482181218e+00
7.316865498026110970e+00
6.303819423437829528e+00
4.973746072917166750e+00
3.462714529858761825e+00
1.923430929749948781e+00
5.098051648648067591e-01
-6.384425134437115013e-01
-1.409594579447595919e+00
-1.730802646704433734e+00
-1.574950190894215396e+00
-9.628667743936083490e-01
3.927837825163704721e-02
1.327090589785170360e+00
2.768810333113818523e+00
4.218791477085952479e+00
5.532218291330709192e+00
6.579573307969555529e+00
7.259409673954554165e+00
7.508167906095805755e+00
7.306087664335985110e+00
6.678667667358928917e+00
5.693579686167446141e+00
4.453399563477018930e+00
3.084933416785097027e+00
1.726249325768427711e+00
5.127414612068155186e-01
-4.363656220056046919e-01
-1.029726404085782754e+00
-1.212647424999170553e+00
-9.720828526204234876e-01
-3.374010951861037277e-01
6.230991725141454829e-01
1.809518782463128028e+00
3.100748734669509954e+00
4.366840614654523556e+00
5.482091975854238797e+00
6.337527722964610533e+00
6.851537494642007786e+00
6.977631326237862197e+00
6.708579376744986611e+00
6.076574252592752856e+00
5.149457971296729220e+00
4.023448870570186742e+00
2.813147419831734553e+00
1.639859945013075304e+00
6.194319807568899883e-01
-1.491861747485470069e-01
-5.935132771759721315e-01
-6.743261628305408095e-01
-3.890331662091872644e-01
2.286474982753872176e-01
1.112610633821234707e+00
2.171437250456623058e+00
3.297861218785438808e+00
4.379647732467059740e+00
5.310779047165276268e+00
6.001832373941745402e+00
6.388535407290152790e+00
6.437684580118801847e+00
6.149887937606360211e+00
5.558919428867723056e+00
4.727811150117393169e+00
3.742130568156091908e+00
2.701159569032944852e+00
1.707885579020482325e+00
8.588144022373400688e-01
2.346119340980901136e-01
-1.075200542306089524e-01
-1.390180939872709409e-01
1.377789023622204567e-01
6.904398734758245837e-01
1.460184648124190243e+00
2.368133075479535332e+00
3.323396478049547742e+00
4.232181025110160810e+00
5.006991212862710761e+00
5.575031507834692590e+00
5.885002294459111383e+00
5.911660895825801454e+00
5.657750695771186500e+00
5.153167166201283678e+00
4.451502079394551004e+00
3.624359544353897178e+00
2.754045563785709305e+00
1.925377314408519114e+00
1.217426753441164911e+00
6.960006447560331821e-01
4.075688951793017267e-01
3.751959060096887733e-01
5.968224403666457789e-01
1.046009678314878677e+00
1.675016301447994627e+00
2.419857106549895498e+00
3.206808868794284617e+00
3.959702634849622704e+00
4.607282103202219758e+00
5.089919239149446994e+00
5.365057790232935275e+00
5.410893432529182867e+00
5.227981011398604494e+00
4.838666060532642810e+00
4.284448919665892141e+00
3.621584905224921158e+00
2.915384818565418978e+00
2.233792123293941501e+00
1.640867010133610471e+00
1.190799773589086286e+00
9.230089469009805647e-01
8.587615756523585553e-01
9.995966013872701339e-01
1.327653605240682433e+00
1.807825805287646359e+00
2.391485790166544501e+00
3.021390809356293783e+00
3.637274100981107594e+00
4.181577968254623023e+00
4.604786390636221860e+00
4.869868030631659295e+00
4.955437954518514765e+00
4.857377626678124116e+00
4.588804327473128275e+00
4.178438186203728755e+00
3.667562618117415685e+00
3.105898624627046800e+00
2.546804311097927265e+00
2.042260809911173425e+00
1.638111392513285525e+00
1.369982986471562691e+00
1.260243633300244470e+00
1.316244020626569089e+00
1.529966900690268305e+00
1.879077065351174358e+00
2.329238793832343557e+00
2.837458498219468606e+00
3.356126815833840205e+00
3.837382858795987950e+00
4.237375427359369340e+00
4.520033819997561153e+00
4.660222750845413486e+00
4.645943454459366961e+00
4.479359842738716679e+00
4.176560080993157342e+00
3.766071877562395365e+00
3.286259396814385614e+00
2.781829365865152059e+00
2.299754760430845479e+00
1.884978992580294443e+00
1.576286508844720879e+00
1.402714554165539029e+00
1.380835968219500165e+00
1.513167689541505379e+00
1.787860381978574331e+00
2.179709804757967273e+00
2.652410346684393794e+00
3.161856366840905874e+00
3.660198193735005212e+00
4.100286160416330539e+00
4.440095102706349550e+00
4.646717697640531775e+00
4.699548945163771307e+00
4.592353596311770758e+00
4.334007666149025439e+00
3.947825714116621754e+00
3.469516546512283917e+00
2.943939405883999605e+00
2.420948446694189293e+00
1.950704242035006919e+00
1.578888168321997076e+00
1.342272675034462903e+00
1.265075165671651014e+00
1.356456920736583083e+00
1.609426504235603295e+00
2.001278229791575214e+00
2.495552101355843710e+00
3.045355514676982178e+00
3.597752776520002804e+00
4.098819281074584708e+00
4.498884070693444315e+00
4.757455464738161943e+00
4.847343448313136349e+00
4.757559070913592869e+00
4.494680134625643753e+00
4.082514632861323989e+00
3.560055925137602717e+00
2.977891314470000328e+00
2.393382344967837749e+00
1.865065098748914130e+00
1.446808848282074678e+00
1.182308819686325618e+00
1.100470721158788523e+00
1.212178071864871143e+00
1.508808835800234283e+00
1.962702265401483848e+00
2.529584837389874608e+00
3.152763880100021954e+00
3.768709128808837239e+00
4.313485964216319246e+00
4.729397145724107077e+00
4.971145821821234989e+00
5.010858929902672010e+00
4.841407174290194959e+00
4.477618478602093610e+00
3.955191863711318589e+00
3.327357787545172307e+00
2.659574609241711407e+00
2.022772788007852096e+00
1.485833530730252816e+00
1.108095592516357586e+00
9.327080206411908492e-01
9.815815166087209498e-01
1.252540140963859239e+00
1.719051478595390980e+00
2.332639134035349837e+00
3.027785342472955499e+00
3.728846204838937695e+00
4.358260491350796961e+00
4.845164474311084213e+00
5.133452073767338142e+00
5.188353859902450793e+00
5.000750276103639536e+00
4.588671359242555425e+00
3.995743080556118265e+00
3.286685714826090177e+00
2.540313129739613540e+00
1.840783060754981326e+00
1.268070347066403869e+00
8.887489712773315453e-01
7.481577733785740314e-01
8.648865823038280887e-01
1.228267193888261444e+00
1.799214313761464679e+00
2.514373818961334717e+00
3.293144970253982784e+00
4.046796565947094138e+00
4.688637260964784836e+00
5.144060505498455171e+00
5.359283878845424454e+00
5.307743368726594468e+00
4.993370361894907461e+00
4.450341929759663806e+00
3.739310344979513534e+00
2.940535576046972910e+00
2.144713895626162881e+00
1.442571408763516860e+00
9.144392974251860373e-01
6.210296096389238407e-01
5.964862647712632082e-01
8.445134767559312472e-01
1.338016725946591601e+00
2.022274981159563723e+00
2.821248089413043836e+00
3.646260396714112950e+00
4.406033978043676136e+00
5.016903184316189979e+00
5.412041335099661232e+00
5.548667458604583658e+00
5.412456295953997909e+00
5.018714660783941461e+00
4.410268626819715543e+00
3.652382158572393234e+00
2.825354218549525509e+00
2.015681307872546846e+00
1.306801024684375756e+00
7.704392734749814231e-01
4.594740514838937528e-01
4.030208970407826996e-01
6.041720025868722033e-01
1.040514430067023710e+00
1.667223766236247018e+00
2.422265228764955758e+00
3.233046991454909147e+00
4.023765118617589565e+00
4.722664302669328684e+00
5.268506885384480753e+00
5.615678833810658688e+00
5.737543910343376297e+00
5.627861960030658750e+00
5.300290160813506013e+00
4.786166414741739317e+00
4.130915953743974356e+00
3.389515913240133127e+00
2.621494611193818436e+00
1.885934863491818048e+00
1.236900873577786442e+00
7.196263265460216552e-01
3.676992721639456008e-01
2.013693884570719739e-01
2.269964162276867370e-01
4.375640898232369125e-01
8.141083382527067869e-01
1.327855693950768190e+00
1.942838855291123767e+00
2.618750019070158253e+00
3.313805947139368158e+00
3.987427568685498080e+00
4.602576449557232330e+00
5.127635816829149817e+00
5.537770516435831958e+00
5.815744501351758800e+00
5.952213278771699478e+00
5.945540227616696427e+00
5.801208807463365424e+00
5.530917225353630506e+00
5.151448599236012171e+00
4.683409053335042316e+00
4.149919823791576867e+00
3.575338821016173174e+00
2.984073678648413885e+00
2.399533506118699755e+00
1.843251558370400556e+00
1.334196817196291684e+00
8.882797679824583348e-01
5.180469302336643267e-01
2.325502106136094760e-01
3.737095034162418727e-02
-6.522546290459585450e-02
-7.603056607738123418e-02
1.444158499632308690e-03
1.613568005294392371e-01
3.959537583552594775e-01
6.959971863227827349e-01
1.051183880147225080e+00
1.450541737063074210e+00
1.882793305321785127e+00
2.336679125332560059e+00
2.801236449306543363e+00
3.266031435535741156e+00
3.721345010575579870e+00
4.158314269699300070e+00
4.569032557607211054e+00
4.946612269663416939e+00
5.285215055513186933e+00
5.580054203598141527e+00
5.827373925565510149e+00
6.024410499026013888e+00
6.169339991379488630e+00
6.261220989685078564e+00
6.299927365074834640e+00
6.286072177000560757e+00
6.220935702969854653e+00
6.106396155187383101e+00
5.944864643530858750e+00
5.739225720130300523e+00
5.492784425924606140e+00
5.209220380702861419e+00
4.892549113276015937e+00
4.547090513239264276e+00
4.177443994223169810e+00
3.788469683308470337e+00
3.385274684403895673e+00
2.973203196597620224e+00
2.557828993814642793e+00
2.144948482374862131e+00
1.740572242600493480e+00
1.350912626169138209e+00
9.823646225507989271e-01
6.414768305050055908e-01
3.349089855767299895e-01
6.937212173393714210e-02
-1.484528842968466655e-01
-3.120228788438588197e-01
-4.150705976491626537e-01
-4.517789846052808755e-01
-4.170317446944351580e-01
-3.067411371693551381e-01
-1.182141910455269951e-01
1.494592924536197742e-01
4.950171811472698913e-01
9.146596836958775789e-01
1.401739101040956781e+00
1.946539383649269483e+00
2.536182121155858393e+00
3.154694691298084663e+00
3.783271838411036203e+00
4.400753375714170801e+00
4.984342878313306358e+00
5.510563605019209277e+00
5.956315822907978230e+00
6.300029109239773106e+00
6.522869759273550727e+00
6.609939436179196548e+00
6.551393119351985206e+00
6.343400118183787129e+00
5.988872274593141753e+00
5.497889099373683308e+00
4.887760775247432576e+00
4.182686624843969803e+00
3.412988260695214660e+00
2.613922231795548168e+00
1.824105152226811244e+00
1.083613266540370601e+00
4.318461277325682524e-01
-9.473164656475141499e-02
-4.648378744288033104e-01
-6.544657482437732376e-01
-6.486763605796195264e-01
-4.429530777560746202e-01
-4.399861250487369091e-02
5.301157287460354084e-01
1.250501757016815096e+00
2.078716101421510754e+00
2.968692868397933893e+00
3.869259487141027964e+00
4.727102136693421386e+00
5.490007859068427365e+00
6.110181098319440451e+00
6.547415816936736022e+00
6.771902575494372911e+00
6.766464046828330581e+00
6.528042233746083944e+00
6.068304805432289228e+00
5.413293911461075858e+00
4.602104974541636473e+00
3.684650888945325331e+00
2.718633841794337869e+00
1.765907573424853494e+00
8.884625047606387049e-01
1.443006392228181056e-01
-4.165166447294907925e-01
-7.553687034946805490e-01
-8.478688236504767772e-01
-6.857393581073671918e-01
-2.776179002198175816e-01
3.512836541013113489e-01
1.160665162208082579e+00
2.097685686118474280e+00
3.100411359524828825e+00
4.101935738980298396e+00
5.034893220291487559e+00
5.836054145526251347e+00
6.450680449468678468e+00
6.836334100276205916e+00
6.965866442106204204e+00
6.829372414204216923e+00
6.434965544585464770e+00
5.808312411454414459e+00
4.990952909083173239e+00
4.037518744094255929e+00
3.012040826364932755e+00
1.983600892925759807e+00
1.021629113869555905e+00
1.911742407286105561e-01
-4.515256588765668155e-01
-8.628656852789693410e-01
-1.014827088743588845e+00
-8.968598552787985234e-01
-5.165696019686754070e-01
1.008326696419383772e-01
9.142733878070061770e-01
1.869625146404411131e+00
2.903382361777914422e+00
3.946947188917039107e+00
4.931229909710246773e+00
5.791249869203662470e+00
6.470426804898300688e+00
6.924277439089260078e+00
7.123276351663862194e+00
7.054699992876533265e+00
6.723343787400964722e+00
6.151079502034010105e+00
5.375297983644946598e+00
4.446355697873103807e+00
3.424207350846525166e+00
2.374457179208394830e+00
1.364095213524378680e+00
4.572001388436639502e-01
-2.891132241849820872e-01
-8.282455421480374724e-01
-1.126945353270151884e+00
-1.167255013081577530e+00
-9.474636005593550792e-01
-4.820259955894439230e-01
1.995260741034230456e-01
1.054592180863578310e+00
2.030286149611197910e+00
3.066804652263808606e+00
4.101160767349458780e+00
5.071045100814329132e+00
5.918575646937904722e+00
6.593710991577776070e+00
7.057128336175504835e+00
7.282405976082455545e+00
7.257396515174336926e+00
6.984729048103016424e+00
6.481432412718859837e+00
5.777724062026292629e+00
4.915057020117300723e+00
3.943558080648703612e+00
2.919021751911324625e+00
1.899644983727940994e+00
9.426966786356905104e-01
1.013133664789389599e-01
-5.784011331836333980e-01
-1.059817454192815589e+00
-1.317640337452693267e+00
-1.339099568002441565e+00
-1.124425831378862206e+00
-6.866063491792226969e-01
-5.045497612782723351e-02
7.489322979112023049e-01
1.668234642852917560e+00
2.658350678561364866e+00
3.667087792638154653e+00
4.641946690317873880e+00
5.532851907037748873e+00
6.294687454167151586e+00
6.889512278067870810e+00
7.288351615046988030e+00
7.472486194281329652e+00
7.434189995635400727e+00
7.176897265862465680e+00
6.714809120822276434e+00
6.071977811643233913e+00
5.280931291961614704e+00
4.380921015083648840e+00
3.415891118564883921e+00
2.432276827001454755e+00
1.476743837968406359e+00
5.939787645101981539e-01
-1.753662241968845237e-01
-7.964829746448516268e-01
-1.241894908793666374e+00
-1.492564581677695124e+00
-1.538583326715743382e+00
-1.379425955898422096e+00
-1.023774134950251380e+00
-4.889315346744620427e-01
2.001286645605930836e-01
1.012028556124379808e+00
1.910495651624879665e+00
2.856043448231295301e+00
3.807743182671821991e+00
4.725006932989047392e+00
5.569305138580757486e+00
6.305747703830888895e+00
6.904466978818110334e+00
7.341754052109353168e+00
7.600903684094158841e+00
7.672744274693505062e+00
7.555845614590738890e+00
7.256406709919827058e+00
6.787839819999160085e+00
6.170078424046357313e+00
5.428646683483759006e+00
4.593535808060323689e+00
3.697938370003280628e+00
2.776894946236235118e+00
1.865908508030393875e+00
9.995808147900366869e-01
2.103218786934522022e-01
-4.728214083562622960e-01
-1.025177859778290568e+00
-1.427273789725626685e+00
-1.665440445666305891e+00
-1.732192377179730514e+00
-1.626371003044142505e+00
-1.353056359688443955e+00
-9.232581913008708341e-01
-3.534049134133097070e-01
3.353446678863631902e-01
1.117936834632231813e+00
1.966371720747269292e+00
2.850728939006808904e+00
3.740232505772788762e+00
4.604317681035521304e+00
5.413663769255238734e+00
6.141159481447026280e+00
6.762770993118211393e+00
7.258287175676703562e+00
7.611921445133766895e+00
7.812755067602193293e+00
7.855012396886316139e+00
7.738164637137975532e+00
7.466864797963088662e+00
7.050719462029771734e+00
6.503908026798264075e+00
5.844664977531631500e+00
5.094644498755677375e+00
4.278189775510629289e+00
3.421531618959312571e+00
2.551942533869064889e+00
1.696873012861383812e+00
8.830967021791868987e-01
1.358901663774276791e-01
-5.217286643274841040e-01
-1.069681581038373075e+00
-1.491411807075919249e+00
-1.774350768696810299e+00
-1.910258073414745184e+00
-1.895426806312897838e+00
-1.730750349774536900e+00
-1.421651041062665932e+00
-9.778749896580833934e-01
-4.131611726913084759e-01
2.552035886603425396e-01
1.006929086016469466e+00
1.819348323283465518e+00
2.668106903207736913e+00
3.527894365734818294e+00
4.373195777240216131e+00
5.179041629357666210e+00
5.921734485378921775e+00
6.579531788652747792e+00
7.133265783050862119e+00
7.566883538068132076e+00
7.867892555533862797e+00
8.027700285605842367e+00
8.041839012629178995e+00
7.910070896392348949e+00
7.636371377541356864e+00
7.228792582569015579e+00
6.699211700484106302e+00
6.062972460448678547e+00
5.338430733992446164e+00
4.546417841755348022e+00
3.709637298079562218e+00
2.852012423832186450e+00
1.998003458172221691e+00
1.171913476911166985e+00
3.972025663589429101e-01
-3.041706908303223322e-01
-9.123622709581220569e-01
-1.410193555889500239e+00
-1.783625062907454151e+00
-2.022140382289534521e+00
-2.119030206522711346e+00
-2.071569149457479497e+00
-1.881081045007910291e+00
-1.552891501164129551e+00
-1.096169582268182729e+00
-5.236635172847661224e-01
1.486617966307819394e-01
9.020750837001294542e-01
1.715604017104817247e+00
2.566620845577603394e+00
3.431472006740358349e+00
4.286134291965352894e+00
5.106879482349016897e+00
5.870929222514661205e+00
6.557082239808551094e+00
7.146296839263036382e+00
7.622212884961162338e+00
7.971599179611740915e+00
8.184714228679922599e+00
8.255570766048077047e+00
8.182097059521286297e+00
7.966190834752064909e+00
7.613664579099573615e+00
7.134083933895634999e+00
6.540503775550989829e+00
5.849109345631829271e+00
5.078772343993570360e+00
4.250534179493540954e+00
3.387030519425833663e+00
2.511872840401158768e+00
1.649003819062961229e+00
8.220440813863665319e-01
5.364803711713506118e-02
-6.351137434511309188e-01
-1.225328891566014100e+00
-1.700758809078688039e+00
-2.048281515486172211e+00
-2.258249819365145683e+00
-2.324755155148825025e+00
-2.245789978083648109e+00
-2.023304350851027777e+00
-1.663155211224975893e+00
-1.174949704716470755e+00
-5.717868219282800091e-01
1.300956791088334619e-01
9.117595333309846950e-01
1.752077584230936180e+00
2.628304950009323626e+00
3.516694329559548748e+00
4.393138845465308862e+00
5.233825074988615711e+00
6.015878639765874780e+00
6.717984918196926003e+00
7.320968106259530650e+00
7.808312965156821939e+00
8.166615128220122699e+00
8.385947753938520322e+00
8.460134555852977911e+00
8.386921753397189150e+00
8.168044203469641218e+00
7.809183817952202844e+00
7.319821271398919471e+00
6.712984878040168191e+00
6.004903290968091056e+00
5.214571274405702894e+00
4.363240152405596817e+00
3.473846580798254369e+00
2.570394968444002171e+00
1.677310143312745527e+00
8.187776839397411521e-01
1.808969457760056798e-02
-7.029863174474506593e-01
-1.324798398634762897e+00
-1.830344931848585155e+00
-2.205738723262276046e+00
-2.440587753098906632e+00
-2.528282173661123622e+00
-2.466179646601453612e+00
-2.255683837343983811e+00
-1.902213755201040968e+00
-1.415064566162188342e+00
-8.071634327088923477e-01
-9.472677258658857014e-02
7.031720002672168235e-01
1.565112756701717789e+00
2.467903331082225371e+00
3.387203207883294986e+00
4.298179471387029160e+00
5.176177367151347575e+00
5.997387391144494373e+00
6.739490876276250653e+00
7.382266586274960574e+00
7.908141840129186306e+00
8.302673150550152315e+00
8.554943228931946919e+00
8.657863437785602301e+00
8.608373300485565593e+00
8.407531440016480673e+00
8.060495239391295641e+00
7.576389518174557303e+00
6.968067521325205682e+00
6.251770437344873699e+00
5.446694423421819309e+00
4.574476640867056965e+00
3.658614025770502654e+00
2.723830376505178563e+00
1.795408780231222856e+00
8.985073846740005976e-01
5.747702113637087606e-02
-7.048008150655959980e-01
-1.367538489060882156e+00
-1.912614469727399680e+00
-2.325068831655571877e+00
-2.593513336177216466e+00
-2.710446010885209311e+00
-2.672460805495749270e+00
-2.480346478176055136e+00
-2.139071859435977885e+00
-1.657657715627435913e+00
-1.048938508024301441e+00
-3.292203332000420701e-01
4.821558450798892892e-01
1.363333979728079015e+00
2.290531777098146371e+00
3.238682728040815029e+00
4.182114005390184630e+00
5.095241897842426759e+00
5.953265943152666217e+00
6.732842926401767514e+00
7.412722422672088030e+00
7.974326574932145917e+00
8.402258280812352709e+00
8.684723876984650204e+00
8.813858705959969342e+00
8.785946565748158577e+00
8.601526907655102860e+00
8.265386684254590222e+00
7.786436876176040300e+00
7.177476858066717647e+00
6.454852815875783634e+00
5.638019316390570523e+00
4.749015776920847642e+00
3.811871915731674942e+00
2.851958218242721443e+00
1.895298976217538955e+00
9.678665049148280630e-01
9.487568700195758709e-02
-6.999019838761957324e-01
-1.394786184290155440e+00
-1.970779697653442852e+00
-2.412088325748420026e+00
-2.706554526380309689e+00
-2.845992851400986901e+00
-2.826417910990816296e+00
-2.648158488407696964e+00
-2.315854498081395541e+00
-1.838336721275471319e+00
-1.228392446484844136e+00
-5.024232314383327846e-01
3.199960531710561717e-01
1.216645039442094456e+00
2.163258299260602868e+00
3.134182169236400028e+00
4.103070174510296653e+00
5.043598188790244130e+00
5.930179906462971218e+00
6.738663169129890385e+00
7.446988184969357327e+00
8.035789692119344352e+00
8.488926619824376019e+00
8.793924753097869029e+00
8.942320255490255221e+00
8.929894586758084785e+00
8.756794295155144070e+00
8.427532287903162000e+00
7.950870403318512913e+00
7.339586336529759336e+00
6.610131119850824355e+00
5.782186342879402474e+00
4.878133034866084294e+00
3.922446548086968576e+00
2.941033809729366233e+00
1.960530895584330136e+00
1.007579977945362693e+00
1.081052822011963066e-01
-7.133922647696384622e-01
-1.434502497969402768e+00
-2.035517402277528198e+00
-2.499969742931226868e+00
-2.815084216596146049e+00
-2.972128763767625692e+00
-2.966656384425680137e+00
-2.798630765424127809e+00
-2.472432179649702633e+00
-1.996743367982663386e+00
-1.384318377231800845e+00
-6.516405118091941340e-01
1.815214227209338560e-01
1.092646632207075585e+00
2.057071198841489590e+00
3.048655832077659777e+00
4.040494422065127544e+00
5.005644184942074304e+00
5.917857583159188195e+00
6.752296135788503406e+00
7.486206705887489932e+00
8.099541852063920189e+00
8.575507332774751745e+00
8.901021814210860583e+00
9.067076202992824463e+00
9.068982739293389272e+00
8.906506970962364989e+00
8.583878903924158976e+00
8.109682902464854237e+00
7.496629206064015172e+00
6.761213147724694394e+00
5.923271214823973452e+00
5.005445904202526108e+00
4.032573811982192780e+00
3.031013497552582869e+00
2.027931312976569256e+00
1.050564548455046321e+00
1.254818795434435863e-01
-7.221388051768968808e-01
-1.469195569332364393e+00
-2.095291945589326410e+00
-2.583293655151120305e+00
-2.919797340294381982e+00
-3.095498493865115108e+00
-3.105448493337226168e+00
-2.949193647905439697e+00
-2.630792369469175718e+00
-2.158709876269131023e+00
-1.545593148513368931e+00
-8.079321155776781893e-01
3.438384950031458942e-02
9.586022010908870072e-01
1.939721799734390961e+00
2.951169199678377542e+00
3.965518353475671276e+00
4.955234243752324019e+00
5.893420281791559745e+00
6.754549188557588124e+00
7.515157500193934581e+00
8.154484805863082997e+00
8.655040305452285310e+00
9.003081228536172986e+00
9.188990031557882077e+00
9.207540023460705214e+00
9.058042087166830569e+00
8.744368383800386724e+00
8.274852261223150762e+00
7.662066947914097703e+00
6.922488906333468250e+00
6.076054857210097637e+00
5.145624382353215509e+00
4.156362589754973413e+00
3.135059510621473144e+00
2.109404633802867135e+00
1.107236221258153686e+00
1.557857545349921047e-01
-7.190619830085540620e-01
-1.493473085163021352e+00
-2.146313807727834089e+00
-2.659727272793435127e+00
-3.019621856502646473e+00
-3.216057904224356001e+00
-3.243522162152210342e+00
-3.101082350539459576e+00
-2.792417549005739019e+00
-2.325723430743594555e+00
-1.713494778777588934e+00
-9.721910515151193088e-01
-1.217939461122190536e-01
8.147311498764393534e-01
1.812055305629712620e+00
2.843171048581481841e+00
3.880123696546719625e+00
4.894769218109419562e+00
5.859538076533764794e+00
6.748184326956151224e+00
7.536499613675682774e+00
8.202972644412721337e+00
8.729376176793799402e+00
9.101265500090306659e+00
9.308374780033517482e+00
9.344900392134853462e+00
9.209663424890067063e+00
8.906146805929616050e+00
8.442405903009735368e+00
7.830854885585720737e+00
7.087934508387851551e+00
6.233670204207052201e+00
5.291132361246340565e+00
4.285813329493529444e+00
3.244937977804695173e+00
2.196726446455987247e+00
1.169629058835992996e+00
1.915541342911004641e-01
-7.108903398113968208e-01
-1.513120571508243195e+00
-2.193246670512101204e+00
-2.732669953077231817e+00
-3.116591546614177588e+00
-3.334418385392833528e+00
-3.380055459205161483e+00
-3.252076252974942072e+00
-2.953766613800647534e+00
-2.493040713485389581e+00
3.016448411627993487e+00
