-7.189910609073634440e+00
-6.508504696733303341e+00
-6.035602799388760431e+00
-5.834666123155865414e+00
-5.930590930261473659e+00
-6.307214700043310529e+00
-6.910497184381758196e+00
-7.656732966386102568e+00
-8.444500246210068894e+00
-9.168606127515474213e+00
-9.734099507513580107e+00
-1.006849938916267106e+01
-1.013070359070902349e+01
-9.915544837360075192e+00
-9.453571805443889531e+00
-8.806266337440046499e+00
-8.057481785540700159e+00
-7.302331381350667172e+00
-6.635020893774586703e+00
-6.137183667500718975e+00
-5.868142340412468627e+00
-5.858218470048864646e+00
-6.105786443232812388e+00
-6.578280749570928343e+00
-7.216879017375836369e+00
-7.944155913882089415e+00
-8.673682783533626761e+00
-9.320366402516048865e+00
-9.810290503946992757e+00
-1.008894002094713827e+01
-1.012692782830291804e+01
-9.922671817606778077e+00
-9.501843316206981527e+00
-8.913780834260954578e+00
-8.225393709304070100e+00
-7.513333922669174214e+00
-6.855367702231324856e+00
-6.321920818829854127e+00
-5.968705061199113260e+00
-5.831172329340502003e+00
-5.921310525460548924e+00
-6.227021400536925988e+00
-6.714036589116153309e+00
-7.330064889771690240e+00
-8.010647708601098316e+00
-8.686049958046261565e+00
-9.288441758794133918e+00
-9.758634371481866410e+00
-1.005171586123164573e+01
-1.014107495603187203e+01
-1.002048709121790004e+01
-9.704143497141972219e+00
-9.224710576601008682e+00
-8.629692568164912814e+00
-7.976518938114790735e+00
-7.326877274312304955e+00
-6.740856462042635222e+00
-6.271453144854300277e+00
-5.959931776336076403e+00
-5.832424241819726518e+00
-5.898021550742126529e+00
-6.148461709243305151e+00
-6.559369111288615883e+00
-7.092865101094457003e+00
-7.701258018705326336e+00
-8.331442260603544980e+00
-8.929594358815350574e+00
-9.445750848009405232e+00
-9.837885361001545093e+00
-1.007516564670318360e+01
-1.014015749799747468e+01
-1.002984298685110964e+01
-9.755425508160225689e+00
-9.340994854840646511e+00
-8.821213886641194435e+00
-8.238257971183774231e+00
-7.638284962457046134e+00
-7.067734948663545680e+00
-6.569755449359696797e+00
-6.181021264969887241e+00
-5.929172523318269938e+00
-5.831034577666247110e+00
-5.891714948090549520e+00
-6.104601325670566681e+00
-6.452216370026171433e+00
-6.907824542239300314e+00
-7.437637453024329659e+00
-8.003429896769585383e+00
-8.565360316308501254e+00
-9.084787046117433817e+00
-9.526884278585471932e+00
-9.862887257988612433e+00
-1.007183194056226583e+01
-1.014169698934991715e+01
-1.006990201281631769e+01
-9.863161976844132539e+00
-9.536740583190972842e+00
-9.113182459680180258e+00
-8.620633215753993994e+00
-8.090876451450355944e+00
-7.557227065187792192e+00
-7.052420781900592850e+00
-6.606631440832095414e+00
-6.245731484216570095e+00
-5.989888905768695260e+00
-5.852567529020630488e+00
-5.839968869441654498e+00
-5.950924935889965184e+00
-6.177223937084113103e+00
-6.504326516653890167e+00
-6.912410062197565708e+00
-7.377663669332206631e+00
-7.873746957887162168e+00
-8.373322227395846085e+00
-8.849571153461752715e+00
-9.277613821836634855e+00
-9.635758596484141236e+00
-9.906525180188731738e+00
-1.007739921630031077e+01
-1.014129383785051175e+01
-1.009671067320591042e+01
-9.947609034985202214e+00
-9.703006554992356314e+00
-9.376346751281033676e+00
-8.984678476053446161e+00
-8.547698635635246234e+00
-8.086712920602352028e+00
-7.623569628541681631e+00
-7.179619243891611546e+00
-6.774747617871829775e+00
-6.426523813848722178e+00
-6.149495452749633273e+00
-5.954655236979546018e+00
-5.849092772596737433e+00
-5.835836340663814958e+00
-5.913880330335469893e+00
-6.078386010950413976e+00
-6.321036481665272433e+00
-6.630521203571127842e+00
-6.993121613390538727e+00
-7.393366979727795218e+00
-7.814728856654831191e+00
-8.240323113368591024e+00
-8.653590416723078604e+00
-9.038929018295537077e+00
-9.382257524070846344e+00
-9.671489762822574221e+00
-9.896908676336908073e+00
-1.005143109674577495e+01
-1.013076013715018142e+01
-1.013342651037063824e+01
-1.006072424663312859e+01
-9.916549877956139625e+00
-9.707157104277769122e+00
-9.440841198794922562e+00
-9.127568926287601414e+00
-8.778570548063544976e+00
-8.405910607421812841e+00
-8.022053689680909372e+00
-7.639440308076887121e+00
-7.270086571146590515e+00
-6.925219436283259533e+00
-6.614957248809013812e+00
-6.348043005869807409e+00
-6.131635464677581915e+00
-5.971160922252003900e+00
-5.870226305842877856e+00
-5.830592194785154447e+00
-5.852202597920189042e+00
-5.933266774878231509e+00
-6.070387140261614078e+00
-6.258726340326656867e+00
-6.492205943781002020e+00
-6.763728833134126539e+00
-7.065417303194382548e+00
-7.388859044141433685e+00
-7.725353577949682027e+00
-8.066152294771509190e+00
-8.402685963912405853e+00
-8.726774435140177033e+00
-9.030814163660837224e+00
-9.307940151188045519e+00
-9.552159863704813958e+00
-9.758457634628323163e+00
-9.922868964808388981e+00
-1.004252496693955976e+01
-1.011566795466869806e+01
-1.014163983337437180e+01
-1.012084550189131171e+01
-1.005469391789402955e+01
-9.945519813365848449e+00
-9.796489272874222110e+00
-9.611492511292935248e+00
-9.395027216455055452e+00
-9.152075765060878609e+00
-8.887979487376153287e+00
-8.608312959066481085e+00
-8.318761048585356477e+00
-8.025001157591681533e+00
-7.732592771376747720e+00
-7.446876097143225515e+00
-7.172881220347563591e+00
-6.915248862391492501e+00
-6.678163484859511279e+00
-6.465299163226526424e+00
-6.279778352297427091e+00
-6.124143391187442553e+00
-6.000340350855460692e+00
-5.909714614401165633e+00
-5.853017400850973218e+00
-5.830422297378115459e+00
-5.841550752396209134e+00
-5.885505401593860597e+00
-5.960910049005397227e+00
-6.065955103428525064e+00
-6.198447274325505241e+00
-6.355862357942380747e+00
-6.535399990750683230e+00
-6.734039310384966726e+00
-6.948594540949470044e+00
-7.175769606904541575e+00
-7.412210974853600476e+00
-7.654558022751055901e+00
-7.899490338863261130e+00
-8.143771456010407306e+00
-8.384288628214831007e+00
-8.618088355176290349e+00
-8.842407453538887907e+00
-9.054699561534842900e+00
-9.252657044358372218e+00
-9.434228340859158735e+00
-9.597630857389017223e+00
-9.741359571630532344e+00
-9.864191557915695796e+00
-9.965186685990941484e+00
-1.004368477763396328e+01
-1.009929953032117567e+01
-1.013190953472236622e+01
-1.014164672367596509e+01
-1.012888259504295796e+01
-1.009421255005747042e+01
-1.003843868311507492e+01
-9.962551349002119139e+00
-9.867709820000436949e+00
-9.755222328716994795e+00
-9.626525773476409142e+00
-9.483165342234455508e+00
-9.326774288742786467e+00
-9.159054071598724533e+00
-8.981755043283012441e+00
-8.796657852712156611e+00
-8.605555701552706438e+00
-8.410237571858576899e+00
-8.212472520749077631e+00
-8.013995117056174067e+00
-7.816492089604689220e+00
-7.621590462205374727e+00
-7.430846882133719689e+00
-7.245737916718262284e+00
-7.067651535338454138e+00
-6.897879772352222716e+00
-6.737612548852927041e+00
-6.587932623129326259e+00
-6.449811632766939695e+00
-6.324107185429619804e+00
-6.211560950435874418e+00
-6.112797699232116244e+00
-6.028325239698636651e+00
-5.958535186836378728e+00
-5.903704510709284925e+00
-5.863997801489885475e+00
-5.839470191012402722e+00
-5.830070870315976705e+00
-5.835647143199791387e+00
-5.855948956756697577e+00
-5.890633851147955014e+00
-5.939272272478588910e+00
-6.001353194483989739e+00
-6.076289996799630444e+00
-6.163426549817991429e+00
-6.262043458501689308e+00
-6.371364419987912697e+00
-6.490562652354805451e+00
-6.618767354499312638e+00
-6.755070159673353558e+00
-6.898531547821299625e+00
-7.048187184435259489e+00
-7.203054156183064549e+00
-7.362137076049466877e+00
-7.524434033155631418e+00
-7.688942364774114857e+00
-7.854664230327375485e+00
-8.020611969344539460e+00
-8.185813227444597828e+00
-8.349315836415135195e+00
-8.510192436358499535e+00
-8.667544829683391683e+00
-8.820508058428037756e+00
-8.968254198010740197e+00
-9.109995862018848811e+00
-9.244989414067781297e+00
-9.372537884090199611e+00
-9.491993587656128994e+00
-9.602760448079097344e+00
-9.704296022137006261e+00
-9.796113231229661267e+00
-9.877781800716183724e+00
-9.948929411023875957e+00
-1.000924256490398712e+01
-1.005846717592958761e+01
-1.009640888399295555e+01
-1.012293310416698944e+01
-1.013796481585146481e+01
-1.014148809963416298e+01
-1.013354542976249562e+01
-1.011423673054674310e+01
-1.008371820540443231e+01
-1.004220094761012483e+01
-9.989949342138523036e+00
-9.927279268284308955e+00
-9.854556113011462060e+00
-9.772192605231332152e+00
-9.680646481433001327e+00
-9.580417993294737755e+00
-9.472047268092529393e+00
-9.356111532892414928e+00
-9.233222213669071365e+00
-9.104021920633961429e+00
-8.969181331185495765e+00
-8.829395982008442445e+00
-8.685382981953290837e+00
-8.537877657419087996e+00
-8.387630142041286874e+00
-8.103598299500516688e+00
-8.031192447652548694e+00
-7.958580082175452652e+00
-7.886126707436507566e+00
-7.814196571389602219e+00
-7.743151016972112721e+00
-7.673346846779583785e+00
-7.605134706674579803e+00
-7.538857493964807865e+00
-7.474848795756470210e+00
-7.413431363049480360e+00
-7.354915626092886072e+00
-7.299598256459193024e+00
-7.247760781225919935e+00
-7.199668254570247505e+00
-7.155567991987089371e+00
-7.115688372232631842e+00
-7.080237711972266368e+00
-7.049403217974241187e+00
-7.023350021536957755e+00
-7.002220299668139525e+00
-6.986132487347420650e+00
-6.975180584999538524e+00
-6.969433565082605142e+00
-6.968934881454567076e+00
-6.973702084920120114e+00
-6.983726548079661534e+00
-6.998973302301168431e+00
-7.019380989314580432e+00
-7.044861929586328841e+00
-7.075302309268835188e+00
-7.110562487136346199e+00
-7.150477422513982440e+00
-7.194857224782096772e+00
-7.243487824593193736e+00
-7.296131766473639146e+00
-7.352529121998951922e+00
-7.412398522229359799e+00
-7.475438307572775720e+00
-7.541327792707209987e+00
-7.609728643643724588e+00
-7.680286363447612175e+00
-7.752631882559485099e+00
-7.826383249072603299e+00
-7.901147413729442626e+00
-7.976522103801688246e+00
-8.052097779415474221e+00
-8.127459665281982382e+00
-8.202189850193017051e+00
-8.275869446047622091e+00
-8.348080797589989999e+00
-8.418409733466550193e+00
-8.486447848653464021e+00
-8.551794807768988704e+00
-8.614060658273679394e+00
-8.672868142076671560e+00
-8.727854993616277923e+00
-8.778676212069539631e+00
-8.825006294973805510e+00
-8.866541420220114489e+00
-8.903001563105130245e+00
-8.934132534913400647e+00
-8.959707929348073918e+00
-8.979530963041193914e+00
-8.993436196359798629e+00
-9.001291120785490207e+00
-9.002997599287684949e+00
-8.998493146339670901e+00
-8.987752034545270163e+00
-8.970786215257213314e+00
-8.947646041079654111e+00
-8.918420778760298262e+00
-8.883238901695017731e+00
-8.842268152092694677e+00
-8.795715363781701157e+00
-8.743826037683712471e+00
-8.686883663136036660e+00
-8.625208779510341373e+00
-8.559157773952373205e+00
-8.489121412553041424e+00
-8.415523103852413200e+00
-8.338816895272108454e+00
-8.259485204862761165e+00
-8.178036292635981752e+00
-8.095001477718184901e+00
-8.010932109607537654e+00
-7.926396303925802300e+00
-7.841975455224279301e+00
-7.758260541612966854e+00
-7.675848238223443865e+00
-7.595336858771367439e+00
-7.517322146739742195e+00
-7.442392939939686869e+00
-7.371126734403871339e+00
-7.304085175706776845e+00
-7.241809507866421747e+00
-7.184816011938464086e+00
-7.133591468244514289e+00
-7.088588677855255149e+00
-7.050222080450803119e+00
-7.018863506979669431e+00
-6.994838106606219519e+00
-6.978420488248085363e+00
-6.969831117532669040e+00
-6.969233010218772506e+00
-6.976728763009213630e+00
-6.992357962197942811e+00
-7.016095009726324605e+00
-7.047847404945340344e+00
-7.087454518673070858e+00
-7.134686893981209366e+00
-7.189246105525927355e+00
-7.250765206140992625e+00
-7.318809772360385324e+00
-7.392879543848595247e+00
-7.472410737107646028e+00
-7.556779037148057654e+00
-7.645303267924234980e+00
-7.737249742665689212e+00
-7.831837288413158404e+00
-7.928242931789178272e+00
-8.025608225343418667e+00
-8.123046185769991823e+00
-8.219648806963846255e+00
-8.314495102343110844e+00
-8.406659622198075610e+00
-8.495221383135893589e+00
-8.579273138074038130e+00
-8.657930906814302219e+00
-8.730343679122549716e+00
-8.795703194580452688e+00
-8.853253696399008277e+00
-8.902301550032552413e+00
-8.942224611950379654e+00
-8.972481229457507368e+00
-8.992618749152240909e+00
-9.002281409608270835e+00
-9.001217493311466811e+00
-8.989285613894256954e+00
-8.966460017413604433e+00
-8.932834780915522188e+00
-8.888626797908838029e+00
-8.834177448700675228e+00
-8.769952863871717241e+00
-8.696542701509111239e+00
-8.614657373158841835e+00
-8.525123669766237811e+00
-8.428878757066318173e+00
-8.326962529851956063e+00
-8.220508336137582361e+00
-8.110732105257191904e+00
-7.998919938157850851e+00
-7.886414243301945071e+00
-7.774598527360485178e+00
-7.664880975917725436e+00
-7.558676985325618602e+00
-7.457390832226803212e+00
-7.362396691657362879e+00
-7.275019237572576181e+00
-7.196514080619245135e+00
-7.128048316504418835e+00
-7.070681473877600709e+00
-7.025347162751549135e+00
-6.992835732653062131e+00
-6.973778253459896881e+00
-6.968632130824210513e+00
-6.977668661833289931e+00
-7.000962824803552920e+00
-7.038385579604202746e+00
-7.089598931506658985e+00
-7.154053982194234607e+00
-7.230992156288173156e+00
-7.319449750710156799e+00
-7.418265907690012817e+00
-7.526094060651463025e+00
-7.641416846112124794e+00
-7.762564414796573331e+00
-7.887736012195129653e+00
-8.015024633751934857e+00
-8.142444493799670724e+00
-8.267960981456997871e+00
-8.389522712249576131e+00
-8.505095222567524260e+00
-8.612695796658570657e+00
-8.710428864134728499e+00
-8.796521361415029716e+00
-8.869357414583198818e+00
-8.927511675202270069e+00
-8.969780626000693147e+00
-8.995211171199962052e+00
-9.003125837602016901e+00
-8.993143938199841259e+00
-8.965198090580241086e+00
-8.919545538041528943e+00
-8.856773792129477130e+00
-8.777800200844911416e+00
-8.683865146378876076e+00
-8.576518688793692391e+00
-8.457600596112621716e+00
-8.329213834944590999e+00
-8.193691736813008220e+00
-8.053559201183967176e+00
-7.911488443871327547e+00
-7.770249945825931093e+00
-7.632659398845141219e+00
-7.501521577850922995e+00
-7.379572190365848883e+00
-7.269418858935857486e+00
-7.173482477860472883e+00
-7.093940248219090527e+00
-7.032671731637172741e+00
-6.991209270715338597e+00
-6.970694100238372215e+00
-6.971839416481962814e+00
-6.994901581127574985e+00
-7.039660511252899155e+00
-7.105410148216576793e+00
-7.190959707551814795e+00
-7.294646191731779972e+00
-7.414358401352266092e+00
-7.547572412342202774e+00
-7.691398202635062908e+00
-7.842636817551161599e+00
-7.997847165952433279e+00
-8.153421246669834588e+00
-8.305666324881304519e+00
-8.450892319428437105e+00
-8.585502432974045917e+00
-8.706084865728058730e+00
-8.809503308094846830e+00
-8.892983815235520950e+00
-8.954195633455748649e+00
-8.991323579575871250e+00
-9.003129673603163852e+00
-8.989001893999780890e+00
-8.948988163624166603e+00
-8.883813980966703383e+00
-8.794882481387880091e+00
-8.684256140271189750e+00
-8.554619805694766654e+00
-8.409225261659013739e+00
-8.251818061380022939e+00
-8.086547919243049165e+00
-7.917864493874670728e+00
-7.750400916576952959e+00
-7.588847901649995897e+00
-7.437821700426572313e+00
-7.301729512184146564e+00
-7.184636226605922715e+00
-7.090136529969687018e+00
-7.021236448893628079e+00
-6.980248322301137343e+00
-6.968702978741669440e+00
-6.987282550666439995e+00
-7.035776882300431190e+00
-7.113065890469995267e+00
-7.217129529846904923e+00
-7.345086211840621715e+00
-7.493259650470522004e+00
-7.657273183635582292e+00
-7.832169672376189773e+00
-8.012554144816416368e+00
-8.192755458160030813e+00
-8.367002434871762873e+00
-8.529609221176215783e+00
-8.675164048860287025e+00
-8.798715183872790391e+00
-8.895947642077370432e+00
-8.963344263127268619e+00
-8.998324970740245732e+00
-8.999358517197951102e+00
-8.966041709027713580e+00
-8.899142028193356424e+00
-8.800600678443082359e+00
-8.673494370626706029e+00
-8.521955576322172377e+00
-8.351052480978067294e+00
-8.166631404604080657e+00
-7.975125973629560328e+00
-7.783338762747064266e+00
-7.598202420376002131e+00
-7.426528387331265968e+00
-7.274752160827349989e+00
-7.148684596997636476e+00
-7.053278945431217473e+00
-6.992423140711661489e+00
-6.968766323535145801e+00
-6.983587627282417998e+00
-7.036713960217645614e+00
-7.126491870283688357e+00
-7.249816646282285504e+00
-7.402219648759214010e+00
-7.578012552422944026e+00
-7.770484806949657042e+00
-7.972148280409155241e+00
-8.175020839866345312e+00
-8.370938648245653368e+00
-8.551885312872368416e+00
-8.710324798559279103e+00
-8.839524293247444930e+00
-8.933853046522822083e+00
-8.989043629388937973e+00
-9.002403101962444865e+00
-8.972963212360969720e+00
-8.901560945399534575e+00
-8.790843426507450431e+00
-8.645194270718571161e+00
-8.470581830921581457e+00
-8.274333305951380169e+00
-8.064842164761289567e+00
-7.851219666273077102e+00
-7.642904242295785799e+00
-7.449245005844259637e+00
-7.279077505882303178e+00
-7.140310950300863269e+00
-7.039546369203113940e+00
-6.981744533153820598e+00
-6.969960859386202578e+00
-7.005162060504253496e+00
-7.086135987961467819e+00
-7.209502114361077574e+00
-7.369825544059090738e+00
-7.559832536782641554e+00
-7.770720499009988735e+00
-7.992550486979038915e+00
-8.214705725694511074e+00
-8.426395728029282495e+00
-8.617182527264318992e+00
-8.777503514872433854e+00
-8.899164559766633786e+00
-8.975777578487532438e+00
-9.003118568154761192e+00
-8.979385277077321703e+00
-1.087619536475977711e+01
-1.049576781056045860e+01
-9.985878162962958271e+00
-9.371668179391390296e+00
-8.684046101265545659e+00
-7.958185877778836570e+00
-7.231762880532797588e+00
-6.543011895064113403e+00
-5.928705916487237104e+00
-5.422162187039084813e+00
-5.051384324812273618e+00
-4.837445908867398003e+00
-4.793211419984332977e+00
-4.922475235769375956e+00
-5.219579029591749020e+00
-5.669543335472395640e+00
-6.248721416965865139e+00
-6.925954356348373864e+00
-7.664177067425616663e+00
-8.422397419943395747e+00
-9.157946522482824037e+00
-9.828879007981683458e+00
-1.039638925379304979e+01
-1.082710389385284344e+01
-1.109511340656684375e+01
-1.118361620461868355e+01
-1.108606724395306742e+01
-1.080674894594320001e+01
-1.036071395132200479e+01
-9.773085233991480436e+00
-9.077737389235517540e+00
-8.315421226876452465e+00
-7.531429786508251567e+00
-6.772935220323058836e+00
-6.086150509102791872e+00
-5.513485862929641712e+00
-5.090875542084495109e+00
-4.845445916885450011e+00
-4.793679719972113062e+00
-4.940205177193059960e+00
-5.277303275405874849e+00
-5.785183729217751036e+00
-6.433032696475816437e+00
-7.180785844879194357e+00
-7.981532130320860396e+00
-8.784409817705601142e+00
-9.537819918605846325e+00
-1.019275604217622444e+01
-1.070603580514695707e+01
-1.104321884359516659e+01
-1.118101067249817859e+01
-1.110897976592993253e+01
-1.083045593618983560e+01
-1.036252911215570371e+01
-9.735125887776099773e+00
-8.989203030041206688e+00
-8.174158394799295735e+00
-7.344616151814288507e+00
-6.556790772240315590e+00
-5.864669233554298700e+00
-5.316270425662535715e+00
-4.950242840876576622e+00
-4.793045494589586397e+00
-4.856923110069686800e+00
-5.138836655190615055e+00
-5.620447308042390233e+00
-6.269179881883054861e+00
-7.040315505856320044e+00
-7.879988286187859181e+00
-8.728892245706845188e+00
-9.526448275634477270e+00
-1.021514068945107390e+01
-1.074471277304014549e+01
-1.107591267121770251e+01
-1.118350567340850077e+01
-1.105831542279454993e+01
-1.070812206869721095e+01
-1.015732567174708123e+01
-9.445372737433043397e+00
-8.624036164794745218e+00
-7.753727261804439941e+00
-6.899095954309939493e+00
-6.124235634971353370e+00
-5.487847080426693225e+00
-5.038727857176882097e+00
-4.811937864074145033e+00
-4.825948437451677009e+00
-5.081014239702449586e+00
-5.558918471675983852e+00
-6.224139069574718519e+00
-7.026374084848652224e+00
-7.904256806104650757e+00
-8.789993919899009356e+00
-9.614581148453428483e+00
-1.031319718025515364e+01
-1.083035336990126574e+01
-1.112438640975036463e+01
-1.117092417894203038e+01
-1.096502878125557956e+01
-1.052182033638387537e+01
-9.875503071259304377e+00
-9.076842607011396780e+00
-8.189269930413237475e+00
-7.283902991388234938e+00
-6.433871383999109739e+00
-5.708394774137973471e+00
-5.167095429957990760e+00
-4.855015951424650034e+00
-4.798764789564973654e+00
-5.004127377183683834e+00
-5.455365778822299561e+00
-6.116293547452840151e+00
-6.933065848214384985e+00
-7.838479974982424991e+00
-8.757450449758344746e+00
-9.613217424012608703e+00
-1.033377671142253718e+01
-1.085799135405868654e+01
-1.114086162708054495e+01
-1.115749247113495457e+01
-1.090540025534051161e+01
-1.040493661616070753e+01
-9.697764919616965074e+00
-8.843491488155963864e+00
-7.914714842503723702e+00
-6.990897670511631468e+00
-6.151575251367092712e+00
-5.469480369014794618e+00
-5.004181588058775887e+00
-4.796796588463176469e+00
-4.866257055874472215e+00
-5.207472882535559400e+00
-5.791581654050620642e+00
-6.568288271281126356e+00
-7.470114815162337329e+00
-8.418208811312103634e+00
-9.329214510377786596e+00
-1.012261007218864783e+01
-1.072786354780554596e+01
-1.109076775088656852e+01
-1.117837889356980696e+01
-1.098210141461423106e+01
-1.051862204181482952e+01
-9.828585990835820851e+00
-8.973110560944915548e+00
-8.028428040212753913e+00
-7.079122760479235055e+00
-6.210560177063476850e+00
-5.501186198508395186e+00
-5.015394491310610547e+00
-4.797615435911902537e+00
-4.868175935867407489e+00
-5.221323140693378662e+00
-5.825611014365991380e+00
-6.626633977964253575e+00
-7.551876159673255096e+00
-8.517248058754972817e+00
-9.434723148885097999e+00
-1.022038034977777343e+01
-1.080211490820508402e+01
-1.112630480181250547e+01
-1.116281076222532320e+01
-1.090783761755347037e+01
-1.038437949923910075e+01
-9.640193767241825640e+00
-8.743477731405375764e+00
-7.776636974010393111e+00
-6.828714052113114441e+00
-5.987174407331048442e+00
-5.329810009837710361e+00
-4.917514157887040938e+00
-4.788603128541776499e+00
-4.955218893016759552e+00
-5.402154815898681406e+00
-6.088220992020993982e+00
-6.950028710254073872e+00
-7.907846787462784022e+00
-8.872987631098652628e+00
-9.756036383257233879e+00
-1.047515618429627438e+01
-1.096369423686361699e+01
-1.117637790821458843e+01
-1.109352161361338140e+01
-1.072285133836654936e+01
-1.009877683670591786e+01
-9.279180711287061456e+00
-8.340026120939072030e+00
-7.368288814473723747e+00
-6.453875306916252441e+00
-5.681282633335468013e+00
-5.121777530383345933e+00
-4.826822184764690604e+00
-4.823354875530407426e+00
-5.111358389949462122e+00
-5.663933798471904701e+00
-6.429862514502810100e+00
-7.338407741523102601e+00
-8.305899219744130590e+00
-9.243481944087355018e+00
-1.006530525293036327e+01
-1.069639270889911487e+01
-1.107946830791299320e+01
-1.118011682982934474e+01
-1.098981536585696439e+01
-1.052657366664426952e+01
-9.833143499104251006e+00
-8.972982693788051023e+00
-8.024364640837195140e+00
-7.073189194222200271e+00
-6.205163166048340173e+00
-5.498067894848365000e+00
-5.014814181167584373e+00
-4.797903909980609782e+00
-4.865781480344137044e+00
-5.211380220253289508e+00
-5.802966323262396031e+00
-6.587174449325624792e+00
-7.493934039630573807e+00
-8.442821009891984474e+00
-9.350250011462115651e+00
-1.013685766906963082e+01
-1.073442171072794160e+01
-1.109171382641492798e+01
-1.117878932325012542e+01
-1.098936355429163569e+01
-1.054109961897896852e+01
-9.873817831624192465e+00
-9.045818237211019408e+00
-8.128667275885367971e+00
-7.200925130357479276e+00
-6.341371335009977628e+00
-5.622317079240656490e+00
-5.103572060390376919e+00
-4.827565004705476781e+00
-4.816007414105184736e+00
-5.068350327037776992e+00
-5.562126756420417095e+00
-6.255111883997382272e+00
-7.089082755292476890e+00
-7.994831482290573277e+00
-8.897990814201259369e+00
-9.725175259959172536e+00
-1.040992805098249896e+01
-1.089799373003586069e+01
-1.115150413913843153e+01
-1.115176511489751121e+01
-1.090045301110289344e+01
-1.041916352224142095e+01
-9.747388932500550496e+00
-8.939123052297141214e+00
-8.058396216838058734e+00
-7.174118310936648868e+00
-6.354650881665204309e+00
-5.662537846476208614e+00
-5.149798791174855950e+00
-4.854132730769897819e+00
-4.796299091973906137e+00
-4.978843893019705646e+00
-5.386231016072718703e+00
-5.986329800460207906e+00
-6.733109284424216412e+00
-7.570303654960887307e+00
-8.435748690106155578e+00
-9.266049179209264963e+00
-1.000122438476505771e+01
-1.058899234775834231e+01
-1.098839203351653637e+01
-1.117250104911837916e+01
-1.113008069166675895e+01
-1.086606330081782090e+01
-1.040088281732632147e+01
-9.768731754390879374e+00
-9.014900723369958513e+00
-8.192415448942862000e+00
-7.358227355514120660e+00
-6.569235245984103244e+00
-5.878416773475189316e+00
-5.331330232512721423e+00
-4.963211882775295791e+00
-4.796844853816041976e+00
-4.841316729765576810e+00
-5.091718693683931818e+00
-5.529774244730534249e+00
-6.125324393558666536e+00
-6.838542793240291573e+00
-7.622711636706504201e+00
-8.427359603112966724e+00
-9.201547920344182785e+00
-9.897089964325584077e+00
-1.047150300281278668e+01
-1.089051611776664252e+01
-1.112999371374572632e+01
-1.117717654428489382e+01
-1.103118877959181710e+01
-1.070280714179269488e+01
-1.021353352888078447e+01
-9.594053134605708522e+00
-8.882193615670487929e+00
-8.120525702724719963e+00
-7.353760780664840624e+00
-6.626106018405494957e+00
-5.978732885504202343e+00
-5.447501203599583341e+00
-5.061059577266078691e+00
-4.839415831620691222e+00
-4.793039892195045226e+00
-4.922528422147218308e+00
-5.218827506659171611e+00
-5.663978628615260469e+00
-6.232325758206959776e+00
-6.892098909401155993e+00
-7.607272955126904712e+00
-8.339590399488704620e+00
-9.050633338028166719e+00
-9.703832775424043433e+00
-1.026631225494286959e+01
-1.071047654442985397e+01
-1.101527386462953473e+01
-1.116708064224144792e+01
-1.116017976343608531e+01
-1.099682554367479526e+01
-1.068690994218850321e+01
-1.024726389225960332e+01
-9.700644126587082638e+00
-9.074468894362263782e+00
-8.399375063722187562e+00
-7.707674081453415482e+00
-7.031785145480276000e+00
-6.402720962941914173e+00
-5.848695021591172605e+00
-5.393909940320407159e+00
-5.057574834055223789e+00
-4.853186439492439774e+00
-5.727943616376320435e+00
