1.800969889805769775e+00
2.274323784731364650e+00
2.726688442566195469e+00
3.148145579933771643e+00
3.529454543548130374e+00
3.862254917834566648e+00
4.139249834023264185e+00
4.354365961461901691e+00
4.502886673116371696e+00
4.581555465371590863e+00
4.588647364412302920e+00
4.524006753358253086e+00
4.389050790560343529e+00
4.186738343892185021e+00
3.921505121953870798e+00
3.599166424264193864e+00
3.226789642503286260e+00
2.812539308112695480e+00
2.365498083521472061e+00
1.895467621746042219e+00
1.412753660542224177e+00
9.279400629902486708e-01
4.516567587873394629e-01
-5.653325708526724114e-03
-4.339632384295488698e-01
-8.238818531257299238e-01
-1.166859780965469939e+00
-1.455376827315417065e+00
-1.683106883411894961e+00
-1.845056637367941788e+00
-1.937675062970672490e+00
-1.958931285428349378e+00
-1.908359116577763137e+00
-1.787067282858254780e+00
-1.597715121575857156e+00
-1.344454278126551605e+00
-1.032837682320316253e+00
-6.696977994019197578e-01
-2.629968250690466469e-01
1.783478910289719721e-01
6.446593656570456243e-01
1.125713159320146595e+00
1.610961558386477810e+00
2.089764846589451164e+00
2.551624595008781693e+00
2.986413855335251721e+00
3.384599209085335403e+00
3.737449803964356221e+00
4.037228793866219689e+00
4.277362984790344491e+00
4.452586966793312229e+00
4.559058571498173507e+00
4.594443123392964345e+00
4.557964637377065920e+00
4.450422839757332660e+00
4.274175639264726989e+00
4.033087432225455515e+00
3.732444375167610850e+00
3.378838482448665026e+00
2.980023090068991909e+00
2.544742854702583656e+00
2.082542015361023680e+00
1.603555121766084612e+00
1.118284817987320379e+00
6.373715537730039182e-01
1.713602730398444685e-01
-2.695308046939375313e-01
-6.756342400011499105e-01
-1.038045353455115061e+00
-1.348817481596344292e+00
-1.601136227468469064e+00
-1.789468884790401448e+00
-1.909685759172895958e+00
-1.959150725979486252e+00
-1.936779038963902577e+00
-1.843061121898362353e+00
-1.680051821294678893e+00
-1.451325355657752558e+00
-1.161896948892723325e+00
-8.181128660192829027e-01
-4.275112622109957794e-01
1.343103819656077391e-03
4.590466679618513401e-01
9.355632525988157866e-01
1.420444131120736975e+00
1.903057139702513556e+00
2.372819812571681730e+00
2.819431428728936595e+00
3.233098881915333678e+00
3.604751421022252877e+00
3.926239552147606560e+00
4.190513740762639827e+00
4.391778995355735127e+00
4.525621942752103166e+00
4.589107608475003097e+00
4.580843779790904513e+00
4.501011539901605296e+00
4.351361303524961421e+00
4.135174440577065624e+00
3.857191329245169165e+00
3.523507415875739568e+00
3.141439560654322172e+00
2.719365599638865483e+00
2.266540641038165660e+00
1.792894123821920260e+00
1.308812088620702196e+00
8.249094351715433593e-01
3.517971601747026389e-01
-1.001503204659432988e-01
-5.210226628585912234e-01
-9.015909113279898524e-01
-1.233509874221876190e+00
-1.509501121511913846e+00
-1.723512591275466077e+00
-1.870851305038372603e+00
-1.948286281605945858e+00
-1.954119392480719197e+00
-1.888222604932209725e+00
-1.752040795831799391e+00
-1.548560074332944625e+00
-1.282242307808411974e+00
-9.589272865666240708e-01
-5.857046725079411154e-01
-1.707585394860282602e-01
2.768120858197697931e-01
7.471927474189699048e-01
1.230068772799804089e+00
1.714851455807718139e+00
2.190910249834122858e+00
2.647805879702163967e+00
3.075519260452957759e+00
3.464671203146185263e+00
3.806728089779334745e+00
4.094189007071501685e+00
4.320750235406303652e+00
4.481443485768305202e+00
4.572744853153126954e+00
4.592652097058463667e+00
4.540728554192718924e+00
4.418112720239458113e+00
4.227493290344774834e+00
3.973050205442243410e+00
3.660362996986835427e+00
3.296288439787226743e+00
2.888810195680783899e+00
2.446863745025154913e+00
1.980140444917660503e+00
1.498875010810888142e+00
1.013621081733651508e+00
5.350197906753522137e-01
7.356641511930250843e-02
-3.606197751520869854e-01
-7.580174259315868301e-01
-1.109911895845827390e+00
-1.408586364171480421e+00
-1.647491058262659847e+00
-1.821386889431201306e+00
-1.926460347296556685e+00
-1.960407132878463132e+00
-1.922482696223180243e+00
-1.813518570100691951e+00
-1.635904141370697618e+00
-1.393534259541784115e+00
-1.091723831219798990e+00
-7.370912731294902986e-01
-3.374133793206430809e-01
9.854521493996148962e-02
5.612242329849451705e-01
1.040477405562484803e+00
1.525794971265364453e+00
2.006534149320722715e+00
2.472152530622253153e+00
2.912439268853161956e+00
3.317739001752810779e+00
3.679163591968338309e+00
3.988787044008045513e+00
4.239819322721783301e+00
4.426755261385817874e+00
4.545495293719389984e+00
4.593435362030896307e+00
4.569524029633151407e+00
4.474285544856762442e+00
4.309808350657696074e+00
4.079699291584880427e+00
3.789004522128881725e+00
3.444098850716092564e+00
3.052545945830494212e+00
2.622932469755292040e+00
2.164679777217306089e+00
1.687837308245384138e+00
1.202862206031822367e+00
7.203899927060196662e-01
2.510013320661266256e-01
-1.950100058347217225e-01
-6.078628896702076290e-01
-9.785033307251855828e-01
-1.298803041500977473e+00
-1.561737694507361107e+00
-1.761540971855921844e+00
-1.893831027153914937e+00
-1.955706586179537299e+00
-1.945810578630307264e+00
-1.864359905275317919e+00
-1.713140687495074532e+00
-1.495469103172640368e+00
-1.216118667606453263e+00
-8.812155539971084917e-01
-4.981042489793647832e-01
-7.518648925497184443e-02
3.782629886375078465e-01
8.522998448522707271e-01
1.336528218583315164e+00
1.820328713644864482e+00
2.293091287482274421e+00
2.744447936237521368e+00
3.164500072929355312e+00
3.544035612153578541e+00
3.874731000415987836e+00
4.149333761328866110e+00
4.361821552193503315e+00
4.507534243585711309e+00
4.583276125163217252e+00
4.587385996050212356e+00
4.519773602456433892e+00
4.381921623212710948e+00
4.176853159464592125e+00
3.909065441292115750e+00
3.584431204924069192e+00
3.210069903242572575e+00
2.794191573875435264e+00
2.345916788843072975e+00
1.875076634307903722e+00
1.391997106965721098e+00
9.072726554102739094e-01
4.315338329005214968e-01
-2.478584286034313244e-02
-4.516787098959644808e-01
-8.397824437475980286e-01
-1.180585387318781487e+00
-1.466613225544075361e+00
-1.691592910750787437e+00
-1.850590243475653152e+00
-1.940118091243109300e+00
-1.958212871739915206e+00
-1.904477622809299886e+00
-1.780090714474403812e+00
-1.587780011713483264e+00
-1.331763054423789283e+00
-1.017654566308979325e+00
-6.523433209601385840e-01
-2.438410654601115279e-01
1.988931853189470633e-01
6.661496303693761334e-01
1.147680631121375860e+00
1.632925456725806246e+00
2.111241897080967878e+00
2.572139663982508484e+00
3.005510461520890519e+00
3.401849679865100562e+00
3.752464850247563710e+00
4.049666289281772968e+00
4.286935751331754751e+00
4.459069389945850226e+00
4.562291892791640713e+00
4.594339286725270810e+00
4.554508596735113990e+00
4.443673269444836649e+00
4.264264022703742718e+00
4.020215541064369624e+00
3.716880186018130416e+00
3.360910613302033667e+00
2.960113871533744945e+00
2.523280181925285248e+00
2.059990154144300867e+00
1.580404666360077925e+00
1.095042017752352770e+00
6.145472409362233712e-01
1.494586337403711607e-01
-2.900233692024087873e-01
-6.942599158764573009e-01
-1.054385140599002790e+00
-1.362500615393370085e+00
-1.611848584152582253e+00
-1.796960180041151878e+00
-1.913775375233377263e+00
-1.959732032041342054e+00
-1.933822102149137967e+00
-1.836613741178664716e+00
-1.670238853364659937e+00
-1.438346339317003286e+00
-1.146022072067666597e+00
-7.996773563396903928e-01
-4.069083172310243857e-01
2.367069788456555024e-02
4.826160504584839916e-01
9.598619312432370432e-01
1.444941127548012627e+00
1.927214595336612213e+00
2.396104801085933822e+00
2.841327715607348203e+00
3.253118371566835698e+00
3.622445037571022652e+00
3.941207311325459983e+00
4.202413787040286230e+00
4.400335400224531845e+00
4.530631086450529033e+00
4.590442997881687859e+00
4.578459189026546028e+00
4.494942396663729411e+00
4.341724282528560686e+00
4.122165264852584166e+00
3.841080819587764594e+00
3.504635867573795416e+00
3.120209563889456028e+00
2.696233454814406905e+00
2.242006551976619910e+00
1.767491379560755416e+00
1.283095467797889633e+00
7.994430851931590976e-01
3.271422160730231843e-01
-1.234481056510958741e-01
-5.424450033885372946e-01
-9.206585220398528779e-01
-1.249793195041800642e+00
-1.522629993191750186e+00
-1.733184664422573684e+00
-1.876838991501313947e+00
-1.950442088605829793e+00
-1.952379514865494547e+00
-1.882608688822609233e+00
-1.742659826898961262e+00
-1.535602385124273495e+00
-1.265977740016499320e+00
-1.577205608229717004e-01
8.784350478830438291e-02
3.603673075604901799e-01
6.538735095099516004e-01
9.619245458955680839e-01
1.277763822045229869e+00
1.594463908105647532e+00
1.905078481304632421e+00
2.202794683102531792e+00
2.481082549492603206e+00
2.733838236890472118e+00
2.955517902122313689e+00
3.141259299997518628e+00
3.286988431336231198e+00
3.389508902210048191e+00
3.446572034351779834e+00
3.456926188881200623e+00
3.420344221418367248e+00
3.337628466313777409e+00
3.210593140595155326e+00
3.042024553503170470e+00
2.835619994299715341e+00
2.595906638704546410e+00
2.328142252591300476e+00
2.038199870838384165e+00
1.732438980726820343e+00
1.417566035295081406e+00
1.100487356107571424e+00
7.881576518348795135e-01
4.874274752169799330e-01
2.048929642777226334e-01
-5.324883643446853831e-02
-2.813359011866805037e-01
-4.743654135789030502e-01
-6.281034982195325966e-01
-7.391780866746093803e-01
-8.051528807349670469e-01
-8.245807906551452238e-01
-7.970356762130632600e-01
-7.231216943467597691e-01
-6.044600483044244577e-01
-4.436534289235380957e-01
-2.442289279603671037e-01
-1.056067559203111017e-02
2.522261010508723977e-01
5.383674939449523134e-01
8.415873390910986185e-01
1.155234877275266747e+00
1.472430631207619856e+00
1.786217299352049981e+00
2.089712356719519715e+00
2.376259015456357204e+00
2.639572234035024945e+00
2.873876572461070200e+00
3.074032869762610254e+00
3.235650965206298579e+00
3.355185990807592944e+00
3.430016123058009292e+00
3.458500088474884215e+00
3.440013161668701969e+00
3.374960866377904267e+00
3.264770078994339908e+00
3.111857729765452163e+00
2.919577788240273364e+00
2.692147695846379030e+00
2.434555859296674285e+00
2.152452233939283310e+00
1.852024397068816164e+00
1.539861829478849309e+00
1.222811382168230043e+00
9.078270984525368403e-01
6.018176855262471481e-01
3.114949810657610119e-01
4.322673861920289795e-02
-1.971030392173842571e-01
-4.042231564134357580e-01
-5.735908372505402752e-01
-7.014913624040357565e-01
-7.851195420375847167e-01
-8.226412389982693529e-01
-8.132335928012459636e-01
-7.571030622879717509e-01
-6.554808913821230654e-01
-5.105960975801147050e-01
-3.256265758358389828e-01
-1.046293905174673355e-01
1.475482154011440450e-01
4.253751418144844365e-01
7.227577514093994626e-01
1.033173526870964753e+00
1.349814133623590040e+00
1.665734750093501804e+00
1.974006390045619064e+00
2.267867875962064517e+00
2.540874130129737729e+00
2.787037530919650230e+00
3.000959233897765976e+00
3.177947577567376669e+00
3.314120976874981750e+00
3.406493047901426152e+00
3.453038096939591739e+00
3.452735537880481154e+00
3.405592264041660933e+00
3.312642484135822851e+00
3.175925026385964411e+00
2.998438609003771127e+00
2.784076058519019625e+00
2.537538919178909502e+00
2.264234326701077826e+00
1.970156408627981026e+00
1.661754812863351916e+00
1.345793248232008299e+00
1.029201139901873008e+00
7.189216534378884971e-01
4.217594208184981541e-01
1.442313081851536172e-01
-1.075765017161789405e-01
-3.281419780454812862e-01
-5.126283343196089692e-01
-6.569900893342086601e-01
-7.580617708624177720e-01
-8.136273172132957310e-01
-8.224686551546442903e-01
-7.843923894829776255e-01
-7.002340196369176706e-01
-5.718395916665341971e-01
-4.020251887776633559e-01
-1.945151497113448702e-01
4.613962926793035990e-02
3.146615162452299774e-01
6.051618994420102648e-01
9.112703376042089465e-01
1.226274272027956025e+00
1.543266235758955718e+00
1.855295331230028433e+00
2.155519654153227105e+00
2.437356320908592888e+00
2.694625809413332185e+00
2.921687448357333849e+00
3.113563084002074266e+00
3.266046213200053838e+00
3.375794190201340861e+00
3.440401486173776391e+00
3.458452396026315157e+00
3.429552037734073799e+00
3.354334964586330514e+00
3.234451203549983056e+00
3.072530028617467046e+00
2.872122265388619144e+00
2.637622393782647734e+00
2.374172158629495932e+00
2.087547803191653895e+00
1.784033399535379649e+00
1.470283054242178977e+00
1.153175011556645702e+00
8.396608533755587356e-01
5.366131026144181915e-01
2.506745711105535790e-01
-1.188724541823371617e-02
-2.453175338759245872e-01
-4.445002812587501850e-01
-6.050703795625109738e-01
-7.235092621038348160e-01
-7.972219765358132815e-01
-8.245940070061312799e-01
-8.050266020047536220e-01
-7.389498357369392867e-01
-6.278131190005005191e-01
-4.740533698410300811e-01
-2.810415438704128022e-01
-5.300869833174859380e-02
2.050467876117505472e-01
4.874688011186876224e-01
7.880674890940603250e-01
1.100254938070621691e+00
1.417189566070082396e+00
1.731926061432602193e+00
2.037567582456578652e+00
2.327416882563942302e+00
2.595123049670830184e+00
2.834820644957297020e+00
3.041258193164680712e+00
3.209913210239197845e+00
3.337091249446746843e+00
3.420006797533918785e+00
3.456844250410855857e+00
3.446797634460284421e+00
3.390088205362628671e+00
3.287959541060098800e+00
3.142650238543157393e+00
2.957344814728589455e+00
2.736103889065887085e+00
2.483775179203377537e+00
2.205887261135491606e+00
1.908528422543995795e+00
1.598213264281568957e+00
1.281739972991071230e+00
9.660413918487038565e-01
6.580331519046731525e-01
3.644621905188208943e-01
9.175897455750514631e-02
-1.541033354619085749e-01
-3.677396964256338663e-01
-5.444711048648314122e-01
-6.804270488961225993e-01
-7.726302473870834131e-01
-8.190618219450367388e-01
-8.187054759557546024e-01
-7.715697146937980921e-01
-6.786876214182058220e-01
-5.420941958270273364e-01
-3.647817525116183734e-01
-1.506343573744866049e-01
9.565726116078177022e-02
3.686984619510420558e-01
6.625088512309276201e-01
9.706532650742497603e-01
1.286382705746543786e+00
1.602782145748410825e+00
1.912921963187515839e+00
2.210009692805018577e+00
2.487538770244309916e+00
2.739431013131176762e+00
2.960169719779290887e+00
3.144920471838215548e+00
3.289636996458143336e+00
3.391149770660853768e+00
3.447235428418080616e+00
3.456665451177769022e+00
3.419233076046990227e+00
3.335757832616752516e+00
3.208067609065073711e+00
3.038958639988891264e+00
2.832134291633084278e+00
2.592123984235967349e+00
2.324184025943978327e+00
2.034182528656818700e+00
1.728470924585197688e+00
1.413744895620614228e+00
1.096897759410586648e+00
7.848695212363171470e-01
4.844948957876095141e-01
2.023536256442615144e-01
-5.537362679615775996e-02
-2.830406589614542501e-01
-4.756594151251063440e-01
-6.290092722574855966e-01
-7.397295310838696292e-01
-8.053930860365896560e-01
-8.245596594625814735e-01
-7.968074324834908406e-01
-7.227423775336425660e-01
-6.039850854867345742e-01
-4.431353727608988713e-01
-2.437154400948888799e-01
-1.009282418138290893e-02
2.526151742395812416e-01
5.386534965619458326e-01
8.417553174715266540e-01
1.155279265259404831e+00
1.472354869164585356e+00
1.786033050935678101e+00
2.089438366694368110e+00
2.375919666103925465e+00
2.639195869663631289e+00
2.873493670940256539e+00
3.073674146418388098e+00
3.235345497563515416e+00
3.354959450060500004e+00
3.429889201338718330e+00
3.458487217939319791e+00
3.440121594603481547e+00
3.375190166492607169e+00
3.265112054967762134e+00
3.112296821473597319e+00
2.920091894759208273e+00
2.692709413178125288e+00
2.435134075693667910e+00
2.153014012550723777e+00
1.852537060182844364e+00
1.540295146568472218e+00
1.223139755831219588e+00
9.080316385731734830e-01
6.018880628350419260e-01
3.114309567993658323e-01
4.303927708627708348e-02
-1.973911539710488938e-01
-4.045772604294273211e-01
-5.739649221322355999e-01
-7.018292217140247313e-01
-7.853565184143744826e-01
-8.227065356698755050e-01
-8.130530874134527242e-01
-7.566025365770150390e-01
-6.545895681966789059e-01
-5.092503580272742525e-01
-3.237737147271042559e-01
-1.022312585349245406e-01
1.505118387599269081e-01
4.289035990449914237e-01
7.268271287417955584e-01
1.037734980862262235e+00
1.354793037597121774e+00
1.671030751305822459e+00
1.979494439812703455e+00
2.273400262649718506e+00
2.546283509915268972e+00
2.792140914707931465e+00
3.005562851959962423e+00
3.181852507657954909e+00
3.317129388075564123e+00
3.408414882511387134e+00
3.453697987576716422e+00
3.451979737647100421e+00
3.403295355063643335e+00
3.308713624711298706e+00
3.170313499874663599e+00
2.991138448681126327e+00
2.775129541878232686e+00
2.527038752277023015e+00
2.252324373524371204e+00
1.957030861243871378e+00
1.647655744229794772e+00
1.331006539631186980e+00
1.014050827548877098e+00
7.037627922489416710e-01
4.069696158675790709e-01
1.302011142725294501e-01
-1.204540664722038024e-01
-3.394825192631014676e-01
-5.220674519129497870e-01
-6.641946915723844214e-01
-7.627409791084269752e-01
-1.271558174758333104e+00
-1.278720146126829826e+00
-1.228800553756285163e+00
-1.122904416482980894e+00
-9.633681192848293495e-01
-7.537076041670862647e-01
-4.985405749634506112e-01
-2.034844438225351659e-01
1.249677168681353479e-01
4.795904677423027396e-01
8.525853670415278751e-01
1.235752878750384642e+00
1.620673020994112923e+00
1.998890760407515010e+00
2.362102055898685826e+00
2.702336443890148932e+00
3.012132136931683135e+00
3.284699776701650809e+00
3.514071237030044870e+00
3.695230206944309259e+00
3.824221690419070896e+00
3.898238038038035924e+00
3.915679559026277623e+00
3.876188341008090177e+00
3.780654702039637272e+00
3.631196211539220009e+00
3.431109806905564774e+00
3.184798123247161161e+00
2.897671716973923672e+00
2.576029387762464040e+00
2.226919276291684291e+00
1.857983827073305338e+00
1.477292048000652613e+00
1.093162763841175389e+00
7.139827444668520595e-01
3.480236866597110623e-01
3.262039242126979488e-03
-3.127944146308052620e-01
-5.932694647225615903e-01
-8.320673583820534791e-01
-1.024004466574042871e+00
-1.164920918906555913e+00
-1.251769837907602989e+00
-1.282682294464591477e+00
-1.257006636190174165e+00
-1.175321396930763873e+00
-1.039421566624597615e+00
-8.522785739682208206e-01
-6.179748976300802887e-01
-3.416147631367081328e-01
-2.921289067404231332e-02
3.124362766864343666e-01
6.759060239940835046e-01
1.053298305303494775e+00
1.436414704931527009e+00
1.816933743827795489e+00
2.186590728406357709e+00
2.537356292442760619e+00
2.861609817161524738e+00
3.152304029339905611e+00
3.403117269410254053e+00
3.608590186845297865e+00
3.764243952772746482e+00
3.866677472652652270e+00
3.913641526638800272e+00
3.904088252587341934e+00
3.838194906414523544e+00
3.717361375868320827e+00
3.544181475607055098e+00
3.322388602447386319e+00
3.056776868494254451e+00
2.753099345617740390e+00
2.417945536922954552e+00
2.058600629689574912e+00
1.682889470860710723e+00
1.299008532707511598e+00
9.153493961695715608e-01
5.403175355168278182e-01
1.821504854845115151e-01
-1.512615222471715981e-01
-4.525485554825179335e-01
-7.150236945826595747e-01
-9.328319029583809208e-01
-1.101081754312762007e+00
-1.215957046584349444e+00
-1.274805729983364389e+00
-1.276204033609700916e+00
-1.219994183344881966e+00
-1.107294653226772896e+00
-9.404824724821458926e-01
-7.231477090653297690e-01
-4.600208555387066411e-01
-1.568744416295417832e-01
1.795992231460106225e-01
5.419317266176122416e-01
9.220406986026051799e-01
1.311407025189436304e+00
1.701263356451898190e+00
2.082789829911735779e+00
2.447312715609854195e+00
2.786501563688299932e+00
3.092560406542381735e+00
3.358408637481566039e+00
3.577847356912831067e+00
3.745707243619614601e+00
3.857974368792783437e+00
3.911890817947454302e+00
3.906027512453706052e+00
3.840327217859691444e+00
3.716116378404457521e+00
3.536085112418972720e+00
3.304235426680760757e+00
3.025798443179013919e+00
2.707122162437903601e+00
2.355531996492012503e+00
1.979166974846916061e+00
1.586795141783285068e+00
1.187612207555031940e+00
7.910279750240055696e-01
4.064454243547473977e-01
4.303759082747449227e-02
-2.904724937944418439e-01
-5.860235134302607118e-01
-8.364140639475594607e-01
-1.035482403626621251e+00
-1.178263190572415242e+00
-1.261117119607852333e+00
-1.281829959102236627e+00
-1.239678172397307820e+00
-1.135459074468312179e+00
-9.714843053036388287e-01
-7.515362782728354230e-01
-4.807881639270683571e-01
-1.656888755249832368e-01
1.861845902588901147e-01
5.663042579784171027e-01
9.653937411141063629e-01
1.373651591858151333e+00
1.780990156929906920e+00
2.177284189140893389e+00
2.552623125735822285e+00
2.897560752958141528e+00
3.203355939962220233e+00
3.462198248466249240e+00
3.667412507794198362e+00
3.813636884435974039e+00
3.896969563098767964e+00
3.915079880508592680e+00
3.867280598188912677e+00
3.754558946795467200e+00
3.579565099893560642e+00
3.346557814274834897e+00
3.061308079941594595e+00
2.730962727284747871e+00
2.363871012649267467e+00
1.969378217432681044e+00
1.557591222005645148e+00
1.139121827668097886e+00
7.248142735704499184e-01
3.254639102122263150e-01
-4.846567027091808200e-02
-3.871195969656233693e-01
-6.815153728778944320e-01
-9.237860602092002882e-01
-1.107396283619615174e+00
-1.227324968046674902e+00
-1.280209533841760505e+00
-1.264447234630666328e+00
-1.180250419094879044e+00
-1.029653699314890369e+00
-8.164722843880782843e-01
-5.462120549669600145e-01
-2.259332765314494562e-01
1.359288599208567927e-01
5.297824579221650509e-01
9.451303643028005075e-01
1.370848330570999973e+00
1.795482552708414836e+00
2.207558628930499367e+00
2.595893561436082742e+00
2.949902242617911341e+00
3.259889917675979909e+00
3.517322406498172072e+00
3.715066393671587974e+00
3.847592845335110034e+00
3.911137567416564487e+00
3.903814057463285359e+00
3.825675091945620387e+00
3.678720897823150260e+00
3.466853242545852254e+00
3.195776298813373550e+00
2.872846655869294885e+00
2.506876313893130259e+00
2.107893868998372611e+00
1.686870332361700697e+00
1.255417090383021739e+00
8.254643703241156816e-01
4.089292000451737463e-01
1.738222023984570264e-02
-3.382771907741597417e-01
-6.481281920301504851e-01
-9.035093112054195519e-01
-1.097264694494034964e+00
-1.223948586191613286e+00
-1.279982015291946995e+00
-1.263757017179589104e+00
-1.175685215283934992e+00
-1.018189186922584755e+00
-7.956366925396010092e-01
-5.142195090556564985e-01
-1.817802263704204613e-01
1.924081076236785481e-01
5.979032202398167906e-01
1.023388245111032768e+00
1.456991282050011716e+00
1.886620676540430530e+00
2.300306342032468088e+00
2.686537267767060477e+00
3.034585467921695923e+00
3.334807031625277141e+00
3.578911616031851040e+00
3.760192665646387766e+00
3.873711811894611223e+00
3.916432271733848225e+00
3.887297581063082319e+00
3.787253621173414686e+00
3.619213574585110393e+00
3.387967128738503142e+00
3.100036880508776349e+00
2.763486431375673291e+00
2.387686055508687843e+00
1.983043028957698128e+00
1.560704691579146264e+00
1.132243045504040646e+00
7.093301542115141300e-01
3.034137827158227552e-01
-7.459739082110283803e-02
-4.146300522502126551e-01
-7.077157332497365783e-01
-9.462261110823579902e-01
-1.124067847837282974e+00
-1.236831972569275573e+00
-1.281894222926110549e+00
-1.258464261438554166e+00
-1.167583217652865324e+00
-1.012070532297731473e+00
-7.964225464244882868e-01
-5.266666423766579452e-01
-2.101759640930651596e-01
1.445492134130133000e-01
5.281265601044483615e-01
9.305556999431084941e-01
1.341493274705047645e+00
1.750531065766195216e+00
2.147469302609324782e+00
2.522577645985576211e+00
2.866836908610758350e+00
3.172155342624230379e+00
3.431554250979250931e+00
3.639318735295470120e+00
3.791110538300783261e+00
3.884041135908551823e+00
3.916704442990811330e+00
3.889169679780060562e+00
3.802936066590187458e+00
3.660852040610784286e+00
3.467002591686350499e+00
3.226569071188512439e+00
2.945666341977929648e+00
2.631156241228364223e+00
2.290441883699416703e+00
1.931266022170251784e+00
1.561516350492718530e+00
1.189042341700084160e+00
8.214878256444522187e-01
4.661424126387139211e-01
1.298137872610849453e-01
-1.812781234840163958e-01
-4.615850247500832282e-01
-7.062928851370273708e-01
-9.113646953274885387e-01
-1.073565234485821085e+00
-1.190470088554528738e+00
-1.260461389105698826e+00
-1.282712837920320537e+00
-1.257166564870073833e+00
-1.184504250081317211e+00
-1.066114740805845118e+00
-9.040601228049782723e-01
-7.010418772977808910e-01
-4.603683770308115708e-01
-1.859245553397355089e-01
1.178558761711461234e-01
4.460157815876010234e-01
7.930981814025583887e-01
1.153169291761349857e+00
1.519842875590637910e+00
1.886308427376534702e+00
2.245366427076318505e+00
2.589474649931031713e+00
2.910810281359976770e+00
3.201346003428824361e+00
3.452949880451765097e+00
3.657557880390838179e+00
3.807402095777777440e+00
3.895291500044142374e+00
3.914944355054367442e+00
3.861367649971875871e+00
3.731274242889766057e+00
3.523522719352338406e+00
3.239558509793987628e+00
2.883827798664822417e+00
2.464128666161757408e+00
1.991857386931302321e+00
1.482102742541113516e+00
9.535386650112843698e-01
4.280667582423071105e-01
-6.983344107043931714e-02
-5.140759489043416064e-01
-8.782710674122153893e-01
-1.137341065995365552e+00
-1.269395200257395606e+00
-1.257769052919286201e+00
-1.093088458355065518e+00
-7.751745646350218788e-01
-3.145697869063737162e-01
2.665582682866542985e-01
9.343783959914033765e-01
1.644437049348672186e+00
2.343927846956460392e+00
2.975232961409551180e+00
3.480637380043940965e+00
3.807944959168482413e+00
3.208770205621650273e+00
