-2.581981341188781975e+00
-2.045149821506186072e+00
-1.531951590279414743e+00
-1.053558931740107063e+00
-6.203864432954162567e-01
-2.418643072228090496e-01
7.376700814424230757e-02
3.196361481564595763e-01
4.903904667108722748e-01
5.823125592519762250e-01
5.934011966685042161e-01
5.234148978322830104e-01
3.738771918946204309e-01
1.480434554963250271e-01
-1.491699533983088521e-01
-5.112927224786796288e-01
-9.304414430286551685e-01
-1.397491232414054263e+00
-1.902274384882056690e+00
-2.433801725956248774e+00
-2.980501851380388256e+00
-3.530473042148980944e+00
-4.071742371144198458e+00
-4.592526360288177401e+00
-5.081487513329403072e+00
-5.527981139149382273e+00
-5.922287091848276397e+00
-6.255821382245180473e+00
-6.521323053661471469e+00
-6.713012253403636720e+00
-6.826716058499380679e+00
-6.859959316313389621e+00
-6.812018522389907460e+00
-6.683937562626555362e+00
-6.478504976495367274e+00
-6.200193236140402853e+00
-5.855061365026239528e+00
-5.450623017113469082e+00
-4.995682889254858594e+00
-4.500145028897382993e+00
-3.974797210988164409e+00
-3.431076078897957515e+00
-2.880818162856106923e+00
-2.336002196724048297e+00
-1.808488343233375373e+00
-1.309760004963061553e+00
-8.506738418720405370e-01
-4.412234373729679859e-01
-9.032175762979255396e-02
1.943928605355718098e-01
4.067229701172272449e-01
5.420469040621420653e-01
5.974193594013419428e-01
5.716354866380175537e-01
4.652570902040573664e-01
2.806003706627517857e-01
2.168547656010133551e-02
-3.058510348166563197e-01
-6.948789211251282794e-01
-1.136929490602187842e+00
-1.622379969513648934e+00
-2.140662987261618966e+00
-2.680496618377491647e+00
-3.230129973318485614e+00
-3.777598991710632514e+00
-4.310986869800077059e+00
-4.818683453208491230e+00
-5.289637948824141844e+00
-5.713599455293929097e+00
-6.081340076937173933e+00
-6.384855765197002597e+00
-6.617540516716486465e+00
-6.774330137213217640e+00
-6.851812442895811373e+00
-6.848301501793460311e+00
-6.763874300148764007e+00
-6.600369036914583099e+00
-6.361345084594676180e+00
-6.052005488996481830e+00
-5.679083695764440165e+00
-5.250696970090368509e+00
-4.776169700812165964e+00
-4.265830435442064861e+00
-3.730787064251868568e+00
-3.182685046951307939e+00
-2.633453944384358980e+00
-2.095047772015953935e+00
-1.579184826257930663e+00
-1.097092645972793878e+00
-6.592636595570087188e-01
-2.752268352847093702e-01
4.665969584273987891e-02
2.993905320571594864e-01
4.774654496573873530e-01
5.770090916374330803e-01
5.958552920479993631e-01
5.335942016907817553e-01
3.915811902974848380e-01
1.729073321726999346e-01
-1.176678817190754955e-01
-4.738201402580348720e-01
-8.877979622189005049e-01
-1.350591403829831005e+00
-1.852128152027268104e+00
-2.381492735731516763e+00
-2.927164084482416051e+00
-3.477266264606812651e+00
-4.019826936421489805e+00
-4.543037908040547634e+00
-5.035512115805507172e+00
-5.486531439177669611e+00
-5.886279957428906862e+00
-6.226057572296811671e+00
-6.498469348035866844e+00
-6.697586448702197437e+00
-6.819075170555469967e+00
-6.860291261701725318e+00
-6.820337476429456203e+00
-6.700083111675128933e+00
-6.502145100288753810e+00
-6.230831072258305348e+00
-5.892045622595317056e+00
-5.493161825179834423e+00
-5.042860788094012392e+00
-4.550942741388265489e+00
-4.028113767692759417e+00
-3.485752816134968679e+00
-2.935664069116239006e+00
-2.389820050305086596e+00
-1.860101063781235853e+00
-1.358036634228814821e+00
-8.945545746844829615e-01
-4.797431425408387184e-01
-1.226314598883955220e-01
1.690070229590143747e-01
3.888237431336416527e-01
5.320332367637194970e-01
5.955173375563749261e-01
5.778930935236998856e-01
4.795429223167193555e-01
3.026063472146005573e-01
5.093349175661376904e-02
-2.699986568815857524e-01
-6.532053954793974881e-01
-1.090346272409188355e+00
-1.571906570085497501e+00
-2.087404354538427320e+00
-2.625618587814199323e+00
-3.174833340253659042e+00
-3.723092788988262569e+00
-4.258461452890726306e+00
-4.769283997566782674e+00
-5.244438966261627755e+00
-5.673580912611120297e+00
-6.047365661767859280e+00
-6.357653795064257096e+00
-6.597687926627259003e+00
-6.762239910131105702e+00
-6.847724767792622735e+00
-6.852278857567409176e+00
-6.775800572558662083e+00
-6.619952681983111376e+00
-6.388126257914787942e+00
-6.085366968280816913e+00
-5.718265336012247957e+00
-5.294813349016575188e+00
-4.824230538645781330e+00
-4.316763309614104926e+00
-3.783461887373250399e+00
-3.235939737064856825e+00
-2.686120690688356127e+00
-2.145979287692606707e+00
-1.627279982942867020e+00
-1.141320901662217446e+00
-6.986877229075911799e-01
-3.090230535185702898e-01
1.918368197684072740e-02
2.787812560026217135e-01
4.641125234596841231e-01
5.711377782932105518e-01
5.975228892792752156e-01
5.426902900214276571e-01
4.078317070658106225e-01
1.958823434519434414e-01
-8.854292523713525043e-02
-4.392499574729398226e-01
-8.486001723862934831e-01
-1.307676863340680562e+00
-1.806479378797636981e+00
-2.334140942898808913e+00
-2.879165372299192782e+00
-3.429677533171537007e+00
-3.973682081986241066e+00
-4.499324852222613025e+00
-4.995151190578977385e+00
-5.450355611820070223e+00
-5.855017329737947307e+00
-6.200316528724871823e+00
-6.478726659501845120e+00
-6.684178564499791975e+00
-6.812192851896696766e+00
-6.859977629013714662e+00
-6.826489460600207337e+00
-6.712456219043266614e+00
-6.520361324250725232e+00
-6.254389712765633824e+00
-5.920336710214631815e+00
-5.525481790268304216e+00
-5.078429969241844866e+00
-4.588924291573876602e+00
-4.067633492272095808e+00
-3.525919464229196887e+00
-2.975589599255564988e+00
-2.428639402104703304e+00
-1.896990989456810217e+00
-1.392233176113692572e+00
-9.253688165539331045e-01
-5.065749122269509463e-01
-1.449807169518351202e-01
1.515313194169496391e-01
3.764974267464711311e-01
5.250134601404630175e-01
5.938418400652394347e-01
5.814821536132290802e-01
4.882038760801670207e-01
3.160404983581255323e-01
6.874518761459746941e-02
-2.482910520422305645e-01
-6.281569340413049041e-01
-1.062571594852161017e+00
-1.542065163088625956e+00
-2.056185253213604014e+00
-2.593724879237072400e+00
-3.142966816505401884e+00
-3.691939080911827986e+00
-4.228675952445984265e+00
-4.741478849241805626e+00
-5.219171361814051835e+00
-5.651342884914651421e+00
-6.028575533597230418e+00
-6.342649395208812990e+00
-6.586721642148109623e+00
-6.755475601004766517e+00
-6.845236529647295676e+00
-6.854051580628597762e+00
-6.781732211044092296e+00
-6.629858118629133656e+00
-6.401742623511815999e+00
-6.102360256302644892e+00
-5.738238137728503219e+00
-5.530285372713223069e+00
-5.016095116516575914e+00
-4.460843191160650534e+00
-3.876628697167989746e+00
-3.276180399398045395e+00
-2.672579247944665504e+00
-2.078973277550499432e+00
-1.508291104337588173e+00
-9.729602675819561952e-01
-4.846365567955630560e-01
-5.395022291153761529e-02
3.097253977856442297e-01
5.984778090545135321e-01
8.060273919897444905e-01
9.278638139312755939e-01
9.613438468744668342e-01
9.057484388801348985e-01
7.622977438773546055e-01
5.341238886444656941e-01
2.262021374825926578e-01
-1.547580091105547062e-01
-6.004593761845264943e-01
-1.101198115625493745e+00
-1.646075182480319254e+00
-2.223233665735747877e+00
-2.820116798438518479e+00
-3.423741030749045233e+00
-4.020978230677631160e+00
-4.598840887402299238e+00
-5.144764134928659693e+00
-5.646878490291816988e+00
-6.094267408498287963e+00
-6.477204091130946750e+00
-6.787362439467742092e+00
-7.017997606038766989e+00
-7.164092258424202164e+00
-7.222465411406775004e+00
-7.191841492263924884e+00
-7.072878161584757351e+00
-6.868152300113285591e+00
-6.582104471751671682e+00
-6.220943064820846580e+00
-5.792510179007624771e+00
-5.306112145781992417e+00
-4.772318328101268214e+00
-4.202734052627515204e+00
-3.609758236818658261e+00
-3.006318075437965920e+00
-2.405586008837791390e+00
-1.820687281196850194e+00
-1.264404767015503417e+00
-7.488861609809087660e-01
-2.853591649230322602e-01
1.161234238134292163e-01
4.469077663407405865e-01
6.999291390415347536e-01
8.698638446520607914e-01
9.532395391104326876e-01
9.485017197141631939e-01
8.560352471181800205e-01
6.781409119964494359e-01
4.189681755348622083e-01
8.440628136789429803e-02
-3.180630726784725582e-01
-7.795474264949691090e-01
-1.289954772407833516e+00
-1.838228828682423099e+00
-2.412602438494276580e+00
-3.000862853761428806e+00
-3.590622521312757609e+00
-4.169589011014004143e+00
-4.725827905931738293e+00
-5.248012803517459801e+00
-5.725657040588231439e+00
-6.149322336903604302e+00
-6.510800233175588758e+00
-6.803262958316735443e+00
-7.021381175345683623e+00
-7.161406902802712970e+00
-7.221220766097137478e+00
-7.200343578969723879e+00
-7.099913068580665509e+00
-6.922627319815092051e+00
-6.672657208649473759e+00
-6.355530706824241705e+00
-5.977992459404273262e+00
-5.547842454811044988e+00
-5.073757918320431770e+00
-4.565102762551138227e+00
-4.031729022701513898e+00
-3.483774693484220641e+00
-2.931462274552873115e+00
-2.384902129543761795e+00
-1.853904480304084945e+00
-1.347803503519984458e+00
-8.752965839404134307e-01
-4.443013195405964844e-01
-6.183238243513544674e-02
2.661001717592177407e-01
5.345700713415029171e-01
7.397909106185589501e-01
8.791490807747006642e-01
9.512139533191801277e-01
9.557261543280111127e-01
8.935651594715174895e-01
7.666977830842749420e-01
5.781094249378182504e-01
3.317201730800114490e-01
3.228803873393815138e-02
-3.146982801849960154e-01
-7.031346455812217400e-01
-1.126422262904184013e+00
-1.577591567699511810e+00
-2.049426864630890410e+00
-2.534589493297665364e+00
-3.025737455033712830e+00
-3.515639624104811567e+00
-3.997282879344281614e+00
-4.463970722252980750e+00
-4.909412189042928532e+00
-5.327800111331431943e+00
-5.713878027865782805e+00
-6.062995292851104168e+00
-6.371150160751703595e+00
-6.635020848968577134e+00
-6.851984785275682555e+00
-7.020126433645392794e+00
-7.138234258033865132e+00
-7.205787527352339517e+00
-7.222933785312688038e+00
-7.190457905742465350e+00
-7.109743727444987726e+00
-6.982729313314116837e+00
-6.811856907175315001e+00
-6.600018670024247136e+00
-6.350499266560055034e+00
-6.066916344971803099e+00
-5.753159909798903016e+00
-5.413331531430066512e+00
-5.051684268555198365e+00
-4.672564103782098854e+00
-4.280353609770994439e+00
-3.879418475657146814e+00
-3.474057433142815121e+00
-3.068456030236102805e+00
-2.666644609830829182e+00
-2.272460761628027015e+00
-1.889516430580634454e+00
-1.521169784202671904e+00
-1.170501865637781025e+00
-8.402979900606708519e-01
-5.330337793387918133e-01
-2.508656742942649842e-01
4.374284399782268906e-03
2.311796566046511181e-01
4.283670679491322630e-01
5.950702499970050852e-01
7.307309851052909977e-01
8.350872989048947481e-01
9.081592504490663131e-01
9.502326716081412883e-01
9.618412037709340723e-01
9.437469718916000616e-01
8.969202239638764951e-01
8.225182486808551019e-01
7.218638659099889665e-01
5.964237642260119543e-01
4.477869376229604015e-01
2.776434501635831609e-01
8.776373318179109262e-02
-1.200214048484760099e-01
-3.438399001414760292e-01
-5.817965556045621156e-01
-8.319900549504541942e-01
-1.092528783387789471e+00
-1.361545390768156505e+00
-1.637210053174965152e+00
-1.917742407610405042e+00
-2.201422151570225694e+00
-2.486598314830483769e+00
-2.771697224666820780e+00
-3.055229197976798705e+00
-3.335794004403038304e+00
-3.612085153581933827e+00
-3.882893067140764654e+00
-4.147107202094542089e+00
-4.403717196937669165e+00
-4.651813115079706407e+00
-4.890584862433047242e+00
-5.119320857031270933e+00
-5.337406028641970224e+00
-5.544319225548350438e+00
-5.739630104113240705e+00
-5.922995574512011530e+00
-6.094155873226822173e+00
-6.252930329633382911e+00
-6.399212890366960949e+00
-6.532967461219465477e+00
-6.654223122166945004e+00
-6.763069266831206683e+00
-6.859650713306551850e+00
-6.944162828889552053e+00
-7.016846706889456442e+00
-7.077984429414000189e+00
-7.127894445859529249e+00
-7.166927092817351408e+00
-7.195460277267804017e+00
-7.213895341291421737e+00
-7.222653123099355810e+00
-7.222170225984809733e+00
-7.212895503832224442e+00
-7.195286769095345036e+00
-7.169807726670105907e+00
-7.136925134841824558e+00
-7.097106192473951580e+00
-7.050816149821439893e+00
-6.998516138786758489e+00
-6.940661217082103818e+00
-6.877698619605280506e+00
-6.810066209368487833e+00
-6.738191119525829720e+00
-6.662488577414908519e+00
-6.583360901045399061e+00
-6.501196658124118066e+00
-6.416369977483835640e+00
-6.329240002674489496e+00
-6.240150477464476708e+00
-6.149429453077559060e+00
-6.057389107144645735e+00
-5.964325664569175345e+00
-5.870519410782398140e+00
-5.776234788185568902e+00
-5.681720566940850148e+00
-5.587210081661146077e+00
-5.492921525968750274e+00
-5.399058297321721156e+00
-5.305809384953269259e+00
-5.213349794217688071e+00
-5.121841001087968692e+00
-5.031431430998412502e+00
-4.942256956667306689e+00
-4.854441409967980903e+00
-4.768097103337265885e+00
-4.683325356617949353e+00
-4.600217025623094536e+00
-4.518853029085084572e+00
-4.439304871009340125e+00
-4.361635155790733798e+00
-4.285898093769495709e+00
-4.212139995205362197e+00
-3.826189507346187568e+00
-3.778187425223200613e+00
-3.731614737168750917e+00
-3.686484779816895596e+00
-3.642806993896185563e+00
-3.600587197267584028e+00
-3.559827844926946483e+00
-3.520528275773992632e+00
-3.482684946047471364e+00
-3.446291649413814717e+00
-3.411339723776099397e+00
-3.377818244939454040e+00
-3.345714207331782042e+00
-3.315012692032541786e+00
-3.285697022410480006e+00
-3.257748907711631947e+00
-3.231148574974057386e+00
-3.205874889675544015e+00
-3.181905465544180078e+00
-3.159216763982775067e+00
-3.137784183571616037e+00
-3.117582140128047019e+00
-3.098584137806907002e+00
-3.080762831733272922e+00
-3.064090082658726732e+00
-3.048537004132858996e+00
-3.034074002678555537e+00
-3.020670811453117999e+00
-3.008296517871898779e+00
-2.996919585659944651e+00
-2.986507871787404067e+00
-2.977028638732351240e+00
-2.968448562499762744e+00
-2.960733736811731909e+00
-2.953849673866856484e+00
-2.947761302050317944e+00
-2.942432960957502175e+00
-2.937828394075030047e+00
-2.933910739443847504e+00
-2.930642518608367109e+00
-2.927985624134040066e+00
-2.925901305955783016e+00
-2.924350156796587274e+00
-2.923292096874355650e+00
-2.922686358092860370e+00
-2.922491467891115580e+00
-2.922665232902941224e+00
-2.923164722558282858e+00
-2.923946252736617790e+00
-2.924965369563062190e+00
-2.926176833419501300e+00
-2.927534603226302767e+00
-2.928991821033110732e+00
-2.930500796946480246e+00
-2.932012994408714768e+00
-2.933479015836101489e+00
-2.934848588619052290e+00
-2.936070551486623881e+00
-2.937092841240815932e+00
-2.937862479875100075e+00
-2.938325562105319921e+00
-2.938427243362601970e+00
-2.938111728323571370e+00
-2.937322260091009163e+00
-2.936001110180045170e+00
-2.934089569520224039e+00
-2.931527940747456373e+00
-2.928255532137256090e+00
-2.924210653618755096e+00
-2.919330615413332719e+00
-2.913551729960807357e+00
-2.906809317931900338e+00
-2.899037719280209480e+00
-2.890170310462160774e+00
-2.880139529148937338e+00
-2.868876907974905244e+00
-2.856313119111913323e+00
-2.842378031730215859e+00
-2.827000784708998182e+00
-2.810109877289800551e+00
-2.791633280730729361e+00
-2.771498574416719318e+00
-2.749633110314722018e+00
-2.725964210131413434e+00
-2.700419400038243545e+00
-2.672926688371886961e+00
-2.643414892297808905e+00
-2.611814020040906126e+00
-2.578055715933439185e+00
-2.542073776206204005e+00
-2.503804744146695072e+00
-2.463188593958542505e+00
-2.420169513371793091e+00
-2.374696795755483425e+00
-2.326725853158051915e+00
-2.276219362323313788e+00
-2.223148556270579057e+00
-2.167494674455211712e+00
-2.109250584796708239e+00
-2.048422590926028075e+00
-1.985032437801711458e+00
-1.919119528305153866e+00
-1.850743362464805974e+00
-1.779986209482134818e+00
-1.706956020624800008e+00
-1.631789588186874473e+00
-1.554655951949218462e+00
-1.475760049737965263e+00
-1.395346602597320240e+00
-1.313704217563647969e+00
-1.231169681837116503e+00
-1.148132411064325398e+00
-1.065039001234224347e+00
-9.823978181078381056e-01
-9.007835399154604517e-01
-8.208415480464927860e-01
-7.432920364438930783e-01
-6.689336832716139547e-01
-5.986466981013909283e-01
-5.333950244347458458e-01
-4.742274410568807497e-01
-4.222772669345893348e-01
-3.787603338010292475e-01
-3.449708492169891727e-01
-3.222747321608765425e-01
-3.120999649537283815e-01
-3.159234720114767470e-01
-3.352540106325769820e-01
-3.716105456153564468e-01
-4.264955826234833047e-01
-5.013629604339033818e-01
-5.975796559824950727e-01
-7.163812458466374267e-01
-8.588208016676786016e-01
-1.025711183863204479e+00
-1.217560946992390258e+00
-1.434504390394345741e+00
-1.676226687519745795e+00
-1.941885513373042160e+00
-2.230031165501177526e+00
-2.538527839543720965e+00
-2.864479468939797879e+00
-3.204164355199164760e+00
-3.552983674775774148e+00
-3.905429812351124852e+00
-4.255081283595173680e+00
-4.594631700067690616e+00
-4.915960701169546532e+00
-5.210254917639065120e+00
-5.468186700995580019e+00
-5.680156035671505066e+00
-5.836602869484769585e+00
-5.928402600794157706e+00
-5.947335267852334795e+00
-5.886617924574883531e+00
-5.741484116409240279e+00
-5.509786143619280985e+00
-5.192586868116716659e+00
-4.794698764739634633e+00
-4.325119554997259641e+00
-3.797307144940481383e+00
-3.229232983904559706e+00
-2.643153777364247503e+00
-2.065048167349554653e+00
-1.523678847737707232e+00
-1.049262570689559748e+00
-6.717609787980145519e-01
-4.188436308003553599e-01
-3.136192823607708569e-01
-3.722793664038310801e-01
-6.018441389582922518e-01
-9.982411593528062177e-01
-1.544970607455935951e+00
-2.212614862992861919e+00
-2.959423658076653751e+00
-3.733145449724867060e+00
-4.474177929330454440e+00
-5.119977701114606816e+00
-5.610508688472545913e+00
-5.894334735325037045e+00
-5.934794473316326702e+00
-5.715561329221500841e+00
-5.244816794495244849e+00
-4.557277984652076341e+00
-3.713442399116894332e+00
-2.795653643654423259e+00
-1.900945198736835984e+00
-1.131058316471875047e+00
-5.805064802693511439e-01
-3.240051232652190194e-01
-4.049217027159985882e-01
-8.265468536697073709e-01
-1.547874819336730656e+00
-2.485173062085326290e+00
-3.519923893354857114e+00
-4.512796675554803905e+00
-5.322275270734831309e+00
-5.825586892981936771e+00
-5.938833432814965008e+00
-5.632911767560708327e+00
-4.942103000480598141e+00
-3.963066825032673712e+00
-2.843369609875420423e+00
-1.760426536125802244e+00
-8.935684878467271552e-01
-3.935132943820733864e-01
-3.544855994463049775e-01
-7.943151208946144237e-01
-1.646910774177525516e+00
-2.769607091615494454e+00
-3.965265574243216129e+00
-5.016127435299810422e+00
-5.723813634074605972e+00
-5.948125458812807409e+00
-5.636878338125385746e+00
-4.840142321612646015e+00
-3.704896004717163294e+00
-2.449824472410269127e+00
-1.324117804387969777e+00
-5.577994861586872410e-01
-3.134847327432228603e-01
-6.498888620129985583e-01
-1.505599389061533122e+00
-2.707794069367386314e+00
-4.005415197028783680e+00
-5.120856758769101624e+00
-5.809708356014560593e+00
-5.915642684360364889e+00
-5.407862858537704653e+00
-4.391778682963194846e+00
-3.089211913712224700e+00
-1.791283178829916611e+00
-7.936671865513091895e-01
-3.285370529811530993e-01
-5.090151567917184927e-01
-1.299744309696849287e+00
-2.521593321491299999e+00
-3.890675563390539438e+00
-5.083577319146124651e+00
-5.813979120267587675e+00
-5.902455995642055697e+00
-5.322183730192467266e+00
-4.208547661319726352e+00
-2.829143733469814848e+00
-1.520395568347070459e+00
-6.055820655516006568e-01
-3.142473625426935868e-01
-7.232786495769336632e-01
-1.735099012450829870e+00
-3.099461891490451038e+00
-4.025640905819235726e+00
-4.716492093542841602e+00
-5.005461748859300286e+00
-4.816509939252845207e+00
-4.195443171314648723e+00
-3.299681196970825958e+00
-2.358939506812416376e+00
-1.616505102617148415e+00
-1.266087787445134616e+00
-1.400716789561543330e+00
-1.987321439103293397e+00
-2.874121951961966293e+00
-3.829403681505232804e+00
-4.601890457418413405e+00
-4.987012618242407491e+00
-4.881527192053641606e+00
-4.311774841147485660e+00
-3.427686997779069600e+00
-2.463725061609696176e+00
-1.676834202398453710e+00
-1.277815615783687964e+00
-1.374505223111027075e+00
-1.942183773772452549e+00
-2.829460616785683946e+00
-3.798362242757977292e+00
-4.588074487367938659e+00
-4.985267487715260515e+00
-4.881988674802048678e+00
-4.305325872466840842e+00
-3.410597476453336885e+00
-2.439697774062262958e+00
-1.655733050564607511e+00
-1.271621132909711571e+00
-1.392077945501871916e+00
-1.984863635299472850e+00
-2.889245483734269371e+00
-3.859499593586430244e+00
-4.631687002261609010e+00
-4.995536086716602320e+00
-4.851813299991175832e+00
-4.239484692897593554e+00
-3.325201829049913016e+00
-2.357939147373793176e+00
-1.601144556632748239e+00
-1.260923700459425145e+00
-1.429868597705337141e+00
-2.061862802421270402e+00
-2.984722184000973222e+00
-3.947188146648993534e+00
-4.687413935909763296e+00
-5.004239848241359923e+00
-4.811830805369803343e+00
-4.162833100763156935e+00
-3.233826312255161817e+00
-2.277132623066769668e+00
-1.552185371912578216e+00
-1.255165151403591750e+00
-1.466003866613870832e+00
-2.127056655846401689e+00
-3.059084878842995181e+00
-4.010056605823638876e+00
-4.723414724776331397e+00
-5.007277899441618274e+00
-4.785901539853053777e+00
-4.119631145878299705e+00
-3.188161283005289004e+00
-2.241822942577943234e+00
-1.534178542403403789e+00
-1.254118718068953475e+00
-1.475644619517575862e+00
-2.138637685677371003e+00
-3.065525782288021084e+00
-4.009133804633036036e+00
-4.718741379855780238e+00
-5.006647644827273425e+00
-4.797577100986644361e+00
-4.147982743215411716e+00
-3.230400229933186207e+00
-2.287291132487426992e+00
-1.566814153714502167e+00
-1.257587319621724209e+00
-1.439581379386795978e+00
-2.063860314456945844e+00
-2.966186099413370414e+00
-3.910596889849298652e+00
-4.651297172703532823e+00
-4.996574003325179092e+00
-4.858128819056105385e+00
-4.273204096694092513e+00
-3.394083054162778446e+00
-2.448032961801531293e+00
-1.678334701452131261e+00
-1.281759046548604619e+00
-1.358551736302755053e+00
-1.887566596077550729e+00
-2.732588846086693390e+00
-3.677861064739196273e+00
-4.483432886309001830e+00
-4.946067592407262126e+00
-4.950244864450757731e+00
-4.496529321225198217e+00
-3.700463725170350049e+00
-2.762650040370163040e+00
-1.917885806878787180e+00
-1.376330881550156260e+00
-1.271458738636485508e+00
-1.627623463080521971e+00
-2.355003560428905462e+00
-3.272789112119065091e+00
-4.154501623855081149e+00
-4.783996571840055445e+00
-5.008272940401171880e+00
-4.774231842687400196e+00
-4.140662154110080095e+00
-3.262907159238265464e+00
-2.354335723492793075e+00
-1.634277411287290205e+00
-1.275172222304294944e+00
-1.361644652550945134e+00
-1.871122142433908175e+00
-2.680291860258349423e+00
-3.595452378125751913e+00
-4.399174966057779912e+00
-4.901967563179890242e+00
-4.986666629614329160e+00
-4.635228416122862960e+00
-3.931921481997406431e+00
-3.042561486392697301e+00
-2.175026184434702081e+00
-1.530540037476374682e+00
-1.257170725938155487e+00
-1.416241136738262574e+00
-1.969170413007218512e+00
-2.787414390838355960e+00
-3.682833469189602749e+00
-4.451209167407550460e+00
-4.918789479400895281e+00
-4.981265622843990215e+00
-4.626513290867429795e+00
-3.936269162731594662e+00
-3.066743189527325164e+00
-2.212879346370510980e+00
-1.564522819509204909e+00
-1.264373142825932606e+00
-1.376994577729429015e+00
-1.875514133884089940e+00
-2.648603346317075502e+00
-3.525837660526333295e+00
-4.315555560444360950e+00
-4.846749225406576045e+00
-5.005832525256458609e+00
-4.760443863656353081e+00
-4.165409523721577578e+00
-3.349931113848014785e+00
-2.489096315537004500e+00
-1.766081107970477460e+00
-1.333241535220683005e+00
-1.280339117547507399e+00
-1.616450021850825980e+00
-2.269082938302352304e+00
-3.100348652100525459e+00
-3.936474406970334350e+00
-4.604272824781769913e+00
-4.966887921654301152e+00
-4.951472362702638463e+00
-4.563282126081773526e+00
-3.883585024126486651e+00
-3.052140154922399429e+00
-2.238118668826806879e+00
-1.605579231840219334e+00
-1.280559097615450170e+00
-1.326344456284134887e+00
-1.731687444892326289e+00
-2.414041910811550729e+00
-3.236860297774478479e+00
-4.037240425742149696e+00
-4.658267438093675494e+00
-4.979618091203006358e+00
-4.940495946103065528e+00
-4.550607172992516603e+00
-3.887311521278693949e+00
-3.079796899239164887e+00
-2.283596877102784806e+00
-1.650532614507318030e+00
-1.299901424431958663e+00
-1.296346865298469098e+00
-1.638441305826234151e+00
-2.259890584992644058e+00
-3.042854588950139938e+00
-3.840629310792308182e+00
-4.505268415332594145e+00
-4.914924973939616137e+00
-4.995884215744088586e+00
-4.735366721183317473e+00
-4.182973463710529138e+00
-3.440768713781901411e+00
-2.644056396603267967e+00
-1.936529680516982266e+00
-1.444385061820871119e+00
-1.254052637966011741e+00
-1.397422965418331886e+00
-1.847014615557805106e+00
-2.521703341398055187e+00
-3.301758984895821758e+00
-4.050340905351909271e+00
-4.637555625407487447e+00
-4.962844023940395033e+00
-4.971872300551242851e+00
-4.665153881919409606e+00
-4.097124013886505267e+00
-3.366053233177893844e+00
-2.596730610963175145e+00
-1.919015171502072681e+00
-1.445961109458258953e+00
-1.255188086878056275e+00
-1.376521553927061436e+00
-1.787800118830591867e+00
-2.419342441140910793e+00
-3.166127064194341312e+00
-3.905502713387188685e+00
-4.517408293319945756e+00
-4.903762535671160272e+00
-5.003915032446508704e+00
-4.803774895449187454e+00
-4.337315403082830478e+00
-3.680406120528893155e+00
-2.938142215483482200e+00
-2.227832494566209132e+00
-1.660425485501950904e+00
-1.323314247345973360e+00
-1.267158022952851182e+00
-1.498657425807913945e+00
-1.980243631030065510e+00
-2.636552054446342108e+00
-3.366518723561870541e+00
-4.059118115335160759e+00
-4.610270624799968964e+00
-4.938347132906628190e+00
-4.995987031046611015e+00
-4.776565816565300437e+00
-4.314493525015672404e+00
-3.679461565903811682e+00
-2.965641255599099413e+00
-2.277544547506113126e+00
-1.714690062828800654e+00
-1.357323754552508754e+00
-1.255221255845865080e+00
-1.421093509271283306e+00
-1.829412567156726288e+00
-1.506609944941939006e+00
