-3.573499393397754353e-01
9.251370820326010325e-02
5.295091543911255583e-01
9.474312399291003883e-01
1.340345663853887537e+00
1.702673246925537676e+00
2.029269151860216613e+00
2.315495935551842077e+00
2.557289396024720496e+00
2.751216279180925373e+00
2.894523026002350896e+00
2.985174868096375445e+00
3.021884716529298132e+00
3.004131433826856323e+00
2.932167229778096296e+00
2.807014076116984835e+00
2.630449191082318006e+00
2.404979800056782135e+00
2.133807530756615112e+00
1.820782948622109210e+00
1.470350878056483790e+00
1.087487285988613550e+00
6.776286240361758528e-01
2.465946326190967541e-01
-1.994942968015330775e-01
-6.543040279244314306e-01
-1.111376620217593203e+00
-1.564222026830951018e+00
-2.006410247767265176e+00
-2.431662629814893783e+00
-2.833941016874055752e+00
-3.207533484843355431e+00
-3.547135443741811223e+00
-3.847924955534179237e+00
-4.105631198269994009e+00
-4.316595104472547462e+00
-4.477821312841036239e+00
-4.587020695679286497e+00
-4.642642858286129659e+00
-4.643898148935448056e+00
-4.590768867016225663e+00
-4.484009510279687305e+00
-4.325136057773985243e+00
-4.116404440727062131e+00
-3.860778507154836614e+00
-3.561887935144884221e+00
-3.223976692477557027e+00
-2.851842774470464192e+00
-2.450770075762883859e+00
-2.026453363436027111e+00
-1.584917416807205104e+00
-1.132431482050842320e+00
-6.754202563108311352e-01
-2.203726652333420910e-01
2.262502708331822765e-01
6.581071737970652924e-01
1.069066345415183417e+00
1.453292827132376175e+00
1.805331246075638774e+00
2.120183270952319621e+00
2.393378578144241597e+00
2.621038320445242320e+00
2.799930197350142258e+00
2.927514345056153822e+00
3.001979394690579728e+00
3.022268186879659702e+00
2.988092777641096820e+00
2.899938522631172244e+00
2.759057181847932139e+00
2.567449142782818328e+00
2.327835014510767575e+00
2.043616996120055873e+00
1.718830568064892983e+00
1.358087192415083688e+00
9.665088356273948689e-01
5.496552435599021402e-01
1.134450013459928908e-01
-3.359285010225082080e-01
-7.920850042355775944e-01
-1.248547967784555013e+00
-1.698836524467768561e+00
-2.136557495701854936e+00
-2.555496161207694517e+00
-2.949704494338235339e+00
-3.313585610310517016e+00
-3.641973228385566141e+00
-3.930205019842778924e+00
-4.174188800415288725e+00
-4.370460627456075997e+00
-4.516233977049076032e+00
-4.609439302932692328e+00
-4.648753415666881494e+00
-4.633618265010106541e+00
-4.564248858926991836e+00
-4.441630206885064602e+00
-4.267503330929811156e+00
-4.044340543238932106e+00
-3.775310341245353030e+00
-3.464232418821193260e+00
-3.115523432337928611e+00
-2.734134291670451855e+00
-2.325479866530022477e+00
-1.895362106186304185e+00
-1.449887664142057719e+00
-9.953811973296906590e-01
-5.382955707979073523e-01
-8.512024277902274783e-02
3.577108691512914662e-01
7.839107327553965776e-01
1.187428459806902037e+00
1.562535211534695545e+00
1.903905531236301130e+00
2.206692949392917047e+00
2.466598787944946913e+00
2.679933186950570256e+00
2.843667487280633566e+00
2.955477225731803159e+00
3.013775132224802977e+00
3.017733660703027176e+00
2.967296733943106890e+00
2.863180535624007650e+00
2.706863338500349325e+00
2.500564513181346982e+00
2.247213015619331955e+00
1.950405800780253607e+00
1.614356752982803123e+00
1.243836858021800218e+00
8.441064665252814292e-01
4.208406102663954096e-01
-1.995156823069743623e-02
-4.720121288892614175e-01
-9.289231788590474048e-01
-1.384197987526490259e+00
-1.831373078188900827e+00
-2.264099988972574806e+00
-2.676235400283065058e+00
-3.061928349278917771e+00
-3.415703293227430937e+00
-3.732537842545521567e+00
-4.007934060013700339e+00
-4.237982314000843687e+00
-4.419416779256294170e+00
-4.549661797411038933e+00
-4.626868439099468766e+00
-4.649940748723385475e+00
-4.618551299356720818e+00
-4.533145837052702021e+00
-4.394936948710375546e+00
-4.205886843485743931e+00
-3.968679492281780519e+00
-3.686682520927289985e+00
-3.363899398112409234e+00
-3.004912596923522194e+00
-2.614818536956145856e+00
-2.199155230663561778e+00
-1.763823661162667200e+00
-1.315004007700131039e+00
-8.590679081143771656e-01
-4.024880038786733949e-01
4.825394812541727863e-02
4.867590926193264833e-01
9.068023154237888628e-01
1.302420615869260168e+00
1.667997757585252483e+00
1.998343995978919541e+00
2.288769750616810761e+00
2.535152176694318360e+00
2.733993690592654069e+00
2.882471618753578824e+00
2.978478265124443691e+00
3.020650828451383330e+00
3.008390744796743732e+00
2.941872180780459534e+00
2.822039557064530246e+00
2.650594137327452859e+00
2.429969873201179631e+00
2.163298848163193622e+00
1.854366811025488282e+00
1.507559430344651119e+00
1.127800032795880369e+00
7.204797094389586709e-01
2.913807821398014530e-01
-1.534052833404364602e-01
-6.075643522531122276e-01
-1.064649256151340095e+00
-1.518171316093627876e+00
-1.961692454506197336e+00
-2.388916588105037153e+00
-2.793779004496919072e+00
-3.170532453714300480e+00
-3.513828732585122516e+00
-3.818794603832271761e+00
-4.081100972230594870e+00
-4.297024335880297308e+00
-4.463499640323433937e+00
-4.578163785280786158e+00
-4.639389166484065186e+00
-4.646306776541530681e+00
-4.598818536994177641e+00
-4.497598686591108397e+00
-4.773191126385981420e+00
-4.544810828893250054e+00
-4.263465953530768182e+00
-3.933150418136710957e+00
-3.558553282427313391e+00
-3.144992181579752799e+00
-2.698337837426025398e+00
-2.224930718916587224e+00
-1.731491034945165985e+00
-1.225023337263771328e+00
-7.127170877156240314e-01
-2.018446012879919760e-01
3.003421862757046368e-01
7.867146608938705432e-01
1.250368721313706022e+00
1.684722782620235115e+00
2.083611200942304009e+00
2.441371793221037478e+00
2.752926209739682495e+00
3.013852018580589043e+00
3.220445478835864073e+00
3.369774111580785991e+00
3.459718322448099848e+00
3.489001485060584606e+00
3.457208058382042815e+00
3.364789480908622288e+00
3.213057758131085961e+00
3.004166834391901464e+00
2.741082013658877159e+00
2.427537863378004701e+00
2.067985199044536593e+00
1.667527902122858396e+00
1.231850468250944797e+00
7.671373142392615696e-01
2.799849893444251725e-01
-2.226914629899746645e-01
-7.337566637133003944e-01
-1.245956183704178599e+00
-1.752019518525696817e+00
-2.244763290698454927e+00
-2.717193214574024296e+00
-3.162603376469309779e+00
-3.574671420845318970e+00
-3.947548291437940726e+00
-4.275941253551509114e+00
-4.555189019107549697e+00
-4.781327908150268868e+00
-4.951148107751476068e+00
-5.062239229829747167e+00
-5.113024521300080671e+00
-5.102783241050599550e+00
-5.031660886211165362e+00
-4.900667122653207031e+00
-4.711661449191594464e+00
-4.467326799070539423e+00
-4.171131453535252831e+00
-3.827279808189182120e+00
-3.440652691057353163e+00
-3.016738079576168907e+00
-2.561553200001124520e+00
-2.081559115034480101e+00
-1.583569012088816841e+00
-1.074651494004756458e+00
-5.620302449651650711e-01
-5.298149578730937392e-02
4.452692560041823233e-01
9.256498053543952276e-01
1.381341622381173639e+00
1.805876633784697649e+00
2.193229029274986974e+00
2.537900789954650183e+00
2.834999724716660729e+00
3.080308907068497248e+00
3.270346526865147041e+00
3.402415307491960306e+00
3.474640787152856625e+00
3.485997920986253718e+00
3.436325626508447861e+00
3.326329066017400748e+00
3.157569633650741725e+00
2.932442789309257059e+00
2.654144054154709220e+00
2.326623650419135547e+00
1.954530429438158912e+00
1.543145883854923905e+00
1.098309180676105168e+00
6.263342793011256182e-01
1.339203109780368051e-01
-3.719435082236627887e-01
-8.840770812571590032e-01
-1.395211342669822052e+00
-1.898091433380199256e+00
-2.385579673234016429e+00
-2.850756869795413984e+00
-3.287020525457062359e+00
-3.688178548987314009e+00
-4.048537141452166033e+00
-4.362981609146267203e+00
-4.627048956566597759e+00
-4.836991229141637483e+00
-4.989828706728538954e+00
-5.083392192950287658e+00
-5.116353800216391967e+00
-5.088245793560624897e+00
-4.999467225916801816e+00
-4.851278270735429388e+00
-4.645782332459516439e+00
-4.385896188848792399e+00
-4.075308589006493953e+00
-3.718427894809484879e+00
-3.320319508947723541e+00
-2.886633977733073397e+00
-2.423526789185690422e+00
-1.937571004767641103e+00
-1.435663964839195339e+00
-9.249293920147299009e-01
-4.126162819049480901e-01
9.400398368257378845e-02
5.877408407924590295e-01
1.061586599837268441e+00
1.508815906092983550e+00
1.923081192543266926e+00
2.298502770331398271e+00
2.629752278195946591e+00
2.912128306530554323e+00
3.141623122780664801e+00
3.314979551194362273e+00
3.429737199689572691e+00
3.484267377798428100e+00
3.477796210160523316e+00
3.410415617577432279e+00
3.283082009836466142e+00
3.097602708916417757e+00
2.856610295327887794e+00
2.563525241743095151e+00
2.222507364303642596e+00
1.838396780698602573e+00
1.416645213028798533e+00
9.632386105018179157e-01
4.846121901917131991e-01
-1.244089830149097686e-02
-5.208659879691932559e-01
-1.033447020876838485e+00
-1.542908964933628280e+00
-2.042021067372493004e+00
-2.523699479495212117e+00
-2.981107796168652513e+00
-3.407754083158233804e+00
-3.797583015238937598e+00
-4.145061817419023242e+00
-4.445258789567303026e+00
-4.693913299998357047e+00
-4.887496254651717109e+00
-5.023260183678960544e+00
-5.099278234609416316e+00
-5.114471518710429265e+00
-5.068624422455705769e+00
-4.962387666820196053e+00
-4.797269071007861818e+00
-4.575612151721740517e+00
-4.300562861727379449e+00
-3.976024939790927082e+00
-3.606604505702835972e+00
-3.197544686733548414e+00
-2.754651203343158272e+00
-2.284209970273184620e+00
-1.792897882467981319e+00
-1.287688051992259775e+00
-7.757508408649619325e-01
-2.643520943908578280e-01
2.392499806962192777e-01
7.279078297341080583e-01
1.194685993269879010e+00
1.632959540114848451e+00
2.036508093316308887e+00
2.399604114591818327e+00
2.717094194254314754e+00
2.984472192923992129e+00
3.197943196960600254e+00
3.354477379921856794e+00
3.451853005606736247e+00
3.488687962344569016e+00
3.464459380954976631e+00
3.379511057920209893e+00
3.235048578379682738e+00
3.033122208121181274e+00
2.776597797326332717e+00
2.469116108966639356e+00
2.115041149025545408e+00
1.719398231811140931e+00
1.287802659306994890e+00
8.263800267190363202e-01
3.416792852224942445e-01
-1.594202042907014727e-01
-6.698063073761956199e-01
-1.182235056458592837e+00
-1.689433462950853837e+00
-2.184202741940145298e+00
-2.659520484442330801e+00
-3.108640327150998139e+00
-7.102577829895365014e+00
-7.979434690688705700e+00
-8.754586386082513272e+00
-9.417030551601330401e+00
-9.957364449143863538e+00
-1.036791843341108965e+01
-1.064286482219644192e+01
-1.077830062512737008e+01
-1.077230295643122382e+01
-1.062495634494973729e+01
-1.033835155345132684e+01
-9.916555923624180480e+00
-9.365555667241343585e+00
-8.693170922134660472e+00
-7.908944778149406218e+00
-7.024007847689295758e+00
-6.050920302558824737e+00
-5.003493618641438268e+00
-3.896594557980825879e+00
-2.745934169965305038e+00
-1.567844805978279243e+00
-3.790483120519877458e-01
8.035813106718393550e-01
1.963257409287276545e+00
3.083518947105341024e+00
4.148464154556666728e+00
5.142976246745765145e+00
6.052938003901639163e+00
6.865432168944701097e+00
7.568924817599008037e+00
8.153429098060412272e+00
8.610647015756152101e+00
8.934087250256647295e+00
9.119157331497870445e+00
9.163228866321381005e+00
9.065674888776165119e+00
8.827878803225171822e+00
8.453214792445807646e+00
7.946999967889421868e+00
7.316418940319840303e+00
6.570421880498051870e+00
5.719597515861283732e+00
4.776022864920415500e+00
3.753091841320850719e+00
2.665325159494382312e+00
1.528164239307364891e+00
3.577520343252370560e-01
-8.292961059679652136e-01
-2.016128288070043961e+00
-3.185895293111554505e+00
-4.321989766939537070e+00
-5.408281986556325194e+00
-6.429348856250548749e+00
-7.370692882672542190e+00
-8.218948020159395185e+00
-8.962069463790411916e+00
-9.589504695320105299e+00
-1.009234335305417041e+01
-1.046344379714552453e+01
-1.069753457241877292e+01
-1.079128932700554167e+01
-1.074337412172759265e+01
-1.055446645696188845e+01
-1.022724574510171180e+01
-9.766355361995788797e+00
-9.178336814153126966e+00
-8.471536955484387121e+00
-7.655989572938861620e+00
-6.743273013645553426e+00
-5.746345871552101414e+00
-4.679363064812657846e+00
-3.557474913122047333e+00
-2.396612065841396522e+00
-1.213259332978294802e+00
-2.422162901456881290e-02
1.153614648037452728e+00
2.303521414731652062e+00
3.409166472649853397e+00
4.454845477620723138e+00
5.425705013151099543e+00
6.307953599388209653e+00
7.089057639796972232e+00
7.757919521196534163e+00
8.305035335833657939e+00
8.722629983185107960e+00
9.004767730091906230e+00
9.147436656074440009e+00
9.148605781327184161e+00
9.008254062682706120e+00
8.728370842265542606e+00
8.312927738955963264e+00
7.767822378397344352e+00
7.100794757346099217e+00
6.321317427000421318e+00
5.440461052021971611e+00
4.470737252003053719e+00
3.425920955148489710e+00
2.320854785338400283e+00
1.171238259382110680e+00
-6.595212487873536311e-03
-1.195910356077783510e+00
-2.379807797043868689e+00
-3.541464181447021797e+00
-4.664371241421445546e+00
-5.732570408766312298e+00
-6.730879641991075246e+00
-7.645109242452064358e+00
-8.462263591170783528e+00
-9.170725937507871350e+00
-9.760423611260579335e+00
-1.022297130754085437e+01
-1.055179040505093013e+01
-1.074220261866659065e+01
-1.079149665175651052e+01
-1.069896689721841021e+01
-1.046592363335865983e+01
-1.009567456583880052e+01
-9.593477974201809033e+00
-8.966468125184830384e+00
-8.223554009384352881e+00
-7.375292837253885736e+00
-6.433740089488978242e+00
-5.412278250474964914e+00
-4.325426656897722211e+00
-3.188635162517563071e+00
-2.018064550653709599e+00
-8.303568148391640147e-01
3.576014273220283757e-01
1.528919023890968454e+00
2.666940468352450466e+00
3.755482753993876877e+00
4.779065534245945379e+00
5.723131314981311668e+00
6.574252546013166665e+00
7.320322664856274031e+00
7.950728373589075915e+00
8.456500696152012608e+00
8.830442664847280909e+00
9.067231816895914065e+00
9.163496039937427895e+00
9.117861684237466235e+00
8.930973253717617411e+00
8.605484392126438564e+00
8.146020288988223612e+00
7.559112036582614991e+00
6.853103868341979599e+00
6.038034595020314477e+00
5.125494922292099353e+00
4.128462676856225144e+00
3.061118282748003239e+00
1.938643110925619695e+00
7.770035692837659047e-01
-4.072759964346370776e-01
-1.597348360692985025e+00
-2.776283091329389219e+00
-3.927307427846806309e+00
-5.034044937204691372e+00
-6.080748550662217866e+00
-7.052524664727244819e+00
-7.935545116011467393e+00
-8.717244011961254202e+00
-9.386496614591644416e+00
-9.933777729454803307e+00
-1.035129734347074937e+01
-1.063311157883034319e+01
-1.077520738131373257e+01
-1.077555973508389364e+01
-1.063416058697586308e+01
-1.035301906595962329e+01
-9.936132992064381497e+00
-9.389432077803624210e+00
-8.720693628208236348e+00
-7.939431937219531221e+00
-7.056762952834264802e+00
-6.085246135691462221e+00
-5.038705760723846794e+00
-3.932034204430142399e+00
-2.780980017088255707e+00
-1.601923796145343859e+00
-4.116450510115866046e-01
7.729166219471029775e-01
1.934902654123479060e+00
3.057775476094986455e+00
4.125553928794233549e+00
5.123040762134999149e+00
6.036038981261689251e+00
6.851553959202927757e+00
7.557978437239428970e+00
8.145257777848561531e+00
8.605033116212254640e+00
8.930760370952635085e+00
9.117803418524456305e+00
9.163500103636286198e+00
9.067200144963328157e+00
8.830274395729450276e+00
8.456095326779195176e+00
7.949989009711424970e+00
7.319159283661223370e+00
6.572585185611383274e+00
5.720893105033071357e+00
4.756978418709415735e+00
3.736264126361945159e+00
2.650801571272140222e+00
1.516039794253412509e+00
3.481291596904542152e-01
-8.363085769424490890e-01
-2.020416905361435589e+00
-3.187344529792100367e+00
-4.320485253184878971e+00
-5.403714359506334830e+00
-6.421618127335048776e+00
-7.359713206013326570e+00
-8.204652730240837855e+00
-8.944416238153198861e+00
-9.568480688919862587e+00
-1.006797014542962287e+01
-1.043578199185078681e+01
-1.066668789042645038e+01
-1.075740804201473466e+01
-1.070665769546831569e+01
-1.051516524654143581e+01
-1.018566167196465777e+01
-9.722841452866267886e+00
-9.133295548007437148e+00
-8.425417375548784449e+00
-7.609283146586948376e+00
-6.696508259012865949e+00
-5.700081801137051762e+00
-4.634181526137371776e+00
-3.513971936268962093e+00
-2.355388355977580339e+00
-1.174910072153737994e+00
1.067422509090654170e-02
1.184505358730330027e+00
2.329893534517167186e+00
3.430555747614172368e+00
4.470847345695474040e+00
5.435984452240632869e+00
6.312254084923252684e+00
7.087208980285311988e+00
7.749844354754674924e+00
8.290754090376433183e+00
8.702264127676079042e+00
8.978541173663366237e+00
9.115675185441229900e+00
9.111734464178828929e+00
8.966792584977580916e+00
8.682926789825833325e+00
8.264187877656601344e+00
7.716542031683323088e+00
7.047785423892172219e+00
6.267432823057979441e+00
5.386581761237142274e+00
4.417754210089195333e+00
3.374718113104532513e+00
2.272291305550512064e+00
1.126130621889370964e+00
-4.749079906695730102e-02
-1.231914836031205995e+00
-2.410335039378060262e+00
-3.566035250292662440e+00
-4.682626793218961581e+00
-5.744280873702865442e+00
-6.735952885406245372e+00
-7.643595448501845802e+00
-8.454357165096697102e+00
-9.156764283361885859e+00
-9.740882707680384556e+00
-1.019845807379258495e+01
-1.052303192157013889e+01
-1.071003233916987263e+01
-1.075683781602493205e+01
-1.066281342322209369e+01
-1.042931883286215644e+01
-1.005968808741033449e+01
-9.559181430150257341e+00
-8.934909902989639718e+00
-8.195733802449193917e+00
-7.352136453267938521e+00
-6.416075106505211068e+00
-5.400811090426220318e+00
-4.320721633339852374e+00
-3.191096033845959745e+00
-2.027919072102621012e+00
-8.476447327182949909e-01
3.330365567160950002e-01
1.497433879407421120e+00
2.629091641930167533e+00
3.712021917632024604e+00
4.730930045393125560e+00
5.671430306791486409e+00
6.520248647884341331e+00
7.265409597481950144e+00
7.896404759301308474e+00
8.404340517502051355e+00
8.782062890075490458e+00
9.024257788194306684e+00
9.127525287338190907e+00
9.090426882871737391e+00
8.913505083592378142e+00
8.599275086221982889e+00
8.152188666415312923e+00
7.578570812097229492e+00
6.886530007353586669e+00
6.085843444351502818e+00
5.187818791697316634e+00
4.205134475381694159e+00
3.151660728451045834e+00
2.042263933640777296e+00
8.925970156896173568e-01
-2.811211662522655752e-01
-1.462334323481102150e+00
-2.634381928516305038e+00
-3.780733816730526442e+00
-4.885222905877780519e+00
-5.932272768684128117e+00
-6.907116867369631485e+00
-7.796006377156483147e+00
-8.586403686829497062e+00
-9.267158865924272959e+00
-9.828666627321268834e+00
-1.026300158753162783e+01
-1.056402993095993814e+01
-1.072749591465378494e+01
-1.075108200190967445e+01
-1.063444178168614407e+01
-1.037920521095873738e+01
-9.988956103655359797e+00
-9.469182177272056578e+00
-8.827198351321230874e+00
-8.072044365098133056e+00
-7.214358140711495615e+00
-6.266226655943069268e+00
-5.241016405616393037e+00
-4.153185815414491167e+00
-3.018082224566674743e+00
-1.851726270036500033e+00
-6.705866818030139509e-01
5.086513659029986423e-01
1.669321110834264044e+00
2.795008982982675860e+00
3.869786024005676950e+00
4.878432705093791455e+00
5.806653991589710628e+00
6.641281635425565710e+00
7.370460851110864908e+00
7.983818745195609523e+00
8.472612119942606768e+00
8.829852555936019698e+00
9.050406991665600032e+00
9.131072356478821206e+00
9.070623172063159600e+00
8.869831411913224883e+00
8.531458320439842424e+00
8.060218485503146013e+00
7.462716507477182404e+00
6.747356864885873051e+00
5.924228145511193588e+00
5.004963178916906230e+00
4.002576951828779706e+00
2.931284509403682126e+00
1.806301338294322711e+00
6.436289872625696740e-01
-5.401710960653574034e-01
-1.728212351313378026e+00
-2.903523214358083138e+00
-4.049289155981813160e+00
-5.149093211178802143e+00
-6.187151562921131998e+00
-7.148540795960782290e+00
-8.019413536696660572e+00
-8.787199343274517460e+00
-9.440787904216151105e+00
-9.970691841639228059e+00
-1.036918669349096156e+01
-1.063042596452955024e+01
-1.075052948382885454e+01
-1.072764368259549705e+01
-1.056197280486378709e+01
-1.025578047956954997e+01
-9.813361509680095907e+00
-9.240984166323473303e+00
-8.546803706925556909e+00
-7.740748259879922877e+00
-6.834378627942691686e+00
-5.840723952195474133e+00
-4.774095542120596392e+00
-3.649881509467769014e+00
-2.484325138966406055e+00
-1.294290182841710379e+00
-9.701647440365468444e-02
1.090130584802377456e+00
2.249913002434343667e+00
3.365471922077126976e+00
4.420574385596844458e+00
5.399851474662703765e+00
6.289024287247674927e+00
7.075114370991397728e+00
7.746635453076729405e+00
8.293763572790373573e+00
3.226237382257568953e+00
3.343429239307793566e+00
3.400135542464136407e+00
3.395512820659593700e+00
3.329613510539442878e+00
3.203385857682225613e+00
3.018660562088192112e+00
2.778124343352187609e+00
2.485280798913103162e+00
2.144399121812957887e+00
1.760451429487093211e+00
1.339039629325296854e+00
8.863129073270267222e-01
4.088770705499283897e-01
-8.630290010399543910e-02
-5.920056249642259294e-01
-1.100859883787471905e+00
-1.605453353105569247e+00
-2.098441884255691114e+00
-2.572657674478540546e+00
-3.021214699910675261e+00
-3.437609821129620435e+00
-3.815818038546272550e+00
-4.150380465379115869e+00
-4.436483698796337194e+00
-4.670029403328751272e+00
-4.847693072730298702e+00
-4.966971104695110384e+00
-5.026215504552359548e+00
-5.024655726344947837e+00
-4.962407359477121638e+00
-4.840467573173476090e+00
-4.660697436041847830e+00
-4.425791430765314338e+00
-4.139234681093545198e+00
-3.805248596677182515e+00
-3.428725817852795288e+00
-3.015155504404282816e+00
-2.570540156995919645e+00
-2.101305285097087250e+00
-1.614203338814256039e+00
-1.116212986500899618e+00
-6.144344261253844586e-01
-1.159850611338476556e-01
3.721034127743655384e-01
8.429853684336926500e-01
1.290097600147551038e+00
1.707250312581630958e+00
2.088711506989896272e+00
2.429283659274844798e+00
2.724371730130100477e+00
2.970041702891234703e+00
3.163069006722881493e+00
3.300976348439295549e+00
3.382060642749990187e+00
3.405408895334649522e+00
3.370903053383365489e+00
3.279213991802090611e+00
3.131784948155172721e+00
2.930804853836677548e+00
2.679172131461077466e+00
2.380449637860172718e+00
2.038811527480052899e+00
1.658982891785091063e+00
1.246173096173248229e+00
8.060037868168340447e-01
3.444325759471517090e-01
-1.323265642073763182e-01
-6.178851607471801399e-01
-1.105763319794811128e+00
-1.589473010994561619e+00
-2.062600569724364341e+00
-2.518887468415473396e+00
-2.952308455710070056e+00
-3.357146217169672209e+00
-3.728061772646896976e+00
-4.060159892050762664e+00
-4.349048881887603635e+00
-4.590894168520351926e+00
-4.782465179496374397e+00
-4.921175100564269655e+00
-5.005113162245194758e+00
-5.033069185248604249e+00
-5.004550187950331797e+00
-4.919788931004327459e+00
-4.779744343489637615e+00
-4.586093841459165432e+00
-4.341217613134040754e+00
-4.048175005166442908e+00
-3.710673201374704799e+00
-3.333028439235345530e+00
-2.920120060401489859e+00
-2.477337739887336632e+00
-2.010522284684899130e+00
-1.525900436893152801e+00
-1.030014159438145116e+00
-5.296449246734060701e-01
-3.173356815110095486e-02
4.567035847031500895e-01
9.286594672710118958e-01
1.377224338637064616e+00
1.795679352884859359e+00
2.177592178782158161e+00
2.516913480377172885e+00
2.808073074719150242e+00
3.046074464118106118e+00
3.226586329565150457e+00
3.346029472691314233e+00
3.401657609767647195e+00
3.391630356757146636e+00
3.315076703470221986e+00
3.172147261664813200e+00
2.964053590639938118e+00
2.693092958520415525e+00
2.362656991760871517e+00
1.977222802732027773e+00
1.542325368331300517e+00
1.064510163392428765e+00
5.512653323271611283e-01
1.093301092627307902e-02
-5.474002137026816595e-01
-1.114033296187476818e+00
-1.678800308580352008e+00
-2.231238232303534463e+00
-2.760771077169662746e+00
-3.256907898436741444e+00
-3.709451737479281253e+00
-4.108715974186629261e+00
-4.445744064731569800e+00
-4.712528163568567408e+00
-4.902221711318590636e+00
-5.009340729407492532e+00
-5.029948317224423704e+00
-4.961816717344153638e+00
-4.804561317502330731e+00
-4.559741111589381113e+00
-4.230920460811641526e+00
-3.823687492213548200e+00
-3.345625152930258306e+00
-2.806231808077324974e+00
-2.216789325731124638e+00
-1.590177825299667447e+00
-9.406376600144805700e-01
-2.834807370304064378e-01
3.652450814079407637e-01
9.891330441079252411e-01
1.571828863152719968e+00
2.097467473836155172e+00
2.551124719430495347e+00
2.919272031141084689e+00
3.190220952944827992e+00
3.354543435951293340e+00
3.405453265604872826e+00
3.339133851407797948e+00
3.154997959521367079e+00
2.855865849624255937e+00
2.448049720809033936e+00
1.941334391798909653e+00
1.348846732670890614e+00
6.868094997296488868e-01
-2.582115191480605088e-02
-7.678311729197252467e-01
-1.516329505790663834e+00
-2.247422220509279978e+00
-2.936963263935543189e+00
-3.561360855011575843e+00
-4.098414592194014716e+00
-4.528154944921284120e+00
-4.833654183314187947e+00
-5.001776158211954204e+00
-5.023831858007170581e+00
-4.896108492131993728e+00
-4.620242096671462129e+00
-4.203407388566413161e+00
-3.658303814410319710e+00
-3.002923382900945626e+00
-2.260093797179894892e+00
-1.456799397596009626e+00
-6.232921925194470081e-01
2.079845726872348033e-01
1.003627712364568936e+00
1.730618029927641910e+00
2.357726035341609627e+00
2.856921546612688712e+00
3.204724275417078161e+00
3.383430032549473054e+00
3.382147648795944761e+00
3.197585378864124195e+00
2.834532593449935245e+00
2.305992960703297179e+00
1.632938886526295263e+00
8.436733439869138484e-01
-2.719619928163097278e-02
-9.401470131891308535e-01
-1.852448195971190259e+00
-2.720120305185643517e+00
-3.500063888711146376e+00
-4.152257837995716905e+00
-4.641917087696078248e+00
-4.649647557634521533e+00
