-1.370880703705178227e+00
-6.432492188679572731e-01
-1.538447698627303240e-01
4.249556804408305410e-02
-6.443519420208909665e-02
-4.443313411510341204e-01
-1.035417477652815776e+00
-1.756249708776815188e+00
-2.518160231060063481e+00
-3.236585166785177936e+00
-3.840041832444595293e+00
-4.276097639972723741e+00
-4.514201913326268745e+00
-4.545671064155096808e+00
-4.381397418237654051e+00
-4.047991347095082126e+00
-3.583084109424768293e+00
-3.030445139428034729e+00
-2.435436251364092364e+00
-1.841167995901897614e+00
-1.285566007310793957e+00
-7.994159370668396658e-01
-4.053452220111710691e-01
-1.176226252511152204e-01
5.738870950564844975e-02
1.203063310161898158e-01
7.750898470176226240e-02
-6.021958507594193932e-02
-2.790539846091046883e-01
-5.634000668618408536e-01
-8.970113211045378510e-01
-1.263911112189361141e+00
-1.649106787099687388e+00
-2.039099919778140979e+00
-2.422209853283900038e+00
-2.788735735399887172e+00
-3.130986213013397190e+00
-3.443206742574924206e+00
-3.721432969769792543e+00
-3.963295626441288633e+00
-4.167798554128428812e+00
-4.335087315124368956e+00
-4.466221776850986203e+00
-4.562962310604785188e+00
-4.627575982977205626e+00
-4.662666406416697384e+00
-4.671028762644132470e+00
-4.655529885799513323e+00
-4.619012132935665704e+00
-4.564219006834964176e+00
-4.493740061555410392e+00
-4.409974811308732257e+00
-4.315116780807288777e+00
-4.211146987556135812e+00
-4.099834456422027706e+00
-3.982742255553763933e+00
-3.861237455937754248e+00
-3.736503720164278342e+00
-3.609555492935510923e+00
-3.481252995390940796e+00
-3.352317418726406650e+00
-3.223345872539999490e+00
-3.094825773326844054e+00
-2.967148462348381699e+00
-2.840621923502533175e+00
-2.715482534397401615e+00
-2.591905830848522552e+00
-2.470016299368144708e+00
-2.349896236400820460e+00
-2.231593729208845911e+00
-2.115129823202940962e+00
-2.000504945609080654e+00
-1.887704656849136242e+00
-1.776704799838406235e+00
-1.667476114315280089e+00
-1.559988378898156558e+00
-1.454214138254829480e+00
-1.350132066903414696e+00
-1.247730014984820057e+00
-1.147007775030377097e+00
-1.047979602414687239e+00
-9.506765159161685297e-01
-8.551483986561907447e-01
-7.614659136867494293e-01
-6.697222426638747006e-01
-5.800346503942963583e-01
-4.925458725873357313e-01
-4.074253188971415085e-01
-3.248700783232201239e-01
-2.451057092783199831e-01
-1.683867921728006145e-01
-9.499721825568263611e-02
-2.525018476057949712e-02
4.051213679005583046e-02
1.019192948732694504e-01
1.585736525033722977e-01
2.100519207650979325e-01
2.559071702302690987e-01
2.956713582058885237e-01
3.288584075981355603e-01
3.549678696519777965e-01
3.734891978073711094e-01
3.839066532811936661e-01
3.857048546400894118e-01
3.783749735025407901e-01
3.614215665648643494e-01
3.343700203974639962e-01
2.967745699715300667e-01
2.482268347834395428e-01
1.883647979467335531e-01
1.168821340019809973e-01
3.353777081790942916e-02
-6.183444972391205496e-02
-1.693161680151247239e-01
-2.888951353212791950e-01
-4.204562680764336591e-01
-5.637733369713853193e-01
-7.185015125352225418e-01
-8.841709975591343085e-01
-1.060181980585140460e+00
-1.245801142989284349e+00
-1.440159944210922083e+00
-1.642254894808097720e+00
-1.850950004795005821e+00
-2.064981564874686981e+00
-2.282965380681038603e+00
-2.503406535214835138e+00
-2.724711702818745973e+00
-2.945203980116365639e+00
-3.163140136490235843e+00
-3.376730120359066056e+00
-3.584158589494953695e+00
-3.783608165916160004e+00
-3.973284050726483496e+00
-4.151439574012979250e+00
-4.316402201981448528e+00
-4.466599481303660468e+00
-4.600585669280937040e+00
-4.717068218421268000e+00
-4.814926463151374847e+00
-4.893226464498789952e+00
-4.951232792514508319e+00
-4.988417075345553897e+00
-5.004463216718600727e+00
-4.999269256738040568e+00
-4.972945922318702472e+00
-4.925811981386564398e+00
-4.858386577507006976e+00
-4.771378777397170978e+00
-4.665674611680380224e+00
-4.542321928378209250e+00
-4.402513408450038135e+00
-4.247568112927837980e+00
-4.078911941897553461e+00
-3.898057387060780421e+00
-3.706582952429618771e+00
-3.506112602624681607e+00
-3.298295576192581180e+00
-3.084786873386590855e+00
-2.867228695097562507e+00
-2.647233073254677382e+00
-2.426365894209907115e+00
-2.206132476513971596e+00
-1.987964824156228216e+00
-1.773210636754418923e+00
-1.563124120211293100e+00
-1.358858605743216597e+00
-1.161460952540037672e+00
-9.718676801019952016e-01
-7.909027508535675377e-01
-6.192769021551274289e-01
-4.575884094030457927e-01
-3.063251484948830150e-01
-1.658678164133657873e-01
-3.649416284131401511e-02
8.161591671570977979e-02
1.883745751757799347e-01
2.837796410071238284e-01
3.679078180426564870e-01
4.409075901422054855e-01
5.029919536567191152e-01
5.544310902639968397e-01
5.955450815362750561e-01
6.266967548966895230e-01
6.482847387219035085e-01
6.607367925154954413e-01
6.645034665386626571e-01
6.600521342318397267e-01
6.478614303476155634e-01
6.284161180620033704e-01
6.022023995252707707e-01
5.697036764133516229e-01
5.313967600781555056e-01
4.877485248781252558e-01
4.392129931885486727e-01
3.862288364166044374e-01
3.292172730391933477e-01
2.685803421920116563e-01
2.046995296096612016e-01
1.379347216877793159e-01
6.862356875125907862e-02
-2.905365081446564801e-03
-7.632168970953889797e-02
-1.513200373124905518e-01
-2.276231920453937185e-01
-3.049815690764645648e-01
-3.831725378193155951e-01
-4.619996193994584388e-01
-5.412915850058070966e-01
-6.209014785355466692e-01
-7.007055838565470207e-01
-7.806023540936373184e-01
-8.605113175944809623e-01
-9.403719726454395911e-01
-1.020142680581044514e+00
-1.099799564653559880e+00
-1.179335419888417613e+00
-1.258758637132023184e+00
-1.338092142584750954e+00
-1.417372352283415626e+00
-1.496648139235245312e+00
-1.575979809186815572e+00
-1.655438079315850741e+00
-1.735103052436044901e+00
-1.815063177584475884e+00
-1.895414186092822861e+00
-1.976257990406696807e+00
-2.057701530990155181e+00
-2.139855554616396205e+00
-2.222833305185206054e+00
-2.306749105911913844e+00
-2.391716809295295842e+00
-2.477848088697395479e+00
-2.565250542669221367e+00
-2.654025580360131364e+00
-2.744266053500933111e+00
-2.836053597618946043e+00
-2.929455642422120754e+00
-3.024522048810815988e+00
-3.121281327913257186e+00
-3.219736396120334909e+00
-3.319859819608536711e+00
-3.421588502652121555e+00
-3.524817776595055907e+00
-3.629394851242084830e+00
-3.735111598321984250e+00
-3.841696648397379121e+00
-3.948806799123560918e+00
-4.056017755238485734e+00
-4.162814250420779238e+00
-4.268579639683987459e+00
-4.372585099951994181e+00
-4.473978637692885840e+00
-4.571774177875280287e+00
-4.664841099953585868e+00
-4.751894695863264850e+00
-4.831488153574067468e+00
-4.902006818495217466e+00
-4.961665653907792795e+00
-5.008511009180858231e+00
-5.040428007388600307e+00
-5.055155075940040987e+00
-5.050307355194854075e+00
-5.023411252964478102e+00
-4.971960808571338930e+00
-4.893505951031674073e+00
-4.785762204480752402e+00
-4.646737835635458502e+00
-4.474876359078850285e+00
-4.269210715085268504e+00
-4.029523602845678454e+00
-3.756506510218725836e+00
-3.451908073709257785e+00
-3.118660717692830708e+00
-2.760973285470389005e+00
-2.384376834372309517e+00
-1.995711169965864284e+00
-1.603041256147711646e+00
-1.215495506240754420e+00
-8.430221762410325947e-01
-4.960655440331165345e-01
-1.851699988069093195e-01
7.947286266589115300e-02
2.885121402584007733e-01
4.339330655090067879e-01
5.095287607771425975e-01
5.112623336654982253e-01
4.375004501167878423e-01
2.891358466563040963e-01
6.959353069680673798e-02
-2.152783468964361013e-01
-5.574250642662661459e-01
-9.468954099722937112e-01
-1.372226540331281441e+00
-1.820881614186361075e+00
-2.279716597653900667e+00
-2.735452657000754684e+00
-3.175132066149410903e+00
-3.586538292708748799e+00
-3.958564571653534259e+00
-4.281519476179481032e+00
-4.547362400795584847e+00
-4.749866163594846036e+00
-4.884707846710591994e+00
-4.949492325826857275e+00
-4.943715567174834291e+00
-4.868679616428902790e+00
-4.727382820855387635e+00
-4.524386957249024732e+00
-4.265654879677315492e+00
-3.958363088040420585e+00
-3.610694597701034958e+00
-3.231617543538737536e+00
-2.830654901564180648e+00
-2.417650568159776636e+00
-2.002536811675278638e+00
-1.595107814013564607e+00
-1.204803661300409168e+00
-8.405087327478366621e-01
-5.103679850158211462e-01
-2.216241449566780375e-01
1.952168465888970417e-02
2.080240256942516019e-01
3.400801823421084613e-01
4.131896388040345869e-01
4.261853052189787938e-01
3.792367324824681418e-01
2.738259098610371645e-01
1.126967278029193942e-01
-1.002203731627120398e-01
-3.599066428841006804e-01
-6.603738624204669172e-01
-9.948011750411578369e-01
-1.355687022670561959e+00
-1.735013078305112977e+00
-2.124416892462574591e+00
-2.515369853544855427e+00
-2.899356999523737155e+00
-3.268055212412664723e+00
-3.613506377739685416e+00
-3.928282198179265272e+00
-4.205637512424089230e+00
-4.439649185336104864e+00
-4.625337900711063099e+00
-4.758770500169928752e+00
-4.837140866534788586e+00
-4.858827742597632948e+00
-4.823428300763971777e+00
-4.731766729289358153e+00
-4.585877569739539084e+00
-4.388964020357494888e+00
-4.145331903211260993e+00
-3.860300470964326713e+00
-3.540091693253274663e+00
-3.191700104268612836e+00
-2.822745703545457729e+00
-2.441312772717624480e+00
-2.055777793966793165e+00
-1.674629923553311528e+00
-1.306287679298193449e+00
-9.589156382472574514e-01
-6.402450050943220283e-01
-3.574018995972598756e-01
-1.167471198853120562e-01
7.626903258628692228e-02
2.172335308402586485e-01
3.028759940669929485e-01
3.311500434281904326e-01
3.012884977750154292e-01
2.138307895186986052e-01
7.062155495829047780e-02
-1.252200336812654413e-01
-3.693599875246855735e-01
-6.563374114233846424e-01
-9.796790926522032095e-01
-1.332038618051865075e+00
-1.705357263264019263e+00
-2.091043336947707498e+00
-2.480166162553739895e+00
-2.863660454317236148e+00
-3.232536505408965866e+00
-3.578091365927729584e+00
-3.892116055979470524e+00
-4.167093841600061133e+00
-4.396384703312921971e+00
-4.574391350455289995e+00
-4.696702477842327639e+00
-4.760209420537037772e+00
-4.763192929951124199e+00
-4.705377459578656385e+00
-4.587951097703746761e+00
-4.413550100970581980e+00
-4.186207847804367610e+00
-3.911268923271498110e+00
-3.595269944386264349e+00
-3.245789613360289483e+00
-2.871271321644012886e+00
-2.480822395835402538e+00
-2.083994754547995321e+00
-1.690552311683805264e+00
-1.310231229823496157e+00
-9.525102759341597114e-01
-6.263896898003173952e-01
-3.401584249076095023e-01
-1.011757449629802075e-01
8.432677501166230272e-02
2.114174199445115754e-01
2.766055741572963633e-01
2.779476526719082408e-01
2.151142181782188523e-01
8.941576858938038441e-02
-9.621423321262856376e-02
-3.372793626958918711e-01
-6.278223576399806216e-01
-9.605672620141207929e-01
-1.327098335013176644e+00
-1.718071385574949872e+00
-2.123452210247340322e+00
-2.532775215986240891e+00
-2.935414730341447509e+00
-3.320865817581283075e+00
-3.679025845800644845e+00
-4.000468405870035937e+00
-4.276701611551306570e+00
-4.500403069875588358e+00
-4.665624327672603044e+00
-4.767958367915282381e+00
-4.804664732451589870e+00
-4.774748060094242241e+00
-4.678987215936793120e+00
-4.519913705728085596e+00
-4.301738939241033677e+00
-4.030229084951102436e+00
-3.712535139179845789e+00
-3.356985767837374901e+00
-2.972849605176774990e+00
-2.570074716072511478e+00
-2.159013427958819786e+00
-1.750140946836305611e+00
-1.353776094503964522e+00
-9.798121576408675981e-01
-6.374652489501866359e-01
-3.350467792225315655e-01
-7.976566555871267283e-02
1.224352023831154490e-01
2.670049049711193945e-01
3.508707404647917194e-01
3.724839022547206113e-01
3.318248955576525994e-01
2.303701126401294097e-01
7.102198761201261590e-02
-1.419939772901024355e-01
-4.032612999627909200e-01
-7.063291453984310575e-01
-1.043888518922959641e+00
-1.407962821262167985e+00
-1.790107487569035927e+00
-2.181613507201163316e+00
-2.573709829524396753e+00
-2.957759986204430813e+00
-3.325448683198657385e+00
-3.668954615677927578e+00
-3.981106315731746559e+00
-4.255518435623229401e+00
-4.486706479222807076e+00
-4.670178603205947354e+00
-4.802503701684392112e+00
-4.881355549370844038e+00
-4.905533297734520737e+00
-4.874959086915511719e+00
-4.790653946893505655e+00
-4.654693510361585851e+00
-4.470145344946821808e+00
-4.240989933846973869e+00
-3.972027493370950069e+00
-3.668772916524871697e+00
-3.337341178132842145e+00
-2.984325534420625647e+00
-2.616670804589324995e+00
-2.241543940145865665e+00
-1.866203976312637014e+00
-1.497873325351005924e+00
-1.143612220551890823e+00
-8.101979580531062375e-01
-5.040104171515318310e-01
-2.309251734134201151e-01
3.784642975001695220e-03
1.955367448577556289e-01
3.405174855779513621e-01
4.357483293727471008e-01
4.791403823952813390e-01
4.695364713074039464e-01
4.067403403809102258e-01
2.915326076318871529e-01
1.256731772622656784e-01
-8.811014811880513165e-02
-3.461470733839429048e-01
-6.438644180184107668e-01
-9.758400723829618872e-01
-1.335871410245248692e+00
-1.717058212786839011e+00
-2.111900089908846034e+00
-2.512408291000856941e+00
-2.910231672114067969e+00
-3.296796422055616738e+00
-3.663458938499815964e+00
-4.001670979063622902e+00
-4.303155884095050787e+00
-4.560094271173463554e+00
-4.765317130896255193e+00
-4.912503706363374079e+00
-4.996380914704623422e+00
-5.012920371771352634e+00
-4.959528319565499999e+00
-4.835222945871535671e+00
-4.640794196185902720e+00
-4.378943633019247272e+00
-4.054390440162432441e+00
-3.673930535855102431e+00
-3.246438036674109018e+00
-2.782798434626148509e+00
-2.295763660742353718e+00
-1.799720742876195434e+00
-1.310368122579866901e+00
-8.442969489817597761e-01
-4.184788499976934695e-01
-4.966677212631775973e-02
2.462786108392052142e-01
4.551178667161592806e-01
5.649911704786512168e-01
5.671731562675992322e-01
4.567848912674810080e-01
2.334181993456154736e-01
-9.837614979283904049e-02
-5.287861946268799240e-01
-1.042670534953508588e+00
-1.619766684478620711e+00
-2.235208977009282449e+00
-2.860374877115730463e+00
-3.464060028055810037e+00
-4.013959871261016943e+00
-4.478410088410450740e+00
-4.828310848800171584e+00
-5.039132798783117373e+00
-5.092878273223018226e+00
-4.979852056112450853e+00
-4.700085051540717984e+00
-4.264254247705435930e+00
-3.693955772689303529e+00
-3.021216310191987997e+00
-2.287172209128683242e+00
-1.539904368736526141e+00
-8.314877747805284880e-01
-2.143929116933085410e-01
2.625441152056486871e-01
5.582928633603922997e-01
6.435936753342703653e-01
5.043357589380801365e-01
1.439665834598349292e-01
-4.154110524351248834e-01
-1.133518133059063793e+00
-1.954098178256123752e+00
-2.808824299640850786e+00
-3.622725505162035287e+00
-4.320758978344272805e+00
-4.834984621759168988e+00
-5.111663799047416745e+00
-5.117527749446194818e+00
-4.844460947109905824e+00
-4.311932559112777952e+00
-3.566687614179758548e+00
-2.679469672208757203e+00
-1.738867690800098176e+00
-8.427291081087939784e-01
-8.791787876984669126e-02
4.405250757234475678e-01
6.795848176219849712e-01
5.965659644723242394e-01
1.943254928835815853e-01
-4.874228892775573918e-01
-1.375177373405523262e+00
-2.369009690871799023e+00
-3.353553874269909141e+00
-4.211446856427405905e+00
-4.837651181630372221e+00
-5.152872838479252593e+00
-5.114296118745672359e+00
-4.722107862098432030e+00
-4.020757980181461022e+00
-3.094550889948759043e+00
-2.057904010285165786e+00
-1.041346374265768482e+00
-1.749584094697946846e-01
4.286221007666073390e-01
6.893542868110560384e-01
5.709974110205537912e-01
8.671718731399780111e-02
-7.018343971572704731e-01
-1.692019807029597533e+00
-2.753435541163960387e+00
-3.745168273954657678e+00
-4.534856573591502737e+00
-5.016831037105232483e+00
-5.126635860100568820e+00
-4.849974456784924115e+00
-4.224806865179933979e+00
-3.336267540712317015e+00
-2.305078374149947429e+00
-1.271047986690005072e+00
-3.739425696871723215e-01
2.656146924084730188e-01
5.625631464230185230e-01
4.788709317489283634e-01
2.847663332215644161e-02
-7.249448632723261010e-01
-1.677036575628432225e+00
-2.697328406112764920e+00
-3.647258141005961019e+00
-4.399121975551198993e+00
-4.853331777435720085e+00
-4.951624804552488435e+00
-4.684465409914011502e+00
-4.091708273916003336e+00
-3.256537861266728839e+00
-2.293624209201576836e+00
-1.333211697590766853e+00
-5.033800872500882040e-01
8.708081082200358480e-02
3.628798369933381451e-01
2.916640593948338633e-01
-1.124716061791617427e-01
-7.917349936409776578e-01
-1.653126411063402745e+00
-2.581391201652154965e+00
-3.454599322716519261e+00
-4.160221282027653622e+00
-4.609569847374865859e+00
-4.748760884695903961e+00
-4.564865467761080708e+00
-4.086600467589441621e+00
-3.379640093596811390e+00
-2.537326558630025541e+00
-1.668124330227204410e+00
-8.815309006594100882e-01
-2.742886745869805853e-01
8.136853680883504580e-02
1.460288053441352041e-01
-8.293857061325438096e-02
-5.721066081750068033e-01
-1.257127405218712024e+00
-2.051476452375677439e+00
-2.857589436844862441e+00
-3.578938026196428979e+00
-4.131543743604752628e+00
-4.453567807672504486e+00
-4.511911956079128316e+00
-4.305175245774512049e+00
-3.862778145492586468e+00
-3.240528245326249390e+00
-2.513306299677970923e+00
-1.765852578986766730e+00
-1.082802507672990577e+00
-5.391459374143865446e-01
-1.921725438046273382e-01
-7.573878760480434735e-02
-1.973835272198138924e-01
-5.384705117257959639e-01
-1.057189050554301124e+00
-1.693938156741265466e+00
-2.378385787035039556e+00
-3.037354277824995119e+00
-3.602644484470679753e+00
-4.017971250980538755e+00
-4.244327829690847764e+00
-4.263304739545436206e+00
-4.078132276702357117e+00
-3.712466826035174527e+00
-3.207172244666285366e+00
-2.615536260840010563e+00
-1.997491813983962583e+00
-1.413475842502672553e+00
-9.185522318810179776e-01
-5.573576049019492995e-01
-3.603103044113473707e-01
-3.413702391193014218e-01
-4.974681884214993133e-01
-8.095556399022723060e-01
-1.245076405417532728e+00
-1.761542042397111985e+00
-2.310813233647396991e+00
-2.843652881684851419e+00
-3.314123345891188954e+00
-3.683445555420324258e+00
-3.923014041172712574e+00
-4.016359484196886598e+00
-3.959958417268359732e+00
-3.762897591169409584e+00
-3.445498654195351840e+00
-3.037089453537162420e+00
-2.573166046019725428e+00
-2.092221562577603944e+00
-1.632524099038692666e+00
-1.229107778462987799e+00
-9.112028740722875053e-01
-7.002775377886190089e-01
-6.088011140800326793e-01
-6.397732436858909466e-01
-7.869996111654506965e-01
-1.036039095221620743e+00
-1.365701963663018326e+00
-1.749947053990589474e+00
-2.160008703358149429e+00
-2.566581382763747143e+00
-2.941900293930931110e+00
-3.261577477262371794e+00
-3.506082529204555431e+00
-3.661791793971911346e+00
-3.721566788605290110e+00
-3.684858746357645209e+00
-3.557369013261861390e+00
-3.350322624234203239e+00
-3.079433342660925721e+00
-2.763652026982839960e+00
-2.423796251387726475e+00
-2.081158057301575770e+00
-1.756179393264273525e+00
-1.467272386305324972e+00
-1.229845456335447729e+00
-1.055577898717588115e+00
-9.519663554511148540e-01
-9.221478894355712441e-01
-9.649872947413744573e-01
-1.075401703627660188e+00
-1.244884106095581089e+00
-1.462179426006720018e+00
-1.714062386918578040e+00
-1.986165408767480489e+00
-2.263806870949945704e+00
-2.532774781309935275e+00
-2.780027631156287704e+00
-2.994282372438109796e+00
-3.166468398737118051e+00
-3.290035554112001659e+00
-3.361113003900312091e+00
-3.378523835876083847e+00
-3.343667174735574843e+00
-3.260285149333987054e+00
-3.134136116539335326e+00
-2.972598081761859135e+00
-2.784227314128737696e+00
-2.578296855473145133e+00
-2.364338143512536128e+00
-2.151706525602025355e+00
-1.949188266525273106e+00
-1.764662994337334645e+00
-1.604831617481081274e+00
-1.475015801243095392e+00
-1.379031302444303941e+00
-1.319133986063310449e+00
-1.296034308612269204e+00
-1.308973536307559637e+00
-1.355853021615820442e+00
-1.433406506898621924e+00
-1.537404646829797494e+00
-1.662880705802468828e+00
-1.804366637182311495e+00
-1.956129418480205384e+00
-2.112398521898130710e+00
-2.267576660688593648e+00
-2.416427385868192168e+00
-2.554234636200380049e+00
-2.676930894661556870e+00
-2.781192113120952936e+00
-2.864498980052875954e+00
-2.925165380950437655e+00
-2.962336005944504969e+00
-2.975955972894739787e+00
-2.966716045879094654e+00
-2.935977536541162447e+00
-2.885681284931549406e+00
-2.818245239518965661e+00
-2.736455110222786313e+00
-2.643352374592079723e+00
-2.542123598967569009e+00
-2.435994618152570013e+00
-2.328132623478128327e+00
-2.221558664135157457e+00
-2.119072492778925287e+00
-2.023191104218650338e+00
-1.936101743644237594e+00
-1.859629613886077282e+00
-1.795220002525546477e+00
-1.743934089496944839e+00
-1.706457291823263223e+00
-1.683118659654722293e+00
-1.673919560098348747e+00
-1.678569673927813977e+00
-1.696528185180496529e+00
-1.727047963785509843e+00
-1.769220524816679019e+00
-1.822047780135676920e+00
-1.884545018354751411e+00
-1.955598964442867294e+00
-2.033918870225505326e+00
-2.118038411900504681e+00
-2.206324914376537993e+00
-2.296996056054186663e+00
-2.388143900410222287e+00
-2.477765822619169001e+00
-2.563801655349127184e+00
-2.644176168939135430e+00
-2.716845827412167402e+00
-2.779848622391571933e+00
-2.831355680592923196e+00
-2.869723265457766459e+00
-2.893543747851333503e+00
-2.901694102773623385e+00
-2.893380497119271144e+00
-2.868177566332210215e+00
-2.826061034358009927e+00
-2.767432411022571426e+00
-2.693134603705298780e+00
-2.604457406183248391e+00
-2.503131977433936672e+00
-2.391313597941799429e+00
-2.271552238998106876e+00
-2.146751544021342717e+00
-2.020115077320732144e+00
-1.895078789210528525e+00
-1.775230923240279868e+00
-1.664220400476339012e+00
-1.565655172169617249e+00
-1.482992547175098874e+00
-1.419424027982807424e+00
-1.377757710966721394e+00
-1.360301800655692617e+00
-1.368753229352144718e+00
-1.404095734338908441e+00
-1.466511995274943470e+00
-1.555314543309005204e+00
-1.668900090515137213e+00
-1.804731665201128488e+00
-1.959352451288272512e+00
-2.128434500415391284e+00
-2.306864504387326598e+00
-2.488867584707016967e+00
-2.668168590011337216e+00
-2.838188721206732712e+00
-2.992273474492038954e+00
-3.123945968178820198e+00
-3.227177781473891116e+00
-3.296667579448961050e+00
-3.328116139164206455e+00
-3.318485047904574436e+00
-3.266225440642941624e+00
-3.171462802609229303e+00
-3.036124196127221619e+00
-2.863995370946386565e+00
-2.660697147095243853e+00
-2.433573242740687093e+00
-2.191485332535652919e+00
-1.944515484760625634e+00
-1.703581097739511607e+00
-1.479972834371043877e+00
-1.284831574490735484e+00
-1.128585750945303889e+00
-1.020375248171897953e+00
-9.674919394501733105e-01
-9.748695375498046545e-01
-1.044656375994182484e+00
-1.175903723558638259e+00
-1.364399049454318558e+00
-1.602668205397357992e+00
-1.880162822501960207e+00
-2.183639549420809622e+00
-2.497726472374667051e+00
-2.805659720406715074e+00
-3.090160591099492926e+00
-3.334411380786439061e+00
-3.523077397022045254e+00
-3.643314317526860968e+00
-3.685695034537971537e+00
-3.644989150953629409e+00
-3.520731928303973746e+00
-3.317527994634164923e+00
-3.045048424965340672e+00
-2.717697444035001464e+00
-2.353946107816484723e+00
-1.975353655987143409e+00
-1.605321229259649929e+00
-1.267645520689083316e+00
-9.849597807086833967e-01
-7.771645679083412084e-01
-6.599590860226198785e-01
-6.435846003805540949e-01
-7.318835366849316681e-01
-9.217613284936527762e-01
-1.203113513338154306e+00
-1.559249332692183021e+00
-1.967807205261780323e+00
-2.402119520586361912e+00
-2.832947229065152506e+00
-3.230471821594155024e+00
-3.566406510228349092e+00
-3.816072347861072522e+00
-3.960280593339273736e+00
-3.986870873929408976e+00
-3.891775600955345915e+00
-3.679513518584734300e+00
-3.363056990137061941e+00
-2.963065493472644363e+00
-2.506527955801355567e+00
-2.024904788215666773e+00
-1.551902568896401657e+00
-1.121046460915626541e+00
-7.632345996448557379e-01
-5.044628719731334421e-01
-3.638969339767128552e-01
-3.524468009772319110e-01
-4.719555430573898480e-01
-7.150585178410959752e-01
-1.065719029872017387e+00
-1.500393504003226575e+00
-1.989731036231540351e+00
-2.500672668334987137e+00
-2.998787969920222451e+00
-3.450672427469465120e+00
-3.826229409953376681e+00
-4.100674527101664246e+00
-4.256126301890819086e+00
-4.282682596599741487e+00
-4.178923869501195654e+00
-3.951828482583421565e+00
-3.616128324434439989e+00
-3.193171667345128917e+00
-2.709391726642949472e+00
-2.194501874081132620e+00
-1.679550779329408883e+00
-1.194972701780868007e+00
-7.687603440394210619e-01
-4.248714294253388424e-01
-1.819573354106380769e-01
-5.247489774553093511e-02
-4.221322257078163886e-02
-1.502382686050305338e-01
-3.692311179239466945e-01
-6.861729061657759754e-01
-1.083311542687701134e+00
-1.539333335431359862e+00
-2.030656669278979365e+00
-2.532764744288661163e+00
-3.021499454129301654e+00
-3.474247877583776400e+00
-3.870965479923029751e+00
-4.194994801265360174e+00
-4.433653977470429552e+00
-4.578584815129221219e+00
-4.625864396144279134e+00
-4.575896583610811419e+00
-4.433109820583255534e+00
-4.205494959309342917e+00
-3.904021442128728481e+00
-3.541972072174104813e+00
-3.134236108522316933e+00
-2.696597854623874024e+00
-2.245053710614104858e+00
-1.795185292813608946e+00
-1.361610149852106932e+00
-9.575252575020889445e-01
-5.943522354146180131e-01
-2.814874144812475887e-01
-2.615473550198066377e-02
1.666448557047210954e-01
2.940972413501370397e-01
3.554643538064019559e-01
3.519124589107955892e-01
2.862938312517302464e-01
1.628960636960914421e-01
-1.282745641174143358e-02
-2.345335669775474585e-01
-4.952610527052510037e-01
-7.876890356781085512e-01
-1.104374863669896012e+00
-1.437966184930459246e+00
-1.781383673706850690e+00
-2.127972497863274803e+00
-2.471622053600096791e+00
-2.806854704787802302e+00
-3.128885243595184829e+00
-3.433653535626172371e+00
-3.717833337800753757e+00
-3.978820599583186457e+00
-4.214704702046581986e+00
-4.424226081940002331e+00
-4.606723557842434147e+00
-4.762074450745210186e+00
-4.890630298520536101e+00
-4.993150626790810342e+00
-5.070736878786037849e+00
-2.239887946366097449e+00
