2.345965118915543712e+00
2.659654918730892881e+00
2.938197887478316783e+00
3.166426343079066008e+00
3.331912412478426511e+00
3.425644774728686226e+00
3.442519360330280165e+00
3.381617286459611904e+00
3.246254893495190696e+00
3.043803158170464318e+00
2.785286316966812059e+00
2.484781556169036065e+00
2.158652457652593615e+00
1.824657942079423778e+00
1.500985230800119030e+00
1.205259485219138282e+00
9.535840523771375032e-01
7.596635788840984116e-01
6.340577428526297243e-01
5.836062408535267476e-01
6.110563414542171667e-01
7.149132864103504570e-01
8.895216857120886722e-01
1.125373474227515214e+00
1.409625660579056472e+00
1.726799674935431961e+00
2.059624233677340488e+00
2.389975823877143579e+00
2.699865594777297151e+00
2.972418916421761370e+00
3.192794264894851519e+00
3.348991397509901269e+00
3.432504809856689487e+00
3.438786891584526995e+00
3.367495560396851051e+00
3.222512889681792281e+00
3.011733715436191616e+00
2.746635733608201679e+00
2.441654497628473752e+00
2.113397349797283997e+00
1.779739090834860926e+00
1.458848631691099573e+00
1.168199629978985854e+00
9.236189854917491449e-01
7.384250076984146816e-01
6.227021851455756263e-01
5.827520482205557073e-01
6.207500278042930031e-01
7.346269951137029963e-01
9.181819333217999812e-01
1.161419605574303571e+00
1.451094832145831903e+00
1.771433738856452944e+00
2.104992702137818306e+00
2.433608218052558669e+00
2.739385971429291633e+00
3.005675246686045909e+00
3.217975620113550761e+00
3.364726560911734055e+00
3.437936944318789934e+00
3.433620197543543640e+00
3.352011383215635298e+00
3.197554399366724809e+00
2.978659992950497326e+00
2.707247763949203634e+00
2.398097099616049555e+00
2.068042382854782701e+00
1.735056298579828349e+00
1.417271155374106195e+00
1.131991515055017716e+00
8.947518960753515493e-01
7.184708622507713915e-01
6.127475597725691170e-01
5.833390086348837489e-01
6.318466118674117560e-01
7.556289532910192008e-01
9.479456322769688192e-01
1.198324303181722339e+00
1.493130932819440648e+00
1.816312223369834111e+00
2.150269773082126079e+00
2.476818373531886941e+00
2.778176260644588336e+00
3.037933396700730704e+00
3.241945056830378480e+00
3.379102060948605768e+00
3.441935709189489323e+00
3.427024479894622111e+00
3.335180343965169492e+00
3.171404550080431761e+00
2.944615288439244694e+00
2.667162062728294813e+00
2.354153214537518135e+00
2.022633218974427383e+00
1.690654550736429673e+00
1.376294660923444990e+00
1.096671593794280586e+00
8.670118467298200127e-01
6.998212318330396808e-01
6.042038887801635116e-01
5.853665311607019195e-01
6.443349219040175324e-01
7.778980167410292079e-01
9.787828172935946203e-01
1.236050412402204923e+00
1.535691641795037476e+00
1.861389946035845178e+00
2.195409862784558186e+00
2.519562787503785373e+00
2.816197409413196073e+00
3.069160889836213268e+00
3.264678443267230890e+00
3.392103424757385799e+00
3.444497078620882835e+00
3.419006379027206499e+00
3.317019387678797671e+00
3.144089668781190561e+00
2.909633877186609929e+00
2.626418987141144079e+00
2.309867083903285323e+00
1.977215574869561898e+00
1.646578549778902945e+00
1.335960402361257238e+00
1.062275425334585188e+00
8.404267653837138585e-01
6.824948923868139339e-01
5.970797737043667119e-01
5.888325745433802272e-01
6.582023850226119688e-01
8.014117655752182046e-01
1.010662442330978905e+00
1.274559951613191799e+00
1.578734110106258859e+00
1.906621523827077169e+00
2.240367525428234252e+00
2.561798426052670052e+00
2.853411139074699676e+00
3.099326287100145016e+00
3.286152892067795150e+00
3.403717562917934814e+00
3.445618473895756040e+00
3.409573967347583334e+00
3.297546798314282324e+00
3.115637255349975376e+00
2.873750977527794515e+00
2.585059556210172360e+00
2.265283293787434538e+00
1.931835175791303039e+00
1.602872670228459029e+00
1.296308987124088707e+00
1.028837638804583232e+00
8.150234171752159806e-01
6.665092876002740585e-01
5.913823869108352227e-01
5.937336492645381991e-01
6.734350398377972891e-01
8.261465267896170861e-01
1.043552411848105876e+00
1.313814150456048990e+00
1.622215003764548413e+00
1.951961418818970451e+00
2.285097498858944753e+00
2.603482767484280647e+00
2.889779983856389123e+00
3.128399218789505554e+00
3.306346783340011974e+00
3.413932782631256657e+00
3.445298766023791259e+00
3.398736741151750174e+00
3.276782180345946038e+00
3.086075954904168750e+00
2.837002715391999441e+00
2.543125409487599242e+00
2.220446729939475450e+00
1.886537709493421699e+00
1.559580913978088734e+00
1.257380335180305675e+00
9.963918984599404727e-01
7.908273775056333665e-01
6.518805113463381762e-01
5.871174643739176524e-01
6.000648210552048667e-01
6.900175505262509112e-01
8.520773980981415363e-01
1.077419613116586738e+00
1.353773488869105091e+00
1.666090547386598564e+00
1.997363984036148121e+00
2.329554750153796761e+00
2.644573845135331780e+00
2.925267328592678684e+00
3.156350415065964921e+00
3.325239786422386601e+00
3.422738799491481743e+00
3.443538276878194360e+00
3.386505611064825505e+00
3.254746439027428995e+00
3.055435528958529545e+00
2.799426087931874196e+00
2.500658765133890071e+00
2.175402532594609362e+00
1.841368780235217439e+00
1.516746865992644189e+00
1.219213638839833358e+00
9.649708697911822952e-01
7.678630062908138321e-01
6.386232914797780325e-01
5.842892999018343136e-01
6.078197158635048059e-01
7.079332222664136420e-01
8.791782730035628823e-01
1.112229949557628883e+00
1.394397736875283123e+00
1.710316568266280868e+00
2.042783509408597542e+00
2.373694520959145127e+00
2.685030289624433575e+00
2.959837445588349158e+00
3.183151735423950690e+00
3.342812880352345140e+00
3.430126747839903789e+00
3.440338778871640191e+00
3.372892891056517239e+00
3.231461759344838036e+00
3.023746825462038323e+00
2.761058926275795855e+00
2.457702377413644612e+00
2.130196051027848814e+00
1.796373862868397397e+00
1.474413650428756384e+00
1.181847323296353336e+00
9.346061866369306248e-01
7.461534234362419138e-01
6.267509750096391663e-01
5.829007408137958368e-01
6.169905262718806682e-01
7.271640180463658787e-01
9.074218670807756570e-01
1.147948375069583360e+00
1.435645995084597448e+00
1.754848540846445148e+00
2.088174267791236272e+00
2.417472372552072812e+00
2.724811370501607932e+00
2.993455530588128966e+00
3.208776197021744103e+00
3.359048373016002564e+00
3.436089189690699541e+00
3.435703493171862632e+00
3.357912286043771122e+00
4.180775581166926713e+00
3.788584319252191079e+00
3.299771896784692071e+00
2.740955935646877784e+00
2.142566006102862186e+00
1.537186625547767527e+00
9.577829125146035683e-01
4.359055155588238417e-01
-2.743480028666311910e-05
-3.262777970887427159e-01
-5.250800473892986986e-01
-5.856086770105597417e-01
-5.045676809774768401e-01
-2.863700375414892640e-01
5.710259460448274815e-02
5.071468760418453847e-01
1.039256251775187545e+00
1.624455422666488236e+00
2.230878156310932336e+00
2.825502519788805955e+00
3.375949044531671106e+00
3.852243906658061157e+00
4.228451111168876508e+00
4.484084801611089688e+00
4.605224789790107742e+00
4.585274560863052962e+00
4.425320477666955910e+00
4.134072624294161002e+00
3.727390510198208329e+00
3.227419461974360804e+00
2.661384729436463203e+00
2.060108971319262405e+00
1.456333848924757479e+00
8.829371230692419914e-01
3.711423399146986934e-01
-5.118140516970282050e-02
-3.610370416473687172e-01
-5.415517983062443363e-01
-5.828959872822356836e-01
-4.828182664681945901e-01
-2.467682333151146601e-01
1.124003256548138374e-01
5.751293704750897184e-01
1.116221614450652044e+00
1.706212608456066482e+00
2.312975187814940270e+00
2.903468913767021320e+00
3.445539246045098203e+00
3.909668475043014180e+00
4.270583068922800152e+00
4.508629909739402919e+00
4.610846477499610963e+00
4.571666706723688911e+00
4.393224079041850416e+00
4.085235447326569513e+00
3.664471917560967018e+00
3.153845600858531384e+00
2.581161965322134044e+00
1.977605726741156644e+00
1.376042726908768055e+00
8.092302684874901342e-01
3.080333602272466997e-01
-1.002559955014294957e-01
-3.934049519256870298e-01
-5.554504775866342392e-01
-5.775686017103471848e-01
-4.585549116476914655e-01
-2.048901375424114768e-01
1.696127470972557116e-01
6.445606922606756939e-01
1.194091047497202407e+00
1.788279877701482778e+00
2.394771430682710811e+00
2.980540026056873515e+00
3.513688424176151681e+00
3.965184747338374116e+00
4.310443371572366900e+00
4.530663703666697018e+00
4.613853942142725373e+00
4.555484074647477399e+00
4.358732553672961529e+00
4.034313218208085416e+00
3.599891886071429958e+00
3.079124385603203784e+00
2.500368409404926773e+00
1.895139334395381958e+00
1.296394094421588372e+00
7.367365548294428912e-01
2.466421129039026994e-01
-1.472017988302654068e-01
-4.233489407904054147e-01
-5.667620924175134078e-01
-5.696318837620504283e-01
-4.318020442028673855e-01
-1.607779119532941614e-01
2.286822590191845972e-01
7.153709398287728671e-01
1.272786154083635157e+00
1.870574607303973735e+00
2.476184534677463578e+00
3.056638263554739332e+00
3.580327968182319243e+00
4.018736831268270748e+00
4.347991888846975073e+00
4.550164000367403538e+00
4.614244155885700138e+00
4.536742956869094456e+00
4.321880626691719129e+00
3.981357204056705790e+00
3.533715433152215812e+00
3.003331043499550379e+00
2.419085402443749810e+00
1.812792819207187822e+00
1.217468139544469086e+00
6.655289667983104174e-01
1.870304049861188922e-01
-1.919715513956634645e-01
-4.508388614463090249e-01
-5.754752545721126822e-01
-5.590938239095852857e-01
-4.025865981945497829e-01
-1.144759675391946452e-01
2.895493918391649490e-01
7.874888233439525376e-01
1.352227706112575589e+00
1.953013945163493359e+00
2.557132535295963738e+00
3.131687012620783861e+00
3.645390787179596082e+00
4.070270812048259579e+00
4.383190817918688253e+00
4.567111167472170052e+00
4.612016725871958656e+00
4.515462221437207546e+00
4.282705399617833031e+00
3.926420719549859051e+00
3.466009183459592080e+00
2.926541881226717656e+00
2.337394777963321513e+00
1.730649085412421906e+00
1.139344322785889041e+00
5.956791942603183454e-01
1.292582519228071547e-01
-2.345201802263878754e-01
-4.758470377877266344e-01
-5.815811918753972520e-01
-5.459650315854913671e-01
-3.709379869405013963e-01
-6.603091984046471907e-02
3.521528661807835636e-01
8.608417364796008275e-01
1.432335723986704945e+00
2.035514893593326047e+00
2.637533936289302439e+00
3.205610716212340172e+00
3.708811377688613575e+00
4.119734806665938720e+00
4.416004721461532334e+00
4.581488143033355165e+00
4.607173894617577758e+00
4.491663293218412178e+00
4.241246313006186597e+00
3.869559073248430181e+00
3.396841301807375757e+00
2.848834208028315995e+00
2.255378779866243466e+00
1.648790833091872798e+00
1.062101297083346774e+00
5.272575600699296317e-01
7.338381714906994091e-02
-2.748048485181393552e-01
-4.983482922617232802e-01
-5.850737570354769268e-01
-5.302587245014374062e-01
-3.368880734032737578e-01
-1.549154201584057589e-02
4.164296545656505089e-01
9.353558295141484180e-01
1.513029557128497071e+00
2.117994392878427501e+00
2.717307791709794529e+00
3.278334949951636101e+00
3.770525889580665257e+00
4.167079016114368706e+00
4.446400563328294808e+00
4.593280452702289907e+00
4.599720537753587912e+00
4.465370132327526775e+00
4.197545106739595688e+00
3.810829511914244350e+00
3.326281424540994625e+00
2.770286257880021807e+00
2.173119979632729404e+00
1.567300474911626607e+00
9.858168286180337692e-01
4.603329492708854165e-01
1.946335352896544357e-02
-3.127849987605970661e-01
-5.183199712161759010e-01
-5.859494338325661467e-01
-5.119907153409886114e-01
-3.004711381113871482e-01
3.709128426112062726e-02
4.823150448682831382e-01
1.010956083681759266e+00
1.594227965177481998e+00
2.200369404898170789e+00
2.796373787405598943e+00
3.349786497054449974e+00
3.830472190360594276e+00
4.212255775528836566e+00
4.474347741810605683e+00
4.602476224301749852e+00
4.589664159117325504e+00
4.436609210005094894e+00
4.151645778006137988e+00
3.750291162875192708e+00
3.254400589429138790e+00
2.690977110725528032e+00
2.090701193189704377e+00
1.486260053151901239e+00
9.105677185218405967e-01
3.949727397443592025e-01
-3.244885327865576485e-02
-3.484223935695762719e-01
-5.357419677069263919e-01
-5.842073406590388984e-01
-4.911793958397945303e-01
-2.617238446466516599e-01
9.166462002852804325e-02
5.497427054664616453e-01
1.087566386698923360e+00
1.675849199780945042e+00
2.282556996726759824e+00
2.874652321878756744e+00
3.419893422043012166e+00
3.888589927720297545e+00
4.255219602174493687e+00
4.499818120447875103e+00
4.609066199778537154e+00
4.577014883197791484e+00
4.405409481966900742e+00
4.103594537003806053e+00
3.688004974497517630e+00
3.181271164145250907e+00
2.610986612861116551e+00
2.008205397533717296e+00
1.405751157109249583e+00
8.364297255558243993e-01
3.312427343749426711e-01
1.482082317992314380e+00
1.406094757114753069e+00
1.363221294832947628e+00
1.355796547771497051e+00
1.384224820528180855e+00
1.446958089811804182e+00
1.540580299964837030e+00
1.659993379671742542e+00
1.798694850563831604e+00
1.949131910917852428e+00
2.103112713297977887e+00
2.252252440570803760e+00
2.388429889825526509e+00
2.504229701536525354e+00
2.593346152975588126e+00
2.650926527847320635e+00
2.673835364416822902e+00
2.660825192854066046e+00
2.612604464522730652e+00
2.531798974215726084e+00
2.422808876037463754e+00
2.291569078940557169e+00
2.145226069254881907e+00
1.991748758403157238e+00
1.839494546565894506e+00
1.696754231714725947e+00
1.571300545379091584e+00
1.469964899023063598e+00
1.398265388738211268e+00
1.360106314755441304e+00
1.357565578036300735e+00
1.390781530975663927e+00
1.457945443608485103e+00
1.555399995563101712e+00
1.677838430514573043e+00
1.818593528450408225e+00
1.970000660153631733e+00
2.123815154260031868e+00
2.271661249729199472e+00
2.405488186627271929e+00
2.518008599412123516e+00
2.603095340605727781e+00
2.656115126354786860e+00
2.674180835660563194e+00
2.656308724662955534e+00
2.603471995087031310e+00
2.518547799854253810e+00
2.406160571596624109e+00
2.272430205408171311e+00
2.124638808203165308e+00
1.970834161395154771e+00
1.819391489803218187e+00
1.678557400068288796e+00
1.556000822799367800e+00
1.458395411289639565e+00
1.391056136717886194e+00
1.357649868553871819e+00
1.359995700121794604e+00
1.397965892324191994e+00
1.469492829502375253e+00
1.570681608661468331e+00
1.696022131165211277e+00
1.838689147733560514e+00
1.990913918196276944e+00
2.144407247772148750e+00
2.290810864002586822e+00
2.422152555217168324e+00
2.531280286579090877e+00
2.612251654506185350e+00
2.660657472251708899e+00
2.673861866228087081e+00
2.651145808951780314e+00
2.593746272716134893e+00
2.504788871931783234e+00
2.389117662004986986e+00
2.253031362827110584e+00
2.103940370469064014e+00
1.949963234047615401e+00
1.799484571071273464e+00
1.660698494390648206e+00
1.541162412823182670e+00
1.447385502638189436e+00
1.384474259132993712e+00
1.355854429311590170e+00
1.363084467447038151e+00
1.405770671553788542e+00
1.481588621898879854e+00
1.586409754146698603e+00
1.714526174767548650e+00
1.858961476689320769e+00
2.011850630145350483e+00
2.164868262273640376e+00
2.309682004079195661e+00
2.438406218361343747e+00
2.544031401463078268e+00
2.620805876348712538e+00
2.664548992427553387e+00
2.672878777249160898e+00
2.645341643603899673e+00
2.583437089003314480e+00
2.490536042563378238e+00
2.371697305601274230e+00
2.233392081425361830e+00
2.083151594677798535e+00
1.929156988643554005e+00
1.779793832115382113e+00
1.643195494543193469e+00
1.526800254358849029e+00
1.436946257545829164e+00
1.378526382439210440e+00
1.354721804628074899e+00
1.366828770324936659e+00
1.414188011024643421e+00
1.494220643082562194e+00
1.602568597348973389e+00
1.733331931952806659e+00
1.879390105687282375e+00
2.032789717487676562e+00
2.185177598170596980e+00
2.328255671007533500e+00
2.454232812313011713e+00
2.556249106587804576e+00
2.628749393975001958e+00
2.667785769005450280e+00
2.671232558471075436e+00
2.638902072095428153e+00
2.572554822954813858e+00
2.475803661110731468e+00
2.353917040727356191e+00
2.213532133498310461e+00
2.062293410404427707e+00
1.908436372345979848e+00
1.760339097036946132e+00
1.626066022070986161e+00
1.512928806837581908e+00
1.427088185961132627e+00
1.373218494797292522e+00
1.354253134799112024e+00
1.371224839093018844e+00
1.423209436387875559e+00
1.507376175477483038e+00
1.619141869983606652e+00
1.752420469595220354e+00
1.899954467738382391e+00
2.053710099318589943e+00
2.205314808575010499e+00
2.346513165324005001e+00
2.469616403287067108e+00
2.567921101499454739e+00
2.636074210067150148e+00
2.670364543286626535e+00
2.668924867262207901e+00
2.631833577612111341e+00
2.561110430540677996e+00
2.460606559735511567e+00
2.335794768071196348e+00
2.193471513502339487e+00
2.041386817102585294e+00
1.887822246108842306e+00
1.741139952335053476e+00
1.609327322461852727e+00
1.499562035656177850e+00
1.417821212722901070e+00
1.368555940044430486e+00
1.354448891668760258e+00
1.376268247908585929e+00
1.432825865117357322e+00
1.521041974450761280e+00
1.636112886529667687e+00
1.771772569873339531e+00
1.920633859201204663e+00
2.074590713565644062e+00
2.225259619890164853e+00
2.364436105878967798e+00
2.484541503501735971e+00
2.579035635150412009e+00
2.642772950199181903e+00
2.672282719031138676e+00
2.665958026943414882e+00
2.624143276522305168e+00
2.549115433664480346e+00
2.444960038466785779e+00
2.317348732644906928e+00
2.173230417925021030e+00
2.020452862962875518e+00
1.867335363674770710e+00
1.722215727187391021e+00
1.592996247784154384e+00
1.486713398116958240e+00
1.409154667568230046e+00
1.364543412314161763e+00
1.355308878154318553e+00
1.381953919204573999e+00
1.443027615653727169e+00
1.535204281646987745e+00
1.653464561028456181e+00
1.791368749617954448e+00
1.941407460625881765e+00
2.095410538193260397e+00
2.244991952221486287e+00
2.382006448342488980e+00
2.498993086771346128e+00
2.589581517729961924e+00
2.648838870261400302e+00
2.673538365071726375e+00
2.662335024448979848e+00
2.615838911212372331e+00
2.536581908563402710e+00
2.428879849797412671e+00
2.298597505416135167e+00
2.152829224951898102e+00
1.999512623721902083e+00
1.846996350680842669e+00
1.703585473990034682e+00
1.577089239720478986e+00
1.474395829879362463e+00
1.401097275739479509e+00
1.361184951310467683e+00
1.356832228444739386e+00
1.388276128801470666e+00
1.453804417151491890e+00
1.549848838839791076e+00
1.671179424285131665e+00
1.811189279927345464e+00
1.962254357714383168e+00
2.116148612367273696e+00
2.264491939592474079e+00
2.399206503370757915e+00
2.512956603634179054e+00
2.599548131929812378e+00
2.654265863250157675e+00
2.674130217258043452e+00
2.658059507319460391e+00
2.606928842291838855e+00
2.523522473650304132e+00
2.412382182824757582e+00
2.279559964611466150e+00
2.132288473950152419e+00
1.978587181444143139e+00
1.826825683893125163e+00
1.685267949176148861e+00
1.561622313014718433e+00
1.462621731936707192e+00
1.393657149200009382e+00
1.358483938240714339e+00
1.359017408872310373e+00
1.395228511670298710e+00
1.465145419819499528e+00
1.564960902286531397e+00
1.689239641456335539e+00
1.328161577939515947e+00
1.897779793003386839e+00
2.473738060486963874e+00
3.024673348930205563e+00
3.520585219482874617e+00
3.934469459382232692e+00
4.243788559975923746e+00
4.431698966390575478e+00
4.487968270618894806e+00
4.409532403511444265e+00
4.200662484533994601e+00
3.872732243711335176e+00
3.443598680483142438e+00
2.936629684857840150e+00
2.379431570446763899e+00
1.802345809850188774e+00
1.236796830646607059e+00
7.135808405274037813e-01
2.611888612991342118e-01
-9.574471132264417150e-02
-3.377835405418365688e-01
-4.517477280152313313e-01
-4.314315074593091381e-01
-2.779411712921375788e-01
3.651710296597165950e-04
3.883327226006620947e-01
8.648352331134399051e-01
1.403925400355796160e+00
1.976247795593408796e+00
2.550637373890667803e+00
3.095816524643590473e+00
3.582098251724550320e+00
3.983002738858748781e+00
4.276699272342876057e+00
4.447195003147030867e+00
4.485205815961280429e+00
4.388661883186254720e+00
4.162820374606393869e+00
3.819979185292351254e+00
3.378807270294042375e+00
2.863328051846312228e+00
2.301611256278195405e+00
1.724244414884356313e+00
1.162667261119397777e+00
6.474597222717342060e-01
2.066767307238153162e-01
-1.356794695920369165e-01
-3.609663330482906218e-01
-4.569161670272650078e-01
-4.183041525940351946e-01
-2.472328549721169999e-01
4.698226881296552193e-02
4.483201305951780569e-01
9.349264178386431645e-01
1.480303640782197228e+00
2.054754017543937827e+00
2.626996626821482383e+00
3.165870768315977468e+00
3.642032776684401618e+00
4.029553891299841872e+00
4.307332171977974689e+00
4.460241576698591004e+00
4.479955629844367238e+00
4.365400829212235045e+00
4.122815102129517406e+00
3.765408127525747162e+00
3.312642020664068099e+00
2.789171549876424905e+00
2.223501594371061429e+00
1.646434949441149431e+00
1.089395001747035963e+00
5.827146111338437073e-01
1.539843756154075649e-01
-1.734497774665042513e-01
-3.817578624619644145e-01
-4.595967432586096635e-01
-4.027278084759458032e-01
-2.142477793373434025e-01
9.557991811193344844e-02
5.098840340419799055e-01
1.006104196016957220e+00
1.557219403679900749e+00
2.133219420922131349e+00
2.702738942856410809e+00
3.234765551236784553e+00
3.700328453909739856e+00
4.074076050268956806e+00
4.335656418509458376e+00
4.470825552109181089e+00
4.472222998012999717e+00
4.339772660187017905e+00
4.080686943325567917e+00
3.709074011070893739e+00
3.245169544970365916e+00
2.714234837701036795e+00
2.145181223412599092e+00
1.568995749977876830e+00
1.017053821051202345e+00
5.194106907338198464e-01
1.031648452065965227e-01
-2.090176088255311093e-01
-4.001371964355309174e-01
-4.597867579778895930e-01
-3.847181569454098948e-01
-1.790191528664282217e-01
1.461091921326562737e-01
5.729624520745180138e-01
1.078296907793507842e+00
1.634595252347057937e+00
2.211565008889895267e+00
2.777788066688251067e+00
3.302431512008851211e+00
3.756926592895444728e+00
4.116524392065207039e+00
4.361643495854916175e+00
4.478936273719710925e+00
4.462015705470975035e+00
4.311803177855403568e+00
4.036478311681062081e+00
3.651033551586989834e+00
3.176457772669428081e+00
2.638593359567730445e+00
2.066728994225708327e+00
1.492004780178387113e+00
9.457165501683895137e-01
4.576116937402119333e-01
5.426930322086254144e-02
-2.423471549421276627e-01
-4.160858311545214683e-01
-4.574860198834440617e-01
-3.642933296306303248e-01
-1.415824427841867461e-01
1.985192193738563038e-01
6.374918790539052527e-01
1.151431871506279236e+00
1.712353286879680914e+00
2.289711905236599510e+00
2.852068440896417201e+00
3.368800526379980731e+00
3.811770212171754046e+00
4.156856180850526883e+00
4.385267240930392774e+00
4.484565575875858912e+00
4.449344028643297477e+00
4.281520541132840307e+00
3.990233715246250590e+00
3.591345182632764033e+00
3.106575880908351017e+00
2.562323269262845926e+00
1.988223890385063974e+00
1.415539552460521211e+00
8.754550095263964327e-01
3.973798377053701092e-01
7.346976362423429663e-03
-2.734048605341468097e-01
-4.295877099664866527e-01
-4.526968452959252431e-01
-3.414738896932738577e-01
-1.019753393538356256e-01
2.527572348430244809e-01
7.034073485049487928e-01
1.225435456859133909e+00
1.790415222599914813e+00
2.367581433788174650e+00
2.925505282016908737e+00
3.433805775828342011e+00
3.864804096671717204e+00
4.195030811674820725e+00
4.406503869990720190e+00
4.487707791149043501e+00
4.434220725030212584e+00
4.248955237755896341e+00
3.941999711825175723e+00
3.530068996837609774e+00
3.035594224878555902e+00
2.485501353442868488e+00
1.909744948697826628e+00
1.339677049940020348e+00
8.063399365367018845e-01
3.387757624266782841e-01
-3.755489524392263689e-02
-3.021594575467205779e-01
-4.406292395464066480e-01
-4.454240558262791971e-01
-3.162828111259572417e-01
-6.023771793192800317e-02
3.087686331785837179e-01
7.706424985227073865e-01
1.300233159051576770e+00
1.868702468870022004e+00
2.445095197617614957e+00
2.998024655831609486e+00
3.497381814833657288e+00
3.915974853320268068e+00
4.231009851356273721e+00
4.425332002574270618e+00
4.488359756042232362e+00
4.416661020363165768e+00
4.214140053587911439e+00
3.891824862103069105e+00
3.467266685401923176e+00
2.963584266984077065e+00
2.408204954326888636e+00
1.831371179631811064e+00
1.264493648924575719e+00
7.384409143785879426e-01
2.818584688962033624e-01
-8.039110561291007429e-02
-3.285819966322351959e-01
-4.491993035820507352e-01
-4.356749735215101893e-01
-2.887454556226045632e-01
-1.641159882259302094e-02
3.664970236254299074e-01
8.391296385833153515e-01
1.375749673787503236e+00
1.947136208215789255e+00
2.522175157971899395e+00
3.069553551803969604e+00
3.559464636765699019e+00
3.965230964788744927e+00
4.264757077174515132e+00
4.441732683028325468e+00
4.486520814174870253e+00
4.396682593276135975e+00
4.177110039611021008e+00
3.839759680756493765e+00
3.403001475987740498e+00
2.890618504895734464e+00
2.330511891831243076e+00
1.753181487770102409e+00
1.190065042021195563e+00
6.718263019440047223e-01
2.266852598997362023e-01
-1.211185284108124982e-01
-3.526458762957460635e-01
-4.552892739656018151e-01
-4.234594134929894338e-01
-2.588895470452023950e-01
2.945889502739595933e-02
4.258842868072125754e-01
9.087998176936229466e-01
1.451908973090259014e+00
2.025637475677821264e+00
2.598743712839429509e+00
3.140019956583442351e+00
3.619991738324985775e+00
4.012522841361451320e+00
4.296238513338725085e+00
3.131475929062765395e+00
