-3.815059131736532327e-01
-1.566544232720721852e-01
5.655040163163549405e-02
2.524487958885854866e-01
4.259339286920067469e-01
5.725743536367213782e-01
6.887139288992163433e-01
7.715475423247717401e-01
8.191717413466208519e-01
8.306101059652177820e-01
8.058138943559456369e-01
7.456391186695809914e-01
6.518017603102279622e-01
5.268133000022598988e-01
3.738991123236423686e-01
1.969025543992837246e-01
1.777644440300596429e-04
-2.115257191633870271e-01
-4.331833982837393071e-01
-6.596182640580459111e-01
-8.856223426671734344e-01
-1.106074624836954179e+00
-1.316052914687598552e+00
-1.510937421052253482e+00
-1.686504230258264014e+00
-1.839007133321391541e+00
-1.965246622897609319e+00
-2.062625217322689331e+00
-2.129188602754738202e+00
-2.163652402985674961e+00
-2.165414684189573169e+00
-2.134554574153029627e+00
-2.071817618933600613e+00
-1.978588712045071585e+00
-1.856853610811469935e+00
-1.709150201026186755e+00
-1.538510784879293380e+00
-1.348396749364332070e+00
-1.142627024727314478e+00
-9.253017671318028992e-01
-7.007226991018964402e-01
-4.733115182371084861e-01
-2.475277420855239163e-01
-2.778729788500167164e-02
1.816169069209975229e-01
3.765912810747036321e-01
5.533136521791619522e-01
7.083002123703669994e-01
8.384664444663318950e-01
9.411812683433629090e-01
1.014313749442130597e+00
1.056271812037291147e+00
1.066032498234756876e+00
1.043163408932323177e+00
9.878350548491499072e-01
9.008239341562651603e-01
7.835062384672404345e-01
6.378421714819959565e-01
4.663509451617371404e-01
2.720765979016992464e-01
5.854485888831173490e-02
-1.702886360567461010e-01
-4.100983879721176173e-01
-6.562568603862363181e-01
-9.039095162839694275e-01
-1.148056395135468311e+00
-1.383639450158656192e+00
-1.605634748389451749e+00
-1.809148508833215763e+00
-1.989515816719393149e+00
-2.142400704954478208e+00
-2.263896138190450102e+00
-2.350622272205853402e+00
-2.399821194172711003e+00
-2.409446181574158796e+00
-2.378243353999615284e+00
-2.305823439115736395e+00
-2.192721239652918985e+00
-2.040440281752814222e+00
-1.851480057693238424e+00
-1.629343260766725976e+00
-1.378520461521505425e+00
-1.104449808753748208e+00
-8.134495728310200402e-01
-5.126217011089897468e-01
-2.097250433987718488e-01
8.698245314880193035e-02
3.689314680567028493e-01
6.274572669286617721e-01
8.540487751844754172e-01
1.040624464720055542e+00
1.179828165026949094e+00
1.265336811320963983e+00
1.292170060025300993e+00
1.256989670490783917e+00
1.158374699274558273e+00
9.970570302697723264e-01
7.761007395019721145e-01
5.010084481717318461e-01
1.797383342293632502e-01
-1.773829765825340465e-01
-5.578636890603443366e-01
-9.473743242411722942e-01
-1.330202122489892336e+00
-1.689828477376371429e+00
-2.009617801382638902e+00
-2.273597669695804235e+00
-2.467301095297620428e+00
-2.578632894161859923e+00
-2.598713963994063292e+00
-2.522650684506590579e+00
-2.350172374661071650e+00
-2.086078642716366449e+00
-1.740441304817295975e+00
-1.328512946170715914e+00
-8.703065341697480140e-01
-3.898278089808443481e-01
8.603590361074053838e-02
5.289411570847610822e-01
9.107708289009281977e-01
1.205487818628306451e+00
1.391047782304634550e+00
1.451236831980654118e+00
1.377285750672122555e+00
1.169108092802110255e+00
8.360178639545421397e-01
3.968048573976694637e-01
-1.209173523815362805e-01
-6.821251792627920363e-01
-1.246533183497536168e+00
-1.771380300352140891e+00
-2.214687316905290970e+00
-2.538753509303148803e+00
-2.713607828619801765e+00
-2.720097735064937794e+00
-2.552293359449933519e+00
-2.218910956734739148e+00
-1.743519754317631509e+00
-1.163388987837941979e+00
-5.269519439040246667e-01
1.099980113415176541e-01
6.891209198674541625e-01
1.154961251312331960e+00
1.460497567828639598e+00
1.572247470552438520e+00
1.474355442916797765e+00
1.171145774474324330e+00
6.877423624225624810e-01
6.853544894251606401e-02
-6.265022915490049416e-01
-1.327403397875519309e+00
-1.961210893425890500e+00
-2.459711263044061180e+00
-2.767065763144544555e+00
-2.846459484452410926e+00
-2.684939565724516974e+00
-2.295772067918124826e+00
-1.717900478322067048e+00
-1.012413137437376376e+00
-2.562858721836396847e-01
4.659842350013891910e-01
1.071944114853790264e+00
1.490843537364876736e+00
1.672216867325341250e+00
1.592299139032824273e+00
1.257414548989449932e+00
7.038242821394207205e-01
-6.049253609677007759e-03
-7.906485578102346867e-01
-1.558762643835008621e+00
-2.220316396091206013e+00
-2.697142862999680979e+00
-2.932405726597531626e+00
-2.897496817428461213e+00
-2.595545743098118141e+00
-2.061103109212193196e+00
-1.356039240282977953e+00
-5.621732573394168098e-01
2.284490754753284447e-01
9.244279533616484024e-01
1.445705348498646403e+00
1.732799576260975138e+00
1.753496756901086195e+00
1.506249687402051896e+00
1.019950703784481494e+00
3.501896152502680382e-01
-4.274760224410915077e-01
-1.226373849377149217e+00
-1.958608547960795088e+00
-2.544827319235937857e+00
-2.922754703552939759e+00
-3.053580627794076463e+00
-2.925571329209313731e+00
-2.554616510527314421e+00
-1.981783644985574799e+00
-1.268279073311835869e+00
-4.884792390732800582e-01
2.781316763819853266e-01
9.552124509226389559e-01
1.477133473150437970e+00
1.795119802769346018e+00
1.881422474783587928e+00
1.731212380383705840e+00
1.362144960796596971e+00
8.117828922556886706e-01
1.332639648738573879e-01
-6.102548710825598244e-01
-1.351768327186640528e+00
-2.026588844312905646e+00
-2.577939288691150743e+00
-2.961504903360025587e+00
-3.148613346789952416e+00
-3.127865769202656132e+00
-2.905197083957472337e+00
-2.502484980780278256e+00
-1.954943075099301097e+00
-1.307616101271887210e+00
-6.113406155126561714e-01
8.145639599544951537e-02
7.207726181160265533e-01
1.262561563156978428e+00
1.671551791933574060e+00
1.923206397336313822e+00
2.004757509245543190e+00
1.915328316497926453e+00
1.665222274089013021e+00
1.274511770321123949e+00
7.710943820826439143e-01
1.884034728410354242e-01
-4.370377111222535360e-01
-1.068040964684312311e+00
-1.669002405884211226e+00
-2.207852081585116366e+00
-2.657614894038557551e+00
-2.997530092713727612e+00
-3.213711280528608327e+00
-3.299359857927728790e+00
-3.254570520937775768e+00
-3.085786929842908144e+00
-2.804978655953752842e+00
-2.428617185992557825e+00
-1.976529708835675025e+00
-1.470705503893337429e+00
-9.341220394601427168e-01
-3.896474823322136349e-01
1.409356981212122051e-01
6.377539857851466376e-01
1.083493294976618060e+00
1.463868527531469121e+00
1.767914157167107758e+00
1.988106148208484525e+00
2.120331988223167485e+00
2.163730181161955812e+00
2.120423304114189555e+00
1.995169856057174451e+00
1.794959856843150403e+00
1.528577756037287960e+00
1.206153960182939411e+00
8.387234511682981619e-01
4.378067932584082111e-01
1.502552669799628315e-02
-4.182393000428381580e-01
-8.511397592331154671e-01
-1.273601889507060658e+00
-1.676514205504372468e+00
-2.051865310760416783e+00
-2.392833634899993456e+00
-2.693833498999326892e+00
-2.950522523859148372e+00
-3.159775873168271687e+00
-3.319633012349251011e+00
-3.429222612754176502e+00
-3.488670988584285482e+00
-3.498999067174357158e+00
-3.462012405122263381e+00
-3.380188211339476112e+00
-3.256562756179659068e+00
-3.094622152457294106e+00
-2.898201007127844342e+00
-2.671389160790439199e+00
-2.418445290241432399e+00
-2.143718357984933931e+00
-1.851577229803670788e+00
-1.546348534077526926e+00
-1.232262644153660602e+00
-9.134075132177066347e-01
-5.936899753881657027e-01
-2.768040426525245068e-01
3.379432962887918279e-02
3.349065698274562575e-01
6.236054857649808714e-01
8.972445043886676519e-01
1.153462717799390580e+00
1.390186275619160527e+00
1.605626634268100483e+00
1.798276139386152161e+00
1.966901380147516809e+00
2.110534715025687902e+00
2.228464328862348687e+00
2.320223141810203948e+00
2.385576852589118779e+00
2.424511362065199016e+00
2.437219788827299283e+00
2.424089256461818387e+00
2.385687602775574234e+00
2.322750134363063879e+00
2.236166525666969385e+00
2.126967939995524581e+00
1.996314430752356595e+00
1.845482664293612851e+00
1.675853991220662254e+00
1.488902880402076745e+00
1.286185719447391351e+00
1.069329976575627672e+00
8.400237116879902821e-01
6.000054188224741569e-01
3.510541779024975995e-01
9.498009066737023165e-02
-1.663850262330770491e-01
-4.311967188871965173e-01
-6.976067724015662108e-01
-9.637719128540900293e-01
-1.227862360379542661e+00
-1.488070256593903462e+00
-1.742617986716332723e+00
-1.989766413360145370e+00
-2.227823035095584103e+00
-2.455150078593195673e+00
-2.670172528479890062e+00
-2.871386094034122038e+00
-3.057365106555214318e+00
-3.226770335711893090e+00
-3.378356707454353902e+00
-3.510980900211267297e+00
-3.623608790140274039e+00
-3.715322710212532797e+00
-3.785328481947012769e+00
-3.832962172733157757e+00
-3.857696525957941880e+00
-3.859147005659309571e+00
-3.837077392240853868e+00
-3.791404860986336445e+00
-3.722204470795891673e+00
-3.629712986822651644e+00
-3.514331957617168101e+00
-3.376629965088760343e+00
-3.217343964172372672e+00
-3.037379628652558061e+00
-2.837810620248516713e+00
-2.619876699911189988e+00
-2.384980603424363466e+00
-2.134683607936124439e+00
-1.870699722059012915e+00
-1.594888439749337694e+00
-1.309246007370028941e+00
-1.015895164210920409e+00
-7.170733293155988619e-01
-4.151192217524877215e-01
-1.124579174635448320e-01
1.884156365256347554e-01
4.849546105076343316e-01
7.745797223548802624e-01
1.054700026823004455e+00
1.322734957843843873e+00
1.576137493577823401e+00
1.812418289129035687e+00
2.029170596571560736e+00
2.224095766632519400e+00
2.395029101409653194e+00
2.539965803284956358e+00
2.657086742186932860e+00
2.744783742038338303e+00
2.801684068112502146e+00
2.826673780644916256e+00
2.818919606945703649e+00
2.777888974982893444e+00
2.703367846492420234e+00
2.595475987640694981e+00
2.454679320609511883e+00
2.281799010638212444e+00
2.078016960434562854e+00
1.844877407770754596e+00
1.584284352751206937e+00
1.298494578799535670e+00
9.901060758908137860e-01
6.620417258330371091e-01
3.175281672418481804e-01
-3.993017815450039532e-02
-4.065818666377929436e-01
-7.784638553190024179e-01
-1.151441382423775917e+00
-1.521252019351116314e+00
-1.883553525593845368e+00
-2.233975053982319992e+00
-2.568171171169991940e+00
-2.881878078430238688e+00
-3.170971342375846547e+00
-3.431524375917963887e+00
-3.659866848457503430e+00
-3.852642152747716153e+00
-4.006863015851632071e+00
-4.119964314817331719e+00
-4.189852145660934113e+00
-4.214948198356314180e+00
-4.194228511931894943e+00
-4.127255723354435801e+00
-4.014203982203956578e+00
-3.855875780431090583e+00
-3.653710042563772298e+00
-3.409780936003230956e+00
-3.126786992488033157e+00
-2.808030278929114054e+00
-2.457385516685603122e+00
-2.079259220591214596e+00
-1.678539109837184462e+00
-1.260534228993503980e+00
-8.309064054615471484e-01
-3.955938556928609295e-01
3.927206744654032633e-02
4.674558238879635841e-01
8.827110142982774743e-01
1.278876631773913752e+00
1.649974667587376986e+00
1.990307412610167637e+00
2.294552736690873118e+00
2.557855601027158698e+00
2.775914065614066395e+00
2.945058096664076253e+00
3.062319558204893433e+00
3.125491887753478082e+00
3.133178107069197083e+00
3.084826003623583723e+00
2.980749533826756448e+00
2.822135741584949287e+00
2.611036750981297949e+00
2.350346674584102402e+00
2.043763573270509504e+00
1.695736901980953393e+00
1.311399988119697380e+00
8.964869386909994908e-01
4.572404677899768455e-01
3.115640830337884637e-04
-4.673475569445706967e-01
-9.385952500940555332e-01
-1.406214972347572090e+00
-1.863030528472787717e+00
-2.302020043148302442e+00
-2.716426744061381626e+00
-3.099864746406584715e+00
-3.446418165496679897e+00
-3.750732046277470921e+00
-4.008093781590742033e+00
-4.214503890069737579e+00
-4.366735233234345870e+00
-4.462379815055784960e+00
-4.499883740097024187e+00
-4.478570967742075304e+00
-4.398654040942251875e+00
-4.261231448461037630e+00
-4.068271666423702193e+00
-3.822584123578935511e+00
-3.527777529400925260e+00
-3.188206192139066530e+00
-2.808905132395894455e+00
-2.395514964164403793e+00
-1.954197667048324316e+00
-1.491544508406668523e+00
-1.014477490427515116e+00
-5.301457929673668579e-01
-4.581875698206383518e-02
4.312229955333148901e-01
8.937966817282034793e-01
1.334925091412789033e+00
1.747941327754270135e+00
2.126588993385284176e+00
2.465116327624044423e+00
2.758362890055218841e+00
3.001837496026368513e+00
3.191786239053709728e+00
3.325249581792022902e+00
3.400107658954310885e+00
3.415113109984808659e+00
3.369910943834156569e+00
3.265045130145615815e+00
3.101951807716694987e+00
2.882939199363947047e+00
2.611154519377429040e+00
2.290538352710545844e+00
1.925767171069473482e+00
1.522184827413592734e+00
1.085724034451947650e+00
6.228189821006520077e-01
1.403103813543148393e-01
-3.546556643547768006e-01
-8.547334661575642922e-01
-1.352486669821885368e+00
-1.840498675481952784e+00
-2.311482919235458233e+00
-2.758391378584343023e+00
-3.174519687653256206e+00
-3.553607168384324666e+00
-3.889928477956426711e+00
-4.178379055164646694e+00
-4.414553385676942554e+00
-4.594812057283589546e+00
-4.716337547479418468e+00
-4.777177926936268193e+00
-4.776277807351230642e+00
-4.713496050167804263e+00
-4.589609948015199059e+00
-4.406305790539140510e+00
-4.166155927686295612e+00
-3.872582643502526345e+00
-3.529809349179449995e+00
-3.142799792556552063e+00
-2.717186159783734567e+00
-2.259187110730019654e+00
-1.775516940541032040e+00
-1.273287193249614369e+00
-7.599021675454126212e-01
-2.429498479955546353e-01
2.699101342326980513e-01
7.710598598452111929e-01
1.253036124788957428e+00
1.708641415852732104e+00
2.131051212145838925e+00
2.513916016736247094e+00
2.851456597011313931e+00
3.138551009200258868e+00
3.370812100603659545e+00
3.544654320714577089e+00
3.657348827611808240e+00
3.707066046514898794e+00
3.692905020737119237e+00
3.614909088792375158e+00
3.474067622275953227e+00
3.272303764411484295e+00
3.012448315821644407e+00
2.698200119101965555e+00
2.334073494125315840e+00
1.925333468723711805e+00
1.477919731614026455e+00
9.983604034550854767e-01
4.936768752054558895e-01
-2.871890179358560502e-02
-5.611331744115626297e-01
-1.095703602051892211e+00
-1.624515263673170784e+00
-2.139717748760068261e+00
-2.633641602877615284e+00
-3.098912403308037078e+00
-3.528560770613942132e+00
-3.916126677423139135e+00
-4.255756495536241246e+00
-4.542291325525778412e+00
-4.771345277851456679e+00
-4.939372519401218575e+00
-5.043722062188314759e+00
-5.082679449348262324e+00
-5.055494684995561983e+00
-4.962395956130860597e+00
-4.804588903690079071e+00
-4.584241412932631654e+00
-4.304454107542342811e+00
-3.969216943901006545e+00
-3.583352508851010754e+00
-3.152446822816068028e+00
-2.682768637440441140e+00
-2.181178390130405820e+00
-1.655028134433444986e+00
-1.112053902708028952e+00
-5.602620739160372176e-01
-7.811412835433961810e-03
5.371074839220522090e-01
1.066393556091577821e+00
1.572155665727997809e+00
2.046830213695921330e+00
2.483294235035829800e+00
2.874972283242997584e+00
3.215935500409365488e+00
3.500991381103740530e+00
3.725762871257976450e+00
3.886755597265933559e+00
3.981412192793707838e+00
4.008152878937666586e+00
3.966401654626475093e+00
3.856597665600889790e+00
3.680191538823626374e+00
3.439626691554519056e+00
3.138305847291124273e+00
2.780543211018131622e+00
2.371502970452965542e+00
1.917124995027441825e+00
1.424038797127151978e+00
8.994669977253642035e-01
3.511196983065980604e-01
-2.129186995534100291e-01
-7.843085685424522335e-01
-1.354578272686156826e+00
-1.915249708828837383e+00
-2.457964313891360497e+00
-2.974607666443270126e+00
-3.457430826049702866e+00
-3.899166596422446673e+00
-4.293138968069519557e+00
-4.633364091962973497e+00
-4.914641256400646974e+00
-5.132632483007512292e+00
-5.283929522661813927e+00
-5.366107215650629314e+00
-5.377762379906163126e+00
-5.318537603825607363e+00
-5.189129542825997810e+00
-4.991281548146146996e+00
-4.727760689095449997e+00
-4.402319462510359216e+00
-4.019642712152314168e+00
-3.585280502744737419e+00
-3.105567904969571025e+00
-2.587532845839004114e+00
-2.038793360428983625e+00
-1.467445743235638034e+00
-8.819452379233847505e-01
-2.909810207833860574e-01
2.966526759928965751e-01
8.721873915500901742e-01
1.427011269131926552e+00
1.952797942964826783e+00
2.441631550518597038e+00
2.886125992914609029e+00
3.279536645954197027e+00
3.615862831034506009e+00
3.889939487617134262e+00
4.097516645029387838e+00
4.235325468955963402e+00
4.301129854458055846e+00
4.293762749859500794e+00
4.213146621255032365e+00
4.060297702400163189e+00
3.837313915859859037e+00
3.547346594941460651e+00
3.194556378484721293e+00
2.784053888396122112e+00
2.321826029327724861e+00
1.814648967644093558e+00
1.269989049501170308e+00
6.958931023906367308e-01
1.008697280511371419e-01
-5.062366652960982316e-01
-1.116377229064782650e+00
-1.720433489561170370e+00
-2.309353605169434331e+00
-2.874288030107242875e+00
-3.406722551631408358e+00
-3.898606700276143755e+00
-4.342475595483375805e+00
-4.731563381013545566e+00
-5.059906524520598303e+00
-5.322435401950914802e+00
-5.515052757871394817e+00
-5.634697824983817327e+00
-5.679395097140991666e+00
-5.648286977034546297e+00
-5.541649759041384904e+00
-5.360892655940002527e+00
-5.108539831649259177e+00
-4.788195657016100171e+00
-4.404493658161054093e+00
-3.963029873184559015e+00
-3.470281569419618073e+00
-2.933512496306263984e+00
-2.360666054953004966e+00
-1.760247951404159350e+00
-1.141200063659829178e+00
-5.127673900855912459e-01
1.156399431621680796e-01
7.345875574506883776e-01
1.334758471511849454e+00
1.907093399179600413e+00
2.442927581888616473e+00
2.934122088122913752e+00
3.373187588594687369e+00
3.753398722738238824e+00
4.068897307629966598e+00
4.314782802745908086e+00
4.487188630701473890e+00
4.583343162550932881e+00
4.601614403296018452e+00
4.541537655608922641e+00
4.403825693815162978e+00
4.190361242119228891e+00
3.904171816970083420e+00
3.549387259359832569e+00
3.131180544715981284e+00
2.655692711927349237e+00
2.129942995071719913e+00
1.561725467902978837e+00
9.594937186371064186e-01
3.322352578414280444e-01
-3.106624775717976017e-01
-9.595525286497545991e-01
-1.604673128477076549e+00
-2.236294555925005589e+00
-2.844865919914243868e+00
-3.421159659208403703e+00
-3.956411570364893215e+00
-4.442454237202749567e+00
-4.871841828206619596e+00
-5.237964352371295540e+00
-5.535149617335551220e+00
-5.758751314031028024e+00
-5.905221856855927598e+00
-5.972168834547868066e+00
-5.958394171137955553e+00
-5.863915354973851635e+00
-5.689968362947063873e+00
-5.438992182706572365e+00
-5.114595113636721813e+00
-4.721503303522850636e+00
-4.265492247934560943e+00
-3.753302239313812905e+00
-3.192538998592550747e+00
-2.591560950108290129e+00
-1.959354807130963438e+00
-1.305401317248867432e+00
-6.395331713599788914e-01
2.821279536941356803e-02
6.877468894493219409e-01
1.329079051405545497e+00
1.942470248989296211e+00
2.518580475605032731e+00
3.048611102993626254e+00
3.524439416185214391e+00
3.938743270875869840e+00
4.285113957119000005e+00
4.558155526459388263e+00
4.753569039841360144e+00
4.868220417842436198e+00
4.900190819688977406e+00
4.848808739445127358e+00
4.714663282807098454e+00
4.499598371945232600e+00
4.206687914525319982e+00
3.840192262040654114e+00
3.405496567499915805e+00
2.909031929007968031e+00
2.358180469603730955e+00
1.761165750852280665e+00
1.126930144291111491e+00
4.650009874196265880e-01
-2.146524736756051932e-01
-9.017692074915883982e-01
-1.585951325270714030e+00
-2.256821474153881901e+00
-2.904180311508474333e+00
-3.518161668913689866e+00
-4.089383042954336744e+00
-4.609089114663190934e+00
-5.069286099290516212e+00
-5.462864861651713255e+00
-5.783710897661090478e+00
-6.026799477395382354e+00
-6.188274466235800908e+00
-6.265509585043214535e+00
-6.257151134249791191e+00
-6.163141486242959211e+00
-5.984722941257788698e+00
-5.724421839774626264e+00
-5.386013124624770221e+00
-4.974465844060639519e+00
-4.495870378165084169e+00
-3.957348443003846583e+00
-3.366947202493713931e+00
-2.733519076280050975e+00
-2.066589034595749830e+00
-1.376211369742061041e+00
-6.728180990706922326e-01
3.293871328541109200e-02
7.303483308756177905e-01
1.408803968829983377e+00
2.057964195886741621e+00
2.667910656288598581e+00
3.229299703827143375e+00
3.733505627648230352e+00
4.172753272319599027e+00
4.540238011301177323e+00
4.830231221035258926e+00
5.038169619593264592e+00
5.160727075928291718e+00
5.195867759656762175e+00
5.142879782946424783e+00
5.002388781269743845e+00
4.776351184015879880e+00
4.468027234622439003e+00
4.081934128296787812e+00
3.623779938837048853e+00
3.100379299908438746e+00
2.519552085871468172e+00
1.890006598615093347e+00
1.221209005785640400e+00
5.232409886445235081e-01
-1.933522587647896751e-01
-9.177213862642193964e-01
-1.638877190545111162e+00
-2.345857374956725305e+00
-3.027893234140555556e+00
-3.674573727683595692e+00
-4.276004441682689894e+00
-4.822959009980418266e+00
-5.307020676821338157e+00
-5.720711828176746394e+00
-6.057609497842650015e+00
-6.312445063980637094e+00
-6.481186588898448342e+00
-6.561102515999318818e+00
-6.550805719039197506e+00
-6.450277195865930402e+00
-6.260869007184208357e+00
-5.985286375918348334e+00
-5.627549179646056388e+00
-5.192933382528360120e+00
-4.687893259378871136e+00
-4.119965558320640930e+00
-3.497657025379501405e+00
-2.830316970106139252e+00
-2.127996781985002084e+00
-1.401298509404356407e+00
-6.612147832196219044e-01
8.103749721910968873e-02
8.141871984049400268e-01
1.527080129032504674e+00
2.208848757964357645e+00
2.849077890851519967e+00
3.437963779237311890e+00
3.966464231279144492e+00
4.426437425676602366e+00
4.810767298041357165e+00
5.113473569288295550e+00
5.329804715691552452e+00
5.456312436565843527e+00
5.490906454264409042e+00
5.432888778117863637e+00
5.282966874592958106e+00
5.043245505623468183e+00
4.717197320909973790e+00
4.309612613084701671e+00
3.826528962076007900e+00
3.275141801947987652e+00
2.663697235250484852e+00
2.001368692032675867e+00
1.298119278973544510e+00
5.645518847638606452e-01
-1.882507024837758447e-01
-9.488932543291106469e-01
-1.705840606835113960e+00
-2.447592599326446461e+00
-3.162858793773258625e+00
-3.840730320257436325e+00
-4.470846233066856357e+00
-5.043551840861624669e+00
-5.550046591922191297e+00
-5.982519250002860112e+00
-6.334268285494034423e+00
-6.599805627612627568e+00
-6.774942172897078230e+00
-6.856853719632701072e+00
-6.844126292847851012e+00
-6.736780135750818133e+00
-6.536271966228079044e+00
-6.245475426405149300e+00
-5.868639984294559575e+00
-5.411328874197336880e+00
-4.880336981800819096e+00
-4.283589885967415078e+00
-3.630025557368841582e+00
-2.929460479977070264e+00
-2.192442200918612194e+00
-1.430090523634826472e+00
-6.539297354581735666e-01
1.242855991280067407e-01
8.927486463068097233e-01
1.639779416415636293e+00
2.354002266341916894e+00
3.024519093889998622e+00
3.641075587997691265e+00
4.194217999578245148e+00
4.675438037321938189e+00
5.077303668925175373e+00
5.393573818323238456e+00
5.619295190460672274e+00
5.750879723311175695e+00
5.786161458262613522e+00
5.724431930206661967e+00
5.566453503050086127e+00
5.314450410001792413e+00
4.972077595832383068e+00
4.544367795245046082e+00
4.037657612411869934e+00
3.459493686607070018e+00
2.818520335436536683e+00
2.124350355206946261e+00
1.387420893273093370e+00
6.188365528986174979e-01
-1.697979099573710404e-01
-9.665527782934267842e-01
-1.759353810268893037e+00
-2.536165191679150333e+00
-3.285172233283617516e+00
-3.994961040379242156e+00
-4.654692422899959325e+00
-5.254267396717303917e+00
-5.784481749580574927e+00
-6.237167306449581616e+00
-6.605317726482717866e+00
-6.883196894719915804e+00
-7.066428232090326667e+00
-7.152063533899815972e+00
-7.138630255099049471e+00
-7.026156485770030713e+00
-6.816173197495984049e+00
-6.511693685495872685e+00
-6.117170477402811279e+00
-5.638430322093365810e+00
-5.082588205828605155e+00
-4.457941663059125759e+00
-3.773846950691724267e+00
-3.040578932799114398e+00
-2.269176773417554749e+00
-1.471277754095977608e+00
-6.589417122785734549e-01
1.555312454733206451e-01
9.597869928178675014e-01
1.741604779770129729e+00
2.489082933157231281e+00
3.190820039433132749e+00
3.836088851549939172e+00
4.415000267224495012e+00
4.918654872057056870e+00
5.339279725375182473e+00
5.670348286687435291e+00
5.906681632931364057e+00
6.044529397534965653e+00
6.081629167446132023e+00
6.017243399144111216e+00
5.852173254321892948e+00
5.588749105288069785e+00
5.230797813896744586e+00
4.783587240602831692e+00
4.253748786704877993e+00
3.649179107704360270e+00
2.978922453872287157e+00
2.253035390715911745e+00
1.482435922531091466e+00
6.787392824743567754e-01
-1.459171411313393008e-01
-9.790571033994484029e-01
-1.808054258163907413e+00
-2.620323514166517320e+00
-3.403512092014198132e+00
-4.145687381383709180e+00
-4.835518741588809455e+00
-5.462450475714835108e+00
-6.016863337813108004e+00
-6.490222102238126567e+00
-6.875206931602963145e+00
-7.165826521936002003e+00
-7.357511276821883328e+00
-7.447185062513669962e+00
-7.433314418693806935e+00
-7.315934439879317353e+00
-7.096650895272078152e+00
-6.778618514816206364e+00
-6.366495730882780535e+00
-5.866376522878796074e+00
-5.285700360717285662e+00
-4.633141577202918526e+00
-3.918479813856873939e+00
-3.152453474753541762e+00
-2.346598384088224076e+00
-1.513074071459209691e+00
-6.644803006933805989e-01
1.863333895029128939e-01
1.026462254097862292e+00
1.843142073353752020e+00
2.623943078811168839e+00
3.356959127406716981e+00
4.030989244715272868e+00
4.635708769348057423e+00
5.161827483775065062e+00
5.601232310020368921e+00
5.947112378937642774e+00
6.194064545632591567e+00
6.338177717191710414e+00
6.377094679446496883e+00
6.310050446495086618e+00
6.137886511068382234e+00
5.863040739375541932e+00
5.489513023317103446e+00
5.022807171098871315e+00
-6.119339103523431245e-01
