-1.458143888732525095e+00
-1.163089255111675158e+00
-8.906846595868394001e-01
-6.511862410641300336e-01
-4.536114814588960709e-01
-3.053996561101037788e-01
-2.121316894164693156e-01
-1.773199665465492458e-01
-2.022760188191028430e-01
-2.860610687853013534e-01
-4.255213015250505215e-01
-6.154065386380500602e-01
-8.485678509748831866e-01
-1.116226673567373817e+00
-1.408305293424903182e+00
-1.713806269283845829e+00
-2.021226499105658103e+00
-2.318990345564847733e+00
-2.595885511158280146e+00
-2.841485250011667851e+00
-3.046541016946369140e+00
-3.203330766615054337e+00
-3.305949784683978265e+00
-3.350533096320996940e+00
-3.335401073217549417e+00
-3.261122752055364060e+00
-3.130494475852143132e+00
-2.948434658312515833e+00
-2.721798630092211901e+00
-2.459120535791265993e+00
-2.170291998158633717e+00
-1.866189647914707095e+00
-1.558265544044002304e+00
-1.258115907788573296e+00
-9.770444111764137185e-01
-7.256364669106096787e-01
-5.133605530199016886e-01
-3.482115883540155554e-01
-2.364097920693570831e-01
-1.821663712711332206e-01
-1.875248646009113340e-01
-2.522841205331036729e-01
-3.740058147562959068e-01
-5.481062270494208022e-01
-7.680288244391173524e-01
-1.025491153683392387e+00
-1.310796746925479983e+00
-1.613200295154741282e+00
-1.921312337177973006e+00
-2.223528222769590723e+00
-2.508465193655676995e+00
-2.765391119497324190e+00
-2.984628739655824869e+00
-3.157920183469174802e+00
-3.278738037352388446e+00
-3.342531239947756028e+00
-3.346896540997477576e+00
-3.291669063153660701e+00
-3.178928552986626244e+00
-3.012921083228341068e+00
-2.799899153164127963e+00
-2.547886208083034454e+00
-2.266374446006109267e+00
-1.965967293257088633e+00
-1.657980015122066497e+00
-1.354013505308811371e+00
-1.065517308713221922e+00
-8.033583380263499274e-01
-5.774115306506311107e-01
-3.961878662795312867e-01
-2.665137584318266750e-01
-1.932738982105999259e-01
-1.792272384612678682e-01
-2.249030513649710183e-01
-3.285809761122784334e-01
-4.863558092933941701e-01
-6.922845982159158140e-01
-9.386104967953096123e-01
-1.216054951774328874e+00
-1.514167212773874116e+00
-1.821718000052429121e+00
-2.127122500226587221e+00
-2.418876755267104883e+00
-2.685991005469758441e+00
-2.918403661825275108e+00
-3.107360312959461801e+00
-3.245743489091986511e+00
-3.328340760639947327e+00
-3.352041072273671318e+00
-3.315951916884846362e+00
-3.221432936184202234e+00
-3.072044683142467036e+00
-2.873414477596365924e+00
-2.633024409640405405e+00
-2.359929478238866452e+00
-2.064416484324595125e+00
-1.757616529347503231e+00
-1.451085717722211399e+00
-1.156369859072646999e+00
-8.845695684820715776e-01
-6.459221474547229835e-01
-4.494159955868233247e-01
-3.024520768906371337e-01
-2.105651915350512660e-01
-1.772155502906433977e-01
-2.036585001228004010e-01
-2.888973049824554717e-01
-4.297207568501717478e-01
-6.208241963950702491e-01
-8.550093806205744107e-01
-1.123455664958224798e+00
-1.416052281320562489e+00
-1.721779192808636560e+00
-2.029122176744963202e+00
-2.326506499339043188e+00
-2.602732846085892948e+00
-2.847399088238998122e+00
-3.051292000488647460e+00
-3.206734178108770372e+00
-3.307873090562734930e+00
-3.350901389204468117e+00
-3.334200177071711568e+00
-3.258399851213149567e+00
-3.126356233142342234e+00
-2.943042893868360377e+00
-2.715363736300857589e+00
-2.451892900767246530e+00
-2.162551795809916300e+00
-1.858235423306400680e+00
-1.550402075168286764e+00
-1.250641856611923952e+00
-9.702402864384876979e-01
-7.197534080324019534e-01
-5.086104083413127697e-01
-3.447587062327306384e-01
-2.343648715886375022e-01
-1.815826265237825421e-01
-1.883966539779728944e-01
-2.545480832755497858e-01
-3.775444458888810306e-01
-5.527537137614246809e-01
-7.735788669499013004e-01
-1.031706406234297102e+00
-1.317419443818546920e+00
-1.619963576008418116e+00
-1.927951757175329073e+00
-2.229792928992999190e+00
-2.514128267890924029e+00
-2.770258630287687041e+00
-2.988547109943024083e+00
-3.160781561920204652e+00
-3.280483457612730191e+00
-3.343151458060186432e+00
-3.346430552068369479e+00
-3.290200408769056839e+00
-3.176579635604118046e+00
-3.009845797768809561e+00
-2.796274224756347682e+00
-2.543901684538062202e+00
-2.262223831178450162e+00
-1.961837821092026646e+00
-1.654043553146842482e+00
-1.350418541043949094e+00
-1.062382414588829871e+00
-8.007674326295353140e-01
-5.754111602445814988e-01
-3.947866250849378922e-01
-2.656838543233512873e-01
-1.929547577983581341e-01
-1.793309376454521598e-01
-2.253212598456042493e-01
-3.291930220389380768e-01
-4.870374075919570167e-01
-6.929167465562668937e-01
-9.390880289936407443e-01
-1.216294250756119411e+00
-1.514112623857198470e+00
-1.821346548728443482e+00
-2.126446604035962640e+00
-2.417944722866885776e+00
-2.684885232645958020e+00
-2.917236558365155830e+00
-3.106268119792292559e+00
-3.244878265571847997e+00
-3.327860931017483814e+00
-3.352101012435610095e+00
-3.316691132189522939e+00
-3.222965424521783806e+00
-3.074449091236300724e+00
-2.876725641449093818e+00
-2.637226821814880218e+00
-2.364953146780247373e+00
-2.070135543508158982e+00
-1.763850835407569706e+00
-1.457605518840024761e+00
-1.162903474727449149e+00
-8.908138560563501063e-01
-6.515553813675922790e-01
-4.541126438628118045e-01
-3.058988392672661316e-01
-2.124775685793780511e-01
-1.773541501015718502e-01
-2.018442622770568740e-01
-2.850248330966120847e-01
-4.237690023883733392e-01
-6.128638262160410743e-01
-8.452062864329594749e-01
-1.112070229760430795e+00
-1.403434199833779372e+00
-1.708357842276795546e+00
-2.015392742601694209e+00
-2.313012267753016271e+00
-2.590044272616554011e+00
-2.836090429234913834e+00
-3.041916442494278616e+00
-3.199798512483459589e+00
-3.303813049241093314e+00
-3.350058778275951887e+00
-3.336802914893585381e+00
-3.264545936572904150e+00
-3.136002538338785506e+00
-2.955999501569241517e+00
-2.731294323927301093e+00
-2.470321430189741818e+00
-2.182875499213138504e+00
-1.879743799352201705e+00
-1.572301335021677904e+00
-1.272083999249549402e+00
-9.903557489407961434e-01
-7.376860404988547781e-01
-5.235533753160488413e-01
-3.559898221709845156e-01
-2.412798437638636884e-01
-1.837247153670236166e-01
-1.854813614671944055e-01
-2.464816437522161507e-01
-3.644351156358924815e-01
-5.349151279343811183e-01
-7.515250447026360359e-01
-1.006138324786855165e+00
-1.289203455915409080e+00
-1.590102297873813519e+00
-1.897548390515756411e+00
-2.200010285955950273e+00
-2.486144028256186189e+00
-2.745218563221968999e+00
-2.967518128222234708e+00
-3.144706537094334120e+00
-3.270139705660771945e+00
-3.339114705450344722e+00
-3.349046014011767269e+00
-3.299562360435665198e+00
-3.192520541990033767e+00
-3.031935700515761223e+00
-2.823830678759653878e+00
-2.576010109794997671e+00
-2.297767713459903938e+00
-1.999537776662060340e+00
-1.692503885711979184e+00
-1.388179580242580036e+00
-1.097976649800344262e+00
-8.327772565096421831e-01
-6.025259230456494475e-01
-4.158566799529821445e-01
-2.797693480783929321e-01
-1.993670899694701681e-01
-1.776650675617625907e-01
-2.154773783884644800e-01
-3.113865087552021294e-01
-4.617964497409907665e-01
-6.610674863712646676e-01
-9.017276093222140743e-01
-1.174752626725243498e+00
-1.469904478628801803e+00
-1.776115074911083669e+00
-2.081901270663530035e+00
-2.375795425239794589e+00
-2.646775406063959224e+00
-2.884677917873035291e+00
-3.080579661643776834e+00
-3.227132031719394334e+00
-3.318836799552721928e+00
-3.352252442903431273e+00
-3.326123377522258728e+00
-3.241427237049478549e+00
-3.101338417877667730e+00
-2.911109244066642621e+00
-2.677873195495880321e+00
-2.410377564602130818e+00
-2.118655553772546440e+00
-1.813650097533898276e+00
-1.506803505891085582e+00
-1.209628309519006351e+00
-9.332753957473941542e-01
-6.881156297069370709e-01
-4.833506535054628017e-01
-3.266674664810123030e-01
-2.239497520809885511e-01
-1.790567929177906414e-01
-1.936782844671400827e-01
-2.672705144007978539e-01
-3.970763251124636017e-01
-5.782281357966674307e-01
-8.039301851520567199e-01
-1.065713183164852307e+00
-1.353751841954676793e+00
-1.657233393339392125e+00
-1.964763283312186637e+00
-2.264792833118805859e+00
-2.546052825840044775e+00
-2.797976747779290285e+00
-3.011097794466207400e+00
-3.177404727808826657e+00
-3.290643207592000685e+00
-3.346551259863768557e+00
-3.343020010625878058e+00
-3.280173613465652949e+00
-3.160365329550899105e+00
-2.988089864291430864e+00
-2.769815209044380389e+00
-2.513740260574556018e+00
-2.229487282034717133e+00
-1.927740722115402816e+00
-1.619845931424710228e+00
-1.317382830854677112e+00
-1.031730538354993509e+00
-7.736393119557507525e-01
-5.528259043156598107e-01
-3.776075568011292294e-01
-2.545884210919922008e-01
-1.884102370526699044e-01
-1.815766901322299898e-01
-2.343581097169011862e-01
-3.447801549851414737e-01
-5.086969798568019563e-01
-7.199461919277834188e-01
-9.705798411479795718e-01
-1.251162808229937529e+00
-1.551127418308345662e+00
-1.859170978224812032e+00
-2.163681306469304122e+00
-2.453174255167632545e+00
-2.716726754526808563e+00
-2.944389060297968541e+00
-3.127560649315632268e+00
-3.259315559158320497e+00
-3.334664855495408364e+00
-3.350746264541731634e+00
-3.306933740386155396e+00
-3.204862745566774862e+00
-3.048370195339336064e+00
-2.843351232482366431e+00
-2.597538139175116445e+00
-2.320209637100623112e+00
-2.021841465213969791e+00
-1.713711356625966076e+00
-1.407473276936406670e+00
-1.114716969569914173e+00
-8.465294335443833695e-01
-6.130749125868766303e-01
-4.232093020931904093e-01
-2.841436061837159244e-01
-2.011692478438351639e-01
-1.774557186909502260e-01
-2.139283376411946769e-01
-3.092308713459037683e-01
-4.597745669469455176e-01
-6.598718799811746916e-01
-9.019499704430820053e-01
-1.176836009527533644e+00
-1.474103603414706809e+00
-1.782467302819394916e+00
-2.090210317343621504e+00
-2.385629263199910532e+00
-2.657479091943970140e+00
-2.895401303914567404e+00
-3.090319146565642328e+00
-3.234784714024749874e+00
-3.323264655750171492e+00
-3.352353502895774717e+00
-3.320906345249418301e+00
-3.230085637384837227e+00
-3.083320165431207016e+00
-2.886177542851754652e+00
-2.646154898437204306e+00
-2.372395547110592862e+00
-2.075342274739770065e+00
-1.766340313031877773e+00
-1.457205035405514160e+00
-1.159770793406254441e+00
-8.854380808502032574e-01
-6.447363279218873977e-01
-4.469190830623310795e-01
-2.996071548470302659e-01
-2.084935018275271279e-01
-1.771213411107066538e-01
-2.067441824747260348e-01
-2.962733876705598846e-01
-4.423155213874132574e-01
-6.392983274873360600e-01
-8.796807622649064351e-01
-1.154239275841934642e+00
-1.452419578036722170e+00
-1.762740570544347518e+00
-2.073235072711669069e+00
-2.371910494695365301e+00
-2.647211778663874249e+00
-2.888468771089538922e+00
-3.086310716548365196e+00
-3.233031759100659208e+00
-3.322893158858934548e+00
-3.352350312110270458e+00
-3.320195514849513252e+00
-3.227610624695825603e+00
-3.078127233180147471e+00
-2.877495527519814189e+00
-2.633466561376319515e+00
-2.355496031001069746e+00
-2.054380735279760728e+00
-1.741841564624886596e+00
-1.430069008773245498e+00
-1.131248711025877984e+00
-8.570854628637432082e-01
-6.183441901959103593e-01
-4.244259198777873276e-01
-2.829954494740769544e-01
-1.996755187769776452e-01
-1.778197684185107708e-01
-2.183737625140635963e-01
-3.198299620696511969e-01
-4.782788930597987598e-01
-6.875549977003250213e-01
-9.394719351250825357e-01
-1.224138554014210456e+00
-1.530343534613233247e+00
-1.845993919751753642e+00
-2.158590536351565170e+00
-2.455721742122223272e+00
-2.725556083685535924e+00
-2.957314361797546809e+00
-3.141702276898393542e+00
-3.271286254165713281e+00
-3.340797172260456804e+00
-3.347349466773632543e+00
-3.290566345496354295e+00
-3.172605514024535722e+00
-2.998083725954943546e+00
-2.773902489549622707e+00
-2.508981224051878733e+00
-2.213907906084731536e+00
-1.900520628671945378e+00
-1.581436374018227120e+00
-1.269545556220692761e+00
-9.774924248238443525e-01
-7.171621652872037789e-01
-4.991954492764936191e-01
-3.325502700046636395e-01
-2.241291726345082669e-01
-1.784875166198245378e-01
-1.976352761237860634e-01
-2.809412141849509936e-01
-4.251441972422620452e-01
-6.244721080965121018e-01
-8.708644383822928825e-01
-1.154290372379227048e+00
-1.463150186972393296e+00
-1.784744253440865736e+00
-2.105790985572118856e+00
-2.412972863501038567e+00
-2.693488274342148436e+00
-2.935586417796010039e+00
-3.129062960801769933e+00
-3.265695485986180202e+00
-3.339600022293857329e+00
-3.347492994103603792e+00
-3.288846664353348714e+00
-3.165930434352257183e+00
-2.983735029606555234e+00
-2.749781459986556875e+00
-2.473821495394344705e+00
-2.167441042775267501e+00
-1.843582049661034228e+00
-1.516002209270378875e+00
-1.198694639273585105e+00
-9.052917155279546213e-01
-6.484782626484468793e-01
-4.394392737444430264e-01
-2.873662333593278717e-01
-1.990439764650797638e-01
-1.785369026707663842e-01
-2.269893916013003832e-01
-3.425505846013312539e-01
-5.204284948887392126e-01
-7.530728948764537911e-01
-1.030480835635400494e+00
-1.340613218315729771e+00
-1.669905798679421460e+00
-2.003853590414462094e+00
-2.327643966670541520e+00
-2.626811162742139771e+00
-2.736427829981295190e+00
-2.919073959695069220e+00
-3.050100083197246903e+00
-3.123369893189923641e+00
-3.135310626237430398e+00
-3.085102299706223405e+00
-2.974744673231877634e+00
-2.808996729418504756e+00
-2.595189172796234622e+00
-2.342916274255866682e+00
-2.063619075863392105e+00
-1.770077250938398405e+00
-1.475831528914905544e+00
-1.194562308165055153e+00
-9.394526910629283911e-01
-7.225655274717697196e-01
-5.542640431901322273e-01
-4.427042176784012906e-01
-3.934242853999332379e-01
-4.090526593833123670e-01
-4.891503716306495608e-01
-6.301980106020428352e-01
-8.257303810757884444e-01
-1.066615026851696291e+00
-1.341463679597392655e+00
-1.637158976343554784e+00
-1.939472766516298963e+00
-2.233747326366674280e+00
-2.505607093177587341e+00
-2.741666346510118313e+00
-2.930197752162602143e+00
-3.061727919549676713e+00
-3.129529091159694687e+00
-3.129980680664059989e+00
-3.062780414056555323e+00
-2.930992035506324367e+00
-2.740924577046183419e+00
-2.501846665882908383e+00
-2.225547827471948459e+00
-1.925766795863545155e+00
-1.617514034379715859e+00
-1.316321601786615725e+00
-1.037457829723484881e+00
-7.951467399064543473e-01
-6.018325506835311423e-01
-4.675279327274333152e-01
-3.992809154767440472e-01
-4.007896744030756686e-01
-4.721871066304843545e-01
-6.100085179508256683e-01
-8.073464951335205253e-01
-1.054186754275390214e+00
-1.337908852873170851e+00
-1.643926981643757168e+00
-1.956438378638666764e+00
-2.259240865017960509e+00
-2.536576952287701303e+00
-2.773960157307397090e+00
-2.958939707421889054e+00
-3.081762719821292684e+00
-3.135898064192887524e+00
-3.118393210596700271e+00
-3.030044059873624462e+00
-2.875367595293071510e+00
-2.662377658239978295e+00
-2.402174675581915331e+00
-2.108370181997177628e+00
-1.796375940363042822e+00
-1.482594874300556587e+00
-1.183556477302646792e+00
-9.150425450860458776e-01
-6.912498064318184365e-01
-5.240342502604840025e-01
-4.222777470015555146e-01
-3.914111570653799888e-01
-4.331198463243168817e-01
-5.452478291639117902e-01
-7.219061545105158739e-01
-9.537802110565267721e-01
-1.228619946383570305e+00
-1.531887150046097545e+00
-1.847525477895355150e+00
-2.158812255327240859e+00
-2.449246653050469735e+00
-2.703426823774182974e+00
-2.907869132924071565e+00
-3.051725683655435617e+00
-3.127361761572102772e+00
-3.130762315211167657e+00
-3.061745740054885090e+00
-2.923973552267905340e+00
-2.724755466377354551e+00
-2.474660339139635123e+00
-2.186953819979156499e+00
-1.876892798496303971e+00
-1.560914365443748508e+00
-1.255762597826924232e+00
-9.775997445150031995e-01
-7.411491554034441709e-01
-5.589155293069183461e-01
-4.405238545226837221e-01
-3.922120131105408802e-01
-4.165037646809881533e-01
-5.120791653991303427e-01
-6.738489342357121270e-01
-8.932284177766637301e-01
-1.158596208327554944e+00
-1.455912702160203409e+00
-1.769465463237242187e+00
-2.082701625966162151e+00
-2.379103074157936870e+00
-2.643058002481910140e+00
-2.860682804196205353e+00
-3.020551005733431715e+00
-3.114291026225664005e+00
-3.137021599346621947e+00
-3.087602372355951807e+00
-2.968687025772114296e+00
-2.786576711267643613e+00
-2.550882129792743758e+00
-2.274012610863840322e+00
-1.970519580731217690e+00
-1.656329351778836445e+00
-1.347905839097327751e+00
-1.061387324788474418e+00
-8.117425736743796305e-01
-6.119904067816037685e-01
-4.725233375587689633e-01
-4.005702668525574772e-01
-3.998258218333294867e-01
-4.702651091396474747e-01
-6.081529019735349983e-01
-8.062461088397159248e-01
-1.054178310649067640e+00
-1.339005726124295581e+00
-1.645885659385235122e+00
-1.958851723181324722e+00
-2.261645258245061019e+00
-2.538559625188149482e+00
-2.775253559836217132e+00
-2.959491567726081129e+00
-3.081773283055696311e+00
-3.135819615023789808e+00
-3.118891034552298436e+00
-3.031922119205217925e+00
-2.879466015184634742e+00
-2.669452297221512893e+00
-2.412771303468152606e+00
-2.122706901521949518e+00
-1.814247351800985175e+00
-1.503310086741983298e+00
-1.205920511937426554e+00
-9.373871488062009982e-01
-7.115154753137991062e-01
-5.399006908437200547e-01
-4.313354531670581249e-01
-3.913626326666495014e-01
-4.219956161599496269e-01
-5.216200593768425264e-01
-6.850816776631492022e-01
-9.039551549814944797e-01
-1.166980025601376703e+00
-1.460640908027847296e+00
-1.769862173463804034e+00
-2.078781376664875946e+00
-2.371561842555997224e+00
-2.633202823732212039e+00
-2.850306178239192523e+00
-3.011760632311097474e+00
-3.109308724336226959e+00
-3.137967613249612597e+00
-3.096282392093644198e+00
-2.986399083100442109e+00
-2.813953674255785131e+00
-2.587782923633032972e+00
-2.319471732151721977e+00
-2.022760207627884110e+00
-1.712840690587652537e+00
-1.405580621952010834e+00
-1.116710918574505218e+00
-8.610212910427639255e-01
-6.516035975599048236e-01
-4.991818934395244600e-01
-4.115634294755057265e-01
-3.932386962968679178e-01
-4.451510172625861017e-01
-5.646475447084113863e-01
-7.456142529833720278e-01
-9.787881183640684268e-01
-1.252230610431950941e+00
-1.551938355390934055e+00
-1.862559792674878478e+00
-2.168181193929052508e+00
-2.453141829573635135e+00
-2.702836539195606846e+00
-2.904464569709810817e+00
-3.047686262010902425e+00
-3.125153856957841647e+00
-3.132889117698379078e+00
-3.070488300609328203e+00
-2.941143851454589786e+00
-2.751481603954111677e+00
-2.511221732435556575e+00
-2.232680771396594821e+00
-1.930140195702390260e+00
-1.619113933251235427e+00
-1.315552401069135957e+00
-1.035023943107374667e+00
-7.919155101839198130e-01
-5.986940539390774862e-01
-4.652677742373696468e-01
-3.984785854887213929e-01
-4.017513233401728279e-01
-4.749181348585302942e-01
-6.142270830124836323e-01
-8.125345258468756882e-01
-1.059671408710878504e+00
-1.342964691131219634e+00
-1.647887175536414173e+00
-1.958802420867690852e+00
-2.259766547781051571e+00
-2.535345823755431383e+00
-2.771408105733813354e+00
-2.955847556648049324e+00
-3.079205471844244091e+00
-3.135155376864503296e+00
-3.120827516353748887e+00
-3.036956088401923992e+00
-2.887841667277001978e+00
-2.681130734287608064e+00
-2.427423615512835475e+00
-2.139730925387648863e+00
-1.832806385290966400e+00
-1.522390227781998950e+00
-1.224401984611045879e+00
-9.541240546657241417e-01
-7.254179231616522117e-01
-5.500132310862606566e-01
-4.369061597232730687e-01
-3.918979903620198879e-01
-4.172975113381895973e-01
-5.118025419108396257e-01
-6.705666560595071601e-01
-8.854476902402855787e-01
-1.145425294719823128e+00
-1.437166116651612313e+00
-1.745707629462872612e+00
-2.055225535996350494e+00
-2.349845384590636854e+00
-2.614456768005755105e+00
-2.835488341368126441e+00
-3.001603904106988630e+00
-3.104283839246649190e+00
-3.138262083794985280e+00
-3.101796214707555954e+00
-2.996756795832646425e+00
-2.828531403136776312e+00
-2.605748252645473606e+00
-2.339833610090220617e+00
-2.044425688348826764e+00
-1.734675100845446627e+00
-1.426467758352087278e+00
-1.135610074502287459e+00
-8.770182776775538036e-01
-6.639534146442367391e-01
-5.073412853449406068e-01
-4.152121890549831384e-01
-3.922892134843092293e-01
-4.397461759757268496e-01
-5.551476258786214313e-01
-7.325739885559612308e-01
-9.629253960723634931e-01
-1.234388578715452933e+00
-1.533042844691466788e+00
-1.843574048958506850e+00
-2.150059922325977091e+00
-2.436786482230475670e+00
-2.689053663247815695e+00
-2.893928868609065397e+00
-3.040909823876936535e+00
-3.122462772172590828e+00
-3.134408447306375134e+00
-3.076136068326209116e+00
-2.950634415784247899e+00
-2.764338424413379069e+00
-2.526799178587611827e+00
-2.250194241926319449e+00
-1.948703427783482933e+00
-1.637782004994217555e+00
-1.333368581076068260e+00
-1.051068245122181555e+00
-8.053528145957030704e-01
-6.088191502042354930e-01
-4.715435266158773953e-01
-4.005651267457674969e-01
-3.995251157488233229e-01
-4.684797861326115420e-01
-6.038973550225887887e-01
-7.988385942507743032e-01
-1.043312064211315615e+00
-1.324785784336501848e+00
-1.628829109843931588e+00
-1.939851575346975165e+00
-2.241901727541317779e+00
-2.519485422349078352e+00
-2.758361398405355658e+00
-2.946273167456065600e+00
-3.073579426305030449e+00
-3.133750326965274446e+00
-3.123703790941029901e+00
-3.043964274649372470e+00
-2.898635532570010831e+00
-2.695188025040517577e+00
-2.444071997103680172e+00
-2.158177419456828616e+00
-1.852169131198063479e+00
-1.541731815860031274e+00
-1.242763972712477738e+00
-9.705625181511006172e-01
-7.390399571625732023e-01
-5.600142043588753893e-01
-4.426072222166546055e-01
-3.927828999740730076e-01
-4.130473310211284499e-01
-5.023262449235452731e-01
-6.560252513466084956e-01
-8.662692263305797891e-01
-1.122308091833915000e+00
-1.411067864272948835e+00
-1.717818593099814439e+00
-2.026925031272427624e+00
-2.322641852823161379e+00
-2.589913145155997132e+00
-2.815135843319660935e+00
-2.986848727206471210e+00
-3.096312458174721449e+00
-3.137951684552714671e+00
-3.109637210457833589e+00
-3.012794247912969681e+00
-2.852331458684864707e+00
-2.636394411460351250e+00
-2.375955796082334537e+00
-2.084262826857048889e+00
-1.776169341617708231e+00
-1.467385823434412151e+00
-1.173684665050272358e+00
-9.101002682163251700e-01
-6.901639138199719969e-01
-5.252117393922905997e-01
-4.238007550919329347e-01
-3.912620662778751868e-01
-4.294141041018115779e-01
-5.364520137223016683e-01
-7.070203138962418699e-01
-9.324668348440060539e-01
-1.201266859905118167e+00
-1.499597729960144399e+00
-1.812036348777046335e+00
-2.122345451989759546e+00
-2.414309520914087681e+00
-2.672578114252020409e+00
-2.883473350722213002e+00
-3.035719401995778721e+00
-3.121055141873954497e+00
-3.134696430891999341e+00
-3.075621676586633324e+00
-2.946662981549526439e+00
-2.754394971387130298e+00
-2.508823811450487717e+00
-2.222889455881255305e+00
-1.911804283390501125e+00
-1.592260423238023304e+00
-1.281545755572365719e+00
-9.966143348504119537e-01
-7.531604700840071054e-01
-5.647466445141262614e-01
-4.420337380283168027e-01
-3.921576331779581537e-01
-4.182893875468083333e-01
-5.194070299228841225e-01
-6.902961053666125668e-01
-9.217838898915362567e-01
-1.201199345188397327e+00
-1.513038074765363561e+00
-1.839799488282326978e+00
-2.162952781808018976e+00
-2.463979847575830995e+00
-2.725437396299313697e+00
-2.931977840487297815e+00
-3.071269123522663236e+00
-3.134757780892227785e+00
-3.118226986083830532e+00
-3.022111864309835028e+00
-2.851547460456877126e+00
-2.616139758539824722e+00
-2.329466260560813406e+00
-2.008328932530769162e+00
-1.671797850127725749e+00
-1.340097662656071442e+00
-1.033400137274045116e+00
-7.705937584503729232e-01
-5.681050240739280444e-01
-4.388453015965414483e-01
-3.913517417059404480e-01
-4.291809274767619531e-01
-5.506000822819296925e-01
-7.486034623771831154e-01
-1.011261957748102791e+00
-1.322393054770468979e+00
-1.662517451705650240e+00
-2.010049102060701198e+00
-2.342648611211654242e+00
-2.638656942123844829e+00
-2.878518318596084313e+00
-3.046098801479113050e+00
-3.129810671921353205e+00
-3.123462520851957969e+00
-3.026770444021940509e+00
-2.845486200345531458e+00
-2.591122455477634645e+00
-2.280281830851476066e+00
-1.933623702311718207e+00
-1.574528700821228089e+00
-1.227543806620489564e+00
-9.167090598253210265e-01
-6.638787418272682483e-01
-4.871542849093903893e-01
-3.995424806302283471e-01
-4.079406606221789300e-01
-5.125308784620861147e-01
-7.066387734336683213e-01
-9.770813333909527110e-01
-1.304993239602196375e+00
-1.667086251188137025e+00
-2.037262728900815389e+00
-2.388475464580017693e+00
-2.694703837933819290e+00
-2.932902948184943348e+00
-3.084779191108237839e+00
-3.138253501277937119e+00
-3.088492089267943719e+00
-2.938413070976777952e+00
-2.698614190412044422e+00
-2.386709424880390173e+00
-2.026107595180792753e+00
-1.644310766007477387e+00
-1.270850664747116276e+00
-9.350141651740809801e-01
-6.635310964344778295e-01
-4.784069584068415537e-01
-3.950781813954096222e-01
-4.210480753948857569e-01
-5.551284594476657563e-01
-7.873672028702874970e-01
-1.099688675065454646e+00
-1.467216389826172085e+00
-1.860189533522180527e+00
-2.246332411925652472e+00
-2.593492807543885448e+00
-2.872335912599985441e+00
-3.058868045513745137e+00
-3.136570644414333309e+00
-3.097950415025808368e+00
-2.945354707762275037e+00
-2.690959301228869727e+00
-2.355904403406262837e+00
-1.968628310995726771e+00
-1.562520516238300461e+00
-1.173080623316909765e+00
-8.348200895985962156e-01
-5.781753262485218592e-01
-4.267093229828664569e-01
-3.948628364618749220e-01
-4.864756060819053207e-01
-6.942356102628957082e-01
-1.000134790055897671e+00
-1.376919531098097060e+00
-1.790431430686965308e+00
-2.202647068769421068e+00
-2.575153120745669710e+00
-2.872742736808453934e+00
-3.066796499100780338e+00
-3.138119915545780181e+00
-3.078949935358255896e+00
-2.893912925750200760e+00
-2.599810478238397504e+00
-2.224219224195126188e+00
-1.803006454063612596e+00
-1.376973578540257925e+00
-9.879331300428915164e-01
-6.745919545443925802e-01
-4.686455382765000177e-01
-3.914812091545176731e-01
-4.518401854730822453e-01
-6.447031513410168557e-01
-9.515482736074263315e-01
-1.341994902819734659e+00
-1.776703788882052715e+00
-2.211270025899873648e+00
-2.812641302443243951e+00
