7.694176676583956986e-01
8.648823566342944691e-01
9.518890801300409210e-01
1.026484768541870762e+00
1.085227602595336904e+00
1.125351506997441797e+00
1.144903352197379487e+00
1.142845833539587685e+00
1.119120371044933338e+00
1.074666061194637257e+00
1.011392647318133831e+00
9.321075755586751832e-01
8.403993753424501278e-01
7.404817455779285629e-01
6.370047361204761449e-01
5.348411858528236973e-01
4.388580185252566879e-01
3.536830217714854729e-01
2.834782767303315465e-01
2.317314196309130936e-01
2.010753809345960930e-01
1.931461670569215583e-01
2.084866567392359982e-01
2.465023384570302900e-01
3.054725020117860512e-01
3.826177242276706525e-01
4.742216809978910819e-01
5.758025136901635532e-01
6.823263208347596365e-01
7.884529784163343269e-01
8.888025474387737379e-01
9.782291229112083375e-01
1.052088207965089950e+00
1.106483625111664537e+00
1.138480634224018573e+00
1.146273306859081575e+00
1.129296263449436344e+00
1.088273529991929056e+00
1.025200395039013834e+00
9.432575963552707332e-01
8.466607659446495626e-01
7.404516231784252778e-01
6.302407334944163386e-01
5.219145542396376181e-01
4.213217946902368394e-01
3.339556748879832226e-01
2.646493637601841087e-01
2.173016404158799042e-01
1.946486321652693419e-01
1.980953700352642288e-01
2.276179520371599541e-01
2.817434518180631509e-01
3.576105367428022985e-01
4.511092832331584646e-01
5.570941429418193591e-01
6.696596789798219262e-01
7.824648138019862920e-01
8.890881502459089258e-01
9.833946544676064327e-01
1.059892789346403408e+00
1.114061168202934660e+00
1.142625004925207355e+00
1.143765040557735979e+00
1.117245128493405515e+00
1.064449091497758459e+00
9.883225923547154235e-01
8.932213032481365333e-01
7.846722981236170513e-01
6.690609898312089854e-01
5.532607538629263910e-01
4.442263090929028380e-01
3.485746916205587631e-01
2.721790501508529747e-01
2.198003765933865816e-01
1.947806183711434658e-01
1.988174489592614558e-01
2.318364460505531466e-01
2.919707789826351818e-01
3.756520549710920531e-01
4.778090966743133161e-01
5.921645426355139907e-01
7.116127145442440183e-01
8.286566073225589690e-01
9.358775170384270314e-01
1.026408049105526077e+00
1.094378277262892496e+00
1.135305776264042610e+00
1.146403130940505388e+00
1.126781208083460051e+00
1.077532718894671060e+00
1.001688040042212124e+00
9.040434492374525011e-01
7.908703488148399741e-01
6.695221455555643297e-01
5.479626756097504270e-01
4.342458968995674962e-01
3.359805795963218267e-01
2.598155774669712592e-01
2.109807628578683203e-01
1.929158129566013180e-01
2.070138643726224248e-01
2.524998874214615663e-01
3.264548990459945066e-01
4.239873863365383189e-01
5.385431938585589773e-01
6.623353292939896386e-01
7.868663575369519991e-01
9.035089312603419298e-01
1.004105099938929158e+00
1.081542766148875900e+00
1.130268262264434664e+00
1.146697550624725004e+00
1.129494846465433522e+00
1.079696161826135148e+00
1.000665820800895611e+00
8.978856991920932673e-01
7.785889840927997518e-01
6.512617673736008639e-01
5.250459259238509091e-01
4.090847166896495746e-01
3.118576740062126151e-01
2.405532737643947816e-01
2.005261840190618594e-01
1.948807687867161187e-01
2.242141272026306753e-01
2.865408614611616445e-01
3.774087226617565682e-01
4.902002052323283232e-01
6.166010787889661948e-01
7.472038269316043646e-01
8.722030263356103097e-01
9.821317424175419752e-01
1.068583737250039079e+00
1.124866119158824951e+00
1.146531146458435346e+00
1.131744040402240969e+00
1.081455353288988563e+00
9.993608719902127291e-01
8.916481691419055888e-01
7.665455306195300134e-01
6.337047976860787912e-01
5.034633960685948040e-01
3.860413362187096742e-01
2.907353322953921126e-01
2.251737761821135941e-01
1.946928533127029182e-01
2.018857314937056446e-01
2.463640239356982842e-01
3.247545254052544572e-01
4.309357579544021433e-01
5.564995743842393594e-01
6.914045003402340406e-01
8.247711861739250860e-01
9.457576866356447454e-01
1.044444431744044888e+00
1.112656476498472768e+00
1.144654262916345866e+00
1.137633555881482295e+00
1.091989798630034869e+00
1.011320797944489813e+00
9.021629415603203972e-01
7.734783537656312324e-01
6.359316635333233103e-01
5.010135700228314226e-01
3.800824996027289404e-01
2.834040391133971770e-01
2.192696337837957699e-01
1.932709257793608915e-01
2.077943364914741076e-01
2.617829000954648433e-01
3.507903036715535605e-01
4.673273730893612310e-01
6.014759408440666366e-01
7.417213306641849968e-01
8.759347057353266131e-01
9.924220994552697128e-01
1.080949489905332017e+00
1.133653626690399374e+00
1.145756639034189117e+00
1.116018211251067260e+00
1.046881092657073742e+00
9.442921103076495903e-01
8.172094248948755801e-01
6.768350052587468468e-01
5.356366486024497497e-01
4.062439851445160399e-01
3.003158309894657374e-01
2.274806444236209813e-01
1.944470922698556814e-01
2.043680564227656205e-01
2.565198417373826256e-01
3.463306732081072314e-01
4.657611908935049838e-01
6.040073693041930758e-01
7.484660656151677083e-01
8.858780864260359378e-01
1.003545721896081488e+00
1.090512970937954185e+00
1.138598199098363128e+00
1.143180824577237464e+00
9.004996512298852895e-01
8.579094757344334354e-01
7.976480763316700084e-01
7.253063803716209845e-01
6.476484661726304992e-01
5.719830581515185086e-01
5.054762150505611729e-01
4.544697653543731120e-01
4.238705582468481614e-01
4.166698850210823202e-01
4.336409010746556936e-01
4.732455307344658468e-01
5.317626453887918103e-01
6.036281088261226113e-01
6.819566110658835667e-01
7.591970882144974953e-01
8.278597733321308993e-01
8.812449774275407099e-01
9.141024578853991223e-01
9.231559509896297699e-01
9.074397011630201959e-01
8.684115310606268512e-01
8.098285175801613889e-01
7.373946081750186732e-01
6.582122495021119901e-01
5.800900302304664580e-01
5.107734179096914406e-01
4.571742955339770931e-01
4.246761910868180889e-01
4.165855858035957815e-01
4.337859984215509668e-01
4.746319243938509902e-01
5.350960383555092292e-01
6.091576716864609553e-01
6.893960032919352887e-01
7.677301654014945242e-01
8.362327899251020824e-01
8.879351009787088689e-01
9.175414799531248500e-01
9.219796470297665358e-01
9.007285118572478932e-01
8.558878344012414985e-01
7.919799269197148606e-01
7.155010883593865278e-01
6.342664731743179463e-01
5.566139388068842564e-01
4.905477578589604315e-01
4.429102282728832884e-01
4.186673008820820940e-01
4.203834352447682887e-01
4.479420020589728324e-01
4.985425382232920311e-01
5.669775661660541033e-01
6.461624665810612456e-01
7.278651089197888391e-01
8.035604514594711922e-01
8.653214596355596200e-01
9.066530206336886888e-01
9.231806642447297762e-01
9.131204121759356473e-01
8.774785441935599728e-01
8.199581969339714282e-01
7.465805730994060641e-01
6.650588783135222837e-01
5.839896781176358020e-01
5.119462994539746292e-01
4.565699880315792214e-01
4.237554971961531858e-01
4.170184204540311468e-01
4.371127925025530270e-01
4.819412010484641629e-01
5.467686307360545284e-01
6.247187975027044260e-01
7.075013112791216363e-01
7.862929241671519076e-01
8.526791295006448390e-01
8.995553720690336874e-01
9.218909422146082111e-01
9.172729204381409041e-01
8.861708376264785247e-01
8.318925525047582425e-01
7.602350273230824573e-01
6.788666174782163054e-01
5.965065896623462649e-01
5.219898726220264518e-01
4.633176571690060808e-01
4.267961752678616216e-01
4.163566948515322053e-01
4.331303642516320940e-01
4.753241252198434630e-01
5.384114482744151164e-01
6.156176446238430522e-01
6.986476626391422418e-01
7.785780404945105149e-01
8.468169092043464907e-01
8.960285526023233915e-01
9.209228351247669142e-01
9.188243915253536676e-01
8.899602522476974809e-01
8.374349751325248503e-01
7.668960745292866532e-01
6.859259326178912541e-01
6.032258352351035358e-01
5.276801180107891787e-01
4.674012356955218328e-01
4.288585093274738247e-01
4.161841724948360799e-01
4.307311358209611196e-01
4.709297083191937849e-01
5.324583006702278132e-01
6.087093682489562729e-01
6.915001676086344196e-01
7.719517007311282875e-01
8.414413078189822981e-01
8.925266433521669152e-01
9.197420322728323550e-01
9.201820834562641771e-01
8.938104233783903396e-01
8.434608872371729404e-01
7.745314832961822660e-01
6.944043455403096088e-01
6.116541524130727492e-01
5.351300058109765834e-01
4.730091418147930327e-01
4.319236740599040614e-01
4.162535753461032439e-01
4.276611643357026704e-01
4.649164236113116910e-01
5.240313241412937195e-01
5.986883091973062010e-01
6.809167280850532133e-01
7.619446494974765338e-01
8.331349252014074169e-01
8.869055760217829931e-01
9.175364459608280621e-01
9.217763885893697218e-01
8.991866720213285147e-01
8.521845084797975423e-01
7.857826084574259795e-01
7.070530120148503794e-01
6.243727175064603951e-01
5.465317065333669122e-01
4.817984167093033454e-01
4.370420290948942021e-01
4.170046852660668768e-01
4.238006242660875555e-01
4.566949727087812327e-01
5.121851302854099064e-01
5.843755449158178905e-01
6.656055834284937411e-01
7.472634679678347158e-01
8.206996859990312032e-01
8.781429439635121126e-01
9.135216884885932753e-01
9.231044383811611853e-01
9.058915427619174121e-01
8.637174283054686041e-01
8.010531030785263962e-01
7.245303869759998072e-01
6.422386860985209722e-01
5.628690279171092437e-01
4.947960191768459026e-01
4.451947211524834858e-01
4.192855192344353554e-01
4.197863415503576001e-01
4.466295323292412967e-01
4.969726602931369697e-01
5.655015120857301847e-01
6.449927629713743116e-01
7.270765685958322511e-01
8.031184382784150033e-01
8.651274079187997179e-01
9.065949989066393044e-01
9.231769622998666769e-01
9.131465426271353492e-01
8.775721650585852629e-01
8.202014915933153461e-01
7.470646427335905226e-01
6.658387989255775130e-01
5.850413013078942237e-01
5.131361690316470492e-01
4.576478000547369307e-01
4.243746274105772986e-01
4.167848010388960356e-01
4.356567091336832620e-01
4.790013857852878365e-01
5.422742896143115665e-01
6.188536834696544142e-01
7.007350608732018094e-01
7.793686433706956684e-01
8.465522359476591596e-01
8.952861860460070709e-01
9.205013914092653460e-01
9.195847712455840206e-01
8.926479181498543358e-01
8.425115386149564234e-01
7.744079485752961567e-01
6.954332210298852512e-01
6.138065354815096519e-01
5.380141671113998214e-01
4.129824620740137897e-01
3.574217111766917476e-01
3.342985548977629451e-01
3.459920535851733758e-01
3.912673587274902998e-01
4.654090882237896798e-01
5.607151845266837853e-01
6.672992498779453108e-01
7.741175487450950854e-01
8.701138414154170331e-01
9.453633157342384852e-01
9.920973065405277458e-01
1.005503146037959983e+00
9.842170208358006489e-01
9.304596519204084704e-01
8.498016333425477686e-01
7.505835241999140317e-01
6.430513346676146602e-01
5.382972244575607856e-01
4.471150568016734050e-01
3.788889145393725677e-01
3.406289573269870585e-01
3.362535091176334090e-01
3.661906503241389998e-01
4.273395216335404423e-01
5.133944536665868696e-01
6.154977454261442160e-01
7.231532561055081798e-01
8.253063917095428970e-01
9.114792619366657300e-01
9.728444414189062472e-01
1.003127397565628964e+00
9.992455207659731720e-01
9.616189383387367950e-01
8.941220862107241985e-01
8.036818683869650926e-01
6.995643715749464420e-01
5.924238279900579940e-01
4.932116070849696943e-01
4.120570344348165048e-01
3.572343897642331068e-01
3.343213087954035601e-01
3.456339807608065917e-01
3.899960583682597348e-01
4.628640153441204719e-01
5.567953030864335462e-01
6.622107864944440925e-01
7.683731240197945178e-01
8.644810130712298202e-01
9.407677299429033635e-01
9.894922826370220470e-01
1.005722733092169419e+00
9.878326475118561767e-01
9.376609878993806824e-01
8.603200551570443499e-01
7.636718363021064437e-01
6.575266660803986696e-01
5.526460940807668143e-01
4.596514394443392826e-01
3.879487651029789319e-01
3.447790158572753283e-01
3.344890838700512736e-01
3.580969461856866598e-01
4.131940848592538518e-01
4.941942033294409731e-01
5.929022622133519604e-01
6.993456082546160024e-01
8.027827044308695204e-01
8.927873125183725111e-01
9.602986779405802142e-01
9.985320159087647252e-01
1.003657977316176231e+00
9.751832940548190720e-01
9.159950646159982224e-01
8.320650729035186099e-01
7.318447113871413556e-01
6.254120694683322768e-01
5.234574497591462094e-01
4.362095340535180332e-01
3.724100700907598815e-01
3.384397634587165693e-01
3.376825982877970089e-01
3.701916647493033730e-01
4.326891925853662002e-01
5.188999429659838514e-01
6.201837644789660597e-01
7.264033068409656568e-01
8.269395739614013863e-01
9.117534898808438149e-01
9.723873611726159272e-01
1.002806435835192689e+00
9.999970098104892235e-01
9.642620585459311666e-01
8.991856954038308647e-01
8.112708373129564610e-01
7.092869860210002653e-01
6.033937751044329278e-01
5.041280438691767563e-01
4.213555066633928314e-01
3.632913017634171737e-01
3.356865480307889560e-01
3.412612613239555115e-01
3.794392891503269305e-01
4.464107922666658568e-01
5.355152450914342221e-01
6.379061794519514939e-01
7.434311004980939108e-01
8.416388965767265251e-01
9.228147093823355629e-01
9.789398147547117013e-01
1.004481787900279643e+00
9.969372862768706156e-01
9.570744567454463336e-01
8.888517943753656558e-01
7.990222847722661115e-01
6.964626838498286787e-01
5.912947732701833159e-01
4.938857324535712578e-01
4.138264151543159519e-01
3.589881972294949319e-01
3.347510259207316929e-01
3.434781793912012327e-01
3.842887578630505563e-01
4.531495103897498766e-01
5.432761636138183636e-01
6.458040559510217493e-01
7.506615685428191798e-01
8.475601485498429621e-01
9.270035463271178999e-01
9.812172974609711940e-01
1.004907591699615743e+00
9.957756510370751046e-01
9.547378917029740730e-01
8.858310784048513131e-01
7.958125456608944326e-01
6.934953358258646450e-01
5.888838817751124166e-01
4.921951425181494422e-01
4.128610258628138130e-01
3.586094704836855218e-01
3.347135972010119587e-01
3.434816893522184555e-01
3.840370810642712573e-01
4.524086536864037056e-01
5.419223453055064255e-01
6.438548211314943925e-01
7.482850746932347974e-01
8.450606828018838446e-01
9.247845468761233256e-01
9.797262451537216421e-01
1.004569724425297572e+00
9.969252020604996156e-01
9.575562304859942531e-01
8.903006324984604758e-01
8.016937393873375672e-01
7.003311686206519227e-01
5.960334791559117606e-01
4.988940260761699497e-01
4.183023901604008832e-01
3.620378445233678466e-01
3.355202728811476076e-01
3.412904884392291005e-01
3.787695444607356854e-01
4.443195612454786114e-01
5.315994481339880728e-01
6.321804909317169097e-01
7.363618392066704210e-01
8.341068523818511160e-01
9.160098620745298348e-01
9.742002481399354430e-01
1.003097029440716881e+00
9.999417969202926137e-01
9.650593285669610832e-01
9.018215306570281919e-01
8.163189034979853043e-01
7.167717841236505016e-01
6.127384841164816853e-01
5.141967462627524688e-01
4.305868603785947268e-01
3.699081932328614486e-01
3.379555056293067072e-01
3.377678000294077054e-01
3.693418998117699581e-01
4.296374968013733087e-01
5.128724694032286147e-01
6.110795473732757443e-01
7.148705275499147582e-01
8.143345906815654400e-01
8.999846880146173955e-01
9.636616305018939066e-01
9.993098054656921470e-01
1.003550923867876810e+00
9.760016469006298490e-01
9.193054762983093875e-01
8.388765650913264649e-01
7.423805106194864001e-01
6.390021239276955090e-01
5.385702694595145834e-01
4.506232453178051767e-01
3.835035824768026069e-01
3.291940511436283745e-01
3.198181063288256243e-01
3.436297095993596229e-01
3.983505279945622202e-01
4.787762031004953456e-01
5.772736096209727386e-01
6.845070564300856919e-01
7.903241806072941467e-01
8.847173759977758900e-01
9.587696918535411061e-01
1.005495857374137714e+00
1.020499240639582528e+00
1.002383146525033242e+00
9.528782104512935058e-01
8.766745299761262711e-01
7.809750469264152839e-01
6.748129190649426734e-01
5.681977376851311545e-01
4.711713882609298576e-01
3.928626371164339881e-01
3.406294057628500016e-01
3.193692073250640195e-01
3.310621937239604518e-01
3.745892303395700895e-01
4.458414670934128798e-01
5.381104609573703623e-01
6.427216024882704826e-01
7.498508714402741804e-01
8.494479124067220166e-01
9.321786575813979514e-01
9.902991197500092824e-01
1.018378656656877546e+00
1.013805314412045577e+00
9.770264278523628221e-01
9.115025443945530270e-01
8.233796032625861905e-01
7.209106265348487197e-01
6.136815047587305116e-01
5.117136196422941152e-01
4.245273616230568203e-01
3.602540378436892010e-01
3.248789316587526455e-01
3.216858366236293176e-01
3.509544305188284641e-01
4.099381658224444114e-01
4.931241537168994382e-01
5.927502563344163589e-01
6.995307206567276115e-01
8.035224011767508889e-01
8.950507058516918857e-01
9.656090410808302327e-01
1.008648200525769534e+00
1.020182566454442163e+00
9.991571788864710424e-01
9.475420609870486288e-01
8.701455809256670726e-01
7.741647163825298161e-01
6.685144473992254976e-01
5.629988839007705748e-01
4.674012597180962070e-01
3.905772675346805833e-01
3.396357104002797889e-01
3.192821745745926254e-01
3.313861734374101142e-01
3.748114041935188268e-01
4.455243379094021572e-01
5.369705964525369746e-01
6.406838416281978033e-01
7.470704932087604000e-01
8.462974710007196144e-01
9.292007949536726930e-01
9.881311217616121079e-01
1.017658287666775907e+00
1.015070091903051752e+00
9.806196607123708331e-01
9.174990018150057658e-01
8.315416390127566837e-01
7.306821729170936974e-01
6.242229498230267293e-01
5.219756873777499084e-01
4.333572891259614979e-01
3.665231487607046312e-01
3.276176427678744729e-01
3.202105868625848561e-01
3.449712085960561780e-01
3.996092630675847079e-01
4.790883156805748055e-01
5.760912007202727558e-01
6.816945345899120268e-01
7.861900364233656013e-01
8.799770325703499818e-01
9.544441096544065140e-01
1.002759006672612863e+00
1.020494380899942932e+00
1.006032246689632981e+00
9.607102675598866437e-01
8.886968025667592030e-01
7.966064886574640846e-01
6.928919008157562454e-01
5.870672981221766173e-01
4.888357690454193660e-01
4.071998419935701774e-01
3.496370380633271324e-01
3.214157955673965228e-01
3.251142550181611579e-01
3.603857492474259461e-01
4.239922314707178508e-01
5.101023469941533550e-01
6.108266456699960045e-01
7.169407702659034154e-01
8.187303130736209855e-01
9.068799697951153149e-01
9.733256395180001075e-01
1.011991577880377857e+00
1.019345283182704343e+00
9.947195089594175199e-01
9.403721186166942303e-01
8.612784764550416305e-01
7.646755126130423408e-01
6.593992749317247881e-01
5.550766197290184500e-01
4.612449793439860057e-01
3.864806687175347810e-01
3.376153659150782360e-01
3.191123033566120037e-01
3.326590819299784507e-01
3.770142083355643714e-01
4.481212684436182703e-01
5.394802043586164331e-01
6.427416918326590567e-01
7.484702589641822890e-01
8.470064026224297660e-01
9.293489471064004803e-01
9.879770695048621931e-01
1.017536950966350107e+00
1.015330394565509442e+00
9.815608463092320157e-01
9.193144129344238413e-01
8.342776655588561852e-01
7.342180437864126441e-01
6.282743385633489108e-01
5.261220580259424739e-01
4.370898890420777949e-01
3.693079185326963443e-01
3.289653681629247095e-01
3.197455904098255863e-01
3.424898872711219511e-01
3.951208226067743912e-01
4.728320118087375179e-01
5.685270496475584023e-01
6.734674980462952432e-01
7.780707748995235873e-01
8.727851038040459475e-01
9.489616510284221151e-01
9.996442320992450226e-01
1.020204492869676738e+00
1.008764572747896215e+00
9.663686543574393495e-01
8.968877246008484239e-01
8.066662254735732507e-01
7.039428365990482162e-01
5.980982546410189560e-01
4.987986347885808858e-01
4.151128935135514619e-01
3.546844684504618650e-01
3.230331704523652370e-01
3.230508960014608077e-01
3.547372770411419407e-01
4.151994436903462815e-01
4.989159617353280951e-01
5.982408822956258865e-01
7.041019083084574248e-01
8.068289447310235118e-01
8.970373775174628195e-01
9.664854108840608138e-01
1.008827143285637273e+00
1.020192567508949821e+00
9.995414735684866603e-01
9.487588742570549627e-01
8.724831785168085663e-01
7.776827520203035693e-01
6.730194974773333616e-01
5.680575580887581300e-01
4.723894160022218958e-01
3.947592270022741157e-01
3.422635087563864476e-01
3.197022546028207568e-01
3.291398189692463783e-01
3.697157657158487432e-01
4.377230354004119084e-01
5.269463572854391487e-01
6.292300392549696753e-01
7.352232889094763024e-01
8.352349711435311796e-01
9.201196790356606092e-01
9.821141055760244098e-01
1.015547221025432822e+00
1.017359274835721195e+00
9.873821023244693240e-01
9.283550305272909586e-01
9.027058627077214625e-01
7.719092129309698125e-01
6.317663258262707915e-01
4.950969960057886032e-01
3.744049146405831752e-01
2.807336309464688040e-01
2.226558380811561322e-01
2.054885045213769024e-01
2.308057381225326887e-01
2.962940491376002128e-01
3.959633585995516736e-01
5.206945442519199663e-01
6.590735067627450094e-01
7.984354952761640867e-01
9.260241579772527931e-01
1.030159247953222668e+00
1.101306085836293303e+00
1.132948838874774378e+00
1.122187605443206504e+00
1.070004556860017164e+00
9.811746745841279926e-01
8.638291590107752826e-01
7.287113971137351154e-01
5.881935461186517111e-01
4.551437373453366964e-01
3.417476152322020955e-01
2.583921418047825935e-01
2.127139262984669710e-01
2.088992987082455843e-01
2.473003089803543775e-01
3.244019080059761251e-01
4.331434007362457983e-01
5.635648019655821184e-01
7.037189462225940106e-01
8.407658349523170482e-01
9.621489821572636325e-01
1.056745979318041817e+00
1.115887836108926390e+00
1.134153654437195957e+00
1.109867762758764087e+00
1.045253692563585135e+00
9.462308228232980678e-01
8.218722691024592519e-01
6.835736482309728856e-01
5.440088714198956232e-01
4.159686549812101619e-01
3.111882009582045971e-01
2.392715090769260700e-01
2.068109377910476443e-01
2.167827454696480971e-01
2.682740516242084206e-01
3.565662804471506631e-01
4.735674696188960642e-01
6.085538425975299814e-01
7.491526854060203133e-01
8.824764399424019912e-01
9.963040548605512914e-01
1.080201294803589285e+00
1.126477298026554053e+00
1.130889679471149378e+00
1.093033525712413967e+00
1.016378606842545995e+00
9.079513813854014348e-01
7.776909366292318326e-01
6.375379021746088171e-01
5.003398576988977720e-01
3.786735818523394026e-01
2.836921148731129660e-01
2.241023336247099373e-01
2.053667727749182714e-01
2.292028668429603178e-01
2.934255199607453402e-01
3.921474336771608726e-01
5.163188240770660853e-01
6.545570451667758194e-01
7.941900585856870309e-01
9.224180867803219996e-01
1.027486954812123487e+00
1.099765557679314387e+00
1.132628682889652350e+00
1.123064265375367299e+00
1.071949416964868895e+00
9.839699388308460470e-01
8.671907084458585491e-01
7.323163362264695220e-01
5.917098774097403480e-01
4.582595594521927662e-01
3.441974120831999273e-01
2.599780900792788563e-01
2.133206550275665303e-01
2.085011389950542915e-01
2.459607207030846676e-01
3.222654117726714840e-01
4.304209294323563251e-01
5.605138764495199988e-01
7.006204429788343013e-01
8.378993293541507903e-01
9.597687100512817260e-01
1.055059363378112236e+00
1.115038283335961333e+00
1.134208967683361990e+00
1.110815050002711191e+00
1.047001136310930614e+00
9.486161257072616149e-01
8.246770599390799150e-01
6.865426557537074315e-01
5.468722757943192958e-01
4.184657512434255544e-01
3.130903817213779305e-01
2.404026059734138410e-01
2.070631545147577079e-01
2.161267591596029436e-01
2.667623302721358614e-01
3.543292270433532343e-01
4.708026138738575783e-01
6.055089108214977145e-01
7.461039355138433526e-01
8.797040977965592257e-01
9.940669880165678984e-01
1.078713178311629051e+00
1.125886447290491255e+00
1.131264447576419752e+00
1.094354705513195913e+00
1.018539677082398676e+00
9.107667415245627174e-01
7.809115477626235036e-01
6.408730576272424484e-01
5.034832119898516867e-01
3.813311291168818284e-01
2.856095730780235931e-01
2.250893868898145578e-01
2.053158577564168641e-01
2.281006450436431909e-01
2.913558190239349810e-01
3.892852115005698832e-01
5.129155403388545587e-01
6.509186383622794780e-01
7.906494453258378075e-01
9.193046534049035268e-01
1.025095842938097412e+00
1.098329618670763175e+00
1.132295778875566317e+00
1.123882139543559866e+00
1.073859681632487018e+00
9.868118963106446984e-01
8.707148035701604005e-01
7.362061265554293854e-01
5.956105848995150165e-01
4.618106157919251720e-01
3.470659940724120651e-01
2.618905047444913259e-01
2.140885939321574560e-01
2.080402663920538631e-01
2.442997522184898185e-01
3.195447163281823211e-01
4.268806657481365452e-01
5.564726644637834063e-01
6.964464755446169164e-01
8.339765632970281839e-01
9.564612662804192755e-01
1.052677464044860844e+00
1.113808938409384997e+00
1.134254202058090577e+00
1.112139773034388268e+00
1.049491862109262819e+00
9.520507382535546848e-01
8.287447778770455908e-01
6.908723862361849655e-01
5.510667472465901051e-01
4.221382581208390494e-01
3.159007142409501201e-01
2.420888002423282614e-01
2.074660786438824456e-01
2.152052137396463505e-01
2.645972249217448113e-01
3.511164155218378657e-01
4.668350329715530433e-01
6.011496697806556488e-01
7.417528489396726377e-01
8.757607694714064639e-01
9.908938768945614317e-01
1.076602080870093125e+00
1.125031512254134114e+00
1.131744229881835428e+00
1.096124923579687049e+00
1.021437340164409235e+00
9.145252556349982020e-01
7.851853883875161699e-01
6.452697104222004931e-01
5.075994113697439580e-01
3.847900312349515906e-01
2.880954200927277054e-01
2.263764601727176751e-01
2.052890554019785596e-01
2.267658026835562279e-01
2.888388487592862264e-01
3.858201722242499687e-01
5.088227769753139729e-01
6.465750424866764101e-01
7.560950974023364912e-01
