4.778637474726536993e+00
5.347798240863842700e+00
5.805298393283421454e+00
6.108262130480063945e+00
6.228256633835154155e+00
6.154016866051527757e+00
5.892546032719424787e+00
5.468468477326020150e+00
4.921683298134055917e+00
4.303529833602167010e+00
3.671841106390743459e+00
3.085410614120263517e+00
2.598422674970156443e+00
2.255391440520166491e+00
2.087093700332803614e+00
2.107871692472448100e+00
2.314537822016307089e+00
2.686949612477423699e+00
3.190157963132049801e+00
3.777881910541339927e+00
4.396943277237069125e+00
4.992215678234089182e+00
5.511610393326285440e+00
5.910637478188126792e+00
6.156140108285029555e+00
6.228895246467047286e+00
6.124892953282443209e+00
5.855236996700559082e+00
5.444737624872228565e+00
4.929381348146467445e+00
4.352952519308177060e+00
3.763140664333094687e+00
3.207492646562613903e+00
2.729560095100743489e+00
2.365553508089794921e+00
2.141751009974914410e+00
2.072829585089192683e+00
2.161198244868598017e+00
2.397324476151977191e+00
2.760965090115751863e+00
3.223146419819890252e+00
3.748691013201933764e+00
4.299060805806088403e+00
4.835280482516812306e+00
5.320717789279218124e+00
5.723526912280471279e+00
6.018602656778075044e+00
6.188942431572251657e+00
6.226365285556578755e+00
6.131588070336146501e+00
5.913704475301565289e+00
5.589150318852297517e+00
5.180266184623040004e+00
4.713585371427262416e+00
4.217981225588522953e+00
3.722804095446503592e+00
3.256125868145259616e+00
2.843191221062081553e+00
2.505151466459386356e+00
2.258131338424190560e+00
2.112653280839998704e+00
2.073419496111615246e+00
2.139430608604739881e+00
2.304402289109493296e+00
2.557428174880846949e+00
2.883829116218711963e+00
3.266125057757371941e+00
3.685066316134420372e+00
4.120665035405062682e+00
4.553174445466781073e+00
4.963972413095946834e+00
5.336315856595542861e+00
5.655943141765184201e+00
5.911511927585078929e+00
6.094869539619205412e+00
6.201161402685985813e+00
6.228790079734025653e+00
6.179242885880197989e+00
6.056809833983439084e+00
5.868215876138866527e+00
5.622192165542280406e+00
5.329010562021117892e+00
5.000004063819000422e+00
4.647093506030503640e+00
4.282337960943780608e+00
3.917523033535454502e+00
3.563797870370770671e+00
3.231368367308881773e+00
2.929250913312385407e+00
2.665088153195774190e+00
2.445025767298729669e+00
2.273647196325189412e+00
2.153961603465019081e+00
2.087439159179611536e+00
2.074086933549187162e+00
2.112557973764242814e+00
2.200285042426493476e+00
2.333632765054527880e+00
2.508062990890951305e+00
2.718307634860146038e+00
2.958543752790484316e+00
3.222566217439053027e+00
3.503954016940814764e+00
3.796226864491804687e+00
4.092989467027638995e+00
4.388061434126429461e+00
4.675591402949969222e+00
4.950154500868130469e+00
5.206832757765389452e+00
5.441278510936612633e+00
5.649761215309633933e+00
5.829198380800143298e+00
5.977171608787162249e+00
6.091928894091354962e+00
6.172374501437776217e+00
6.218047820810705950e+00
6.229092659360905948e+00
6.206218443788737105e+00
6.150654791592503834e+00
6.064100867312239629e+00
5.948670875758553578e+00
5.806836962732320195e+00
5.641370699093109842e+00
5.455284220004877227e+00
5.251771981148823265e+00
5.034153980599110234e+00
4.805821181452274438e+00
4.570183758336386681e+00
4.330622682380416144e+00
4.090445055530183005e+00
3.852843507373342025e+00
3.620859876714443093e+00
3.397353316602103490e+00
3.184972885713333923e+00
2.986134621111557585e+00
2.803003027421105298e+00
2.637476865272962989e+00
2.491179077232366534e+00
2.365450651993707964e+00
2.261348197025078388e+00
2.179644965620187946e+00
2.120835065991299118e+00
2.085140567114983412e+00
2.072521208015989380e+00
2.082686413537873094e+00
2.115109319905504659e+00
2.169042517053191510e+00
2.243535221311970140e+00
2.337451601184803440e+00
2.449489990179354315e+00
2.578202733634710420e+00
2.722016430820376698e+00
2.879252348983405874e+00
3.048146802182380100e+00
3.226871304415620312e+00
3.413552323493011631e+00
3.606290479113405389e+00
3.803179045512282919e+00
4.002321635686056034e+00
4.201848960446153747e+00
4.399934571300291530e+00
4.594809511305962602e+00
4.784775812522381599e+00
4.968218792440435294e+00
5.143618114754967330e+00
5.309557592027363881e+00
5.464733719149926117e+00
5.607962937057033415e+00
5.738187635829312683e+00
5.854480915213065018e+00
5.956050128639553520e+00
6.042239244093899231e+00
6.112530061675472304e+00
6.166542333432584400e+00
6.204032836075558777e+00
6.224893451501179342e+00
6.229148313731920794e+00
6.216950083917097913e+00
6.188575417494218911e+00
6.144419689501113169e+00
6.084991045396991538e+00
6.010903845626792474e+00
5.922871572581617450e+00
5.821699268600742272e+00
5.708275573259863123e+00
5.583564427426050081e+00
5.448596510462715869e+00
5.304460475566067146e+00
5.152294046535411454e+00
4.993275037350294099e+00
4.828612353772707699e+00
4.659537033836302911e+00
4.487293381550593985e+00
4.313130245457375445e+00
4.138292490851094740e+00
3.964012711532646005e+00
3.791503223928085031e+00
3.621948383285832129e+00
3.456497258486323165e+00
3.296256698771941718e+00
3.142284822448095039e+00
2.995584954332720429e+00
2.857100035454674281e+00
2.727707525234795760e+00
2.608214813138427068e+00
2.499355153577363264e+00
2.401784134672131366e+00
2.316076688374148596e+00
2.242724646399886446e+00
2.182134843456051687e+00
2.134627766343966115e+00
2.100436744731157823e+00
2.079707676676619155e+00
2.072499279399844241e+00
2.078783853299802420e+00
2.098448544864558674e+00
2.131297091870829608e+00
2.177052032161045148e+00
2.235357355307832083e+00
2.305781574637244091e+00
2.387821195385464446e+00
2.480904553213806985e+00
2.584395995905207855e+00
2.697600379815662031e+00
2.819767851557617444e+00
2.950098884450422787e+00
3.087749538488097301e+00
3.231836911944370616e+00
3.381444752263822462e+00
3.535629193570201778e+00
3.693424587962274686e+00
3.853849397759899098e+00
4.015912116006406407e+00
4.178617182827619736e+00
4.340970865686458069e+00
4.501987072155227310e+00
4.660693064548762976e+00
4.816135046617893600e+00
4.967383593488093219e+00
5.113538897138763417e+00
5.253735800946691015e+00
5.387148598159319235e+00
5.512995570609522389e+00
5.630543245530583718e+00
5.739110349966641600e+00
5.838071443995792364e+00
5.926860215779896635e+00
6.004972423319831165e+00
6.071968469718409089e+00
6.127475600726914884e+00
6.171189715365813733e+00
6.202876782456971938e+00
6.222373857973702016e+00
6.229589700197366575e+00
6.224504981755202948e+00
6.207172099694048484e+00
6.177714586809305963e+00
6.136326129488349324e+00
6.083269199333035004e+00
6.018873307788317639e+00
5.943532894913270859e+00
5.857704865279407258e+00
5.761905785759148024e+00
5.656708761667387009e+00
5.542740009332773887e+00
5.420675144695139558e+00
5.291235208944016222e+00
5.155182453524169262e+00
5.013315908030593349e+00
4.866466755591860149e+00
4.715493541292207880e+00
4.561277240003957623e+00
4.404716210689215927e+00
4.246721064779443999e+00
4.088209476650556340e+00
3.930100964477976522e+00
3.773311669878366192e+00
3.618749164721655642e+00
3.467307313329587970e+00
3.319861217963598232e+00
3.177262275049368423e+00
3.040333368986587459e+00
2.909864229656816903e+00
2.786606978869035078e+00
2.671271889978807934e+00
2.564523383786343480e+00
2.466976282565208400e+00
2.379192342706040186e+00
2.301677084981549992e+00
2.234876939859831602e+00
2.179176723619062450e+00
2.134897459256862806e+00
2.102294554350171207e+00
2.081556346115694289e+00
2.072803021956746594e+00
2.076085921768693776e+00
2.091387226223322404e+00
2.118620033172022854e+00
2.157628822209815667e+00
2.208190305337554005e+00
2.270014659559113746e+00
2.342747135165168082e+00
2.425970031395673132e+00
2.519205029151371900e+00
2.621915868450047871e+00
2.733511356407589687e+00
2.853348689677057237e+00
2.980737073511006585e+00
3.114941617933030038e+00
3.255187489924074029e+00
3.400664299054720452e+00
3.550530692636660213e+00
3.703919135231912740e+00
3.859940846254204416e+00
4.017690868430492834e+00
4.176253239067415635e+00
4.334706235393520402e+00
4.492127664726750957e+00
4.647600169852737828e+00
4.800216519796002501e+00
4.949084856123689313e+00
5.093333865043772057e+00
5.232117845844772575e+00
5.364621646673268351e+00
5.490065439255990221e+00
5.607709304944759054e+00
5.716857605389516372e+00
5.816863112225545862e+00
5.907130871388876159e+00
5.987121779045026848e+00
6.056355847622211463e+00
6.114415142075602105e+00
6.160946368264562878e+00
9.329402795569126994e+00
9.386855665511472324e+00
9.413460945290907489e+00
9.409025311373074629e+00
9.373537455913831806e+00
9.307168673662454594e+00
9.210272391633374411e+00
9.083382639224478083e+00
8.927211462473497505e+00
8.742645292178563565e+00
8.530740281631116417e+00
8.292716635684922011e+00
8.029951958781062160e+00
7.743973655330697703e+00
7.436450421493820073e+00
7.109182872847072510e+00
6.764093357679447749e+00
6.403215010654481176e+00
6.028680106307898967e+00
5.642707776274362708e+00
5.247591158234316211e+00
4.845684048312969061e+00
4.439387132024683602e+00
4.031133871813898040e+00
3.623376131781813836e+00
3.218569622280360143e+00
2.819159248695581432e+00
2.427564449909334510e+00
2.046164612614457035e+00
1.677284647854640376e+00
1.323180815862423199e+00
9.860268844678468092e-01
6.679007050556085012e-01
3.707712882530462828e-01
9.648645924677712316e-02
-1.532388301425058330e-01
-3.768334587378507905e-01
-5.728802924459435175e-01
-7.401254738084688256e-01
-8.774867831776678173e-01
-9.840610149921023009e-01
-1.059130317968895341e+00
-1.102167453717886936e+00
-1.112839934293932131e+00
-1.091013005502690980e+00
-1.036751449331270614e+00
-9.503201856518908031e-01
-8.321836603080399186e-01
-6.830040138001525207e-01
-5.036380320017075363e-01
-2.951328876172185645e-01
-5.872068839827626618e-02
2.041881445790254546e-01
4.920126380440761338e-01
8.030101294141278601e-01
1.135286186793510232e+00
1.486805534664285222e+00
1.855403927279404730e+00
2.238800905479290115e+00
2.634613366671605839e+00
3.040369872082267388e+00
3.453525610142956115e+00
3.871477930056008709e+00
4.291582355212612221e+00
4.711168982261126459e+00
5.127559168258461142e+00
5.538082405519753060e+00
5.940093281525991031e+00
6.330988419585523275e+00
6.708223294883489451e+00
7.069328820112978917e+00
7.411927595071024832e+00
7.733749715431663674e+00
8.032648037378296024e+00
8.306612796892068218e+00
8.553785485246395481e+00
8.772471885644659295e+00
8.961154179945662435e+00
9.118502039038906659e+00
9.243382615635658439e+00
9.334869364015954574e+00
9.392249617585395782e+00
9.415030861923629146e+00
9.402945648314112503e+00
9.355955100496860410e+00
9.274250975543786524e+00
9.158256248277355738e+00
9.008624197493279695e+00
8.826235981358991012e+00
8.612196698692674346e+00
8.367829942329116477e+00
8.094670860397151557e+00
7.794457751010686053e+00
7.469122225556905192e+00
7.120777985390670750e+00
6.751708266258310331e+00
6.364352014112579781e+00
5.961288865089806599e+00
5.545223011235917987e+00
5.118966042036783293e+00
4.685418859865423613e+00
4.247552775055698504e+00
3.808389893385573099e+00
3.370982915258289747e+00
2.938394471746873293e+00
2.513676127874000521e+00
2.099847187989609232e+00
1.699873441833894105e+00
1.316645992801773080e+00
9.529603120168981256e-01
6.114956630480250510e-01
2.947950424310072925e-01
5.245780572478153658e-03
-2.549390539082700968e-01
-4.837383058145521275e-01
-6.793393038231689829e-01
-8.401532169747065737e-01
-9.648290697650763192e-01
-1.052266294686855730e+00
-1.101625708287505390e+00
-1.112338804942766934e+00
-1.084115271561953087e+00
-1.016948636314876531e+00
-9.111199751608003439e-01
-7.671996114243393450e-01
-5.860467558524451448e-01
-3.688070474455553693e-01
-1.169079688247620652e-01
1.679478760932138215e-01
4.837916198560678893e-01
8.283991075375118918e-01
1.199303958771908984e+00
1.593812668013852907e+00
2.009021679714561692e+00
2.441836359503819054e+00
2.888991766917564874e+00
3.347075119816522726e+00
3.812549825507945744e+00
4.281780938812928206e+00
4.751061893028002636e+00
5.216642336020202109e+00
5.674756890681058152e+00
6.121654646758443619e+00
6.553629179798102555e+00
6.967048882668117393e+00
7.358387386021421506e+00
7.724253836180130506e+00
8.061422792404211890e+00
8.366863500442001111e+00
8.637768295742244362e+00
8.871579887837171441e+00
9.066017277263139107e+00
9.219100058056566738e+00
9.329170862417214494e+00
9.394915709637212231e+00
9.415382028906716272e+00
9.389994135173640899e+00
9.318565948891567530e+00
9.201310764260242081e+00
9.038847886459581815e+00
8.832205976398874725e+00
8.582822961631013214e+00
8.292542394286126495e+00
7.963606161111796311e+00
7.598643476901225213e+00
7.200656120665121840e+00
6.772999903750573480e+00
6.319362390613488145e+00
5.843736925959388984e+00
5.350393056319627583e+00
4.843843469636631482e+00
4.328807612881510281e+00
3.810172184881718938e+00
3.292948739143750636e+00
2.782228669225003337e+00
2.283135886835588657e+00
1.800777540003246635e+00
1.340193154953136290e+00
9.063026204617972148e-01
5.038534669364036489e-01
1.373679239211362813e-01
-1.889097313000824840e-01
-4.710649953193026818e-01
-7.055635691621287009e-01
-8.892998178445914448e-01
-1.019642664740418425e+00
-1.094478317258986699e+00
-1.112249216466151047e+00
-1.071988605362113489e+00
-9.733501190616831167e-01
-8.166318155830056824e-01
-6.027940888001470654e-01
-3.334709357805971663e-01
-1.097408959476364743e-02
3.617104239104547148e-01
7.809336906649453347e-01
1.242403594317104343e+00
1.741212885946337607e+00
2.271873756016156598e+00
2.828361218721955339e+00
3.404167280013877139e+00
3.992364598524607011e+00
4.585679379348911233e+00
5.176573104209296616e+00
5.757332515442763032e+00
6.320167077057009308e+00
6.857312937147144183e+00
7.361142216061713484e+00
7.824276248178311022e+00
8.239701216740382250e+00
8.600884446025597541e+00
8.901889458550964918e+00
9.137487772596186275e+00
9.303265312626194827e+00
9.395721237647062907e+00
9.412356965301952982e+00
9.351753187291116376e+00
9.213632738521067012e+00
8.998907301448635820e+00
8.709706100548558538e+00
8.349384970652998561e+00
7.922514466670111055e+00
7.434846018953926716e+00
6.893255524818937552e+00
6.305664197127972770e+00
5.680936958580866225e+00
5.028759166651943779e+00
4.359492968843006189e+00
3.684015109349145778e+00
3.013538523470494113e+00
2.359420551265813515e+00
1.732961062543097785e+00
1.145194196576479584e+00
6.066777674098355888e-01
1.272846553855124796e-01
-2.839993150523634213e-01
-6.192664332132578053e-01
-8.718625026217132756e-01
-1.036538633054334468e+00
-1.109595592886067905e+00
-1.089032517037848535e+00
-9.746650311079161355e-01
-7.682009552986128753e-01
-4.732492812649224945e-01
-9.523838480558133313e-02
3.587192275047126344e-01
8.800046630969382555e-01
1.458706952708339166e+00
2.083866531972534464e+00
2.743739798818126019e+00
3.426076282456892663e+00
4.118399925109068604e+00
4.808286257642496508e+00
5.483627813536194218e+00
6.132880930105860884e+00
6.745288082318387168e+00
7.311071028841484853e+00
7.821591266833516798e+00
8.269475537262302112e+00
8.648705345906607889e+00
8.954670621983698453e+00
9.184188689130857952e+00
9.335490642937472217e+00
9.408177994649619791e+00
9.403153039845349781e+00
9.322526839655091990e+00
9.169508963610102370e+00
8.948283246796517432e+00
8.663873774067026190e+00
8.322005138770570909e+00
7.928960753449027621e+00
7.491442637152216477e+00
7.016435690568441075e+00
6.511079017448423656e+00
5.982546378701858458e+00
5.437937391871010107e+00
4.884180628755076192e+00
4.327949330382072191e+00
3.775590061127402031e+00
3.233064269657272227e+00
2.705902418053298675e+00
2.199170084160889438e+00
1.717445236058871672e+00
1.264805720047565085e+00
8.448258917924875711e-01
4.605812503285524606e-01
1.146599018759975053e-01
-1.908203202002125565e-01
-4.541902266822095413e-01
-6.742042344527119369e-01
-8.500129537922980205e-01
-9.811343588534500171e-01
-1.067424414329992466e+00
-1.109047942209177684e+00
-1.106450422130216715e+00
-1.060331329785032750e+00
-9.716195319247660223e-01
-8.414511752574469483e-01
-6.711504306839843892e-01
-4.622133842637037304e-01
-2.162953018874818056e-01
6.479856471098077719e-02
3.791185182747343063e-01
7.245722429998382452e-01
1.098922910323730573e+00
1.499783608877778285e+00
1.924608201101875693e+00
2.370678773077331325e+00
2.835089918469338777e+00
3.314730185788959282e+00
3.806261124580733402e+00
4.306094494982619203e+00
4.810368360973065194e+00
5.314922975176422426e+00
5.815277586812295674e+00
6.306609568253853659e+00
6.783737562722447656e+00
7.241110707303221261e+00
7.672806380664373371e+00
8.072538064046417716e+00
8.433664561360647127e+00
8.749236758986793205e+00
9.012090112231332384e+00
9.214970042883861012e+00
9.350692849225115566e+00
9.412344322853467560e+00
9.393517130898629830e+00
9.288586455284072230e+00
9.093021337025595230e+00
8.803726626229089192e+00
8.419407388946769544e+00
7.940944111137488548e+00
7.371763159507580099e+00
4.505334177255494232e+00
4.404802845983827098e+00
4.295719401689646055e+00
4.180353901705962549e+00
4.061460313586791493e+00
3.942249858585914257e+00
3.826336566252857008e+00
3.717651540843956326e+00
3.620323594978160031e+00
3.538525574135173990e+00
3.476287896267925781e+00
3.437283538919043036e+00
3.424591839513782432e+00
3.440451882045453047e+00
3.486019697972669196e+00
3.561146705820207092e+00
3.664199377174333527e+00
3.791941618753815746e+00
3.939501352329107142e+00
4.100440831564220900e+00
4.266946013486579758e+00
4.430143605772636661e+00
4.580545260050694623e+00
4.708607078406771507e+00
4.805379778077201181e+00
4.863211501529647762e+00
4.876452679884484276e+00
4.842102130234215096e+00
4.760327396065277661e+00
4.634791875167284303e+00
4.472727887215419251e+00
4.284709339028140107e+00
4.084100083408440440e+00
3.886183475160574829e+00
3.707012931681709311e+00
3.562059338414291787e+00
3.464764824953991962e+00
3.425139154467255587e+00
3.448550225998087360e+00
3.534861764258968364e+00
3.678050560608181918e+00
3.866391387236213451e+00
4.083246063648224400e+00
4.308429474168450568e+00
4.520056501966317697e+00
4.696708551277816390e+00
4.819705185582352946e+00
4.875233537831480390e+00
4.856082016828077386e+00
4.762749162889120313e+00
4.603753425896916163e+00
4.395051244385239642e+00
4.158571228645417506e+00
3.919980310223307285e+00
3.705900102222124293e+00
3.540874598813994467e+00
3.444441261505832408e+00
3.428667237677237800e+00
3.496476465472093231e+00
3.641013097701158330e+00
3.846169511193256341e+00
4.088266213911796676e+00
4.338723450350589594e+00
4.567429533045461731e+00
4.746407696840815760e+00
4.853327218092303497e+00
4.874405732511539746e+00
4.806310872791160982e+00
4.656785153407081879e+00
4.443875266225125742e+00
4.193826073556150114e+00
3.937877146123444749e+00
3.708351468666444273e+00
3.534530315682215207e+00
3.438849446257550735e+00
3.433922070479684674e+00
3.520795484583503221e+00
3.688692469353881620e+00
3.916295386746242446e+00
4.174425984379945831e+00
4.429785051514882888e+00
4.649269448446089470e+00
4.804300472910203901e+00
4.874589451308307453e+00
4.850835981405723807e+00
4.735992803087825109e+00
4.544920571017692090e+00
4.302470386081764353e+00
4.040242659046457518e+00
3.792448941816376262e+00
3.591424368316192162e+00
3.463385699428809250e+00
3.424997184920145266e+00
3.481198070124950750e+00
3.624576468659239659e+00
3.836367623781645975e+00
4.088938422511441573e+00
4.349423629283802661e+00
4.584028953543771934e+00
4.762431533501637837e+00
4.861700350058573150e+00
4.869227668784835927e+00
4.784297711794119223e+00
4.618101480855298036e+00
4.392212026593502294e+00
4.135734950279729816e+00
3.881518177003015602e+00
3.661921375337816809e+00
3.504694604963302318e+00
3.429492803038265869e+00
3.445462121765927144e+00
3.550189186386711881e+00
3.730125075520079658e+00
3.962406170161161256e+00
4.217818580632524572e+00
4.464513700808069530e+00
4.671996294714492848e+00
4.814882834743633211e+00
4.875967773517707826e+00
4.848232126738496461e+00
4.735568329879654925e+00
4.552159055804677834e+00
4.320614438086521680e+00
4.069121219670634559e+00
3.827970982972896508e+00
3.625900104550495939e+00
3.486685106746551632e+00
3.426394243509554904e+00
3.451606575611765759e+00
3.558785943276469244e+00
3.734855218834051804e+00
3.958873603377920158e+00
4.204593421862071523e+00
4.443577106089351858e+00
4.648499842789867387e+00
4.796253511945615777e+00
4.870502350122467128e+00
4.863414399523966480e+00
4.776395194970652902e+00
4.619768418940555676e+00
4.411468337457167266e+00
4.174917102818785253e+00
3.936344845846516449e+00
3.721863445005128668e+00
3.554621481310136666e+00
3.452347941353718141e+00
3.425539528343481965e+00
3.476468188813250038e+00
3.599091282574158779e+00
3.779847571349856938e+00
3.999228724255618150e+00
4.233938009509507161e+00
4.459392796788964830e+00
4.652300154208506733e+00
4.793036759200792751e+00
4.867593993231952076e+00
4.868902108563819553e+00
4.797417217910695975e+00
4.660933662806873379e+00
4.473663669674487586e+00
4.254698096998175139e+00
4.026019675901621575e+00
3.810278397758864344e+00
3.628554735515288066e+00
3.498329665304001246e+00
3.431852697585255907e+00
3.435053999523812074e+00
3.507089341843776076e+00
3.640543083964578486e+00
3.822251042060338388e+00
4.034647843898188313e+00
4.257497354689413704e+00
4.469833742977901814e+00
4.651926943302677309e+00
4.787090165441449940e+00
4.863167555931788399e+00
4.873574546127153795e+00
4.817808099994505433e+00
4.701394546779355643e+00
4.535294193482301672e+00
4.334829843634591562e+00
4.118246622275603563e+00
3.905039905251812549e+00
3.714204551867280824e+00
3.562561140819525463e+00
3.463303840292413227e+00
3.424891375370297197e+00
3.450369720401726958e+00
3.537175779745373561e+00
3.677428979566353284e+00
3.858676028173407602e+00
4.065016561111010063e+00
4.278506943152155628e+00
4.480718426591953296e+00
4.654315387343999966e+00
4.784521263373965105e+00
4.860351918004567118e+00
4.875515986419205916e+00
4.828911157002584886e+00
4.724679774737719384e+00
4.571824006275622132e+00
4.383417111093105056e+00
4.175480207920378994e+00
3.965620716911765875e+00
3.771547318653988512e+00
3.609585395023803489e+00
3.493315870727904837e+00
3.432449338380215487e+00
3.432027296262873506e+00
3.492014937595622648e+00
3.607317456512039389e+00
3.768216924141770008e+00
3.961192265223235420e+00
4.170053516908105884e+00
4.377295900793678918e+00
4.565561349871240182e+00
4.719086442963156713e+00
4.825016910401742187e+00
4.874479890433885743e+00
4.863325050202556454e+00
4.792472930216256977e+00
4.667841222793228440e+00
4.499854526671282606e+00
4.302577592206159984e+00
4.092543359281730631e+00
3.887372611351152862e+00
3.704299696528210006e+00
3.558727004260024085e+00
3.462928996742271615e+00
3.425014667337030971e+00
3.448236250934585634e+00
3.530703521742192486e+00
3.665529392127178099e+00
3.841396529700420892e+00
4.043499321765684051e+00
4.254783699899485683e+00
4.457381789594654364e+00
4.634121272450857809e+00
4.769982257431203188e+00
4.853378047110886051e+00
4.877150256614431356e+00
4.839192211376130537e+00
4.742645520803886683e+00
4.595650644700654652e+00
4.410670132174701052e+00
4.203439810436021773e+00
3.991635393444215474e+00
3.793366966162498688e+00
3.625629361077489676e+00
3.502841144438806342e+00
3.435598253156906701e+00
3.429750728260541504e+00
3.485883886304703694e+00
3.599250906595649724e+00
3.760165097405399059e+00
3.954820359189610279e+00
4.166471036103966519e+00
4.376870724448658656e+00
4.567846602479415985e+00
4.722872825464555113e+00
4.828505968032995810e+00
4.875557338996875600e+00
4.859899271323035563e+00
4.782833979459810259e+00
4.650991454468596409e+00
4.475763837885103236e+00
4.272324198958219910e+00
4.058314083774356540e+00
3.852313395174272515e+00
3.672225510340344279e+00
3.533718315280558020e+00
3.448857311118123548e+00
3.425050484660462136e+00
3.464397645437105933e+00
3.563501754239719155e+00
3.713759472089992464e+00
3.902106269717954490e+00
4.112151630649531597e+00
4.325605655080394740e+00
4.523872741693827138e+00
4.689673254212674003e+00
4.808551480603071582e+00
4.870138008451913691e+00
4.869056021531657841e+00
4.805392103492816425e+00
4.684690194296763366e+00
4.517469047620561895e+00
4.318305225628409794e+00
4.104561684124234944e+00
3.894873011290381992e+00
3.707519667703450317e+00
3.558833269459089621e+00
3.461772213622754002e+00
3.424792011441061934e+00
3.451108884965035539e+00
3.538420765130978474e+00
3.679109824879622792e+00
3.860908597135937370e+00
4.067971250075853362e+00
4.282256261174786971e+00
4.485099631366147754e+00
4.658841270133788015e+00
4.788362689659142468e+00
4.862402045376774673e+00
4.874532141089626514e+00
4.823716548874229737e+00
4.714395880981887998e+00
4.556097259518921305e+00
4.362601573960572132e+00
4.150741572272798052e+00
3.938935852664625870e+00
3.745586633485520345e+00
3.587480812471278924e+00
3.478333296638268290e+00
3.427598966103800660e+00
3.439656056726416722e+00
3.513431286110512808e+00
3.642498550124384060e+00
3.815641843928659238e+00
4.017832796130730522e+00
4.231537340542590009e+00
4.438237687329475101e+00
4.620037333237315913e+00
4.761209937889365307e+00
4.849558055483108809e+00
4.877464465813686978e+00
4.842545710060794484e+00
4.747852049843881872e+00
4.601597414624885474e+00
4.416443565636988922e+00
4.208401165343534700e+00
3.995443383937486992e+00
3.795952270973821374e+00
2.199822153532555724e-01
