-1.262744309309606905e+00
-1.047398125276137071e+00
-8.541092706551063340e-01
-6.925197534841492919e-01
-5.706891624830765508e-01
-4.946928339934727470e-01
-4.683190759333968334e-01
-4.928805276635639387e-01
-5.671490376388184096e-01
-6.874172777938245549e-01
-8.476839922990423437e-01
-1.039953613884787798e+00
-1.254635280657077301e+00
-1.481021334221957142e+00
-1.707821422568335246e+00
-1.923725565407969684e+00
-2.117968102927609841e+00
-2.280864412268086561e+00
-2.404293640800485576e+00
-2.482103402881369991e+00
-2.510416282318645997e+00
-2.487822881723370738e+00
-2.415451817813139002e+00
-2.296913196417947667e+00
-2.138118406634346158e+00
-1.946985236098137451e+00
-1.733043021773592152e+00
-1.506957528593638962e+00
-1.279999244017917093e+00
-1.063481591387117620e+00
-8.681970589941500061e-01
-7.038793410205376189e-01
-5.787182863186451920e-01
-4.989518165395889771e-01
-4.685551377952568153e-01
-4.890427212161123638e-01
-5.593929090333689125e-01
-6.760988940397738567e-01
-8.333435256541010805e-01
-1.023289228698584630e+00
-1.236468588355921883e+00
-1.462256141887304350e+00
-1.689397873991001386e+00
-1.906572039331136725e+00
-2.102953375686289483e+00
-2.268752601927233492e+00
-2.395704325006406510e+00
-2.477479048099999748e+00
-2.509998750206247742e+00
-2.491640307897268869e+00
-2.423316613727738211e+00
-2.308431335231912573e+00
-2.152709550538644656e+00
-1.963912678345384411e+00
-1.751451883716389268e+00
-1.525919200051988778e+00
-1.298559709763957404e+00
-1.080711067362584821e+00
-8.832382821787837512e-01
-7.159919221628514574e-01
-5.873167425350238613e-01
-5.036352406328020725e-01
-4.691269151155736949e-01
-4.855192485088992704e-01
-5.520008732517728278e-01
-6.652612973266562868e-01
-8.196552504439502673e-01
-1.007483527662853096e+00
-1.219376406712888494e+00
-1.444760580663805971e+00
-1.672386370231411901e+00
-1.890888957024895234e+00
-2.089355661917503770e+00
-2.257870968462365457e+00
-2.388012077637155173e+00
-2.473270224709507303e+00
-2.509376671458984465e+00
-2.494517025302376290e+00
-2.429423096086025247e+00
-2.317337605194997430e+00
-2.163853406367917565e+00
-1.976635146898118034e+00
-1.765037178712432375e+00
-1.539636726999703997e+00
-1.311705579057144133e+00
-1.092646653939776114e+00
-8.934235978669560208e-01
-7.240119300394441959e-01
-5.928992174555189898e-01
-5.066593356089040823e-01
-4.696221935831657035e-01
-4.836555490528764434e-01
-5.480699471622225705e-01
-6.596516656560017511e-01
-8.128221440018323918e-01
-9.999160368144131006e-01
-1.211564079154219487e+00
-1.437161682037889188e+00
-1.665399855907337079e+00
-1.884831905976168009e+00
-2.084447516365256270e+00
-2.254225433610153928e+00
-2.385636997272063020e+00
-2.472075196457728552e+00
-2.509187636468891203e+00
-2.495096595791975069e+00
-2.430495001331737903e+00
-2.318613367080729404e+00
-2.165059217025225191e+00
-1.977536922145319176e+00
-1.765461901694415303e+00
-1.539488467255534676e+00
-1.310974955263718433e+00
-1.091412978440908121e+00
-8.918494666275839089e-01
-7.223305678587343959e-01
-5.913954185265337671e-01
-5.056453179703038758e-01
-4.694100798828804155e-01
-4.845284677533701068e-01
-5.502538973165678193e-01
-6.632902925608089584e-01
-8.179564295856239786e-01
-1.006470624354786736e+00
-1.219341542941709156e+00
-1.445845543427068725e+00
-1.674566569286058515e+00
-1.893971428069971763e+00
-2.092991469319067210e+00
-2.261581316154076760e+00
-2.391226426523506809e+00
-2.475373808499823358e+00
-2.509764062980744281e+00
-2.492647884351938625e+00
-2.424875966400732441e+00
-2.309857644400820753e+00
-2.153390232957148598e+00
-1.963367558053437989e+00
-1.749382299853664113e+00
-1.522242149934802002e+00
-1.293424168975138899e+00
-1.074494885083589146e+00
-8.765254373322676207e-01
-7.095313521724535555e-01
-5.819653256989690826e-01
-5.002887314930516416e-01
-4.686436143587169312e-01
-4.886418634670510741e-01
-5.592823395215152926e-01
-6.770002584830498993e-01
-8.358464366195440531e-01
-1.027787417613860166e+00
-1.243111366373231386e+00
-1.470919237991616724e+00
-1.699676387861489335e+00
-1.917796701944412874e+00
-2.114229652956773897e+00
-2.279020515362777388e+00
-2.403815310107840553e+00
-2.482284832703193445e+00
-2.510446205781614371e+00
-2.486865583253104806e+00
-2.412731655242240869e+00
-2.291796155791254286e+00
-2.130184326214648038e+00
-1.936084892895511222e+00
-1.719335243136760338e+00
-1.490922814485566850e+00
-1.262427979868690153e+00
-1.045436695012145645e+00
-8.509527232139267872e-01
-6.888392858228820081e-01
-5.673185021188442700e-01
-4.925540543901352208e-01
-4.683382911651863267e-01
-4.958996781632605266e-01
-5.738403921766607185e-01
-6.982072388543392183e-01
-8.626922979285452930e-01
-1.058953103972841037e+00
-1.277036093302321706e+00
-1.505881797805559419e+00
-1.733886111865297508e+00
-1.949489110791338131e+00
-2.141761503411069523e+00
-2.300958928624047939e+00
-2.419015949100915108e+00
-2.489954670802495329e+00
-2.510187267455076476e+00
-2.478697092363516763e+00
-2.397089240143027045e+00
-2.269508062735514198e+00
-2.102425908680180200e+00
-1.904313897195694327e+00
-1.685211525934350973e+00
-1.456217038617416693e+00
-1.228924485644410813e+00
-1.014836094115318055e+00
-8.247797882174545681e-01
-6.683614059273912389e-01
-5.534793604240951792e-01
-4.859262881322903294e-01
-4.690977753251417415e-01
-5.038227903340262159e-01
-5.883242486802823246e-01
-7.183115209067582052e-01
-8.871999953172997611e-01
-1.086446371411339484e+00
-1.305982511662978407e+00
-1.534725715829286186e+00
-1.761139453741401351e+00
-1.973816091566723774e+00
-2.162052096669111911e+00
-2.316386656937587496e+00
-2.429076574650183673e+00
-2.494483590406182394e+00
-2.509354787645134977e+00
-2.472982190468249186e+00
-2.387233816105690742e+00
-2.256454963704260130e+00
-2.087245080676678022e+00
-1.888121813503961688e+00
-1.669089504797385715e+00
-1.441134158225817696e+00
-1.215670520029311863e+00
-1.003969241417633329e+00
-8.165929788948652623e-01
-6.628697210478863289e-01
-5.504296300908145811e-01
-4.848283908829191802e-01
-4.692757628493537947e-01
-5.044823876519244354e-01
-5.886318962130855370e-01
-7.174790902026394468e-01
-8.845686618875013840e-01
-1.081562928642244348e+00
-1.298661692385197020e+00
-1.525092853160128437e+00
-1.749649026238062621e+00
-1.961243292171689578e+00
-2.149456443125677296e+00
-2.305048701791348797e+00
-2.420410837475714061e+00
-2.489932777746995285e+00
-2.510272043885974025e+00
-2.480509404459253275e+00
-2.402184784874579648e+00
-2.279212407572623000e+00
-2.117680072228289578e+00
-1.925543126283748796e+00
-1.712228749576250264e+00
-1.488170440182823961e+00
-1.264295841947112864e+00
-1.051493149376443892e+00
-8.600821729404896088e-01
-6.993157193993505549e-01
-5.769352721504243942e-01
-4.988021400253686011e-01
-4.686214281925340508e-01
-4.877715669345115135e-01
-5.552469445038199503e-01
-6.677156850892835838e-01
-8.196890602041629892e-01
-1.003793688526982253e+00
-1.211132818545173073e+00
-1.431718827687638473e+00
-1.654955802185832159e+00
-1.870148830061465706e+00
-2.067015540669776552e+00
-2.236175498469602285e+00
-2.369594290430578010e+00
-2.460961465474575505e+00
-2.505984769870776674e+00
-2.502587209757996867e+00
-2.450998160399518788e+00
-2.353734804955515347e+00
-2.215475382116406600e+00
-2.042830807022500750e+00
-1.844025966605721489e+00
-1.628506160794488844e+00
-1.406487575613168728e+00
-1.188473180893965919e+00
-9.847569355925374079e-01
-8.049395971930484173e-01
-6.574787583716140693e-01
-5.492940141207385274e-01
-4.854454838519406401e-01
-4.689004067187074742e-01
-5.003983623990263530e-01
-5.784210403951208779e-01
-6.992676045408449115e-01
-8.572318012950580490e-01
-1.044872265124371369e+00
-1.253363195425157617e+00
-1.472908910059524734e+00
-1.693202884703465916e+00
-1.903909892702449813e+00
-2.095148853288137492e+00
-2.257954018006641306e+00
-2.384693170611861923e+00
-2.469423533021289252e+00
-2.508168964328453932e+00
-2.499105677492423183e+00
-2.442647912600168336e+00
-2.341429604736667613e+00
-2.200182860125256656e+00
-2.025518790627799603e+00
-1.825620740459320546e+00
-1.609863968236756371e+00
-1.388379240871117526e+00
-1.171580400339527150e+00
-9.696776620967983984e-01
-7.921991170464682819e-01
-6.475426033973156192e-01
-5.425788012699015450e-01
-4.823241371278086387e-01
-4.696989648389957583e-01
-5.053826514320439722e-01
-5.877728067784880883e-01
-7.130511510726258440e-01
-8.753536225722242659e-01
-1.067037508967121129e+00
-1.279033855790898233e+00
-1.501269370388056856e+00
-1.723138686074551673e+00
-1.934005336098577388e+00
-2.123708233369027809e+00
-2.283049941244555292e+00
-2.404243589538038073e+00
-2.481296927670578967e+00
-2.510314655562742914e+00
-2.489703728673867467e+00
-2.420270650934262413e+00
-2.305204666080728604e+00
-2.149946022773426613e+00
-1.961943889801611052e+00
-1.750313791524497509e+00
-1.525409376455780119e+00
-1.298327689347858360e+00
-1.080370676300995703e+00
-8.824885086196370132e-01
-7.147311869125491102e-01
-5.857339379281014669e-01
-5.022632237766236907e-01
-4.688475838669272644e-01
-4.875139619271569025e-01
-5.576455616525483050e-01
-6.759716732469553957e-01
-8.366935524915602995e-01
-1.031743600090003321e+00
-1.251168109946200202e+00
-1.483617086434415810e+00
-1.716918438995341356e+00
-1.938708605567813326e+00
-2.137087663987073061e+00
-2.301264543378134686e+00
-2.422157258726512996e+00
-2.492914289540346218e+00
-2.509326338206332441e+00
-2.470102659103087017e+00
-2.376992760015335548e+00
-2.234742250846306622e+00
-2.050880562669572083e+00
-1.835347714644874229e+00
-1.599976742069719293e+00
-1.357857261650746494e+00
-1.122613388646252819e+00
-9.076353205370193411e-01
-7.253079202615022592e-01
-5.862812291605047355e-01
-4.988268072120232155e-01
-4.683200799713920226e-01
-4.968825771622267240e-01
-5.832093543467492536e-01
-7.225964335424427398e-01
-9.071713583958738170e-01
-1.126317622201401747e+00
-1.367271551176657329e+00
-1.615858993752638861e+00
-1.857329635189317818e+00
-2.077239602596766321e+00
-2.262328796815619825e+00
-2.401338460927160412e+00
-2.485717041034228636e+00
-2.510168357337247080e+00
-2.473005193817770841e+00
-2.376283122226676259e+00
-2.225702994309524119e+00
-2.030285205619670741e+00
-1.801833596706356566e+00
-1.554220720591499294e+00
-1.302538212128682371e+00
-1.062165292481545231e+00
-8.478143466476071310e-01
-6.726145622050835327e-01
-5.472926132030090374e-01
-4.795033962778849634e-01
-4.733542406991004814e-01
-5.291534451606498823e-01
-6.433992865920125093e-01
-8.090098060411556880e-01
-1.015777798996043035e+00
-1.251020626962125348e+00
-1.500381756107062481e+00
-1.748731200575855738e+00
-1.981105970620623324e+00
-2.183629601645312501e+00
-2.344351977320524583e+00
-2.453956763843510913e+00
-2.506293363512453354e+00
-2.498702647418171274e+00
-2.432119923091769387e+00
-2.310953599326564856e+00
-2.142752755022530486e+00
-1.937690273215607606e+00
-1.707899457064310900e+00
-1.466710378834682471e+00
-1.227837138355128310e+00
-1.004568501217686594e+00
-8.090120989595598333e-01
-6.514368120544372642e-01
-5.397496552685522309e-01
-4.791331521883506195e-01
-4.718576430982537318e-01
-5.172710848749124679e-01
-6.119575175712168580e-01
-7.500452490667258720e-01
-9.236379912267405068e-01
-1.123339033657099195e+00
-1.338827316609749740e+00
-1.559444292190595105e+00
-1.774756819983748457e+00
-1.975065678754649001e+00
-2.151835661390677501e+00
-2.298030472363040033e+00
-2.408343143267235753e+00
-2.479319871487505988e+00
-2.509381618486001830e+00
-2.498753146565173555e+00
-2.449313222441638516e+00
-2.364382391635162950e+00
-2.248466057556954389e+00
-2.106970700143239839e+00
-1.945910122930689656e+00
-1.771616847218497881e+00
-1.590471417429552226e+00
-1.408659680214513044e+00
-1.231965269568689347e+00
-1.065601759057065445e+00
-9.140863803837733226e-01
-7.811549646905360245e-01
-6.697159088850390685e-01
-5.818395371037589081e-01
-5.187782187654821353e-01
-4.810119960366110448e-01
-4.683142228226837567e-01
-4.798317704555516983e-01
-5.141746516630854025e-01
-5.695103925366427067e-01
-6.436590830895023707e-01
-7.341857072448190191e-01
-8.384870467823197782e-01
-9.538711334298267674e-01
-1.077627860116822767e+00
-1.207089935964098082e+00
-1.339683866999381578e+00
-1.472971059563935370e+00
-1.604679474992252830e+00
-1.732726515708104431e+00
-1.855234000730034527e+00
-1.970536201098425755e+00
-2.077181962419757610e+00
-2.173931952463616035e+00
-2.259752046234032363e+00
-2.333803808244190314e+00
-2.395432960006277145e+00
-2.444156637067144366e+00
-2.479650150153871024e+00
-2.501733873822889365e+00
-2.510360796953957419e+00
-2.505605184927439666e+00
-2.487652724796036274e+00
-2.456792452725601983e+00
-2.413410697121129989e+00
-2.357987210111204490e+00
-2.291093602682275687e+00
-2.213394142329462522e+00
-2.125648913599577305e+00
-2.028719277716219516e+00
-1.923575493386249002e+00
-1.811306272123589300e+00
-1.693129932736998189e+00
-1.570406685392770285e+00
-1.444651410115462609e+00
-1.317546092195989171e+00
-1.190950832983240781e+00
-1.066912065850873503e+00
-9.476662735061172071e-01
-8.356371285435004737e-01
-7.334235753074055397e-01
2.053374529238799262e+00
2.364316878009045553e+00
2.598400053175236923e+00
2.743512853313822664e+00
2.788101014741318995e+00
2.721737917010348173e+00
2.535827830473686983e+00
2.224443538926733410e+00
1.785288853116538732e+00
1.220760312083107202e+00
5.390604695709209082e-01
-2.447128366945279243e-01
-1.107610658942156157e+00
-2.018158207701194140e+00
-2.936148350196901458e+00
-3.813087779910718123e+00
-4.593274923351678751e+00
-5.216825084885400088e+00
-5.625015693225634550e+00
-5.767270143740146793e+00
-5.608292706389709892e+00
-5.134572409769309509e+00
-4.359694574138332612e+00
-3.327507910894803356e+00
-2.112259528977598499e+00
-8.150400192876660066e-01
4.437303675439148165e-01
1.535520602217422148e+00
2.337757609025598260e+00
2.749293156147301520e+00
2.705328205686456489e+00
2.189579497324958268e+00
1.241505122287851481e+00
-4.319955876676329076e-02
-1.519865487993957265e+00
-3.009844416389113597e+00
-4.321979626673931207e+00
-5.278090841899373942e+00
-5.739038468512003277e+00
-5.627402255506458673e+00
-4.942881568548160409e+00
-3.767270687133351448e+00
-2.257239811129641005e+00
-6.249942980529760161e-01
8.910839592885841931e-01
2.061832745988990023e+00
2.703397804635866652e+00
2.708113328013325383e+00
2.064710424198779926e+00
8.638254598754859792e-01
-7.129598764437437008e-01
-2.419578586666336850e+00
-3.983723003747436486e+00
-5.150903568910484509e+00
-5.727034276239168165e+00
-5.612176549613884902e+00
-4.819311726714280653e+00
-3.474408653883644504e+00
-1.797219368224092895e+00
-6.562167542159280664e-02
1.430682356070982486e+00
2.439271775200112735e+00
2.788405364737794212e+00
2.417051174138692637e+00
1.386129188422152492e+00
-1.311958500050249832e-01
-1.878650131647113586e+00
-3.560447824772159375e+00
-4.891804722603188438e+00
-5.647586760993663191e+00
-5.700641142471237544e+00
-5.043191017019028166e+00
-3.787673561392025601e+00
-2.147017677019475546e+00
-3.979371629018382261e-01
1.166279847023861560e+00
2.285279027767595394e+00
2.774976080035654658e+00
2.557464441586470461e+00
1.672678262487004908e+00
2.702032400360243614e-01
-1.416974399635863691e+00
-3.111996519862179511e+00
-4.540064938922994564e+00
-5.473039610129880828e+00
-5.765429736566748176e+00
-5.376161433291036573e+00
-4.373026675391189499e+00
-2.919644605232109669e+00
-1.247594713247654141e+00
3.813476390613390610e-01
1.716570953974225766e+00
2.556981275824663502e+00
2.780511229530944650e+00
2.360587900364320646e+00
1.367572840929251576e+00
-4.441614571470053896e-02
-1.662693370458453446e+00
-3.248921619201742050e+00
-4.574546067737339072e+00
-5.453443067707000935e+00
-5.767180854852128391e+00
-5.479620602491859671e+00
-4.639307074354929838e+00
-3.369928120776990887e+00
-1.850788283616700447e+00
-2.905176319927977868e-01
1.102027853526546863e+00
2.145583648825351020e+00
2.709357443843282365e+00
2.728218802115220054e+00
2.208645181368172672e+00
1.225188062885333107e+00
-9.153182595179054637e-02
-1.573275026152190614e+00
-3.036379474336093232e+00
-4.304724701514141216e+00
-5.230605770712886127e+00
-5.711122762245834039e+00
-5.698410575019629221e+00
-5.202894912980023712e+00
-4.289645142906753250e+00
-3.068694521600966230e+00
-1.680826359591044428e+00
-2.807242400796499116e-01
9.804681029772064349e-01
1.971227751933347427e+00
2.592729024301605900e+00
2.787726791648898139e+00
2.544601595603315669e+00
1.896483361293013647e+00
9.158885761157855576e-01
-2.942702543641766422e-01
-1.612148577142648254e+00
-2.909602610911571574e+00
-4.064681011946467137e+00
-4.972789660650002830e+00
-5.555571362708992211e+00
-5.766839473395839022e+00
-5.595235044689799153e+00
-5.063605958753345959e+00
-4.225403036738074825e+00
-3.158628531659317229e+00
-1.958041138501799949e+00
-7.264116173629301398e-01
4.343647348317842827e-01
1.431550460005601710e+00
2.188609939896339451e+00
2.650537809744506479e+00
2.787173864675296375e+00
2.594391767244875080e+00
2.093224409225262761e+00
1.327141809577879972e+00
3.578185601684997774e-01
-7.401886044228843664e-01
-1.885388562489790809e+00
-2.995458699403757308e+00
-3.993061490055834994e+00
-4.810990440781262478e+00
-5.396339296975157573e+00
-5.713479933448320836e+00
-5.745731375447752143e+00
-5.495697813353599415e+00
-4.984341165139829499e+00
-4.248928896511860565e+00
-3.340057050340969003e+00
-2.317989833240960085e+00
-1.248580088898564533e+00
-1.990401865714883645e-01
7.661776656928940277e-01
1.589154278066683634e+00
2.221745173265261553e+00
2.628138327460864954e+00
2.786611071129927009e+00
2.690422988408691207e+00
2.347831147269523466e+00
1.781261258221235266e+00
1.025711372369093155e+00
1.265016957022830901e-01
-8.634863942557278182e-01
-1.886917986508978018e+00
-2.885282751741988783e+00
-3.802164491230524579e+00
-4.586329121372957118e+00
-5.194472419312708311e+00
-5.593490492249744150e+00
-5.762163637935929117e+00
-5.692176569362370486e+00
-5.388433259503260686e+00
-4.868661211866666783e+00
-4.162336052967988920e+00
-3.308991301095812076e+00
-2.356008440699946860e+00
-1.356007656071153367e+00
-3.639786235132183023e-01
5.656972149668710870e-01
1.382176993678406074e+00
2.040886721652154900e+00
2.505909671380945447e+00
2.751908814263237968e+00
2.765483262310249213e+00
2.545887717532416605e+00
2.105076622261610630e+00
1.467069469427059403e+00
6.666688769451698526e-01
-2.524031818539120842e-01
-1.239854867990841436e+00
-2.241537466075671503e+00
-3.202379571223478383e+00
-4.069387217635290988e+00
-4.794549644769183772e+00
-5.337493654657344599e+00
-5.667741065562022840e+00
-5.766443177485401250e+00
-5.627492583254245062e+00
-5.257944848138585314e+00
-4.677718968680451894e+00
-3.918584269146871968e+00
-3.022480484106000898e+00
-2.039255111161700551e+00
-1.023935631480129338e+00
-3.368196165550507715e-02
8.754151556486831076e-01
1.651512514821829036e+00
2.249990283182448092e+00
2.636054058649282883e+00
2.786809762050191264e+00
2.692684945206500036e+00
2.358104898539824745e+00
1.801372818250918328e+00
1.053748073066111068e+00
1.577628234547905350e-01
-8.351377477089435564e-01
-1.867505195914839655e+00
-2.879186426095336593e+00
-3.810823898913286545e+00
-4.607354493285060748e+00
-5.221300070818475803e+00
-5.615651020256578363e+00
-5.766164398636433930e+00
-5.662929848372286301e+00
-5.311097657978542941e+00
-4.730711906239883469e+00
-3.955644813133777138e+00
-3.031683067106397012e+00
-2.013869666385963875e+00
-9.632523726754418369e-01
5.677087641545686125e-02
9.842909892294797736e-01
1.762677353247143586e+00
2.344083370832102720e+00
2.692447037407700972e+00
2.785793752371215515e+00
2.617689340113244167e+00
2.197742451277562292e+00
1.551114043343727822e+00
7.170538779217356939e-01
-2.534540390702080259e-01
-1.300797444693389648e+00
-2.360404029867218867e+00
-3.366744613273881193e+00
-4.257420170683646532e+00
-4.977073771229940213e+00
-5.480877395644244032e+00
-5.737368944515411684e+00
-5.730454898858736712e+00
-5.460442962454147064e+00
-4.944030641627998435e+00
-4.213258817107890408e+00
-3.313502768702194956e+00
-2.300631394292965481e+00
-1.237517027681107162e+00
-1.901176482001245560e-01
7.766218798716937322e-01
1.602791903444446220e+00
2.237218418261785136e+00
2.640626053721562005e+00
2.788063823144277809e+00
2.670443292144895064e+00
2.295094672482110632e+00
1.685307040054405459e+00
8.788816128189966825e-01
-7.421205706632427734e-02
-1.114931773544896698e+00
-2.178818693726904510e+00
-3.199987514569476943e+00
-4.115204147371350984e+00
-4.867798817363031993e+00
-5.411172718417843086e+00
-5.711681471662689802e+00
-5.750717134612362003e+00
-5.525860012874106886e+00
-5.051028988930369223e+00
-4.355620959720303276e+00
-3.482692450474568435e+00
-2.486295691132942576e+00
-1.428133746660455561e+00
-3.737414505057476966e-01
6.115717082389258152e-01
1.466765773149385499e+00
2.138851300111148213e+00
2.586173007009640923e+00
2.780992624525536971e+00
2.711210738014997457e+00
2.381120611995406477e+00
1.811146851396843171e+00
1.036584580352262197e+00
1.054167250855637672e-01
-9.246558600971555020e-01
-1.989787828710081197e+00
-3.023945219355089975e+00
-3.962998795152104403e+00
-4.748701167296806247e+00
-5.332301041497450989e+00
-5.677570241105302173e+00
-5.763055407883319603e+00
-5.583414228640526389e+00
-5.149752722740609912e+00
-4.488942044824488775e+00
-3.641956572430164130e+00
-2.661335831006813812e+00
-1.607927282305870342e+00
-5.471117761029731241e-01
4.552542527002618744e-01
1.336927989288943852e+00
2.043146856478569973e+00
2.530032199870216214e+00
2.767318293133663065e+00
2.740236703014552244e+00
2.450438445450575653e+00
1.915896112246492144e+00
1.169791541616648889e+00
2.584577034839148357e-01
-7.614976566406759240e-01
-1.826708092880451550e+00
-2.870985829010954227e+00
-3.829435668678955906e+00
-4.642489584460376406e+00
-5.259610945358143219e+00
-5.642437802611349085e+00
-5.767169488917652131e+00
-5.626047834051915331e+00
-5.227840634102714823e+00
-4.597297123975899069e+00
-3.773609222005638753e+00
-2.807974248453088961e+00
-1.760410801282347171e+00
-6.960260075152687742e-01
3.190334501038591952e-01
1.221694439442592373e+00
1.955878555301974409e+00
2.475987300877598329e+00
2.749734427775564871e+00
2.760149325381689334e+00
2.506627060598201506e+00
2.004960119845814237e+00
1.286350381134731435e+00
3.954633786591388311e-01
-6.123534526462433014e-01
-1.674514871651821224e+00
-2.725089463916280152e+00
-3.698896325505649063e+00
-4.535551773850544421e+00
-5.183214442766256091e+00
-5.601796214246052230e+00
-5.765439798518720238e+00
-5.664109543330225094e+00
-5.304198221845012995e+00
-4.708113762054605189e+00
-3.912873305620155229e+00
-2.967793608071779943e+00
-1.931422721168168932e+00
-8.679046669869019404e-01
1.569964593275190445e-01
1.079965955471370531e+00
1.844049369821040951e+00
2.402163059659701894e+00
2.719988195190381486e+00
2.778070709819334017e+00
2.572999316689127181e+00
2.117591078172398333e+00
1.440075545364082998e+00
5.823303533113510788e-01
-4.027204634429177865e-01
-1.454382875419601318e+00
-2.507940350458068401e+00
-3.498640441644342847e+00
-4.365674525797855310e+00
-5.055905996322264784e+00
-5.527118518932525149e+00
-5.750586245887703285e+00
-5.712810225042359136e+00
-5.416316974003310136e+00
-4.879473093424156360e+00
-4.135330282039934247e+00
-3.229574465646987136e+00
-2.217707329820629347e+00
-1.161635031843442079e+00
-1.258744559060891444e-01
8.263900547465472535e-01
1.637158317548492725e+00
2.257139634995986466e+00
2.648737986971538394e+00
2.788317007317384633e+00
2.667609231054761221e+00
2.294186713828815449e+00
1.690967540269911140e+00
8.947914353305805868e-01
-4.584590198305527053e-02
-1.073759422934292163e+00
-2.126560043001331834e+00
-3.140445675828835714e+00
-4.054067363422198866e+00
-4.812236269734932570e+00
-5.369247882620456380e+00
-5.691623816925240220e+00
-5.760107602844357189e+00
-5.570796540471798508e+00
-5.135344294012524458e+00
-4.480225179373706901e+00
-3.645107656593970624e+00
-2.680437968015629835e+00
-1.644381967725063287e+00
-5.993111709519344243e-01
3.919543178131192906e-01
1.269919598833368024e+00
1.981978997779570761e+00
2.485557297466583826e+00
2.750641341278536434e+00
2.761552407060456904e+00
2.517855764928488949e+00
2.034355827719786181e+00
1.340180142609745051e+00
4.770098698386107117e-01
-5.034348915140768321e-01
-1.542502542726948089e+00
-2.578123046569507970e+00
-3.548516005892096814e+00
-4.395872325194079444e+00
-5.069790402399777740e+00
-5.530263184514387476e+00
-5.750039835275380540e+00
-5.716223521388355877e+00
-5.431012639477939885e+00
-4.911543927287068456e+00
-4.188849279955638494e+00
-3.305990558401213697e+00
-2.315485135396539107e+00
-1.276176531876680453e+00
-2.497368258305572297e-01
7.029912978748549257e-01
1.525596147517968237e+00
2.169429538514671574e+00
2.596473986420958280e+00
2.781576351005661696e+00
2.713917524152652749e+00
2.397633127929842622e+00
1.851550421839847527e+00
1.108058742986639089e+00
2.111817542457157248e-01
-7.860334307124396958e-01
-1.824655269598953744e+00
-2.843349280352079234e+00
-3.781996583393771427e+00
-4.585236445220362000e+00
-5.205724638366737267e+00
-5.606916477462407400e+00
-5.765211661284306288e+00
-5.671336137558311563e+00
-5.330880349077425251e+00
-4.763962702263247806e+00
-4.004038610880570559e+00
-3.095925584167094513e+00
-2.093160788454043519e+00
-1.054846630290790177e+00
-4.216990079052651552e-02
8.852008680835901089e-01
1.672628072398655075e+00
2.273721271397354915e+00
2.653067941874882596e+00
2.788318208036854262e+00
2.671500931942864643e+00
2.309493685478409830e+00
1.723618825411752375e+00
9.483892466468999416e-01
2.947738384161979752e-02
-9.789732667817583334e-01
-2.017536111749189232e+00
-3.025001455116704818e+00
-3.941982605534749773e+00
-4.714415810302731380e+00
-5.296747846580199592e+00
-5.654623352155621063e+00
-5.766913307481210893e+00
-5.626964774383216294e+00
-5.242997788702230544e+00
-4.637625506558260113e+00
-3.846525365376024297e+00
-2.916339098940421426e+00
-2.115411257706848680e+00
