4.272269917868406708e+00
5.262193218246739690e+00
6.110884619864285661e+00
6.760196225127399927e+00
7.165729456532559993e+00
7.299855501876551855e+00
7.153579801789692993e+00
6.737126095278463289e+00
6.079203587200151304e+00
5.225010997457254724e+00
4.233117421732549346e+00
3.171436211191491328e+00
2.112569302404664562e+00
1.128841490359383748e+00
2.873642550203410195e-01
-3.545343480998219832e-01
-7.532032278788554081e-01
-8.816217640550423340e-01
-7.312146057033421798e-01
-3.124071470584710575e-01
3.461129599133130341e-01
1.199374875639080074e+00
2.189206754863618709e+00
3.248209093544149884e+00
4.304347438912373924e+00
5.285851421641866388e+00
6.126087163978901629e+00
6.768072812044934494e+00
7.168331968313010449e+00
7.299825389761737782e+00
7.153764317539504702e+00
6.740184903719990572e+00
6.087247223336458291e+00
5.239308615524382873e+00
4.253903767700244032e+00
3.197837485125838874e+00
2.142655552975451627e+00
1.159800538805870751e+00
3.157800630854508128e-01
-3.323263508908165242e-01
-7.407190976228070767e-01
-8.818299146053902859e-01
-7.461748736517406222e-01
-3.429851373740149256e-01
3.004258802647230553e-01
1.140515212992366134e+00
2.120457120060990519e+00
3.173984665246692316e+00
4.229866783138128028e+00
5.216718948039774872e+00
6.067823287247041009e+00
6.725633476224726515e+00
7.145661034957051072e+00
7.299481274489671101e+00
7.176656325380726287e+00
6.785445450528332145e+00
6.152254333554738608e+00
5.319859789671928851e+00
4.344528699552093087e+00
3.292224407632704963e+00
2.234155368868329106e+00
1.241965343033602842e+00
3.828889255536078728e-01
-2.848009975553709161e-01
-7.157463977340032812e-01
-8.805901710732291221e-01
-7.679852840712055873e-01
-3.853892246088030937e-01
2.414125126940440680e-01
1.070024671382150849e+00
2.044289178554442366e+00
3.098071298802707041e+00
4.159731526417997927e+00
5.156982589381051696e+00
6.021803837722777608e+00
6.695080150953740983e+00
7.130649773295361982e+00
7.298484123717715377e+00
7.186780147264765439e+00
6.802818413096439087e+00
6.172523125068352101e+00
5.338747970948944044e+00
4.358398414517175468e+00
3.298580778110492329e+00
2.232036129513996325e+00
1.232167960654117156e+00
3.679975395657915094e-01
-3.006080514108790958e-01
-7.271046158139737869e-01
-8.815446594231541866e-01
-7.527235534795213567e-01
-3.490408820426185166e-01
3.019927946462530599e-01
1.155580220358989330e+00
2.152676397092196936e+00
3.224039972861827863e+00
4.295022022264220141e+00
5.290762756860289073e+00
6.141434768938564659e+00
6.787164562223288122e+00
7.182283217834959821e+00
7.298601111407322151e+00
7.127467862947856503e+00
6.680462748683526186e+00
5.988656861317767977e+00
5.100489634201741396e+00
4.078401714500559549e+00
2.994456374381217145e+00
1.925256035907597196e+00
9.465134576105360686e-01
1.276645786475114619e-01
-4.730903520769471626e-01
-8.129591926997763451e-01
-8.676404509497102069e-01
-6.330898032172038725e-01
-1.258387484387859523e-01
6.181619141575058762e-01
1.546093985926464631e+00
2.592037574653361709e+00
3.681680166396123610e+00
4.737629337702823129e+00
5.684944915831701806e+00
6.456490150286002816e+00
6.997714727112217759e+00
7.270524303022422252e+00
7.255958559263951280e+00
6.955487538836347738e+00
6.390837644137984164e+00
5.602366494958697096e+00
4.646111778075075804e+00
3.589735324691817997e+00
2.507662775383720621e+00
1.475775510119633260e+00
5.660409861573914014e-01
-1.585317281963347646e-01
-6.482523609491073202e-01
-8.701209894980772575e-01
-8.099817605327004344e-01
-4.733213689608728458e-01
1.153252457838180867e-01
9.143006865990046528e-01
1.867920681744491107e+00
2.910494604945069508e+00
3.970968487690873516e+00
4.977851591169747181e+00
5.864076616697753153e+00
6.571458171766723311e+00
7.054452172034542556e+00
7.282976777358014964e+00
7.244128250043520900e+00
6.942706932286553112e+00
6.400553126369764811e+00
5.654773883955629188e+00
4.755013978334797109e+00
3.759982986954262696e+00
2.733492013329575698e+00
1.740276090030418388e+00
8.418811534650560979e-01
9.287850603992042764e-02
-4.623630150170381370e-01
-7.921632255034278813e-01
-8.791471947677962362e-01
-7.209257224546230525e-01
-3.298355918483726335e-01
2.682051996122321036e-01
1.035619544496473310e+00
1.925720272475994310e+00
2.885704947628048078e+00
3.859897513709450223e+00
4.793033519514220409e+00
5.633394008336129133e+00
6.335612832253252336e+00
6.863011148101677783e+00
7.189348730715305891e+00
7.299921825014896726e+00
7.191978829259804584e+00
6.874465563679191149e+00
6.367148918545864511e+00
5.699199379428129930e+00
4.907337861696305481e+00
4.033669542578884659e+00
3.123336578973666899e+00
2.222122867867680984e+00
1.374137916320586905e+00
6.196943826987904025e-01
-6.523847707098795468e-03
-4.769276790638481422e-01
-7.720713364988256444e-01
-8.812564676558443111e-01
-8.026889576779279167e-01
-5.432079290077247435e-01
-1.176259601371616448e-01
4.522644047357844421e-01
1.138950769297875087e+00
1.910652785547557686e+00
2.732887512422150778e+00
3.570070447712471395e+00
4.387078623836939251e+00
5.150709420566967012e+00
5.830978455877700029e+00
6.285141889863798070e+00
6.710634106558695855e+00
6.997115479022188111e+00
7.136236033962360281e+00
7.125573721699032248e+00
6.968462320443471469e+00
6.673605470042813792e+00
6.254506866141699817e+00
5.728751612659065628e+00
5.117176795925447053e+00
4.442970573569702708e+00
3.730738603963057010e+00
3.005574674062329255e+00
2.292169152932043374e+00
1.613984669155816620e+00
9.925234580415036589e-01
4.467054220950812393e-01
-7.629644817237046794e-03
-3.580877662643224824e-01
-5.959518160075658599e-01
-7.162801352954639711e-01
-7.178793052071852365e-01
-6.031612978797507019e-01
-3.778981670166849938e-01
-5.088963211557961941e-02
3.664396325294956291e-01
8.604954421144954679e-01
1.416004618318513097e+00
2.016523401629128021e+00
2.644947564355852876e+00
3.284009422308509230e+00
3.916748653012880776e+00
4.526945763645212395e+00
5.099509124708710317e+00
5.620808614513231660e+00
6.078951031925249993e+00
6.463994467656879017e+00
6.768100725254857508e+00
6.985626610564176886e+00
7.113156432232714543e+00
7.149479355544589687e+00
7.095516316805444923e+00
6.954202033460772370e+00
6.730328241308177972e+00
6.430354665945399617e+00
6.062194407294503762e+00
5.634980403710228458e+00
5.158819468445784651e+00
4.644540080272685501e+00
4.103439686571825007e+00
3.547036765743448061e+00
2.986832319918264478e+00
2.434084850821161883e+00
1.899602231495250537e+00
1.393553242498727585e+00
9.253009088462724741e-01
5.032591666220227467e-01
1.347738166310925578e-01
-1.739718049149669987e-01
-4.180264857398352518e-01
-5.937165966190831590e-01
-6.986681861974055607e-01
-7.318068566164761535e-01
-6.933368182202004348e-01
-5.847007209034136288e-01
-4.085220082606224601e-01
-1.685316424860796580e-01
1.305188925553872892e-01
4.829563806781056456e-01
8.822945361757805749e-01
1.321350658844703929e+00
1.792368459993304297e+00
2.287145315536755152e+00
2.797162292308352338e+00
3.313715392108613766e+00
3.828046560785185903e+00
4.331473113222374494e+00
4.815514326370196052e+00
5.272014048666832764e+00
5.693258263152982224e+00
6.072086621459822808e+00
6.401997035345713627e+00
6.677242470688170783e+00
6.892919135402850728e+00
7.045045287703137760e+00
7.130629914951682302e+00
7.147730547068114504e+00
7.095499473512219879e+00
6.974217631217960900e+00
6.785315424981966714e+00
6.531379734714315433e+00
6.216146359193281512e+00
5.844477147651302218e+00
5.422321083360987615e+00
4.956658612679037290e+00
4.455428564600988572e+00
3.927437086198758198e+00
3.382248135243952625e+00
2.830055230158378343e+00
2.281534366719549567e+00
1.747678278290239140e+00
1.239612549126064556e+00
7.683944953935561983e-01
3.447962117500731338e-01
-2.092625299435901809e-02
-3.192743493057084159e-01
-5.417558385513117081e-01
-6.811444997367237519e-01
-7.317411236271817998e-01
-6.896268402470266956e-01
-5.529004039542404492e-01
-3.218900190568283470e-01
6.705892302165672447e-04
4.095127904741873159e-01
8.967615935578097108e-01
1.451933256120562232e+00
2.062012482011335024e+00
2.711618523901081712e+00
3.383267633634573723e+00
4.057736701972184612e+00
4.714529570520029189e+00
5.332443385398285329e+00
5.890227542335908950e+00
6.367322347138649086e+00
6.744658645108627226e+00
7.005493585217175578e+00
7.136251675122371907e+00
7.127334713287648782e+00
6.973859475291060761e+00
6.676278648998016152e+00
6.240838948078049064e+00
5.679831071770648165e+00
5.011589667190626152e+00
4.260208052485303654e+00
3.454942408159624723e+00
2.629293492833244983e+00
1.819770512296166265e+00
1.064361118363118752e+00
4.007528839060570114e-01
-1.356260790527605842e-01
-5.136578019249626870e-01
-7.085670825641439130e-01
-7.038108254554837906e-01
-4.926889038347468386e-01
-7.953916915195424764e-02
5.196134739330977581e-01
1.277065983829251294e+00
2.154186755060030656e+00
3.102947946546068536e+00
4.068232104553375805e+00
4.990846358888441081e+00
5.811114937693840687e+00
6.472858437458629766e+00
6.927511569918474166e+00
7.138085899994586647e+00
7.082656387897984018e+00
6.757045866722650729e+00
6.176404301338678238e+00
5.375432352906883260e+00
4.407081545906572195e+00
3.339673391779736988e+00
2.252511127574350347e+00
1.230201019562845666e+00
3.560433449978948062e-01
-2.950180085019136200e-01
-6.632990414375861121e-01
-7.104886746049885460e-01
-4.243288322242722010e-01
1.787152529884186158e-01
1.053238647371931069e+00
2.127383195186087761e+00
3.308030432999125026e+00
4.488428717385300359e+00
5.557702460028152380e+00
6.411438052061531501e+00
6.962346354082268540e+00
7.149895236642096918e+00
6.947810937370922701e+00
6.368477101782647587e+00
5.463515065273215399e+00
4.320192693245646254e+00
3.053750920845647254e+00
1.796212374914043508e+00
6.826907670924766691e-01
-1.634051096966699923e-01
-6.446378937011330024e-01
-7.015807205330286678e-01
-3.210714441519710860e-01
4.605294851959373936e-01
1.559762953788005335e+00
2.854207988709296373e+00
4.195653782699111822e+00
5.426954765774320677e+00
6.400668261983947005e+00
6.997235239592495049e+00
7.140396290540685698e+00
6.807766307909256298e+00
6.035012030884670864e+00
4.912835089961568258e+00
3.576870608068324131e+00
2.235495688964599381e+00
1.028271378209427933e+00
9.200918173403893618e-02
-4.531669240170561608e-01
-5.356740405535553862e-01
-1.424032536953765415e-01
6.788236540566159327e-01
1.824744582382810343e+00
3.149502067913963810e+00
4.483244712493655193e+00
5.654082294401204578e+00
6.510504552348876928e+00
6.941277181680376884e+00
6.890141542236433381e+00
6.363327492163280752e+00
5.428849212917524980e+00
4.207659500032838729e+00
2.857835380372470091e+00
1.553904766142746752e+00
4.640708022292439061e-01
-2.716403911571352303e-01
-5.594261087272216493e-01
-3.635970306548292896e-01
2.891966143684987500e-01
1.313875173218339798e+00
2.578365762233025382e+00
3.920971522056600822e+00
5.171328744608989503e+00
6.172181086925439431e+00
6.799150006704177684e+00
6.976002595629735126e+00
6.683558641989183258e+00
5.961243512167792247e+00
4.901261200510272253e+00
3.636302426530657161e+00
2.322494508430426929e+00
1.119846105306854245e+00
1.726803536083831858e-01
-4.075334503876733017e-01
-5.549218014880357153e-01
-2.561140025217345517e-01
4.493272322011221398e-01
1.474781215652143151e+00
2.697826778657820945e+00
3.975352228016735268e+00
5.160596685412957463e+00
6.120059900407722964e+00
6.748328227822867120e+00
6.979199298911444416e+00
6.791993588787502034e+00
6.212547323004971034e+00
5.309010634872381118e+00
4.183153019721316035e+00
2.958341829269386380e+00
1.765663713777958055e+00
7.297802815650027419e-01
-4.395276399820913227e-02
-4.797988784176507870e-01
-5.384335049803850026e-01
-2.196932355879690490e-01
4.387866410606697798e-01
1.366683968674839544e+00
2.469127323587054779e+00
3.636875647113084753e+00
4.757416018542707903e+00
5.725839891942449356e+00
6.454457708314592423e+00
6.880306695150641971e+00
6.969968992079286885e+00
6.721414994009904831e+00
6.162887588765761038e+00
5.349117331944073683e+00
4.355382676329190517e+00
3.270086625510085110e+00
2.186603226350055884e+00
1.195153806166276755e+00
3.754105990148888239e-01
-2.095931416860326024e-01
-5.178259928045902960e-01
-5.306540379716384592e-01
-2.532134507644459021e-01
2.871242864817946661e-01
1.043933105116951143e+00
1.956187434089834420e+00
2.953550852717733655e+00
3.962030537216760795e+00
4.909542557177180022e+00
5.730980289764371349e+00
6.372452215274577725e+00
6.794447300110559418e+00
6.973786879479657586e+00
6.904322691703478121e+00
6.596433855306006677e+00
6.075455042329908295e+00
5.379229632226087077e+00
4.555022877012532945e+00
3.656050533566547855e+00
2.737879087376189347e+00
1.854936961657891903e+00
1.057345267002897771e+00
3.882355465737070688e-01
-1.183253464040854297e-01
-4.387327175357378373e-01
-5.605416986665354706e-01
-4.824871309789902085e-01
-2.138853631568147229e-01
2.264926680023511274e-01
8.119668509780217924e-01
1.509789661660035254e+00
2.283158684697306207e+00
3.093278420114081495e+00
3.901360328655106624e+00
4.670465360589568071e+00
5.367111841641964531e+00
5.962592058297651931e+00
6.433961809745941451e+00
6.764687371516354908e+00
6.944952764923123745e+00
6.971646208971030489e+00
6.848057656547721805e+00
6.583329128351264714e+00
6.191706110675291086e+00
5.691641710138154231e+00
5.104805834828040290e+00
4.455049775771387388e+00
3.767372639806312318e+00
3.066930611170346488e+00
2.378123472239265013e+00
1.723785648546276583e+00
1.124501671818409765e+00
5.980587339841112460e-01
1.590422278193632799e-01
-1.814259380615164119e-01
-4.158117413952546748e-01
-5.401660107631056640e-01
-5.540071847940959415e-01
-4.601055271121428092e-01
-2.641859752941315698e-01
2.543251425713455305e-02
3.982433139949606016e-01
8.419870251498426938e-01
1.343098962106621608e+00
1.887154807667545287e+00
2.459301846750019394e+00
3.044665168121652776e+00
3.628720272301320549e+00
4.197625557571441846e+00
4.738510108097673701e+00
5.239714025586923896e+00
5.690980189602850459e+00
6.083597775180471956e+00
6.410499084763774391e+00
6.666312259669442852e+00
6.847373227506706073e+00
6.951700826196665517e+00
6.978939437506224586e+00
6.930273682063930352e+00
6.808319794754547516e+00
6.616998236482984908e+00
6.361391928100696092e+00
6.047594236790512667e+00
5.682550525241896189e+00
5.273896708744603146e+00
4.829797872179387497e+00
4.358790498316011508e+00
3.869632859928464619e+00
3.371159345786202799e+00
2.872140650891656488e+00
2.381151819452170582e+00
1.906449121645943823e+00
1.455856566769335059e+00
1.036662698149649398e+00
6.555281778042210128e-01
3.184045494251503960e-01
3.046446486345510962e-02
-2.039564302685326069e-01
-3.814058341868968860e-01
-4.993493005297517939e-01
-5.561929360365009956e-01
-5.512943525080125085e-01
-4.849619941846592397e-01
-3.584430132801017521e-01
-1.738999183331468856e-01
6.562372622906620379e-02
3.562482141141112280e-01
6.933128286229859327e-01
1.071440729489581134e+00
1.484613061613823781e+00
1.926251674927814905e+00
2.389309761494928797e+00
2.866369627181915458e+00
3.349746721423601858e+00
3.831598950584238050e+00
4.304040199373080355e+00
4.759256882214330631e+00
5.189626244197991234e+00
5.587835031401120034e+00
5.946997055395150333e+00
6.260768089380106538e+00
6.523456456595871700e+00
6.553126105903293031e+00
6.692331350389517652e+00
6.771478286368315835e+00
6.788551450822327027e+00
6.742561236081405340e+00
6.633589659918042614e+00
6.462820622669994464e+00
6.232553261361273300e+00
5.946197173248840784e+00
5.608248483581137478e+00
5.224245975721298230e+00
4.800706786465843479e+00
4.345041494670239146e+00
3.865448795408912286e+00
3.370790351800616147e+00
2.870446847960046455e+00
2.374156723468148655e+00
1.891839544959144526e+00
1.433406455023580994e+00
1.008560622220267433e+00
6.265910866658197520e-01
2.961638401686070843e-01
2.511438370956353694e-02
-1.797536471806222558e-01
-3.128589230449341230e-01
-3.700168740101834608e-01
-3.485930207831802186e-01
-2.476300856142099605e-01
-6.794395790223362042e-02
1.878160922159395341e-01
5.151470843039547276e-01
9.077153773662534064e-01
1.357425793334483100e+00
1.854538546652522601e+00
2.387834597236127898e+00
2.944828790370005223e+00
3.512028775542250347e+00
4.075236234382959566e+00
4.619885430135934890e+00
5.131412558501078358e+00
5.595647879477183118e+00
5.999221194689640768e+00
6.329969961613066687e+00
6.577338265009326612e+00
6.732754057752672772e+00
6.789971597932829006e+00
6.745365903081622427e+00
6.598166365712154757e+00
6.350617468090522522e+00
6.008055827147547490e+00
5.578894606446810123e+00
5.074508646997085926e+00
4.509016467867393629e+00
3.898958524026841843e+00
3.262874711806377448e+00
2.620787986765537703e+00
1.993604985622565273e+00
1.402448582152358458e+00
8.679411961766154704e-01
4.094612395421597384e-01
4.439813850825702346e-02
-2.125662689880671863e-01
-3.501206815779651649e-01
-3.609019118841443330e-01
-2.419581260840715231e-01
4.929179573140540782e-03
3.730879947549530229e-01
8.509821766535563548e-01
1.422434109310649175e+00
2.067049111848450416e+00
2.760838843139906906e+00
3.477032013905662744e+00
4.187051406889334082e+00
4.861626922329341127e+00
5.472005559617304726e+00
5.991211399872538479e+00
6.395302263185492109e+00
6.664565260750304532e+00
6.784591387806212737e+00
6.747169980000814249e+00
6.550947555262182753e+00
6.201802428648675480e+00
5.712896507995663953e+00
5.104378668321698953e+00
4.402729690659339390e+00
3.639756373437621928e+00
2.851261335773885630e+00
2.075434322503560303e+00
1.351029449843945462e+00
7.154096717549061069e-01
2.025536449393499083e-01
-1.588699922253171692e-01
-3.472511399106288366e-01
-3.495008793166229921e-01
-1.621271030485766929e-01
2.081638089820763149e-01
7.444055426201927617e-01
1.419890364471149136e+00
2.199275962393659078e+00
3.040254253443086974e+00
3.895719588642528208e+00
4.716338249639854041e+00
5.453388644323419854e+00
6.061714595879573508e+00
6.502614911959795130e+00
6.746483072471501252e+00
6.775012988335980424e+00
6.582801340546884816e+00
6.178204224200645633e+00
5.583345038072120126e+00
4.833220190592029120e+00
3.973906730621856731e+00
3.059938106689134241e+00
2.150976872610956381e+00
1.307971788736594698e+00
5.890367417312658560e-01
4.532571511627114802e-02
-2.828022817785638132e-01
-3.690349371340038154e-01
-2.035041410747764346e-01
2.058968141841810429e-01
8.334368334755457575e-01
1.636788783147094195e+00
2.559571119176441645e+00
3.535069380493186308e+00
4.490917464721114527e+00
5.354428385099044618e+00
6.058192087266213832e+00
6.545511389601266217e+00
6.775232259466919871e+00
6.725545383321934523e+00
6.396393574250971881e+00
5.810212151473999498e+00
5.010851958143512697e+00
4.060678986297395987e+00
3.035999799841708313e+00
2.021115273556041814e+00
1.101442800710548120e+00
3.562554610758090767e-01
-1.483464373078624554e-01
-3.655998851174109276e-01
-2.727882891185786640e-01
1.259993580071419039e-01
7.994046790576008199e-01
1.690785681973459464e+00
2.722587912987202596e+00
3.802810109914573466e+00
4.833059670837245747e+00
5.717514042280404496e+00
6.371979549981448443e+00
6.732185458827681046e+00
6.760478556628612523e+00
6.450195318455353544e+00
5.827179388945786798e+00
4.948167873274356587e+00
3.896069117527400927e+00
2.772469478813961885e+00
1.688005486220008233e+00
7.514885419203718442e-01
5.884239405071944873e-02
-3.170143517194001781e-01
-3.342516376393223076e-01
1.275053284557392530e-02
6.919009442505212881e-01
1.635819867963970831e+00
2.748081943963462948e+00
3.912757819804483450e+00
5.006350334826489501e+00
5.910917928391794085e+00
6.526993179289304337e+00
6.784865678975783965e+00
6.652918611389196712e+00
6.141982792891438336e+00
5.305077704201580424e+00
4.232406687529358003e+00
3.042010265873527075e+00
1.866996942713420982e+00
8.407032483913741139e-01
8.142885232134267071e-02
-3.214937628142666703e-01
-3.186249944733821060e-01
9.303891050781576411e-02
8.688143668873049563e-01
1.920680737830881224e+00
3.126881779141754247e+00
4.345782149646834291e+00
5.432432890992434871e+00
6.255917466102939528e+00
6.715390194309625471e+00
6.752811343518557052e+00
6.360726956470380777e+00
5.584004024775867769e+00
4.515150855775393879e+00
3.283643535365625699e+00
2.040444415322317351e+00
9.395387816812532655e-01
1.187444636177419355e-01
-3.177968456128481556e-01
-3.131881067394393092e-01
1.344073731824173557e-01
1.100774728396373359e+00
2.156927671991057061e+00
3.348447833559082820e+00
4.524023477512184144e+00
5.533190726276361104e+00
6.245725315190174598e+00
6.568677759404031313e+00
6.458788649028801565e+00
5.928585292542100760e+00
5.045263335302674790e+00
3.922395500140402280e+00
2.705461278158451499e+00
1.553028352048341443e+00
6.160233570507815948e-01
1.781956356750047377e-02
-1.622031424885235218e-01
1.005982807157681513e-01
7.725699267898420430e-01
1.765922760537070646e+00
2.950122167061685285e+00
4.169033624663148530e+00
5.261565144386517012e+00
6.083058962113823576e+00
6.524566275188227849e+00
6.527409111728832869e+00
6.091058580757373164e+00
5.273255225616036768e+00
4.182343284496337965e+00
2.962843252138189332e+00
1.776201668513947451e+00
7.793077428231574011e-01
1.036639108494918915e-01
-1.619986247195006612e-01
1.665636352898758332e-02
6.152350209268564463e-01
1.554104245101538329e+00
2.709189418465742794e+00
3.928582959388340345e+00
5.052702593728763070e+00
5.935287218737848036e+00
6.462438596355930542e+00
6.567214354064548232e+00
6.237905517904238195e+00
5.518999197808732937e+00
4.504812221605556388e+00
3.326749124924393008e+00
2.135958136121073103e+00
1.083725117208446775e+00
3.021885966437345417e-01
-1.121444841185903485e-01
-1.100287897173255480e-01
3.051176703590647854e-01
1.078570718377128035e+00
2.112054937195956494e+00
3.276734903128945664e+00
4.429659845423350895e+00
5.431509322267579876e+00
6.163406350218316732e+00
6.540767963340170965e+00
6.522611157361318135e+00
6.115355280390676995e+00
5.370872636204241601e+00
4.379244100365974113e+00
3.257289229555923704e+00
2.134391122908937177e+00
1.137380297386735073e+00
3.762626598571077174e-01
-6.761376768639459911e-02
-1.497237853736983482e-01
1.338830751825401677e-01
7.474485534190611347e-01
1.620666085738490247e+00
2.657354975210212356e+00
3.746528276029768456e+00
4.774542125605012899e+00
5.636979189829252057e+00
6.249032462704175117e+00
6.553393494602488545e+00
6.524975255369572125e+00
6.172171900407425582e+00
5.534732263437371458e+00
4.678661329409171898e+00
3.688832364493493721e+00
2.660170284278744912e+00
1.688344276538336297e+00
8.608860794904629188e-01
2.495410435989771081e-01
-9.551874537289517519e-02
-1.492124878455416415e-01
8.736566412882496024e-02
5.882275849621638741e-01
1.305859546058883547e+00
2.176237428355276116e+00
3.124939695039581355e+00
4.073759492158706585e+00
4.947224948647287235e+00
5.678494940613486364e+00
6.214195728074204617e+00
6.517889101906572336e+00
6.572001275773938112e+00
6.378180493789411543e+00
5.956178573716004898e+00
5.341458153705112011e+00
4.581806933728324260e+00
3.733289418892598022e+00
2.855885204182770476e+00
2.009152849222135551e+00
1.248224043059510846e+00
6.203796016643474687e-01
1.623931622479921622e-01
-1.012433427138894615e-01
-1.591702088215680710e-01
-1.311097913185355068e-02
3.229940846648426955e-01
8.245448131388855018e-01
1.458369398544329343e+00
2.185167896670466625e+00
2.962130836754334418e+00
3.745560924654907975e+00
4.493343835621074867e+00
5.167139531698399679e+00
5.734195792569428463e+00
6.168718167280228037e+00
6.452763013335271580e+00
6.576650710086902052e+00
6.538922957718186879e+00
6.345890199686115452e+00
6.010831986975119889e+00
5.552924310036859268e+00
4.995973699178374972e+00
4.367038675281890825e+00
3.695015581748039235e+00
3.009258753285296795e+00
2.338295259384022717e+00
1.708682991733516676e+00
1.144048493877976913e+00
6.643284220517111649e-01
2.852265292555751230e-01
1.788710099966150935e-02
-1.312237748750759714e-01
-1.602455997260987530e-01
-7.168209569053818342e-02
1.279820723341789090e-01
4.287770996980313498e-01
8.178260426811641004e-01
1.279975140842009917e+00
1.798448199950416493e+00
2.355499306846219998e+00
2.933041350300461758e+00
3.513231458756315373e+00
4.078998320542978284e+00
4.614500235212742218e+00
5.105506496936977889e+00
5.539698205517754381e+00
5.906887742682450870e+00
6.199158876501462245e+00
6.410931728338967517e+00
6.538958642245749964e+00
6.582258344086843849e+00
6.541996691217960347e+00
6.421322829794761766e+00
6.225169741051002958e+00
5.960028020571891183e+00
5.633701348474464687e+00
5.255051526070008805e+00
4.833740226466838763e+00
4.379973779474422457e+00
3.904256427190850864e+00
3.417156582519981889e+00
2.929089729620442561e+00
2.450120748232161194e+00
1.989787642697555370e+00
1.556947925875702854e+00
1.159648257820793837e+00
8.050173747515403377e-01
4.991818675235784042e-01
2.472039796174625437e-01
5.304028925853465637e-02
-8.048008650413507326e-02
-1.516592826480547274e-01
-1.599180789601026831e-01
-1.057685352911685861e-01
9.226504977772442828e-03
1.825054724144044016e-01
4.105699400830928880e-01
6.890496021270684501e-01
1.012770940602945480e+00
1.375836487484836113e+00
1.771713533198721935e+00
2.193331958280876570e+00
2.633190757838612228e+00
3.083472610407393510e+00
3.536165594292233205e+00
3.983190883538281657e+00
4.416534971625731387e+00
4.828384684390442771e+00
5.211262966256710705e+00
5.558163168178045233e+00
5.862679344830828754e+00
5.924822247768486427e+00
