-2.159056691477344359e+00
-2.006608837463484729e+00
-1.853027951526033945e+00
-1.704265617897895657e+00
-1.567439328209289773e+00
-1.450605946261916079e+00
-1.362371416184881445e+00
-1.311322326622250234e+00
-1.305282619126854282e+00
-1.350423297153776181e+00
-1.450283403269827076e+00
-1.604794165601251432e+00
-1.809430647647516599e+00
-2.054640298210009597e+00
-2.325708046914825022e+00
-2.603205303719914099e+00
-2.864128927550108727e+00
-3.083762657056066114e+00
-3.238189640670595892e+00
-3.307259553059410884e+00
-3.277683916325510705e+00
-3.145817256379899618e+00
-2.919619943699769848e+00
-2.619337299107352912e+00
-2.276530035921922490e+00
-1.931281038050956189e+00
-1.627675316199466593e+00
-1.407967448359810581e+00
-1.306163349195553991e+00
-1.341988386523488286e+00
-1.516327697478029535e+00
-1.809155123490313599e+00
-2.180689012782925040e+00
-2.576039242860893808e+00
-2.932997796034449323e+00
-3.191974495505390585e+00
-3.306518125242168260e+00
-3.252524915263867999e+00
-3.034231599017204850e+00
-2.685475929295757958e+00
-2.265464036715616025e+00
-1.849305463768875502e+00
-1.514680238665384149e+00
-1.326957548745125948e+00
-1.325660641730429079e+00
-1.515188776643749513e+00
-1.862089142555837462e+00
-2.299981163934609718e+00
-2.741675467541377476e+00
-3.096414978462082246e+00
-3.288861870647966423e+00
-3.275795685094305298e+00
-3.056692522080783903e+00
-2.675457211778585531e+00
-2.212402098011041929e+00
-1.767738966737389728e+00
-1.439886876823608386e+00
-1.303300427267836792e+00
-1.390905484132825665e+00
-1.685426724668404930e+00
-2.122016649576127456e+00
-2.602035116229245659e+00
-3.015164850685682296e+00
-3.264928675174330941e+00
-3.291649996007672385e+00
-3.087279825164578995e+00
-2.698276643979780509e+00
-2.215496878896846766e+00
-1.753188434367243254e+00
-1.421910763600256811e+00
-1.301834065214973579e+00
-1.422949547055003539e+00
-1.757180312705223235e+00
-2.224555399750147267e+00
-2.712172348309290992e+00
-3.101476360655854414e+00
-3.297238939425757742e+00
-3.251090585603399585e+00
-2.973716271855622928e+00
-2.532573659677015421e+00
-2.035570333477017435e+00
-1.604644683202838262e+00
-1.345747573366938621e+00
-1.322663874913318605e+00
-1.541193367681109594e+00
-1.947650167223335060e+00
-2.442077650745016371e+00
-2.902907450434057957e+00
-3.216940469516859746e+00
-3.307211768444244804e+00
-3.151846750450054024e+00
-2.789279216462918320e+00
-2.308606298287184000e+00
-1.827541787921197258e+00
-1.463475551446227430e+00
-1.304800270153538833e+00
-1.389532618504969452e+00
-1.696390251729990695e+00
-2.150374514633503598e+00
-2.641338315714714113e+00
-3.050875040003981908e+00
-3.280910896608516758e+00
-3.277074232345352556e+00
-3.041292372068455485e+00
-2.630758017261347614e+00
-2.143731151696810944e+00
-1.695781511998998292e+00
-1.392281165037191126e+00
-1.303723612904100548e+00
-1.449632126728213510e+00
-1.794664666852229917e+00
-2.257575936184107235e+00
-2.730677645413724264e+00
-3.105056517619034118e+00
-3.295600874163037819e+00
-3.260091640629737775e+00
-3.008135051367989643e+00
-2.598154202340258401e+00
-2.123421695975111767e+00
-1.690563155403874251e+00
-1.395548686914752423e+00
-1.302592825411462263e+00
-1.430561178913780429e+00
-1.749668918708462861e+00
-2.188897416671429674e+00
-2.652195296288909709e+00
-3.039686950986477676e+00
-3.269163808211188904e+00
-3.293245245825489498e+00
-3.108692879085115823e+00
-2.756161410333519690e+00
-2.310753678996538163e+00
-1.865661620111206176e+00
-1.512524682494702510e+00
-1.322669939903515779e+00
-1.333045872753459538e+00
-1.539544277788559290e+00
-1.898792131514941417e+00
-2.337742599162109691e+00
-2.768863531579186521e+00
-3.107707284893043376e+00
-3.289320089824661952e+00
-3.280336999178989910e+00
-3.084591692565902044e+00
-2.741422152169844306e+00
-2.317289833320598902e+00
-1.892570494834688866e+00
-1.546195083394523495e+00
-1.341090146649393411e+00
-1.313072999290970877e+00
-1.465088153484431999e+00
-1.767600934503244181e+00
-2.164807551662872420e+00
-2.585294021480162741e+00
-2.955055635969790373e+00
-3.210482287369254895e+00
-3.309048954891164573e+00
-3.235971137146171017e+00
-3.005874367367598499e+00
-2.659429881121654127e+00
-2.255762278767608375e+00
-1.862098181401045993e+00
-1.542499597134497247e+00
-1.347570566166565342e+00
-1.306757569510788031e+00
-1.424350412244902220e+00
-1.679632729800282664e+00
-2.030946626621155549e+00
-2.422835455220114564e+00
-2.795000718110784987e+00
-3.091607045503559803e+00
-3.269506703075038878e+00
-3.304207354433335020e+00
-3.192818298756684214e+00
-2.953706312943934265e+00
-2.623091733336274878e+00
-2.249244468206221370e+00
-1.885241346549903607e+00
-1.581387541375126604e+00
-1.378379003829162341e+00
-1.302107750968837463e+00
-1.360724821557399711e+00
-1.544226294582865311e+00
-1.826469439925709315e+00
-2.169208396659376703e+00
-2.527500953740873246e+00
-2.855704631604717658e+00
-3.113259551442132178e+00
-3.269540047756715140e+00
-3.307226141608370362e+00
-3.223870468495754871e+00
-3.031582572841713841e+00
-2.754987828674697603e+00
-2.427814570913465531e+00
-2.088600023449421528e+00
-1.776072387713926393e+00
-1.524761773916602170e+00
-1.361323985378497969e+00
-1.301942766333448187e+00
-1.351026555722769640e+00
-9.619707365225353968e-01
-1.352217975352256074e+00
-1.838590898491822445e+00
-2.369456199108887162e+00
-2.890380348932311438e+00
-3.349737966301819192e+00
-3.703708313093152071e+00
-3.920202688071147357e+00
-3.981410990401717420e+00
-3.884818840528268424e+00
-3.642708942351885248e+00
-3.280305666637961970e+00
-2.832837572461169184e+00
-2.341870645765498526e+00
-1.851301994851737964e+00
-1.403400596672347511e+00
-1.035243175994119857e+00
-7.758269537857216402e-01
-6.440560496795106893e-01
-6.477045853832570366e-01
-7.833664183284654303e-01
-1.037317112202705394e+00
-1.387144580812578187e+00
-1.803955034365857024e+00
-2.254932392494936710e+00
-2.706022087515950858e+00
-3.124522249384769079e+00
-3.481393346065578154e+00
-3.753137251913133632e+00
-3.923143814555866804e+00
-3.982452696174469065e+00
-3.929926388596127751e+00
-3.771873340388383511e+00
-3.521195455233435467e+00
-3.196160144797013380e+00
-2.818912912816590843e+00
-2.413852241034032620e+00
-2.005985198810022130e+00
-1.619371116575156977e+00
-1.275743622714375247e+00
-9.933802957834778624e-01
-7.862660885672496658e-01
-6.635733613884513549e-01
-6.294593979336156053e-01
-6.831629270665624531e-01
-8.193653401150635673e-01
-1.028770511826530232e+00
-1.298849597230582464e+00
-1.614693775453420965e+00
-1.959918286539779286e+00
-2.317564714918560309e+00
-2.670954649422740523e+00
-3.004455872532763916e+00
-3.304131375427714179e+00
-3.558251078041277715e+00
-3.757655550351506335e+00
-3.895969780708782082e+00
-3.969672733207526782e+00
-3.978034812914800877e+00
-3.922940264922624376e+00
-3.808614925689444597e+00
-3.641281668243895986e+00
-3.428766454337211833e+00
-3.180077298015180354e+00
-2.904976862842533869e+00
-2.613567083389680246e+00
-2.315901347338110927e+00
-2.021636614344006766e+00
-1.739734578453153713e+00
-1.478217772473141789e+00
-1.243983504489211578e+00
-1.042675815209267665e+00
-8.786133242933502618e-01
-7.547689381482243220e-01
-6.727959375858563185e-01
-6.330939448086472243e-01
-6.349076602176153550e-01
-6.764510211671102002e-01
-7.550495178438119126e-01
-8.672937510225391389e-01
-1.009197875465915661e+00
-1.176357284931474734e+00
-1.364100707076975727e+00
-1.567632740947528358e+00
-1.782163744311141329e+00
-2.003024827884027026e+00
-2.225766512736026659e+00
-2.446240569502193818e+00
-2.660664899549636253e+00
-2.865671171708443321e+00
-3.058336446860944413e+00
-3.236200116479127864e+00
-3.397267684044614988e+00
-3.540003080830078197e+00
-3.663311289332022991e+00
-3.766513059793989981e+00
-3.849313459394332781e+00
-3.911765901443600590e+00
-3.954233174538017259e+00
-3.977346839434641179e+00
-3.981966193793893716e+00
-3.969137830017356983e+00
-3.940056636065011553e+00
-3.896028918962333165e+00
-3.838438170067998811e+00
-3.768713843286150222e+00
-3.688303384458588852e+00
-3.598647633440113403e+00
-3.501159620353983204e+00
-3.397206694120677106e+00
-3.288095853924986045e+00
-3.175062101831054751e+00
-3.059259595997138703e+00
-2.941755357437963792e+00
-2.823525267496642233e+00
-2.705452086567127434e+00
-2.588325225625109027e+00
-2.472842009339700553e+00
-2.359610181600060752e+00
-2.249151419990262024e+00
-2.141905643999080233e+00
-2.038235921620702662e+00
-1.938433799693722648e+00
-1.842724904173062228e+00
-1.751274677001644964e+00
-1.664194135924349727e+00
-1.581545562153418683e+00
-1.503348038026961930e+00
-1.429582772559073067e+00
-1.360198166978383361e+00
-1.295114584975614713e+00
-1.234228803442329880e+00
-1.177418129044599970e+00
-1.124544174112104278e+00
-1.075456292136710790e+00
-1.029994678774770911e+00
-9.879931487499040710e-01
-9.492816025784334144e-01
-9.136881997061154781e-01
-8.810412565629224257e-01
-8.511708893257281527e-01
-8.239104219213855274e-01
-7.990975801028525893e-01
-7.765754923674235144e-01
-7.561935181369288106e-01
-7.378079230491449980e-01
-7.212824204755208246e-01
-7.064885975307995114e-01
-6.933062429186862552e-01
-6.816235929961689255e-01
-6.713375114679183131e-01
-6.623536171609876178e-01
-6.545863733971910570e-01
-6.479591515867773044e-01
-6.424042808195529197e-01
-6.378630944322700724e-01
-6.342859837825935987e-01
-6.316324687568506402e-01
-6.298712938726487298e-01
-6.289805581983862748e-01
-6.289478866840485516e-01
-6.297706498638759864e-01
-6.314562382286692532e-01
-6.340223968465719118e-01
-6.374976250036286096e-01
-6.419216447009035154e-01
-6.473459407374242414e-01
-6.538343737745557771e-01
-6.614638661536458297e-01
-6.703251582521005947e-01
-6.805236307263520246e-01
-6.921801850046358506e-01
-7.054321707430357691e-01
-7.204343445148575498e-01
-7.373598386167050656e-01
-7.564011123825307159e-01
-7.777708506154352719e-01
-8.017027644835124089e-01
-8.284522392737365681e-01
-8.582967605507993980e-01
-8.915360353246943870e-01
-9.284917076164036498e-01
-9.695065481954783237e-01
-1.014942976187854340e+00
-1.065180745784325200e+00
-1.120613604641236716e+00
-1.181644702228495269e+00
-1.248680497128239253e+00
-1.322122883341242616e+00
-1.402359228787926293e+00
-1.489749996882488325e+00
-1.584613607679579594e+00
-1.687208193094865472e+00
-1.797709916825606324e+00
-1.916187571077948792e+00
-2.042573237965341182e+00
-2.176628924180353142e+00
-2.317909255789730505e+00
-2.465720569903846027e+00
-2.619077076866932696e+00
-3.406168217018355371e+00
-3.780240392871165866e+00
-4.155200816352306425e+00
-4.524975015294932845e+00
-4.882334031530790597e+00
-5.218861636030688977e+00
-5.524970518889606552e+00
-5.789984698820487274e+00
-6.002306913679696265e+00
-6.149684726876696317e+00
-6.219651912937191440e+00
-6.200168314616596454e+00
-6.080425819554047706e+00
-5.851806217586043246e+00
-5.508958177944292878e+00
-5.050936596009925950e+00
-4.482321041821766272e+00
-3.814203577728351391e+00
-3.064913486494567962e+00
-2.260332119060967315e+00
-1.433650371140340107e+00
-6.244393743324614388e-01
1.230540688973440488e-01
7.624100963055928659e-01
1.248270378065743369e+00
1.540132601317944605e+00
1.606420511323514155e+00
1.428442257586156394e+00
1.003774962268588755e+00
3.485860675808103437e-01
-5.015614051156955799e-01
-1.492762541718493541e+00
-2.555843823224351219e+00
-3.611376787510098829e+00
-4.576283378787820766e+00
-5.371424430501993363e+00
-5.929357142456042951e+00
-6.201340062319625979e+00
-6.162615996163241405e+00
-5.814952392828617533e+00
-5.186323441413254187e+00
-4.328064667254896136e+00
-3.309974653100272945e+00
-2.214014921687556647e+00
-1.127362901551548724e+00
-1.355775401619667697e-01
6.840143289427711437e-01
1.268239459200525943e+00
1.572807148894323603e+00
1.575505486084269879e+00
1.277649390890240877e+00
7.037026822008920490e-01
-1.008635174678400581e-01
-1.073281793132769169e+00
-2.138460437265290892e+00
-3.214819578332639427e+00
-4.220537762535967907e+00
-5.079733497206400550e+00
-5.728120173935076664e+00
-6.117720524728763820e+00
-6.220304014031811768e+00
-6.029310991608216597e+00
-5.560143167602639380e+00
-4.848822252409881628e+00
-3.949138403095303396e+00
-2.928518802046731206e+00
-1.862936629421980683e+00
-8.312457646619650919e-01
9.063743393739498444e-02
8.352789980856387686e-01
1.348598525335137577e+00
1.593720682394214272e+00
1.553539447702261267e+00
1.231823904296222238e+00
6.528016174657724768e-01
-1.407341373895869552e-01
-1.090641680757982179e+00
-2.127728086678451813e+00
-3.176807138063848956e+00
-4.162148334229561542e+00
-5.012923432766387855e+00
-5.668261450267858770e+00
-6.081554999141381757e+00
-6.223717678402588049e+00
-6.085169638302744488e+00
-5.676420698628028561e+00
-5.027220856223515000e+00
-4.184349524253807573e+00
-3.208210279940113097e+00
-2.168480649146480754e+00
-1.139130880324099149e+00
-1.931674549429396315e-01
6.025264322546712847e-01
1.191890902957468690e+00
1.533602390314035002e+00
1.603929614330145359e+00
1.398338481178923232e+00
9.317407028883240017e-01
2.373764259377866281e-01
-6.355833959874348515e-01
-1.625540368148182147e+00
-2.662827226330093833e+00
-3.674612995101525836e+00
-4.590009845665073307e+00
-5.345024664597168851e+00
-5.887011075566629614e+00
-6.178314169441064152e+00
-6.198857814282995093e+00
-5.947499022611991037e+00
-5.442060195399291977e+00
-4.718042114863264302e+00
-3.826111941616956447e+00
-2.828544891934055894e+00
-1.794869949588356217e+00
-7.970240338782028644e-01
9.564813290567997228e-02
8.212017956332742230e-01
1.329375433177641064e+00
1.585054739440213911e+00
1.570680064774305773e+00
1.287433726071662843e+00
7.551282638567253791e-01
1.080654452058560366e-02
-8.938466124529740320e-01
-1.896099951725519261e+00
-2.926528175802856957e+00
-3.913819414929030849e+00
-4.789705330198101407e+00
-5.493673696653713634e+00
-5.977139001901798920e+00
-6.206784546750314213e+00
-6.166847089867481202e+00
-5.860188245429021947e+00
-5.308080569218846634e+00
-4.548724791361975051e+00
-3.634601893492383162e+00
-2.628843705347246207e+00
-1.600872939385274307e+00
-6.216135019426116681e-01
2.413988813779490705e-01
9.286691836594704874e-01
1.392838802940639553e+00
1.601943116399676015e+00
1.541607317928954668e+00
1.216030128500402263e+00
6.476883737123038109e-01
-1.242166272576716857e-01
-1.046463455908369644e+00
-2.055479322072158332e+00
-3.081720464805740356e+00
-4.054462726256945260e+00
-4.906672673559087983e+00
-5.579624159789194238e+00
-6.026942745578881322e+00
-6.217799744840867504e+00
-6.139036113063669475e+00
-5.796069955929359807e+00
-5.212525054227356236e+00
-4.428605741311310240e+00
-3.498329695907764325e+00
-2.485808804619377366e+00
-1.460833803911031792e+00
-4.940664205182851987e-01
3.478301173197166918e-01
1.006786908191275032e+00
1.437334896091153613e+00
1.609743865972385723e+00
1.512078174690054233e+00
1.151026912247183454e+00
5.514504856515451969e-01
-2.453260119236664316e-01
-1.184355916029240507e+00
-2.200855439694306082e+00
-3.224669242477045561e+00
-4.185109695932082374e+00
-5.015836339694104140e+00
-5.659438895163196648e+00
-6.071407280215526114e+00
-6.223213999955257592e+00
-6.104295218921407695e+00
-5.722792578843910682e+00
-5.105003212732285078e+00
-4.293574546839349360e+00
-3.344567232539424673e+00
-2.323587918599544722e+00
-1.301258134942139044e+00
-3.483318276080997755e-01
4.692011697325999542e-01
1.094686971431625189e+00
1.484737977967520273e+00
1.612248815611941222e+00
1.468287841744277067e+00
1.062731696948668425e+00
4.235972213186882662e-01
-4.048847825964376757e-01
-1.365322199756800359e+00
-2.391130624128776194e+00
-3.411144811682729205e+00
-4.354553590003972907e+00
-5.155816244591703068e+00
-6.829708505687136721e+00
-7.305929251366366728e+00
-7.434701341178323375e+00
-7.206922443159536229e+00
-6.638276090200140089e+00
-5.768166381364151718e+00
-4.657001308999980438e+00
-3.382010986441684963e+00
-2.031889347358875497e+00
-7.006303404372871135e-01
5.190135370210189336e-01
1.541995358576002229e+00
2.296909994949683398e+00
2.730987763240212640e+00
2.813795664706610022e+00
2.539385772884565906e+00
1.926738111024907329e+00
1.018464049839974184e+00
-1.221423878757659232e-01
-1.415502373154978732e+00
-2.771294653443722833e+00
-4.094757213063093815e+00
-5.293309029770574270e+00
-6.283029391384796547e+00
-6.994541173041330495e+00
-7.377885172656929669e+00
-7.406042305280063687e+00
-7.076854372605508203e+00
-6.413205747189415717e+00
-5.461449874810226923e+00
-4.288187513254245964e+00
-2.975619471333452282e+00
-1.615797141304956108e+00
-3.041722307411731663e-01
8.671027553097703233e-01
1.815653161621195277e+00
2.474684247480310351e+00
2.797697432603391210e+00
2.761786864746402781e+00
2.369281516595384662e+00
1.647613882115845918e+00
6.474208992716490307e-01
-5.609927652224289130e-01
-1.892583242602785321e+00
-3.253543280784975344e+00
-4.547906152113723621e+00
-5.684313116619043704e+00
-6.582467222474702950e+00
-7.178817187146529832e+00
-7.431068340461814969e+00
-7.321199469468318455e+00
-6.856769194059747718e+00
-6.070415889921131125e+00
-5.017582699547562974e+00
-3.772624835051093140e+00
-2.423571278783378968e+00
-1.065908958864690836e+00
2.041723437391991247e-01
1.296596770352753225e+00
2.133797666840075546e+00
2.656236858823903813e+00
2.826654398015172820e+00
2.632744361243428255e+00
2.088063266680666441e+00
1.231102724906142587e+00
1.225882274351124401e-01
-1.158807751662498609e+00
-2.522036897968319202e+00
-3.870136840298473047e+00
-5.107125553129062467e+00
-6.144838355975807964e+00
-6.909220299357230033e+00
-7.345624268082481478e+00
-7.422734845994950703e+00
-7.134835010431805458e+00
-6.502250230787826268e+00
-5.569934216756133871e+00
-4.404293180395827179e+00
-3.088471578346263513e+00
-1.716432851529789527e+00
-3.862557216848720998e-01
8.068761702749691622e-01
1.777490288107976379e+00
2.455958473791380658e+00
2.793506659545823556e+00
2.765739537727522457e+00
2.374424192538659550e+00
1.647400863490829259e+00
6.366230162040014129e-01
-5.855368410764232312e-01
-1.931454275393590159e+00
-3.304525163937719334e+00
-4.606094831415445512e+00
-5.742547450255003127e+00
-6.632046205276882489e+00
-7.210438482565431073e+00
-7.435899136082056771e+00
-7.291974605035083101e+00
-6.788804946208523816e+00
-5.962431558565350898e+00
-4.872236146552208602e+00
-3.596691381789582920e+00
-2.227726035229759205e+00
-8.641081894443245481e-01
3.956778548159505249e-01
1.460547496574490012e+00
2.253410224236066295e+00
2.716764442014899306e+00
2.816885710846709134e+00
2.546302072496594793e+00
1.924373310574064799e+00
9.959278387484604700e-01
-1.719484721605355482e-01
-1.494742990762967239e+00
-2.876619934832661318e+00
-4.217356987404128787e+00
-5.419613352981697219e+00
-6.396002255095112332e+00
-7.075453647563495707e+00
-7.408403094740606321e+00
-7.370426855591672322e+00
-6.964055188019587561e+00
-6.218627724407022939e+00
-5.188196930459257672e+00
-3.947627830549508943e+00
-2.587174005347671724e+00
-1.205921695942074212e+00
9.542254325228860523e-02
1.221876013086165447e+00
2.091120176277394993e+00
2.639529441909903351e+00
2.826845961122603779e+00
2.639155699689897272e+00
2.089944296183858352e+00
1.219151045618374063e+00
9.028559604980568309e-02
-1.214186072721598508e+00
-2.598852516107273747e+00
-3.962327419557376551e+00
-5.204671268779117455e+00
-6.234720977797165276e+00
-6.976789622830843030e+00
-7.376243182020274958e+00
-7.403542275558740116e+00
-7.056448511811799662e+00
-6.360229080836488080e+00
-5.365839924783257331e+00
-4.146216412747168789e+00
-2.790940029936635369e+00
-1.399669851576598845e+00
-7.481958625504114835e-02
1.085982137995162411e+00
1.997093127028940263e+00
2.591188922388823368e+00
2.824255077471401254e+00
2.678868953592508984e+00
2.165524829569653864e+00
1.321899944430048990e+00
2.101109369329394738e-01
-1.087841187000910148e+00
-2.476104941816444693e+00
-3.852048182597982873e+00
-5.113843061764472786e+00
-6.168005764501318211e+00
-6.936332483989883002e+00
-7.361716309617913012e+00
-7.412411251384925848e+00
-7.084423600657666853e+00
-6.401848890605512210e+00
-5.415124707162692452e+00
-4.197324276687851352e+00
-2.838761638535304055e+00
-1.440305426068703820e+00
-1.058953737491501457e-01
1.065183685312436790e+00
1.985696010519360843e+00
2.586966149228912659e+00
2.824020210313026968e+00
2.678971028709346225e+00
2.162390874577928113e+00
1.312564724510186576e+00
1.926749258575806145e-01
-1.113877399404283430e+00
-2.509669196308833783e+00
-3.890511212786287754e+00
-5.153222908640061384e+00
-6.203346541926372915e+00
-6.962223412512033249e+00
-7.372901399009650802e+00
-7.404428961035584678e+00
-7.054210392693203602e+00
-6.348241463568633947e+00
-5.339202939571151774e+00
-4.102550014160343927e+00
-2.730886366883503058e+00
-1.327041058320574951e+00
3.635027589799388892e-03
1.161176478617839791e+00
2.058520809270048435e+00
2.628070198000000079e+00
2.696249726550144832e+00
2.513751128214309905e+00
1.968577629559458142e+00
1.101544632544777969e+00
-2.225185612097035914e-02
-1.318304575087674291e+00
-2.689036471955207119e+00
-4.031139433854189491e+00
-5.243358931970316661e+00
-6.234138096342931590e+00
-6.928543780391004603e+00
-7.273949863277442418e+00
-7.244045543584416436e+00
-6.840861845679894415e+00
-6.094658616408491270e+00
-5.061675738571707939e+00
-3.819913951458052459e+00
-2.463260305965461860e+00
-1.094399514551768648e+00
1.829543642254072289e-01
1.271918520346932091e+00
2.089798322513605644e+00
2.574381275517275025e+00
2.688687900253677210e+00
2.423815336798915698e+00
1.799653398451888098e+00
8.634139123298614216e-01
-3.139197206878621138e-01
-1.642957344558382715e+00
-3.022677087313520694e+00
-4.348098052222722387e+00
-5.518268387472058834e+00
-6.443960906514217157e+00
-7.054489126643270325e+00
-7.303122119332696727e+00
-7.170682077607834159e+00
-6.667046088107602131e+00
-5.830432854460289249e+00
-4.724523964621596406e+00
-3.433634859604222545e+00
-2.056300277979878022e+00
-6.977611243780323935e-01
5.380749985548662906e-01
1.556585599211471216e+00
2.279688575162518216e+00
2.651843858046612379e+00
2.644338929543506911e+00
2.257526049377529542e+00
1.520835228786439064e+00
4.905571363461604939e-01
-7.544387737553861495e-01
-2.118726700965041676e+00
-3.497628804946654846e+00
-4.785243034103984883e+00
-5.882579105941596609e+00
-6.705177391927797714e+00
-7.189623646489684106e+00
-7.298455991882395466e+00
-7.023083052011799055e+00
-6.384484314967069807e+00
-5.431634068928957504e+00
-4.237765535610707346e+00
-2.894758621000572685e+00
-1.506080121246006875e+00
-1.788179708116728328e-01
9.845776099158101147e-01
1.894209058734092732e+00
2.479690484529724959e+00
2.695611078149692919e+00
2.525077528380277325e+00
1.981057550938128298e+00
1.105416056601113084e+00
-3.428622250278845485e-02
-1.349988438834182070e+00
-2.739921416296543732e+00
-4.096472646638655846e+00
-5.314517182831153264e+00
-6.299569530348517077e+00
-6.975123969613466812e+00
-7.288612194552902324e+00
-7.215513107035274487e+00
-6.761291975691548828e+00
-5.961014003178535248e+00
-4.876657683348907923e+00
-3.592332186706430619e+00
-2.207766473178207178e+00
-8.305731297606127050e-01
4.321135506039035512e-01
1.481975627631915149e+00
2.237176441932296367e+00
2.638754082798018263e+00
2.655242770453984047e+00
2.285158522411709026e+00
1.557151190209408398e+00
5.278065462944945274e-01
-7.227345564671729949e-01
-2.097002149534243909e+00
-3.487785593418490038e+00
-4.786494350838458089e+00
-5.891639276260042024e+00
-6.716771751320246508e+00
-7.197258935905926691e+00
-7.295363089646967225e+00
-7.003224468097606348e+00
-6.343510530870810626e+00
-5.367676419639504815e+00
-4.151968647961897574e+00
-2.791481049657840163e+00
-1.392725344066156001e+00
-6.529610416853692811e-02
1.086717854974145858e+00
1.972902407738112540e+00
2.523625663140812936e+00
2.695524431464384474e+00
2.474936087060843004e+00
1.879002824996728993e+00
9.543576601613379395e-01
-2.265085853706949592e-01
-1.570917535175971436e+00
-2.973268206617608378e+00
-4.323327798488481477e+00
-5.514897646478624793e+00
-6.454172909688153936e+00
-7.067137388507713780e+00
-7.305409646722830885e+00
-7.150077552124820102e+00
-6.613216036317350444e+00
-5.736964957129901066e+00
-4.590236118775902874e+00
-3.263305623669920053e+00
-1.860715012738098917e+00
-4.930388434308934364e-01
7.318332179400046655e-01
1.717212293210589547e+00
2.385251499009274578e+00
2.683107784105616123e+00
2.587135641959191101e+00
2.104778723199978163e+00
1.274006847116439634e+00
1.603397752397839326e-01
-1.148309954986311165e+00
-2.548569954458596687e+00
-3.929770375415429395e+00
-5.182691391917831680e+00
-6.208204162985305530e+00
-6.925121156016874835e+00
-7.276633404074583922e+00
-7.234823386593490113e+00
-6.802894035273160611e+00
-6.014934904938598947e+00
-4.933241539547526422e+00
-3.643398058483279467e+00
-2.247510590486467397e+00
-8.561262688884960781e-01
4.205226517470612713e-01
1.481255778917122345e+00
2.241969674809142443e+00
2.642313876242681214e+00
2.650487128933043390e+00
2.265771858036117248e+00
1.518604129846418349e+00
4.681718802374876809e-01
-8.022695310659637702e-01
-2.191993940830186727e+00
-3.590790525460213267e+00
-4.887706157779131644e+00
-5.979849974793847167e+00
-6.780560628010844582e+00
-7.226287482057983880e+00
-7.281638887677345906e+00
-6.942196093372281496e+00
-6.234868769637049724e+00
-5.215763384451255646e+00
-3.965733263338156789e+00
-2.583963378598014948e+00
-1.180099090220566582e+00
1.344562153122486059e-01
1.255383575454628087e+00
2.093728821485899783e+00
2.582963336159339374e+00
2.684264548399098782e+00
2.389596932564465259e+00
1.722348990013677916e+00
7.354758035719561882e-01
-4.927051569390377139e-01
-1.864730976990661038e+00
-3.271729227089822611e+00
-4.602058607144432045e+00
-5.750168326792763906e+00
-6.624973022563336755e+00
-7.157078625859698562e+00
-7.304285955795396745e+00
-7.054935643837122683e+00
-6.428829422090185375e+00
-5.475655202203920879e+00
-4.271041458268153512e+00
-2.910554482271087817e+00
-1.502115187182558209e+00
-1.574373611088497604e-01
5.942079604814320959e-02
