-7.198685009954585157e-01
-6.592007472175910321e-01
-5.999883620991920408e-01
-5.429413044672861677e-01
-4.887439840559330562e-01
-4.380470361528887024e-01
-3.914594926524992413e-01
-3.495414439578182764e-01
-3.127972804345053315e-01
-2.816695953024967447e-01
-2.565338230382538942e-01
-2.376936786422509940e-01
-2.253774536060859646e-01
-2.197352142038941913e-01
-2.208369369549545436e-01
-2.286716048869502638e-01
-2.431472767064054574e-01
-2.640921292924834907e-01
-2.912564622131129655e-01
-3.243156413594942555e-01
-3.628739474466018411e-01
-4.064692841708087978e-01
-4.545786903842766180e-01
-5.066245908663753461e-01
-5.619817112646200430e-01
-6.199845746519265788e-01
-6.799354900035107230e-01
-7.411129368239175452e-01
-8.027802452282356560e-01
-8.641944670635222092e-01
-9.246153311944134146e-01
-9.833141749032550116e-01
-1.039582743486771266e+00
-1.092741751569396680e+00
-1.142149102383237302e+00
-1.187207665255692213e+00
-1.227372516752303300e+00
-1.262157557283622333e+00
-1.291141422425982954e+00
-1.313972616638802826e+00
-1.330373806384995028e+00
-1.340145219764700357e+00
-1.343167110534592590e+00
-1.339401255675874980e+00
-1.328891467357484313e+00
-1.311763112075546633e+00
-1.288221641790989302e+00
-1.258550153888033041e+00
-1.223106008590812976e+00
-1.182316543959327948e+00
-1.136673939598740191e+00
-1.086729290622624911e+00
-1.033085963083096415e+00
-9.763923108995706812e-01
-9.173338421740903081e-01
-8.566249295771521943e-01
-7.950001651390175006e-01
-7.332054642166231373e-01
-6.719890265692627374e-01
-6.120922643264614660e-01
-5.542408071441905504e-01
-4.991356940124466179e-01
-4.474448590063377917e-01
-3.997950147887847638e-01
-3.567640329164413759e-01
-3.188739140279392426e-01
-2.865844338764644283e-01
-2.602875429926791995e-01
-2.403025886279281931e-01
-2.268724176422435290e-01
-2.201604082883898972e-01
-2.202484675325997454e-01
-2.271360187828738164e-01
-2.407399928108141518e-01
-2.608958224009862992e-01
-2.873594289932044910e-01
-3.198101774486717952e-01
-3.578547632200162476e-01
-4.010319847839833307e-01
-4.488183433448430515e-01
-5.006344016706274491e-01
-5.558518246085741854e-01
-6.138010154562290044e-01
-6.737792550443413298e-01
-7.350592442080340350e-01
-7.968979453608538988e-01
-8.585456152040771283e-01
-9.192549182474931690e-01
-9.782900098174587278e-01
-1.034935477596656384e+00
-1.088505032473510825e+00
-1.138349842557130787e+00
-1.183866408598158504e+00
-1.224503884693498801e+00
-1.259770754974049112e+00
-1.289240784895284930e+00
-1.312558174673018829e+00
-1.329441852220545339e+00
-1.339688853527303269e+00
-1.343176749642022605e+00
-1.339865091146088760e+00
-1.329795853080175894e+00
-1.313092875569352502e+00
-1.289960307726531141e+00
-1.260680074648284910e+00
-1.225608399299016771e+00
-1.185171422660596496e+00
-1.139859976561386823e+00
-1.090223573954308245e+00
-1.036863690960021289e+00
-9.804264236105602048e-01
-9.215946098142175913e-01
-8.610795135210641549e-01
-7.996121733205824311e-01
-7.379345216848463007e-01
-6.767903837338883344e-01
-6.169164657131644969e-01
-5.590334433214929621e-01
-5.038372586141062204e-01
-4.519907314489989836e-01
-4.041155873820736488e-01
-3.607849986003311971e-01
-3.225167279810255416e-01
-2.897669587613718734e-01
-2.629248836951922907e-01
-2.423081180689671266e-01
-2.281589906707937043e-01
-2.206417558816543556e-01
-2.198407586270549885e-01
-2.257595729989159139e-01
-2.383211298931706690e-01
-2.573688293259118742e-01
-2.826686119998146896e-01
-3.139119597255471406e-01
-3.507197841608962752e-01
-3.926471527085027557e-01
-4.391887904994089542e-01
-4.897852883005281988e-01
-5.438299380243694081e-01
-6.006761103809626912e-01
-6.596450831728725150e-01
-7.200342238582666532e-01
-7.811254263424959321e-01
-8.421936995384020630e-01
-9.025158040767395917e-01
-9.613788336520406874e-01
-1.018088638841855298e+00
-1.071977993809277718e+00
-1.122414410046331357e+00
-1.168807506181628320e+00
-1.210615848789208471e+00
-1.247353186014715565e+00
-1.278594003587041783e+00
-1.303978341306355482e+00
-1.323215817282894058e+00
-1.336088816928555190e+00
-1.342454813853748208e+00
-1.342247800270064850e+00
-1.335478815118472440e+00
-1.322235568805613770e+00
-1.302681174011510290e+00
-1.277052002407149889e+00
-1.245654697170843539e+00
-1.208862380804049508e+00
-1.167110106813358694e+00
-1.120889612246228850e+00
-1.070743435753327866e+00
-1.017258472719212437e+00
-9.610590449854543582e-01
-9.027995677271433150e-01
-8.431569000876378839e-01
-7.828224691922556211e-01
-7.224942591263093794e-01
-6.628687573655602794e-01
-6.046329509895675969e-01
-5.484564638038995632e-01
-4.949839232707546333e-01
-4.448276429360023543e-01
-3.985607018902619925e-01
-3.567104977698608015e-01
-3.197528439556502344e-01
-2.881066750382292319e-01
-2.621294173680506212e-01
-2.421130736860918065e-01
-2.282810625275196736e-01
-2.207858444041567170e-01
-2.197073578009456352e-01
-2.250522788685627162e-01
-2.367541094608954788e-01
-2.546740889538610109e-01
-2.786029161910895668e-01
-3.082632590297473829e-01
-3.433130204001172969e-01
-3.833493216347057531e-01
-4.279131561505960524e-01
-4.764946594600487084e-01
-5.285389350097119410e-01
-5.834523695713721425e-01
-6.406093668821162268e-01
-6.993594240050653443e-01
-7.590344714918429991e-01
-8.189563959021525230e-01
-8.784446615941470249e-01
-9.368239479508690959e-01
-9.934317183537884066e-01
-1.047625638245267554e+00
-1.098790761520399784e+00
-1.146346407228413522e+00
-1.189752652110505959e+00
-1.228516368812114790e+00
-1.262196744633777623e+00
-1.290410221369765242e+00
-1.312834803065390687e+00
-1.329213685334840189e+00
-1.339358167149600654e+00
-1.343149813657135816e+00
-1.340541846541568605e+00
-1.331559746611649331e+00
-1.316301061613646350e+00
-1.294934420634801908e+00
-1.267697764803572769e+00
-1.234895812223921752e+00
-1.196896783121808028e+00
-1.154128418954872837e+00
-1.107073336665753027e+00
-1.056263766274385896e+00
-1.002275726537937839e+00
-9.457226993962233319e-01
-8.872488693091563627e-01
-8.275219983293615744e-01
-7.672260117930282952e-01
-7.070533728166645826e-01
-6.476973263251161184e-01
-5.898440950822014806e-01
-5.341651111320163681e-01
-4.813093661757725239e-01
-4.318959637029598508e-01
-3.865069541702989553e-01
-3.456805321885983995e-01
-3.099046715540129115e-01
-2.796112700713528909e-01
-2.551708714937637179e-01
-2.368880265833051002e-01
-2.249973493237346078e-01
-2.196603177393325890e-01
-2.209628616460119765e-01
-2.289137720422770306e-01
-2.434439588010507416e-01
-2.644065749163005963e-01
-2.915780168613041345e-01
-3.246597772793202719e-01
-3.632809141770243500e-01
-4.070013285577831486e-01
-4.553160063535274249e-01
-5.076601512243839043e-01
-5.634151782210566894e-01
-6.219155249205244873e-01
-6.824562221003466211e-01
-7.443011513766976117e-01
-8.066919027904493333e-01
-8.688571313999453594e-01
-9.300222988602069307e-01
-9.894196740762535303e-01
-1.046298456653823372e+00
-1.099934878366906288e+00
-1.149642131533378908e+00
-1.194779969325832747e+00
-1.234763821895297653e+00
-1.269073273955106274e+00
-1.297259754308326629e+00
-1.318953295788729996e+00
-1.333868235233179877e+00
-1.341807737347321394e+00
-1.342667043518815717e+00
-1.336435366543317738e+00
-1.323196374545330345e+00
-1.303127231707738032e+00
-1.276496189305709406e+00
-1.243658747444027934e+00
-1.205052435239501563e+00
-1.161190284350289259e+00
-1.112653097085807286e+00
-1.060080635181965825e+00
-1.004161878056262891e+00
-9.456245193565431251e-01
-8.852238873267496144e-01
-8.237314874433535605e-01
-7.619233745231160926e-01
-7.005685657648822451e-01
-6.404176458149493101e-01
-5.821907185579187072e-01
-5.265664287232532104e-01
-4.741733510082088432e-01
-4.255827594338498221e-01
-3.813027890079031534e-01
-3.417740079774975182e-01
-3.073663829928561797e-01
-2.783775873622835739e-01
-2.550325748677304549e-01
-2.374843187146313817e-01
-2.258155972864822614e-01
-2.200416954500241662e-01
-2.201138820331942636e-01
-2.259235204608202041e-01
-2.373066699625958620e-01
-2.540490387684929408e-01
-2.758911577362518353e-01
-3.025336523518316612e-01
-3.336425024478267276e-01
-3.688541917618017307e-01
-4.077806631100538981e-01
-4.500140090382253044e-01
-4.951308419438559816e-01
-5.426963015273831292e-01
-5.922676707642160476e-01
-6.433975842136580026e-01
-6.956368242661516987e-01
-7.485367118119854446e-01
-8.016511077778152305e-01
-8.545380510536837448e-01
-9.067610665905131428e-01
-9.578901849863440399e-01
-1.007502721817839841e+00
-1.055183871446433219e+00
-1.100527176172802379e+00
-1.143134937562644060e+00
-1.182618642637910611e+00
-1.218599483512659232e+00
-1.250709055003873971e+00
-1.278590320763959731e+00
-1.301898944491922006e+00
-1.320305088621896550e+00
-1.333495788284648764e+00
-1.341178012870434255e+00
-1.343082530597847546e+00
-1.338968692309189024e+00
-1.328630248215381782e+00
-1.311902304156670862e+00
-1.288669510449603317e+00
-1.258875703095224896e+00
-1.222536821061248613e+00
-1.179755928020245204e+00
-1.130738486140624666e+00
-1.075807839597112014e+00
-1.015420340710622149e+00
-9.501794086041788212e-01
-8.808476731453089847e-01
-8.083562230451551978e-01
-7.338098558999320842e-01
-6.584871316751089720e-01
-5.838339739499680547e-01
-5.114495614905969489e-01
-4.430633241771668729e-01
-3.805020202569320831e-01
-3.256461437750451382e-01
-2.803753066982233033e-01
-2.465027697500993265e-01
-2.256999620481421331e-01
-2.194126248830083892e-01
-2.287711191000689759e-01
-2.544984127355669479e-01
-2.968202626197908867e-01
-3.553830491094474020e-01
-4.291855279084153540e-01
-5.165313232371357977e-01
-6.150091890304256736e-01
-7.215077944984943370e-01
-8.322709417869583737e-01
-9.429976139820807068e-01
-1.048989036872555847e+00
-1.145342027435586107e+00
-1.227184374881391093e+00
-1.289944016191837850e+00
-1.329639574533109769e+00
-1.343175757978596341e+00
-1.328623572540124087e+00
-1.285462740408661819e+00
-1.214762594975177246e+00
-1.119278473705745958e+00
-1.003443577431462952e+00
-8.732415822301251573e-01
-7.359529354244890298e-01
-5.997774379431319858e-01
-4.733468250269908251e-01
-3.651527417055711600e-01
-2.829266691150047475e-01
-2.330177404373590111e-01
-2.198207064496805474e-01
-2.453084032757689714e-01
-3.087200543581482548e-01
-4.064481632356746199e-01
-5.321527566944234122e-01
-6.771131068840959832e-01
-8.308056698750355684e-01
-9.816754095102939726e-01
-1.118037600714505864e+00
-1.229034648844339328e+00
-1.305565250717256820e+00
-1.341100261890249445e+00
-1.332306070307300416e+00
-1.279410946122615300e+00
-1.186271603309068112e+00
-1.060124110717377111e+00
-9.110327311845113352e-01
-7.510792837349052897e-01
-5.933612098281164648e-01
-4.508859679825111266e-01
-3.354605732841271504e-01
-2.566767778181469062e-01
-2.210842890421429452e-01
-2.316273098270227315e-01
-2.873952675770508614e-01
-3.837093483373038016e-01
-5.125353155148767437e-01
-6.631831805989665263e-01
-8.232285367383840313e-01
-9.795712118969326365e-01
-1.119536062600483772e+00
-1.231919039864172394e+00
-1.307889000274561564e+00
-1.341671097615552810e+00
-1.330959212385207646e+00
-1.277030460344053653e+00
-1.184561793383608785e+00
-1.061174491476356563e+00
-9.167546240374120359e-01
-7.626144832219433622e-01
-6.105703316712020046e-01
-4.720150315213000880e-01
-3.570603964277282993e-01
-2.738142287047897749e-01
-2.278422668042893173e-01
-2.218473100086604255e-01
-2.555783992797877602e-01
-3.259638836255435157e-01
-4.274450739372878116e-01
-5.524732542146911785e-01
-6.921229619384605680e-01
-8.367691106503698517e-01
-9.767747271569385825e-01
-1.103139449183079712e+00
-1.208065804016992928e+00
-1.285409775982399472e+00
-1.330993266365783967e+00
-1.342767732469955622e+00
-1.320829611490508260e+00
-1.267298278355224905e+00
-1.186075631183193035e+00
-1.082512534500935875e+00
-9.630110884192862875e-01
-8.345930457351719012e-01
-7.044638580174561460e-01
-5.795991223795312619e-01
-4.663760414806176202e-01
-3.702673665858188246e-01
-2.956096393967144742e-01
-2.454518251687783925e-01
-2.214850220743370679e-01
-2.240491479508880390e-01
-2.522085668047298057e-01
-3.038856561664323719e-01
-3.760393809946014354e-01
-4.648750046911329648e-01
-5.660710470164964647e-01
-6.750103616776652604e-01
-7.870035938450415935e-01
-8.974951171293688024e-01
-1.002243667890311496e+00
-1.097472130448009064e+00
-1.179983137442603747e+00
-1.247239217681725076e+00
-1.297408059495956056e+00
-1.329374999315622086e+00
-1.342726058240602427e+00
-1.337705723277731629e+00
-1.315154214518718945e+00
-1.276429220756388094e+00
-1.223317061461301147e+00
-1.157937987608151698e+00
-1.082649915993289191e+00
-9.999543500505513327e-01
-9.124076209025848705e-01
-8.225399271593035744e-01
-7.327839966701799046e-01
-6.454145673718156839e-01
-5.624993100878410424e-01
-4.858613095698048334e-01
-4.170527910524682857e-01
-3.573394325881891764e-01
-3.076943383470344129e-01
-2.688005612192234661e-01
-2.410609480125780468e-01
-2.246140290008618035e-01
-2.193546761387393795e-01
-2.249583010466044142e-01
-2.409074450923444077e-01
-2.665197202623548201e-01
-3.009761825259333889e-01
-3.433493515627296655e-01
-3.926302256621858056e-01
2.429021274698048849e-01
5.905334139182571995e-02
-1.359630349406856231e-01
-3.387671632335584326e-01
-5.460544962051006035e-01
-7.546391575234776550e-01
-9.614900017614556038e-01
-1.163759707061946536e+00
-1.358807375585108002e+00
-1.544215205447396766e+00
-1.717799856522660429e+00
-1.877619165112621280e+00
-2.021974873080311319e+00
-2.149412029414081271e+00
-2.258715699934040977e+00
-2.348905587220232682e+00
-2.419229092032373352e+00
-2.469152857293868575e+00
-2.498355525630198137e+00
-2.506722461765569232e+00
-2.494340658767086438e+00
-2.461493762424632248e+00
-2.408657197434337149e+00
-2.336493340358897886e+00
-2.245846650027758074e+00
-2.137738635856476943e+00
-2.013362518322123762e+00
-1.874077413439308781e+00
-1.721401854540105969e+00
-1.557006450076391157e+00
-1.382705465741230100e+00
-1.200447113250265652e+00
-1.012302327034153571e+00
-8.204518143481314141e-01
-6.271711744525009236e-01
-4.348138991648322627e-01
-2.457920908531443516e-01
-6.255476547196203718e-02
1.124363518648073823e-01
2.767335824864352034e-01
4.279325865360943393e-01
5.637041099887958318e-01
6.818280268311804893e-01
7.802294301177177260e-01
8.570164299258353768e-01
9.105192125909766787e-01
9.393298054056331559e-01
9.423418761312576386e-01
9.187897796830699626e-01
8.682859483064702122e-01
7.908556102158348367e-01
6.869677194113485985e-01
5.575608912662182171e-01
4.040630701158451910e-01
2.284036126213966345e-01
3.301646064440355577e-02
-1.791668935148922337e-01
-4.047358716885944840e-01
-6.398317991559483442e-01
-8.801923283716310831e-01
-1.121209958759078473e+00
-1.358005000196823797e+00
-1.585512946497781517e+00
-1.798585777713259670e+00
-1.992106200611786004e+00
-2.161113272768587557e+00
-2.300937248827189308e+00
-2.407340853364618560e+00
-2.476663543562863445e+00
-2.505964701215544821e+00
-2.493161116446002801e+00
-2.437153627718062765e+00
-2.337937400235276186e+00
-2.196690095611613991e+00
-2.015832148269335544e+00
-1.799053555595800269e+00
-1.551302043195884384e+00
-1.278728211326305875e+00
-9.885843227422357327e-01
-6.890747630015151559e-01
-3.891578844878902932e-01
-9.830091049050859731e-02
1.738082184821597709e-01
4.175857926881434423e-01
6.239053425312524048e-01
7.844675276880739290e-01
8.921734248861998839e-01
9.414857279272099699e-01
9.287608182513973354e-01
8.525337188487385198e-01
7.137377634421593342e-01
5.158415359347554574e-01
2.648873742223245564e-01
-3.058143995617834676e-02
-3.597137471312304435e-01
-7.096677724726624392e-01
-1.066050574259927552e+00
-1.413470965540496227e+00
-1.736190019549979535e+00
-2.018845976831210365e+00
-2.247223390669620180e+00
-2.409030158515773845e+00
-2.494641201798184049e+00
-2.497764486254884009e+00
-2.415984294721732262e+00
-2.251138572444757457e+00
-2.009492040113809885e+00
-1.701674729274874398e+00
-1.342366557248132697e+00
-9.497222153330678873e-01
-5.445464422788914849e-01
-1.492468983539840810e-01
2.133906765358313251e-01
5.215437472330459734e-01
7.557350462085266063e-01
9.001689142057627269e-01
9.439294192723108878e-01
8.819476927825682377e-01
7.156525887867799529e-01
4.532325440912765568e-01
1.094572478483828437e-01
-2.949653067258411476e-01
-7.344889600532270579e-01
-1.180244467901061745e+00
-1.601891945903431091e+00
-1.969700056803019628e+00
-2.256713573260667793e+00
-2.440851427083496894e+00
-2.506768657767769248e+00
-2.447319781498620728e+00
-2.264479114903240387e+00
-1.969605499421675621e+00
-1.582983422707940679e+00
-1.132627163241721302e+00
-6.523955063102416796e-01
-1.795269837346030739e-01
2.482360228414153269e-01
5.957173446086112545e-01
8.333208589638769759e-01
9.397240661699304276e-01
9.039967095524070739e-01
7.269232945417671843e-01
4.213651693428128731e-01
1.157452271211467654e-02
-4.685364429063274549e-01
-9.780704362150088871e-01
-1.472568365419401726e+00
-1.907902315399989002e+00
-2.244297902168306713e+00
-2.450113212028340648e+00
-2.505003709588383920e+00
-2.402141678573015415e+00
-2.149233594054194896e+00
-1.768184095022677038e+00
-1.293382080994688765e+00
-7.687210820871406280e-01
-2.435987367873536646e-01
2.317452837051836578e-01
6.111104623372591860e-01
8.569522404132494664e-01
9.442586484602071284e-01
8.632691642494718653e-01
6.207231236127803697e-01
2.394675149779075252e-01
-2.435797524414891058e-01
-7.809421798304779783e-01
-1.319242993067437419e+00
-1.804549471789243853e+00
-2.187858827128666306e+00
-2.430153436611044881e+00
-2.506487141605712399e+00
-2.408657807365137238e+00
-2.146165526354910202e+00
-1.745335731987936567e+00
-1.246682615301977437e+00
-7.007757379218214622e-01
-1.630251490864530473e-01
3.120145909172629128e-01
6.762021880105355542e-01
8.926660251894615872e-01
9.395173571087038766e-01
8.120568814386821543e-01
5.232395772116518184e-01
1.023521896156167621e-01
-4.079610932229391085e-01
-9.560223134600269734e-01
-1.486354183769295290e+00
-1.945295086110870209e+00
-2.286426491591216248e+00
-2.475264192591460688e+00
-2.492739678571695094e+00
-2.337120701171052417e+00
-2.024178112172197341e+00
-1.585583419912075520e+00
-1.065700265952090220e+00
-5.170951257316039884e-01
4.778361847542100804e-03
4.471839279011851076e-01
7.654297989931053703e-01
9.273805705113056241e-01
9.166986790305733379e-01
7.344888939370923797e-01
3.991806791651735242e-01
-5.533874724010634516e-02
-5.831512737976340954e-01
-1.130947972555905512e+00
-1.643413453496166632e+00
-2.068810713363561149e+00
-2.364202757757882356e+00
-2.499784216477725529e+00
-2.461886229610925625e+00
-2.254351940154421641e+00
-1.898144442696132472e+00
-1.429227400158999295e+00
-8.949327594149253384e-01
-3.491825078983616382e-01
1.529531483472897913e-01
5.608120596255756762e-01
8.332503889800908503e-01
9.427915503726285174e-01
8.783956406329367361e-01
6.465704175955955257e-01
2.707121934653828887e-01
-2.112564710730422401e-01
-7.507136685872033421e-01
-1.293243426273462449e+00
-1.784124514284729290e+00
-2.173849206424196545e+00
-2.423115516070744491e+00
-2.506789624839258046e+00
-2.416439137971682527e+00
-2.161181953478683582e+00
-1.766765384069878486e+00
-1.272968597875292041e+00
-7.295904612096444364e-01
-1.914274410956930961e-01
2.872520085494043585e-01
6.581794462123653489e-01
8.839531532324740315e-01
9.418089449282900372e-01
8.259149833798855589e-01
5.479593096888697445e-01
1.359709342655730513e-01
-3.685066007159628065e-01
-9.146041903628155945e-01
-1.447256321444837734e+00
-1.912753291470703276e+00
-2.264156724801281939e+00
-2.466032397282601707e+00
-2.498023198119803112e+00
-2.356901977981008312e+00
-2.056897272110013830e+00
-1.628259001842040199e+00
-1.114208697676009052e+00
-5.665816658068598688e-01
-4.060041772680644812e-02
4.106936996801335837e-01
7.417892351052046696e-01
9.192943858697071313e-01
9.253049126267627322e-01
7.592105093553762618e-01
4.377573419392444265e-01
-6.639712514061812954e-03
-5.291650992881028470e-01
-1.077121491923729302e+00
-1.595243987488968118e+00
-2.031273747343997460e+00
-2.341229000939763605e+00
-2.493841770124206825e+00
-2.473712731321950464e+00
-2.282865846696152445e+00
-1.940545741566510385e+00
-1.481278019011264657e+00
-9.513879145373447255e-01
-4.043282320671294228e-01
1.047123251116773845e-01
5.243766380229286650e-01
8.123208412664613132e-01
9.394873616384866732e-01
8.930380735033787154e-01
6.776514098285968402e-01
3.150522704819100905e-01
-1.581781551580213607e-01
-6.942919686687174519e-01
-1.239191521081868697e+00
-1.737887881780222799e+00
-2.140050105544010428e+00
-2.405085296786807270e+00
-2.506236691444803100e+00
-2.433285960569828710e+00
-2.193586712216257339e+00
-1.811324535599752261e+00
-1.325077909558332045e+00
-7.839258247771865307e-01
-2.424947301296963564e-01
2.445554146369468551e-01
6.280494466319694880e-01
8.692625507066165103e-01
9.438315973872573039e-01
8.442171179948112503e-01
5.804670029732059700e-01
1.792044237781709182e-01
-3.190582278900725988e-01
-8.640085190572007745e-01
-1.400613637168463210e+00
-1.874677754627276594e+00
-2.238315927525608373e+00
-2.454791632904848697e+00
-2.502229169031910505e+00
-2.375825654719718738e+00
-2.088338819223103826e+00
-1.668800888552287143e+00
-1.159588066559170239e+00
-6.121412787455989823e-01
-8.177020021955561102e-02
3.779346613982386138e-01
7.205173002736944277e-01
9.113517090883602734e-01
9.311428632793172788e-01
7.778790915045603604e-01
4.670381320156600236e-01
3.002561028699546331e-02
-4.889966808779243612e-01
-1.037572517234270464e+00
-1.560252320828423578e+00
-2.004197924115382001e+00
-2.324524503816939536e+00
-2.488839568207795061e+00
-2.480519897063550694e+00
-2.300394794933275477e+00
-1.966665056590642058e+00
-1.513065388490857588e+00
-9.854556544822253850e-01
-4.371852553388266838e-01
7.630087128813889397e-02
5.030693036727014178e-01
7.999512018109069533e-01
9.369099789664185884e-01
9.000815682949669938e-01
6.931794130430071199e-01
3.371216388658868635e-01
-1.320823254246602518e-01
-6.669723122425043060e-01
-1.213437224123209202e+00
-1.716188746535278087e+00
-2.124355291909784782e+00
-2.396630171756854111e+00
-2.505452934681903443e+00
-2.439800494872228054e+00
-2.206305242476616080e+00
-1.828586564338170906e+00
-1.344862992802645429e+00
-8.040862471081652307e-01
-2.609881160488290996e-01
2.294587093026003721e-01
6.176052748475593379e-01
8.641531581412131846e-01
9.441343926139746934e-01
8.494413399995164315e-01
5.896500304309086893e-01
1.910532075757229720e-01
-3.059994286505618999e-01
-8.511848484409191284e-01
-1.389300992942846591e+00
-1.865856093027661089e+00
-2.232587078790252200e+00
-2.452348183389140956e+00
-2.502874485138994576e+00
-2.379038955155533763e+00
-2.093374071920656831e+00
-1.674804794569813682e+00
-1.165720859233852824e+00
-6.176846250068538380e-01
-8.620899676626625485e-02
3.748657308184724091e-01
7.188265007231262604e-01
9.108209236528126418e-01
9.313897841039173731e-01
7.784404676304499393e-01
4.674610516565735896e-01
2.995303436553908849e-02
-4.897588130671663986e-01
-1.039016489891505968e+00
-1.562163919514014898e+00
-2.006186683563941475e+00
-2.326084825216112595e+00
-2.489434148549659831e+00
-2.479673582716857005e+00
-2.297785213954265160e+00
-1.962196446872322086e+00
-1.506913937988311414e+00
-9.780781871141075445e-01
-4.292878040634225956e-01
8.383275002902135231e-02
5.092713762398217714e-01
8.039009637552967380e-01
9.378518485783222669e-01
8.975407294594124341e-01
6.870488174860909236e-01
3.277093177140950608e-01
-1.440541256985720109e-01
-6.804190517530366300e-01
-1.227011743722746573e+00
-1.728419356036381860e+00
-2.133807798523895016e+00
-2.402075788516601751e+00
-2.506022455076850175e+00
-2.435105852147364303e+00
-2.196512577144823730e+00
-1.814429918400576103e+00
-1.327594208194662340e+00
-7.853638570112957407e-01
-2.427151620836466295e-01
2.453317557680672056e-01
6.292917123698089643e-01
8.702322305194112317e-01
9.437214858899836134e-01
8.423060500505163972e-01
5.762671166555677349e-01
1.725784554835190221e-01
-3.278283091738443678e-01
-8.742138466758243576e-01
-1.411175900745617717e+00
-1.884267030284166644e+00
-2.245515658271200365e+00
-2.458290564055428895e+00
-2.501015518155833561e+00
-2.369357350486146707e+00
-2.076665540190669290e+00
-1.652618720502545990e+00
-1.140215324558683241e+00
-5.914135177339783223e-01
-6.186253922840700969e-02
3.947402813683065226e-01
7.320946030045261121e-01
9.159920838639743490e-01
9.277852208907055864e-01
7.662782575510160843e-01
4.478484133221387609e-01
4.785146779433424591e-03
-5.179841323813358933e-01
-1.067449863797731435e+00
-1.587895660643319662e+00
-2.026548069567469135e+00
-2.338927856203103062e+00
-2.493360181378151186e+00
-2.474186334514860697e+00
-2.283351366531230831e+00
-1.940206660772933134e+00
-1.479547494851241263e+00
-9.480846222885292995e-01
-3.997076914952665261e-01
1.099791804091203584e-01
5.292955707388617981e-01
8.157249425283901179e-01
9.402255270443120594e-01
8.901748087817507038e-01
6.706490893939500708e-01
3.039084365862927406e-01
-1.728607027356069414e-01
-7.113162813837363707e-01
-1.256862436847175690e+00
-1.754185233387007159e+00
-2.152861053277701942e+00
-2.412468986711683527e+00
-2.506688885239743314e+00
-2.425969611806155779e+00
-2.178497008203123642e+00
-1.789363504945073569e+00
-1.298023637175728107e+00
-7.542935152808513122e-01
-2.132999109825510775e-01
2.701089056028356250e-01
6.469238976112918760e-01
8.789437930502821406e-01
9.426477165729147956e-01
8.315793537710964856e-01
5.570010052283276281e-01
1.467513011468380979e-01
-3.575775358331056419e-01
-9.048566355597246202e-01
-1.439604062679359142e+00
-1.907609495084309659e+00
-2.261429770563718300e+00
-2.465198197340509267e+00
-2.498260123263261079e+00
-2.357266273042805338e+00
-2.056511724330925439e+00
-1.626486248001301371e+00
-1.110783054691342198e+00
-5.616793881313002501e-01
-3.483701957151241757e-02
4.163401162654118970e-01
7.461191816765553320e-01
9.210738889760057280e-01
9.234723175848618126e-01
7.530737601158898897e-01
4.271525478791760033e-01
-2.125346702238073426e-02
-6.089403118230181100e-01
