3.863841466584175821e-01
5.785184475830882356e-01
7.626602367032855323e-01
9.368386464582942885e-01
1.099382284970066070e+00
1.248917474620645951e+00
1.384360564970761764e+00
1.504905299006338737e+00
1.610006200507210661e+00
1.699358912074132810e+00
1.772878353860664280e+00
1.830675497898360593e+00
1.873033467200020841e+00
1.900383577142811919e+00
1.913281842911243036e+00
1.912386384303160991e+00
1.898436070601866366e+00
1.872230665502508273e+00
1.834612656685176368e+00
1.786450887471828786e+00
1.728626049566940548e+00
1.662018046268607829e+00
1.587495194553420585e+00
1.505905201657900871e+00
1.418067826604043624e+00
1.324769118833513559e+00
1.226757113942941402e+00
1.124738859641689404e+00
1.019378642676273650e+00
9.112972888028841867e-01
8.010724122066547048e-01
6.892394973859150564e-01
5.762937048278786722e-01
4.626923012509420730e-01
3.488576252948153433e-01
2.351805098804861105e-01
1.220240926689570293e-01
9.727955798749299277e-03
-1.013874549082262044e-01
-2.110161730733317587e-01
-3.188618522550685785e-01
-4.246327335601614017e-01
-5.280364665639770694e-01
-6.287748081640811559e-01
-7.265382247036239471e-01
-8.210004260252213859e-01
-9.118128664286951901e-01
-9.985992572389476019e-01
-1.080950149333602894e+00
-1.158417662081846267e+00
-1.230510458306835808e+00
-1.296689093742652954e+00
-1.356361904664323159e+00
-1.408881639549318443e+00
-1.453543090316130382e+00
-1.489582036239915031e+00
-1.516175879132162230e+00
-1.532446421400952996e+00
-1.537465318123968583e+00
-1.530262818274195080e+00
-1.509840495467261956e+00
-1.475188750086582790e+00
-1.425309935239219339e+00
-1.359248008800463037e+00
-1.276125629541457140e+00
-1.175189579705934406e+00
-1.055865287494082150e+00
-9.178210137335173213e-01
-7.610419253446492061e-01
-5.859149014872353511e-01
-3.933402967137651363e-01
-1.848504803455716106e-01
3.728715575543672944e-02
2.699798788162936503e-01
5.092409839975384767e-01
7.501536930506587098e-01
9.868794648023101468e-01
1.212722914869663438e+00
1.420264828283232195e+00
1.601572703012330567e+00
1.748494625792227364e+00
1.853036892165759397e+00
1.907818636269435153e+00
1.906588048659798584e+00
1.844775021611885890e+00
1.720045064513728850e+00
1.532807720317731714e+00
1.286612932728642633e+00
9.883974979862062415e-01
6.485486987706946538e-01
2.807466713110639556e-01
-9.844155351516020724e-02
-4.702282057265814164e-01
-8.145237366071625962e-01
-1.111078838984342010e+00
-1.340795851692070162e+00
-1.487132357384920667e+00
-1.537499045659411312e+00
-1.484538506463082719e+00
-1.327164045195324160e+00
-1.071240040163405460e+00
-7.297993255937765822e-01
-3.227191772301267747e-01
1.241848752595881289e-01
5.806408920734557055e-01
1.013917833240380428e+00
1.391222587962800628e+00
1.682328969596514234e+00
1.862228379168128445e+00
1.913564561671276643e+00
1.828607874222488050e+00
1.610541272540450652e+00
1.273872199653581117e+00
8.438505273931521389e-01
3.548586201778096694e-01
-1.521613426876764485e-01
-6.330745949373917103e-01
-1.044451084895146487e+00
-1.347650160310287504e+00
-1.512700387309981132e+00
-1.521569875692491358e+00
-1.370452494130382171e+00
-1.070768648486487784e+00
-6.486918365893318272e-01
-1.431549820204529588e-01
3.975498363020686377e-01
9.203048892968529460e-01
1.372418536888833085e+00
1.707074463023446675e+00
1.888402903623676021e+00
1.895604872750748626e+00
1.725632012879178667e+00
1.394057782930104405e+00
9.339589496045005435e-01
3.928415819509183393e-01
-1.721303816284905364e-01
-7.001394299273252519e-01
-1.133323590030489658e+00
-1.423263874985082555e+00
-1.536605684238828484e+00
-1.459138919068522000e+00
-1.197813987606230146e+00
-7.803923073315953696e-01
-2.526968463591256486e-01
3.262896724308724794e-01
8.909677673577612866e-01
1.376582314656348949e+00
1.726746408555915213e+00
1.900139291576075973e+00
1.875563183167392012e+00
1.654718877119395692e+00
1.262318387019368604e+00
7.434654092354396893e-01
1.585638657486668213e-01
-4.236791347500761251e-01
-9.343456331675973336e-01
-1.312534361824857498e+00
-1.512728740687456774e+00
-1.510398078829356283e+00
-1.305126139284084719e+00
-9.208536879804313235e-01
-4.031703037564051684e-01
1.860470944892259892e-01
7.760210195406995748e-01
1.295600563528402915e+00
1.681893922455067969e+00
1.887948297053811508e+00
1.888527615672668247e+00
1.683266187532450608e+00
1.296795810172755470e+00
7.758156833621966397e-01
1.834524297910869184e-01
-4.084057956166310399e-01
-9.278641473939200912e-01
-1.311790694766398868e+00
-1.513522663402868229e+00
-1.508561287229146952e+00
-1.297555234113216382e+00
-9.062074433635293191e-01
-3.821200582374010279e-01
2.110305318683052267e-01
8.012687356974708131e-01
1.317087469304308200e+00
1.696132797541956450e+00
1.892744813765732115e+00
1.883439746489214528e+00
1.669675636999303769e+00
1.277580253180555570e+00
7.546929878457037111e-01
1.641360134472699961e-01
-4.230606829654751655e-01
-9.365379549212989874e-01
-1.315046751950433190e+00
-1.513732200761113589e+00
-1.509396987319642669e+00
-1.303131675760138997e+00
-9.200233968132648377e-01
-4.060084336502035596e-01
1.777246775248898236e-01
7.620877532149084033e-01
1.278307867543953869e+00
1.666021420843677880e+00
1.880293080657196469e+00
1.896746972969439504e+00
1.714232868704745449e+00
1.354749301898403591e+00
8.606718040268706016e-01
2.896486551247698937e-01
-2.922079576869735518e-01
-8.180207324420522008e-01
-1.227833313470747534e+00
-1.475399482075343549e+00
-1.533311670431524831e+00
-1.395910609601649366e+00
-1.079682895864997327e+00
-6.211455557597801436e-01
-7.250208205867836320e-02
5.043994955206776432e-01
1.045096048842328873e+00
1.489720658395251807e+00
1.789587968745150803e+00
1.912434105777366167e+00
1.845757906764141421e+00
1.597933427613163371e+00
1.197017297598038432e+00
6.874294455592070419e-01
1.249138517810345211e-01
-4.296369149717443880e-01
-9.168012465721430138e-01
-1.284969899138500793e+00
-1.495735819607722838e+00
-1.527778708401447361e+00
-1.378865991861909723e+00
-1.065802128740910515e+00
-6.223796595146999788e-01
-9.559420663789791606e-02
4.594398651445503190e-01
9.853133260017987727e-01
1.428265002592561839e+00
1.743628960837068753e+00
1.900240179574383070e+00
1.883375719003178794e+00
1.695970231657017102e+00
1.358027499120534110e+00
9.043340640311439138e-01
3.807482192247819697e-01
-1.605285564677247367e-01
-6.662022442864025118e-01
-1.087127578960162655e+00
-1.383026430424198150e+00
-1.526237432011377848e+00
-1.504159831931824343e+00
-1.320192088949136533e+00
-9.931173976810280246e-01
-5.550388268398271929e-01
-4.810164182682435952e-02
4.796525818330344970e-01
9.788852450461393850e-01
1.403570261089122084e+00
1.715185021842689839e+00
1.886107726551847108e+00
1.901932388243616323e+00
1.762522356544894642e+00
1.481744702910801070e+00
1.085949611397409420e+00
6.113698848982361822e-01
1.007062556144942000e-01
-4.007728315852551182e-01
-8.492572573899014321e-01
-1.206189538646750936e+00
-1.441503435276877187e+00
-1.536043399918239682e+00
-1.482982284598597378e+00
-1.288147900884211605e+00
-9.692658575429961010e-01
-5.542180607793806280e-01
-7.849573014933214354e-02
4.179133783501806088e-01
8.939258533111227312e-01
1.310760813381130152e+00
1.635056211144217730e+00
1.841458189201889972e+00
1.914491086024678879e+00
1.849581629251461301e+00
1.653184014642378408e+00
1.342026652830992539e+00
9.415703646920136061e-01
4.838264684751864553e-01
4.727409527858883465e-03
-4.587303916989605712e-01
-8.713431658113272027e-01
-1.202337043109682035e+00
-1.427592918253707044e+00
-1.531305291373069366e+00
-1.506970596690512920e+00
-1.357655201846045934e+00
-1.095549029369426108e+00
-7.408633756462569275e-01
-3.201772352123031240e-01
1.356277255779024249e-01
5.936795495697695380e-01
1.021500939042948364e+00
1.389294319364722696e+00
1.671969109965787403e+00
1.850778341581549302e+00
1.914464929980687735e+00
1.859856414675995939e+00
1.691887796231091645e+00
1.423072283063385957e+00
1.072476546424728117e+00
6.642881472379958963e-01
2.260863492698649002e-01
-2.130575942315030002e-01
-6.245188996566859441e-01
-9.819680128358440063e-01
-1.263012845375916182e+00
-1.450536322969574243e+00
-1.533655148980763716e+00
-1.508253283811693990e+00
-1.377072780676789954e+00
-1.149373344849645928e+00
-8.401984939945118525e-01
-4.693089488113614260e-01
-5.986167189660643317e-02
3.630750147173114062e-01
7.740739658955148039e-01
1.148873465590428466e+00
1.465783365260750593e+00
1.706894451972011062e+00
1.859027653908120303e+00
1.914377891911663632e+00
1.870827270401014264e+00
1.731922600845147375e+00
1.337046500442925723e+00
1.077087364617298482e+00
7.687128005085260840e-01
4.294600933801941411e-01
7.824266967061063727e-02
-2.657168995050390170e-01
-5.839361026092583229e-01
-8.596477286543243723e-01
-1.078651597632548587e+00
-1.230002179619586133e+00
-1.306502145611391441e+00
-1.304983559584948605e+00
-1.226370426399967073e+00
-1.075527998573314381e+00
-8.609150226506218084e-01
-5.940644671992850734e-01
-2.889258220159610091e-01
3.889248440247483618e-02
3.729387849330464966e-01
6.967492762252652794e-01
9.946530327507586700e-01
1.252512648453324662e+00
1.458367131681151729e+00
1.602949947876036951e+00
1.680062345152930625e+00
1.686789902375516181e+00
1.623558200158561338e+00
1.494031245196241198e+00
1.304863427508548668e+00
1.065322059818785139e+00
7.868027008999164407e-01
4.822633307908030242e-01
1.656059263436736595e-01
-1.489649484504451116e-01
-4.475772346292267168e-01
-7.172924434116267900e-01
-9.466477127999138874e-01
-1.126117549826120889e+00
-1.248478360179482660e+00
-1.309063773002167252e+00
-1.305903933991050536e+00
-1.239747130204654546e+00
-1.113967105236169264e+00
-9.343640264789344618e-01
-7.088711091955941512e-01
-4.471822512593539578e-01
-1.603185911600882307e-01
1.398463880736388054e-01
4.410827453065602199e-01
7.313005065844027097e-01
9.990269949207370992e-01
1.233846975411954539e+00
1.426789699471846529e+00
1.570649614613113698e+00
1.660230568378677329e+00
1.692506640380810001e+00
1.666696147939624950e+00
1.584248756027249350e+00
1.448748857720981942e+00
1.265741366716994776e+00
1.042488684318675585e+00
7.876699105471185458e-01
5.110351854210951617e-01
2.230282993575560258e-01
-6.560800879557276977e-02
-3.442294062200556004e-01
-6.026757064706576017e-01
-8.316315534257564535e-01
-1.022949866560381782e+00
-1.169927502323842461e+00
-1.267524531982381131e+00
-1.312520714475477135e+00
-1.303605073092721778e+00
-1.241396884688550806e+00
-1.128398778081093123e+00
-9.688849359156678220e-01
-7.687295289415682076e-01
-5.351824183806064283e-01
-2.766007853223381163e-01
-2.146641156160977726e-03
2.785388929278150849e-01
5.556730967880392225e-01
8.196693486193572520e-01
1.061463625887370199e+00
1.272819015944482768e+00
1.446598371049167220e+00
1.576996473272117782e+00
1.659724561339119830e+00
1.692141760701187270e+00
1.673329791863422233e+00
1.604109248919306285e+00
1.486997677797162076e+00
1.326111580124536005e+00
1.127016264634008280e+00
8.965291087724718277e-01
6.424832296332676496e-01
3.734597537624435581e-01
9.849778642492942882e-02
-1.732082115884569506e-01
-4.326136419422231816e-01
-6.711216164876153689e-01
-8.808638188829559512e-01
-1.054955414614668019e+00
-1.187715971112227820e+00
-1.274849521067932923e+00
-1.313578278092475404e+00
-1.302726049043476664e+00
-1.242749032013449106e+00
-1.135713390541752243e+00
-9.852206994560391839e-01
-7.962840126679791020e-01
-5.751588571446712983e-01
-3.291348626579350123e-01
-6.629495128911488955e-02
2.047500022069478620e-01
4.751423971572726890e-01
7.360659249708598750e-01
9.790311179121987673e-01
1.196149296043238497e+00
1.380386194265162736e+00
1.525787238016193648e+00
1.627667372032200355e+00
1.682759501247696576e+00
1.689316939408246121e+00
1.647166736862121894e+00
1.557712327755440107e+00
1.423885549245614168e+00
1.250049690969234018e+00
1.041856781810855725e+00
8.060637648670970767e-01
5.503135055873298320e-01
2.828876823205561108e-01
1.243948876457387498e-02
-2.522852930670057003e-01
-5.027299321300420232e-01
-7.308021055175121239e-01
-9.291341856998577287e-01
-1.091320153725086062e+00
-1.212121579908777225e+00
-1.287636097814781611e+00
-1.315422989445845570e+00
-1.294581862263975314e+00
-1.225781889299732974e+00
-1.111240655494447171e+00
-9.546532572291871466e-01
-7.610738873089247791e-01
-5.367536545272417747e-01
-2.889397873839715247e-01
-2.564261112734519954e-02
2.446222734950540822e-01
5.131083759411501077e-01
7.711204866611794939e-01
1.010295586045312888e+00
1.222873464447037595e+00
1.401948333803479496e+00
1.541693298044885641e+00
1.637550397681791559e+00
1.686380027769978973e+00
1.686564814401011692e+00
1.638064482879313388e+00
1.542419815409253214e+00
1.402705428049328962e+00
1.223432744098114089e+00
1.010406151361553651e+00
7.705368521802204995e-01
5.116202984442386192e-01
2.420843039654573536e-01
-2.928409606128332121e-02
-2.936242468947058426e-01
-5.422907041164610753e-01
-7.671359127684498347e-01
-9.607775141816431441e-01
-1.116841515635307314e+00
-1.230173301409883901e+00
-1.297009471765721678e+00
-1.315104738026047215e+00
-1.283809538600299227e+00
-1.204095627175846506e+00
-1.078528569934539494e+00
-9.111878193862766873e-01
-7.075367522121578379e-01
-4.742467112106255600e-01
-2.189806225867204081e-01
4.985688154843490039e-02
3.233947652793130456e-01
5.925873624313697796e-01
8.485130737744930318e-01
1.082670155625527375e+00
1.287259805114800759e+00
1.455447108276724855e+00
1.581591092147259126e+00
1.661436091515836821e+00
1.692257875319863825e+00
1.672959438274102428e+00
1.604113003745497590e+00
1.487946551250413307e+00
1.328275018679605957e+00
1.130378174986849782e+00
9.008289522514257852e-01
6.472777065178600964e-01
3.781993875446885700e-01
1.026118865662013491e-01
-1.702251467351525993e-01
-4.311210082857324100e-01
-6.712637667790001261e-01
-8.825187743013712671e-01
-1.057705730136841993e+00
-1.190844820696625117e+00
-1.277363436823895082e+00
-1.314256243113731681e+00
-1.300192902102803583e+00
-1.235569489909504437e+00
-1.122501522348086311e+00
-9.647584792494269257e-01
-7.676417036418758943e-01
-5.378094941249631500e-01
-2.830550366198794077e-01
-1.204447227922422758e-02
2.659761863927951331e-01
5.414954498867605714e-01
8.050614133432122399e-01
1.047606398637455305e+00
1.260760023136711983e+00
1.437139857324452930e+00
1.570609525155753250e+00
1.656495148255968886e+00
1.691752405275851689e+00
1.675078126724776961e+00
1.606962219138180270e+00
1.489677747832095722e+00
1.327209135778533611e+00
1.125120584323020978e+00
8.903689150757030379e-01
6.310669979136187546e-01
3.562056978565873444e-01
7.534377995318056187e-02
-2.017235989969613508e-01
-4.653063548316687115e-01
-7.061590053149716661e-01
-9.158063521800877682e-01
-1.086843800900616497e+00
-1.213201608535455556e+00
-1.290363539300540374e+00
-1.315531942649302177e+00
-1.287733098822897659e+00
-1.207858740293533462e+00
-1.078641883550063518e+00
-9.045674169869460934e-01
-6.917202060928051566e-01
-4.475757144776109087e-01
-1.807402181777120198e-01
9.935046445289946737e-02
3.827632622040218480e-01
6.594195121497822276e-01
9.194535681232717250e-01
1.153565593187674709e+00
1.353355887858465945e+00
1.511628675276336597e+00
1.622654272257505248e+00
1.682379989140585508e+00
1.688581874586372322e+00
1.640951493480156120e+00
1.541114224891369844e+00
1.392578011742067190e+00
1.200613997348674467e+00
9.720729561937528906e-01
7.151437771976054680e-01
4.390624008934292388e-01
1.537814674169394602e-01
-1.303875701024765354e-01
-4.031470301926729505e-01
-6.545868262028541329e-01
-8.755459314279371297e-01
-1.057948247989402901e+00
-1.195100486355593183e+00
-1.281940967612386739e+00
-1.315229982188407920e+00
-1.293674417163197976e+00
-1.217981726260110253e+00
-1.090840877686967136e+00
-9.168305824845029983e-01
-7.022577824817641812e-01
-4.549319635601526413e-01
-1.838832602908285208e-01
1.009655582935534146e-01
3.891613660201068692e-01
6.701040243725844281e-01
9.334367387505526636e-01
1.169429025135101607e+00
1.369338073442570192e+00
1.525735010871192454e+00
1.632783792741938633e+00
1.686462138015320633e+00
1.684716022338875518e+00
1.627541667911784895e+00
1.516991638337313653e+00
1.357104459798683216e+00
1.153760042902190808e+00
9.144659655643322393e-01
6.480822911915968820e-01
3.644949385537107345e-01
7.424960006864202156e-02
-2.118402534617634947e-01
-4.830967024741628091e-01
-7.293769651658682518e-01
-9.414542305424223878e-01
-1.111365361258676465e+00
-1.232712269411909922e+00
-1.300905453387943833e+00
-1.313340313135719306e+00
-1.269499356800675383e+00
-1.170976180922681298e+00
-1.021420045771729068e+00
-8.264028660359133971e-01
-5.932133811785523791e-01
-3.305860468802447327e-01
-4.837469229135371585e-02
2.428168796242765048e-01
5.320334929139833857e-01
8.083813869520244388e-01
1.061439587976835686e+00
1.281654261639730841e+00
1.460701041728813987e+00
1.591801502695023629e+00
1.669981648712660860e+00
1.692262466550796152e+00
1.657775140789734092e+00
1.567796339737399514e+00
1.425702109075304591e+00
1.236842048674658301e+00
1.008338450774346917e+00
7.488179440458851976e-01
4.680857723505984502e-01
1.675769693389045356e-01
-3.502282104927155748e-01
-8.476911416426454737e-01
-1.305981288371635518e+00
-1.707745341116674531e+00
-2.037765780024098028e+00
-2.283538652475561648e+00
-2.435748551826624198e+00
-2.488622693932323937e+00
-2.440150589828904870e+00
-2.292160930981992806e+00
-2.050252741843476390e+00
-1.723583404917524931e+00
-1.324521613761489025e+00
-8.681784509588271748e-01
-3.718344247029107263e-01
1.457157476678223318e-01
6.648756986332641228e-01
1.165990230283414864e+00
1.630090175279234277e+00
2.039611016920225950e+00
2.379058000709806109e+00
2.635592521252155596e+00
2.799517577324536433e+00
2.864643938714282356e+00
2.828523213116652002e+00
2.692539066084801203e+00
2.461853238222731832e+00
2.145208515951297024e+00
1.754596235482236199e+00
1.304801028134587426e+00
8.128401544783635524e-01
2.973187496661702234e-01
-2.222745369893751599e-01
-7.263047970552028998e-01
-1.195733088811286482e+00
-1.612835556804826709e+00
-1.961872278010144299e+00
-2.229680604093268403e+00
-2.406170657200343399e+00
-2.484704364713538727e+00
-2.462343843834860380e+00
-2.339959900922051972e+00
-2.122196704908415832e+00
-1.817294128201536019e+00
-1.436774616728736298e+00
-9.950065508365600886e-01
-5.086606987764883403e-01
3.919629447186212534e-03
5.234108976088860388e-01
1.030237978714269254e+00
1.505311630350055996e+00
1.930747035946756895e+00
2.290536389445568588e+00
2.571150267288916158e+00
2.762045244508982922e+00
2.856058767053989200e+00
2.849676555127608868e+00
2.743162620760851489e+00
2.540547155589429451e+00
2.249472887158658008e+00
1.880905813438936480e+00
1.448721306666099107e+00
9.691812392648886387e-01
4.603218527466019228e-01
-5.872458602368185732e-02
-5.684488408945493898e-01
-1.049697476522914563e+00
-1.484391858404965792e+00
-1.856206441658934114e+00
-2.151180957030199181e+00
-2.358243599572086957e+00
-2.469625675167084200e+00
-2.481152236307792691e+00
-2.392397888355937585e+00
-2.206701996767045149e+00
-1.931042785859714783e+00
-1.575775094438252033e+00
-1.154241646508888497e+00
-6.822724170565643842e-01
-1.775908480001816003e-01
3.408508568529670657e-01
8.535824854452747079e-01
1.341346031563074526e+00
1.785818056648510233e+00
2.170297179566659906e+00
2.480330973889929513e+00
2.704258809402697139e+00
2.833650305542617431e+00
2.863622953102682445e+00
2.793026962450125161e+00
2.624490344821611920e+00
2.364322444470879692e+00
2.022279420362103508e+00
1.611200330875560915e+00
1.146527312344942873e+00
6.457276825205549020e-01
1.276394818146544263e-01
-3.882351488342258294e-01
-8.824623724593098073e-01
-1.336407458330236331e+00
-1.732936611181152387e+00
-2.057063489064709483e+00
-2.296516086323399097e+00
-2.442202564070534265e+00
-2.488558495185593689e+00
-2.433762518448483014e+00
-2.279811635350504684e+00
-2.032452794655466466e+00
-1.700972856260910770e+00
-1.297854359925131096e+00
-8.383096106938111580e-01
-3.397102386604849977e-01
1.790665820244040363e-01
6.983508177015149698e-01
1.198424377637739457e+00
1.660269899912288682e+00
2.066295096246918650e+00
2.401005019295666454e+00
2.651596460590702087e+00
2.808451526752772320e+00
2.865511175171873592e+00
2.820513982361905203e+00
2.675090502371228141e+00
2.434709058368487611e+00
2.108474489869044177e+00
1.708787033595780880e+00
1.250873929100215332e+00
7.522112997659184952e-01
2.318581701150424501e-01
-2.902720306496834324e-01
-7.941746027768616933e-01
-1.260522013572918265e+00
-1.671407978464039878e+00
-2.011038352319823641e+00
-2.266341952490253497e+00
-2.427477448015106898e+00
-2.488216409033206400e+00
-2.446187366473588920e+00
-2.302971101885845417e+00
-2.064043162350053251e+00
-1.738565549828937851e+00
-1.339035433487299365e+00
-8.808043435385494169e-01
-3.814864023619551903e-01
1.397214714904207733e-01
6.627809650179120604e-01
1.167586507008986363e+00
1.634741954453970081e+00
2.046309523912261508e+00
2.386501741591712022e+00
2.642289424022474797e+00
2.803902010758983376e+00
2.865200820252440828e+00
2.823910820270813193e+00
2.681702093828151501e+00
2.444118116011109620e+00
2.120353997658811274e+00
1.722893755507969082e+00
1.267021197756762696e+00
7.702239470773830643e-01
2.515142626225846390e-01
-2.693064960041530731e-01
-7.724108214390520422e-01
-1.238705551418247452e+00
-1.650560285821730755e+00
-1.992475551283968915e+00
-2.251665089960853017e+00
-2.418530205972797997e+00
-2.487008531695654057e+00
-2.454783767605558165e+00
-2.323348893508858204e+00
-2.097923244886298555e+00
-1.787228647212008692e+00
-1.403135022338918958e+00
-9.601907392481902059e-01
-4.750571375226947390e-01
3.413003851652576803e-02
5.484471995298467739e-01
1.048891027809749188e+00
1.517081410342152825e+00
1.935933162419673614e+00
2.290272190486932313e+00
2.567374284258155281e+00
2.757408013720918927e+00
2.853767090452637323e+00
2.853281872031917743e+00
2.756304270792904632e+00
2.566664998538094267e+00
2.291506665755803418e+00
1.941000596043140902e+00
1.527959167862752210e+00
1.067358930389803895e+00
5.757925553320064616e-01
7.086980534231976381e-02
-4.294109277491453547e-01
-9.072983574314911204e-01
-1.345909311907696804e+00
-1.729813914229843874e+00
-2.045565404015892597e+00
-2.282157255183556721e+00
-2.431392947003907068e+00
-2.488156865709311827e+00
-2.450578239712879913e+00
-2.320083626939358989e+00
-2.101337160317389152e+00
-1.802071401934088435e+00
-1.432815148099529701e+00
-1.006527765478040237e+00
-5.381525322966275171e-01
-4.410393108335788903e-02
4.582941725921936826e-01
9.514010750189347831e-01
1.417863220674282942e+00
1.841210035964325975e+00
2.206422285076288681e+00
2.500454457502121475e+00
2.712694069508388317e+00
2.835342631448366735e+00
2.863705347067081242e+00
2.796379307806150738e+00
2.635332954316986775e+00
2.385872822108103364e+00
2.056496986669423599e+00
1.658638090310816438e+00
1.206302281214008509e+00
7.156137372708988309e-01
2.042775965480738143e-01
-3.090230116891431456e-01
-8.052776273964487030e-01
-1.265826523702048512e+00
-1.673044310778246224e+00
-2.011005702027283792e+00
-2.266110752837210640e+00
-2.427650623320051881e+00
-2.488288934128809693e+00
-2.444436629486967938e+00
-2.296501213939632358e+00
-2.048994471142122187e+00
-1.710486875867930134e+00
-1.293401817713477175e+00
-8.136483701565399018e-01
-2.900975228677371009e-01
2.560866334004640033e-01
8.022425451999839474e-01
1.325108797915663938e+00
1.801792577877717960e+00
2.210772362073775810e+00
2.532893714692950216e+00
2.752313953119553513e+00
2.857350010166561205e+00
2.841184336185983650e+00
2.702386368163503416e+00
2.445212078341300277e+00
2.079651439073161079e+00
1.621203223653018277e+00
1.090368193825223653e+00
5.118650520733236675e-01
-8.641193425616666701e-02
-6.746596322287392589e-01
-1.222608150809886496e+00
-1.701075572367519051e+00
-2.083560612863604167e+00
-2.347789494761127305e+00
-2.477128079735748667e+00
-2.461769646068235229e+00
-2.299613229571876083e+00
-1.996757561187410435e+00
-1.567551411966942698e+00
-1.034162324858767246e+00
-4.256516062775401732e-01
2.234270088730380688e-01
8.748558975088930323e-01
1.488928140910730669e+00
2.026856790792391561e+00
2.453281320582501479e+00
2.738714127026562917e+00
2.861758978334171477e+00
2.810932907134322978e+00
2.585934594526757113e+00
2.198226452902134032e+00
1.670834184593600558e+00
1.037315370828844063e+00
3.399053761835357790e-01
-3.730887530411528541e-01
-1.050511878850862946e+00
-1.642006979552395496e+00
-2.101837578750159974e+00
-2.392602647663021109e+00
-2.488541950575891892e+00
-2.378134519648377854e+00
-2.065723127423454653e+00
-1.571953825419886819e+00
-9.329001264487871703e-01
-1.978420684460430179e-01
5.742153827832013890e-01
1.319081122694457875e+00
1.972657042862890897e+00
2.476544242152452835e+00
2.783494799405230147e+00
2.862197515366746714e+00
2.700901678265937633e+00
2.309448260051056856e+00
1.719392468155462428e+00
9.820595818095569918e-01
1.645665176298757304e-01
-6.559512740171856704e-01
-1.399463939712403793e+00
-1.990899849067158556e+00
-2.367972633812073902e+00
-2.488164204479560215e+00
-2.334063080256236766e+00
-1.916364822297593751e+00
-1.274036752678901152e+00
-4.714202945378928034e-01
4.076314489828856136e-01
1.268137683951142680e+00
2.014123865121304924e+00
2.559463922232493527e+00
2.838216693780072575e+00
2.813199740593185894e+00
2.481650366800647767e+00
1.877082927799712753e+00
1.066847323805647951e+00
1.453902100339621861e-01
-7.762354759398213400e-01
-1.583541735671618600e+00
-2.172951610076513163e+00
-2.465537753703523904e+00
-2.418307335258867763e+00
-2.031367488680243749e+00
-1.349730803618125474e+00
-4.591566380453941942e-01
5.488756109476951028e-01
