5.832940494703020562e-02
1.585292176986244250e+00
3.004941183773326863e+00
4.271946094958382290e+00
5.346697566618786368e+00
6.196462770831559830e+00
6.796283083364969890e+00
7.129593943523278021e+00
7.188556839511149654e+00
6.974103161524827676e+00
6.495698986582548962e+00
5.770848432062980926e+00
4.824360799176672820e+00
3.687413130545450279e+00
2.396444885642940115e+00
9.919251038810759091e-01
-4.829653611617923392e-01
-1.983693181031661590e+00
-3.465730723859254514e+00
-4.885872219738879529e+00
-6.203470142431256384e+00
-7.381558088204524637e+00
-8.387831307738075282e+00
-9.195461543700339746e+00
-9.783728742773931231e+00
-1.013845834425530867e+01
-1.025225900172967286e+01
-1.012456158528837946e+01
-9.761465971481328552e+00
-9.175407309406708123e+00
-8.384658030354785296e+00
-7.412685747238214162e+00
-6.287390297472815526e+00
-5.040245474891643873e+00
-3.705372455017590827e+00
-2.318572551044621122e+00
-9.163467757745856757e-01
4.650712212694547709e-01
1.790643853406277852e+00
3.027397117681747574e+00
4.145206791863234486e+00
5.117486227851864022e+00
5.921762016577593712e+00
6.540127336362028920e+00
6.959566410866377062e+00
7.172147093988219702e+00
7.175082074579997915e+00
6.970662470029940216e+00
6.566070581804390294e+00
5.973081257233363139e+00
5.207663592110409745e+00
4.289496583145612441e+00
3.241413776077935793e+00
2.088792945106311638e+00
8.589073849960660034e-01
-4.197444874688960326e-01
-1.718114817460767441e+00
-3.007271542346058979e+00
-4.259038430495966310e+00
-5.446596483091832752e+00
-6.545034787316973635e+00
-7.531840633843932764e+00
-8.387320574238463777e+00
-9.094946042752567905e+00
-9.641619151464983162e+00
-1.001785623999785102e+01
-1.021788867684346869e+01
-1.023968222881156365e+01
-1.008487800338796347e+01
-9.758659496450842852e+00
-9.269551621102440464e+00
-8.629158734449973167e+00
-7.851849605910339314e+00
-6.954397976545504179e+00
-5.955587842925996966e+00
-4.875792864893668366e+00
-3.736539352658784008e+00
-2.560062147190347748e+00
-1.368862384481834393e+00
-1.852756474146091126e-01
9.689416208344781012e-01
2.073000318477662418e+00
3.107435226864885713e+00
4.054424539930432836e+00
4.898068002675837640e+00
5.624620282128921289e+00
6.222677203117732425e+00
6.683313476721465030e+00
7.000171512956712583e+00
7.169501824644176402e+00
7.190156382141052127e+00
7.063537056648608647e+00
6.793501983372064679e+00
6.386233277516719653e+00
5.850070040845517738e+00
5.195311001406930806e+00
4.433991433271541105e+00
3.579639207834285131e+00
2.647014936354551651e+00
1.651841179393065850e+00
6.105256284887863316e-01
-4.601169842302690327e-01
-1.543139713915312683e+00
-2.621730717747354333e+00
-3.679469143791011643e+00
-4.700566063494495239e+00
-5.670087334785362643e+00
-6.574155725888299884e+00
-7.400130089866594929e+00
-8.136759847785745237e+00
-8.774313506153980313e+00
-9.304680394355742123e+00
-9.721445253307742007e+00
-1.001993573142577176e+01
-1.019724324289382267e+01
-1.025221801168641633e+01
-1.018543945915931914e+01
-9.999163390455041878e+00
-9.697247693436860771e+00
-9.285058482099305621e+00
-8.769358793862103596e+00
-8.158182086968306379e+00
-7.460692881117110709e+00
-6.687036942765770320e+00
-5.848183438007093393e+00
-4.955761462768450976e+00
-4.021893314821540777e+00
-3.059026797561905653e+00
-2.079768744739590502e+00
-1.096721831478893794e+00
-1.223265932764041608e-01
8.312895854929975847e-01
1.752454925427104016e+00
2.630085743597315506e+00
3.453807768356141672e+00
4.214065257457781044e+00
4.902217095055199536e+00
5.510619237330122822e+00
6.032693066979824437e+00
6.462979401406909297e+00
6.797178076355247178e+00
7.032173194274208505e+00
7.166044283495732081e+00
7.198063759236654313e+00
7.128681209612781622e+00
6.959495250373501030e+00
6.693214200169557593e+00
6.333606136578888268e+00
5.885438772390800821e+00
5.354410026047470517e+00
4.747070247358604611e+00
4.070737109724038127e+00
3.333404219317037231e+00
2.543644520124669128e+00
1.710509591609536528e+00
8.434259433118356242e-01
-4.791059172251799225e-02
-9.536412748444884624e-01
-1.863850622407949409e+00
-2.768671270368614934e+00
-3.658386542253415641e+00
-4.523529765585053930e+00
-5.354979434573809094e+00
-6.144049376019251163e+00
-6.882573140245876964e+00
-7.562981908866809988e+00
-8.178375285541648054e+00
-8.722584413974205475e+00
-9.190226948481656777e+00
-9.576753485849998526e+00
-9.878485152168554606e+00
-1.009264212420702478e+01
-1.021736295096978964e+01
-1.025171462665562316e+01
-1.019569345070375377e+01
-1.005021679327633066e+01
-9.817105964794500039e+00
-9.499060465419086441e+00
-9.099623964085930439e+00
-8.623142426343429534e+00
-8.074714875304909611e+00
-7.460137330069488648e+00
-6.785840520573994894e+00
-6.058822026648885029e+00
-5.286573531743608001e+00
-4.477003918095726398e+00
-3.638358959812703741e+00
-2.779138393257626127e+00
-1.908011160151815488e+00
-1.033729627867714385e+00
-1.650435934712146668e-01
6.893851267788058124e-01
1.521066732459184667e+00
2.321765326920478767e+00
3.083577911413510009e+00
3.799009769847435436e+00
4.461045565753924080e+00
5.063215515801373634e+00
5.599656052225837399e+00
6.065164439405481112e+00
6.455246867043094916e+00
6.766159603548943302e+00
6.994942857709465223e+00
7.139447064040992608e+00
7.198351376790196987e+00
7.171174228766305170e+00
7.058275883472981072e+00
6.860852981737280309e+00
6.580925156595015757e+00
6.221313861970282133e+00
5.785613631071027108e+00
5.278156048812977730e+00
4.703966788395530507e+00
4.068716124817760793e+00
3.378663397102851462e+00
2.640595945777489462e+00
1.861763102251917434e+00
1.049805851727394490e+00
2.126828307096659820e-01
-6.414066462133134472e-01
-1.504101808283504038e+00
-2.366961156184124615e+00
-3.221543938062922940e+00
-4.059491609179484151e+00
-4.872608509775107066e+00
-5.652941002068224918e+00
-6.392854320470218177e+00
-7.085106409115130788e+00
-7.722918047444790268e+00
-8.300038597689793463e+00
-8.810806747368197023e+00
-9.250205665065607263e+00
-9.613912038393920056e+00
-9.898338518716634837e+00
-1.010066915751115957e+01
-1.021888748358759358e+01
-1.025179693824451022e+01
-1.019903345621800739e+01
-1.006107005334616744e+01
-9.839213356574529001e+00
-9.535592087597532185e+00
-9.153137587379042373e+00
-8.695556544326578319e+00
-8.167296163310496127e+00
-7.573502085328016165e+00
-6.919969437725757011e+00
-6.213087461848501469e+00
-5.459778228128577382e+00
-4.667430007353615906e+00
-3.843825920568442633e+00
-2.997068538239084923e+00
-2.135501141434002825e+00
-1.267626393422274900e+00
-4.020231988524212152e-01
4.527374507610786303e-01
1.288176832423847618e+00
2.095992228672609148e+00
2.868139228331971324e+00
3.596911782353492626e+00
4.275019223119898015e+00
4.895659480386318485e+00
5.452587759386621435e+00
5.940179986324432448e+00
6.353490373176974515e+00
6.688302507083315085e+00
6.941173429114685156e+00
7.109470232419609736e+00
7.191398780020406001e+00
7.186024217281734572e+00
7.093283032591695125e+00
6.913986501365248394e+00
6.649815432333164189e+00
6.303306220421215578e+00
5.877828296533265551e+00
5.377553150392558656e+00
4.807415187421064218e+00
4.173064763605542460e+00
3.480813822569383653e+00
2.737574635825006375e+00
1.950792219622726531e+00
1.128371069179801012e+00
2.785969126395850815e-01
-5.899457577904293482e-01
-1.468459572068335772e+00
-2.348022740096078920e+00
-3.219679202994613298e+00
-4.074529576127890351e+00
-4.903821967301520424e+00
-5.699041747847637396e+00
-6.451999357863569706e+00
-7.154915239759701784e+00
-7.800501016465022808e+00
-8.382036062014419642e+00
-8.893438652574950254e+00
-9.329330934959411792e+00
-9.685097006904598516e+00
-9.956933468381308217e+00
-1.014189187536115355e+01
-1.023791260613982246e+01
-1.024384973476974992e+01
-1.015948659558258882e+01
-9.985541816318953323e+00
-9.723665694109904223e+00
-9.376426887507461672e+00
-8.947289497940824177e+00
-8.440580714355338188e+00
-7.861449294331642967e+00
-7.215815252639163901e+00
-6.510311222909164641e+00
-5.752216048897000888e+00
-4.949381247648426907e+00
-4.110151066832034239e+00
-3.243276931646048133e+00
-2.357827142203662962e+00
-1.463092739376171680e+00
-5.684905050214843492e-01
3.165358992559728080e-01
1.182615622697642532e+00
2.020550095908872912e+00
2.821411225532813205e+00
3.576637262120639704e+00
4.278125306284478846e+00
4.918319445453927408e+00
5.490293551812793993e+00
5.987827820992053240e+00
6.405478190428045338e+00
6.738637845443899543e+00
6.983590099443570232e+00
7.137552021382387757e+00
7.198708278050912845e+00
7.166234759750049754e+00
7.040311664621516918e+00
6.822125828137550307e+00
6.513862198888154431e+00
6.118684478625278089e+00
5.640705062279553594e+00
5.084944531084752306e+00
4.457281067736178493e+00
3.764390275388488583e+00
3.013675990992600084e+00
2.213192786741342122e+00
1.371560950039015125e+00
4.978748212982111454e-01
-3.983945510774491439e-01
-1.307501408918863905e+00
-2.219530846571515337e+00
-3.124506800004130724e+00
-4.012501289583717323e+00
-4.873743720088121734e+00
-5.698729031325679983e+00
-6.478323495854470870e+00
-7.203866976848805059e+00
-7.867270489108355136e+00
-8.461107949354229163e+00
-8.978701057966295807e+00
-9.414196322692411911e+00
-9.762633314965210474e+00
-1.002000334052024400e+01
-1.018329780710387311e+01
-1.025054568215619710e+01
-1.022083955129843602e+01
-1.009434991299141871e+01
-9.872327474514033696e+00
-9.557093348016394430e+00
-9.152017181348089281e+00
-8.661483395119434547e+00
-8.090845833469339610e+00
-7.446371269719698205e+00
-6.735172337939476783e+00
-5.965130585890459969e+00
-5.144810462396204542e+00
-4.283365161440540803e+00
-3.390435344926210348e+00
-2.476041854751453108e+00
-1.550473601569493098e+00
-6.241718812691958718e-01
2.923875800054676066e-01
1.188813516313107943e+00
2.054917591852556846e+00
2.880831089910501852e+00
3.657118471610733224e+00
4.374886482270571086e+00
5.025887525768461650e+00
5.602616085154995318e+00
6.098397040259794011e+00
6.507464819541138645e+00
6.825032423003729143e+00
7.047349464618725357e+00
7.171748505107982119e+00
7.196679077853390005e+00
7.121728950584782503e+00
6.947632311799329052e+00
6.676264721892366971e+00
6.310624822981554694e+00
5.854802956576556916e+00
5.313936992750512012e+00
4.694155826456052338e+00
4.002511144267712595e+00
3.246898206321445990e+00
2.435966521819152408e+00
1.579021420511391050e+00
6.859176354967781997e-01
-2.330538869548983705e-01
-1.167284648342078901e+00
-2.105971355921302468e+00
-3.038241348517033202e+00
-3.953279222169872931e+00
-4.840453166246645011e+00
-5.689439516985494549e+00
-6.490344099201874606e+00
-7.233818950373197332e+00
-7.911172724591060579e+00
-8.514473579314628893e+00
-9.036643352990667566e+00
-9.471541897633608542e+00
-9.814040544865271443e+00
-1.006008381087521641e+01
-1.020673858377796606e+01
-1.025223018426834898e+01
-1.019596484554899618e+01
-1.003853831936617524e+01
-9.781730479710692094e+00
-9.428485962335582116e+00
-8.982881044705056439e+00
-8.450077135307198617e+00
-7.836261401452314423e+00
-7.148575218796821673e+00
-6.395031272012684731e+00
-5.584420272490363324e+00
-4.726208384059771284e+00
-3.830426559915266260e+00
-2.907553091874130580e+00
-1.968390755582781315e+00
-1.023940001301468783e+00
-8.526968864350559230e-02
8.366131054985439519e-01
1.730892664007456005e+00
2.587072055582330776e+00
3.395096897983900242e+00
4.145473989004152315e+00
4.829383395587073302e+00
5.438782668315028879e+00
5.966501941236855622e+00
6.406328784641898366e+00
6.753081799586268197e+00
7.002672076311083238e+00
7.152151782553308301e+00
7.199749300420932308e+00
7.144890490151330376e+00
6.988205823787096982e+00
6.731523299609711408e+00
6.377847217062499574e+00
5.931323059845208689e+00
5.397188899867894740e+00
4.781713894832232192e+00
4.092124605457892805e+00
3.336520002954864061e+00
2.523776171537128299e+00
1.663441832980242285e+00
7.656259289904312482e-01
-1.591214088156929218e-01
-1.099933093340689894e+00
-2.045753051450323046e+00
-2.985466415121699857e+00
-3.908030395071690588e+00
-4.802604290031323053e+00
-5.658677095597083984e+00
-6.466191205598350145e+00
-7.215660745791882213e+00
-7.898283143883091384e+00
-8.506042620569438384e+00
-9.031804382559617039e+00
-9.469398409155953544e+00
-9.813691847687458392e+00
-1.006064916835200407e+01
-1.020737937425457531e+01
-1.025216971587607162e+01
-1.019450551904424529e+01
-1.003507589980107184e+01
-9.775765306413056521e+00
-9.419630996172426052e+00
-8.970866720602007405e+00
-8.434753055238427777e+00
-7.817594967410965268e+00
-7.126647365490907937e+00
-6.370029514206889232e+00
-5.556629331133314587e+00
-4.695998697840404468e+00
-3.798241024062504856e+00
-2.873892393369771536e+00
-1.933797693184360567e+00
-9.889831896958574120e-01
-5.052704866162316399e-02
8.705706742386207786e-01
1.763517045120660320e+00
2.617852750618430591e+00
3.423574599675477614e+00
4.171252593026228084e+00
4.852140190379214069e+00
5.458276486728339094e+00
2.335750216803416546e+00
2.560176799214437970e+00
2.736748052824489186e+00
2.863407821813781950e+00
2.938685023989538792e+00
2.961710555299824854e+00
2.932227131323550395e+00
2.850591957085664596e+00
2.717772200745351974e+00
2.535333331067191942e+00
2.305420462121957836e+00
2.030732930394484992e+00
1.714492408447657823e+00
1.360404934582689407e+00
9.726173086692417868e-01
5.556683696770812197e-01
1.144357296675810876e-01
-3.459214085881807677e-01
-8.200226781975428203e-01
-1.302329509707492061e+00
-1.787209889682064734e+00
-2.269004158282927897e+00
-2.742091076669090022e+00
-3.200953392858813196e+00
-3.640242141531978781e+00
-4.054838928996202796e+00
-4.439915478995891007e+00
-4.790989747907569374e+00
-5.103977958738841636e+00
-5.375241951741360324e+00
-5.601631304780402054e+00
-5.780519738219535242e+00
-5.909835386248241562e+00
-5.988084588511989992e+00
-6.014368931750262881e+00
-5.988395350021849417e+00
-5.910479173073480474e+00
-5.781540094543719199e+00
-5.603091114031580666e+00
-5.377220588643945476e+00
-5.106567609518571693e+00
-4.794290996080492029e+00
-4.444032274533116222e+00
-4.059873076466672615e+00
-3.646287457686595346e+00
-3.208089695688142839e+00
-2.750378175971003536e+00
-2.278476022001437507e+00
-1.797869160598139171e+00
-1.314142543416259690e+00
-8.329152657201813748e-01
-3.597753355420045818e-01
9.978515049969738371e-02
5.404336740216324486e-01
9.570590678856341071e-01
1.344830681684271223e+00
1.699254256944650709e+00
2.016223868093611760e+00
2.292069331410548916e+00
2.523598537208163073e+00
2.708134216811833639e+00
2.843544729027495777e+00
2.928268529084074423e+00
2.961332028288497398e+00
2.942360639704867609e+00
2.871582886065377593e+00
2.749827526317643489e+00
2.578513737858469490e+00
2.359634471670094769e+00
2.095733176337070347e+00
1.789874163376307337e+00
1.445606959576739570e+00
1.066925061281445153e+00
6.582195699540687173e-01
2.242282472183581010e-01
-2.300194198349634345e-01
-6.992605065120538477e-01
-1.178059616588109426e+00
-1.660871821027753548e+00
-2.142106841345522206e+00
-2.616193735559250833e+00
-3.077645339210502762e+00
-3.521121717073142587e+00
-3.941491892899287919e+00
-4.333893144721574942e+00
-4.693787181613566339e+00
-5.017012554062334040e+00
-5.299832693823061547e+00
-5.538979029785861208e+00
-5.731688683410720131e+00
-5.875736310016284492e+00
-5.969459719916144103e+00
-6.011778985302206557e+00
-6.002208814047728325e+00
-5.940864049374772193e+00
-5.828458233704626679e+00
-5.666295255071190695e+00
-5.456254174302621607e+00
-5.200767409845963307e+00
-4.902792533719071422e+00
-4.565778005736909506e+00
-4.193623243033592907e+00
-3.790633487176057859e+00
-3.361469991096760257e+00
-2.911096101962354687e+00
-2.444719863333874699e+00
-1.967733800009527023e+00
-1.485652581318985810e+00
-1.004049282984911917e+00
-5.284909837047446768e-01
-6.447444014874315066e-02
3.826374169628554700e-01
8.076774326429032591e-01
1.205733908270754551e+00
1.572207324364930603e+00
1.902863451018552698e+00
2.193882233301521545e+00
2.441901887774692970e+00
2.644057701597905208e+00
2.798015086911328275e+00
2.901996509516354905e+00
2.954801981618571993e+00
2.955822882700704923e+00
2.905048949612740294e+00
2.803068355812033730e+00
2.651060879447352470e+00
2.450784239738802217e+00
2.204553759941104030e+00
1.915215592180074200e+00
1.586113813735847256e+00
1.221051775054160071e+00
8.242481460811870164e-01
4.002881686796453398e-01
-4.592932181884257226e-02
-5.092484940690888973e-01
-9.843160835792645891e-01
-1.465643233196437079e+00
-1.947668897157456280e+00
-2.424824076629767511e+00
-2.891596145092331760e+00
-3.342592520890319108e+00
-3.772602951849506780e+00
-4.176659692868998519e+00
-4.550094881744787045e+00
-4.888594450822461468e+00
-5.188247952070089042e+00
-5.445593720335962118e+00
-5.657658853369222030e+00
-5.821993547009858716e+00
-5.936699389114721725e+00
-6.000451285519015521e+00
-6.012512764839404333e+00
-5.972744485355449662e+00
-5.881605845677952082e+00
-5.740149680522633524e+00
-5.550010102735849493e+00
-5.313383631843659138e+00
-5.033003826906760736e+00
-4.712109716461922559e+00
-4.354408389955089831e+00
-3.964032182494156231e+00
-3.545490947186909825e+00
-3.103619966070820801e+00
-2.643524101023275286e+00
-2.170518829479989087e+00
-1.690068845796061536e+00
-1.207724937223424888e+00
-7.290598634435427883e-01
-2.596039801408467351e-01
1.952186498988268681e-01
6.301529202630069548e-01
1.040173395162264480e+00
1.420542373119549229e+00
1.766864629323404046e+00
2.075138204178872847e+00
2.341800651204922090e+00
2.563770209821574220e+00
2.738481427143671709e+00
2.863914816968424759e+00
2.938620212979711432e+00
2.961733545993985750e+00
2.932986851000981332e+00
2.852711387933903886e+00
2.721833839632441077e+00
2.541865630421953348e+00
2.314885488199242225e+00
2.043515450971589154e+00
1.730890594540844596e+00
1.380622830581407001e+00
9.967591928930041867e-01
5.837350933241798323e-01
1.463230870218641400e-01
-3.104222614023897098e-01
-7.812227740938345599e-01
-1.260637644109074529e+00
-1.743126303080339223e+00
-2.223112446127298192e+00
-2.695048474307403907e+00
-3.153479609986887588e+00
-3.593106944214866871e+00
-4.008848687438172576e+00
-4.395898915572232113e+00
-4.749783132305873679e+00
-5.066410005227316660e+00
-5.342118677498767454e+00
-5.573721107866755453e+00
-5.758538949182244515e+00
-5.894434538663671397e+00
-5.979835641132972057e+00
-6.013753658609106267e+00
-5.995795095119665241e+00
-5.926166143519456142e+00
-5.805670340583187539e+00
-5.635699316751565213e+00
-5.418216746728205635e+00
-5.155735685729210260e+00
-4.851289552665386751e+00
-4.508397095009526012e+00
-4.131021739712942065e+00
-3.723525799486833154e+00
-3.290620063297025055e+00
-2.837309353353748342e+00
-2.368834677584706228e+00
-1.890612646024226295e+00
-1.408172851276234150e+00
-9.270939368397393965e-01
-4.529390923575333794e-01
8.808278424055737688e-03
4.528079730913743273e-01
8.739247559958216449e-01
1.267287759262309521e+00
1.628346832190375792e+00
1.952925187058856871e+00
2.237267732078786597e+00
2.478084532027219566e+00
2.672588893362487283e+00
2.818529632713373978e+00
2.914217154843277591e+00
2.958543037730400727e+00
2.950992897456327313e+00
2.891652383287288686e+00
2.781206232768476561e+00
2.620930396912449112e+00
2.412677325722020427e+00
2.158854583414663075e+00
1.862397039900522522e+00
1.526732959408296786e+00
1.155744377800138167e+00
7.537222262441849452e-01
3.253167197589503790e-01
-1.245164159992262487e-01
-5.905732580987107516e-01
-1.067461877190136743e+00
-1.549664709809817742e+00
-2.031602390735528729e+00
-2.507698307002077520e+00
-2.972443126716173722e+00
-3.420458555995691263e+00
-3.846559586169187028e+00
-4.245814510735792524e+00
-4.613602017278600087e+00
-4.945664693270181544e+00
-5.238158326107670959e+00
-5.487696426291126528e+00
-5.691389457854659994e+00
-5.846878321335529982e+00
-5.952361701015217221e+00
-6.006616959120891330e+00
-6.009014334316566952e+00
-5.959524279275052905e+00
-5.858717851510258257e+00
-5.707760152045997515e+00
-5.508396886970352568e+00
-5.262934206544970017e+00
-4.974212054380412695e+00
-4.645571334355988569e+00
-4.280815274578607443e+00
-3.884165434916024839e+00
-3.460212866719497349e+00
-3.013864989559267293e+00
-2.550288799466951417e+00
-2.074851065753205326e+00
-1.593056208436158361e+00
-1.110482575279545081e+00
-6.327178560832474874e-01
-1.652943819720440466e-01
2.863749411225833263e-01
7.170593228200012881e-01
1.121770676343486262e+00
1.495821402353330942e+00
1.834878699016643910e+00
2.135014768891398518e+00
2.392752340629172192e+00
2.605104977671995670e+00
2.769611706414369934e+00
2.884365562023454288e+00
2.948035720497117040e+00
2.959882959779942979e+00
2.919768269986956710e+00
2.828154512116242358e+00
2.686101105140211942e+00
2.495251802122856688e+00
2.257815696079172874e+00
1.976541674745893040e+00
1.654686619361591227e+00
1.295977715075393277e+00
9.045693088817081673e-01
4.849948142157729514e-01
4.211421881146271140e-02
-4.189421965494051214e-01
-8.928332767729180164e-01
-1.374068860594576780e+00
-1.857073381564984027e+00
-2.336250465125933040e+00
-2.806047773374927612e+00
-3.261021346127300546e+00
-3.695898692616168990e+00
-4.105639902532590924e+00
-4.485496067956988853e+00
-4.831064338790602264e+00
-5.138338973213119942e+00
-5.403757791016428058e+00
-5.624243490857952388e+00
-5.797239351929484030e+00
-5.920738905555080756e+00
-5.993309232068876113e+00
-6.014107612163726024e+00
-5.982891338896646261e+00
-5.900020575790952293e+00
-5.766454227069972127e+00
-5.583738867060179523e+00
-5.353990856272541343e+00
-5.079871850677276868e+00
-4.764557987311752285e+00
-4.411703102716863611e+00
-4.025396409930241504e+00
-3.610115124074489312e+00
-3.170672585213766048e+00
-2.712162479440476837e+00
-2.239899804473127531e+00
-1.759359263889963110e+00
-1.276111804027947327e+00
-7.957600292153311772e-01
-3.238732441096645598e-01
1.340771236594722193e-01
5.727809716544354224e-01
9.871511057079729312e-01
1.372382243555420267e+00
1.724006754482301673e+00
2.037946488214977592e+00
2.310560091555457607e+00
2.538685263519060875e+00
2.719675458370720555e+00
2.851430610291407319e+00
2.932421522697124416e+00
2.961707638675085796e+00
2.938947985744179370e+00
2.864405167298864185e+00
2.738942353740910995e+00
2.564013307504802164e+00
2.341645556999295330e+00
2.074416913981245614e+00
1.765425606125037294e+00
1.418254370657509256e+00
1.036928925029809267e+00
6.258712958838255069e-01
1.898485472808248975e-01
-2.660824973988105135e-01
-7.366338989253085057e-01
-1.216347930981343417e+00
-1.699660382904812694e+00
-2.180965102122768062e+00
-2.654679027521239298e+00
-3.115306959223415717e+00
-3.557505313228086496e+00
-3.976144121065638526e+00
-4.366366554918934995e+00
-4.723645287306435847e+00
-5.043835031088764964e+00
-5.323220649830940232e+00
-5.558560279901027634e+00
-5.747122963530262751e+00
-5.886720355718900954e+00
-5.975732136615995671e+00
-6.013124834025532550e+00
-5.998463837154525358e+00
-5.931918461689807742e+00
-5.814260006402584224e+00
-5.646852823245144037e+00
-5.431638504949050983e+00
-5.171113373469175656e+00
-4.868299530258680008e+00
-4.526709804100345735e+00
-4.150307003067601919e+00
-3.743457943320552150e+00
-3.310882788086890738e+00
-2.857600284632513699e+00
-2.388869534665411187e+00
-1.910128973869448465e+00
-1.426933268686710443e+00
-9.448888626609175390e-01
-4.695889203511309784e-01
-6.548423839567663052e-03
4.388598248946706804e-01
8.614675529606770077e-01
1.256370993240117251e+00
1.618987792635024014e+00
1.945110191340710060e+00
2.230953855876741887e+00
2.473201799044910665e+00
2.669042876999012215e+00
2.816204416546831624e+00
2.912978593929344662e+00
2.958242258841269567e+00
2.951469973536231528e+00
2.892740115606773799e+00
2.782733973537959038e+00
2.622727845463313834e+00
2.414578232762544019e+00
2.160700300286832132e+00
1.864039853150421866e+00
1.528039155279563133e+00
1.156596986387193216e+00
7.540234009138719884e-01
3.249897139686168668e-01
-1.255257052977556409e-01
-5.922952037967489369e-01
-1.069902507631608213e+00
-1.552805574225885499e+00
-2.035400904021617219e+00
-2.512088565377735172e+00
-2.977337178026175479e+00
-3.425748100929826734e+00
-3.852118079621280611e+00
-4.251499625987664288e+00
-4.619258429789930176e+00
-4.951127135658368594e+00
-5.243254861493929830e+00
-5.492251883637355725e+00
-5.695228970263030099e+00
-5.849830906575812506e+00
-5.954263822798052885e+00
-6.007316007862542051e+00
-6.008371967332621466e+00
-5.957419562476796493e+00
-5.855050147723846798e+00
-5.702451704980766145e+00
-5.501395054569803378e+00
-5.254213302885060166e+00
-4.963774765356866681e+00
-4.633449679025968493e+00
-4.267071091096245716e+00
-3.868890377413793491e+00
-3.443527907133291599e+00
-2.995919426146094189e+00
-2.531258781520046686e+00
-2.054937651647364749e+00
-1.572482981530767709e+00
-1.089492849255657037e+00
-6.115715078855590292e-01
-1.442643565684802454e-01
3.070064045498082095e-01
7.370046889647863253e-01
1.140741277978249535e+00
1.513531709450823382e+00
1.851050629470994302e+00
2.149381976329682864e+00
2.405064414564679343e+00
2.615131491975094313e+00
2.777146053747505228e+00
2.889228514489386335e+00
2.950078660245496032e+00
2.958990727655288921e+00
2.915861585426270608e+00
2.821191923338203011e+00
2.676080435132451640e+00
2.482211062934077894e+00
2.241833451362188701e+00
1.957736838266588286e+00
1.633217685180991197e+00
1.272041423208793987e+00
8.783987583277257372e-01
4.568570432131062731e-01
1.230727990462265886e-02
-4.500926316769362501e-01
-9.249777408187641603e-01
-1.406838294268325296e+00
-1.890083663366586508e+00
-2.369107208321333591e+00
-2.838351327029989157e+00
-3.292371933740700918e+00
-3.725901619478562132e+00
-4.133910761479661744e+00
-4.511665872694022639e+00
-4.854784514459100642e+00
-5.159286135339876012e+00
-5.421638246413959195e+00
-5.638797397404277767e+00
-5.808244478394350097e+00
-2.711553942375940274e+00
