-1.021864275843922254e+00
-1.613561669199898851e-01
5.067457626283387029e-01
9.115960840581878166e-01
1.010175038284559790e+00
7.918608850788766418e-01
2.795752293309057279e-01
-4.726222605612013794e-01
-1.385237488310770537e+00
-2.361742266193521456e+00
-3.298783753294841858e+00
-4.097123227313571370e+00
-4.672146445602392006e+00
-4.962832408460839062e+00
-4.938229800111815671e+00
-4.600753633437314249e+00
-3.985950861001978041e+00
-3.158757385072181290e+00
-2.206640460389475145e+00
-1.230350586225616993e+00
-3.332606405254765480e-01
3.895796998312239801e-01
8.615152743764871168e-01
1.032415297733590975e+00
8.839994442917817885e-01
4.317941896509243094e-01
-2.764900591372048133e-01
-1.165991572613204852e+00
-2.142608916071825131e+00
-3.102955541599654143e+00
-3.945304354976821415e+00
-4.580363671611043408e+00
-4.940743035754566748e+00
-4.988105365247301748e+00
-4.717246271075030251e+00
-4.156666376675529406e+00
-3.365573659664395478e+00
-2.427630969987419007e+00
-1.442108891246642211e+00
-5.133794326580687351e-01
2.601375496858779890e-01
7.964045624280839952e-01
1.038467912717037311e+00
9.605073648075181936e-01
5.705913165239748785e-01
-9.015660372180001048e-02
-9.518936145317764552e-01
-1.923439459720351463e+00
-2.901923611833256977e+00
-3.783677350700152431e+00
-4.475217467813997985e+00
-4.903157852043340981e+00
-5.021998020192269152e+00
-4.818961902157887778e+00
-4.315372192563749820e+00
-3.564412339855667966e+00
-2.645510934320555396e+00
-1.655941336046102830e+00
-7.005248886276496112e-01
1.194723658271845679e-01
7.170733484549902670e-01
1.028816235160729953e+00
1.021494608829835116e+00
6.956955211048536647e-01
8.575839020564135495e-02
-7.438432632132105926e-01
-1.705316114930552907e+00
-2.696837251083498366e+00
-3.613337275795548642e+00
-4.357634399148381021e+00
-4.850739624536876349e+00
-5.040240220759653056e+00
-4.905871623668809356e+00
-4.461685332976567331e+00
-3.754580791698169939e+00
-2.859354497682436325e+00
-1.870788877232807179e+00
-8.936175933456520504e-01
-3.142962602027288277e-02
6.243123345340158004e-01
1.003974978110834915e+00
1.067149506863467323e+00
8.069533553908243562e-01
2.507804650963088022e-01
-5.425817196425022360e-01
-1.489165235095271544e+00
-2.488708027536129297e+00
-3.435273426106854266e+00
-4.228477900367002107e+00
-4.784137113302904254e+00
-5.043201174180934387e+00
-4.978030643348099638e+00
-4.595346171061589047e+00
-3.935536904074959708e+00
-3.068398665679592519e+00
-2.085751515003271273e+00
-1.091717470083161334e+00
-1.916877876216707133e-01
5.188511872352545851e-01
9.644488341102199769e-01
1.097702833831174285e+00
9.043025305546774639e-01
4.045664106032185181e-01
-3.486915459788737515e-01
-1.275742693448126186e+00
-2.278382082493510374e+00
-3.250331304392975795e+00
-4.088503867186124907e+00
-4.703938981141036813e+00
-5.031244035724251162e+00
-5.035543467778581750e+00
-4.716195536982652037e+00
-4.106880830697900109e+00
-3.272050863615396210e+00
-2.300111161929187631e+00
-1.294059786594820238e+00
-3.605725730445157318e-01
4.013082749079721623e-01
9.106828079656539288e-01
1.113384137744171554e+00
9.877391066719707347e-01
5.468861074738482486e-01
-1.625978789913828937e-01
-1.065617649523887156e+00
-2.066507823054039683e+00
-3.059167382843252181e+00
-3.938307102376190194e+00
-4.610617541641767403e+00
-5.004672997537705115e+00
-5.078520148465852202e+00
-4.824145081830919501e+00
-4.268343020772675800e+00
-3.469896354645913839e+00
-2.513358112011230716e+00
-1.500098268437562554e+00
-5.375610197817208835e-01
2.721285092139895667e-01
8.429999637790790423e-01
1.114366138633638315e+00
1.057274739036129230e+00
6.775975827890290404e-01
1.542759469438181874e-02
-8.591545823023567507e-01
-1.853497389470545986e+00
-2.862193641585548232e+00
-3.778254488654026133e+00
-4.504457505328264944e+00
-4.963665209226610031e+00
-5.107018836973864495e+00
-4.919136977058614413e+00
-4.419765893802610535e+00
-3.661704475653643875e+00
-2.725221838126804741e+00
-1.709557803007914378e+00
-7.224062629595944252e-01
1.315040755539924611e-01
7.615207058347843727e-01
1.100691255069249586e+00
1.112878607328428249e+00
7.966110653432050270e-01
1.852573443954557142e-01
-6.564941595718691847e-01
-1.639480344778490029e+00
-2.659508295294739533e+00
-3.608399571222566049e+00
-4.385463179069871487e+00
-4.908180408679683637e+00
-5.120967687765810794e+00
-5.001086895834527368e+00
-4.561074692124572394e+00
-3.847431348182308586e+00
-2.935706230242917325e+00
-1.922499384702120562e+00
-9.152260774786673547e-01
-2.072886595164846746e-02
6.660554229761332934e-01
1.072171656208122048e+00
1.154395892265907442e+00
9.038352566246601327e-01
3.468887241220679485e-01
-4.575348946260857641e-01
-1.424248514638507546e+00
-2.450808604849835426e+00
-3.428371729573863380e+00
-4.253235195824620618e+00
-4.837838100478707659e+00
-5.120055735846962719e+00
-5.069800786997593178e+00
-4.692229950335218724e+00
-4.027214315399625377e+00
-3.145127958755670416e+00
-2.139399702212820831e+00
-1.116616466711207289e+00
-1.852266584428123863e-01
5.559590551130431102e-01
1.028250223507238825e+00
1.181430298458157502e+00
9.990947624884922718e-01
5.004063511116476626e-01
-2.619202774601943062e-01
-1.207192321462975393e+00
-2.235281549440372828e+00
-3.237231393655402023e+00
-4.106804626071934194e+00
-4.751747658887341075e+00
-5.103577092709070229e+00
-5.124850365422107146e+00
-4.813148709649224699e+00
-4.201348900337414705e+00
-3.354153565855598096e+00
-2.361246461655124751e+00
-1.327797015528438429e+00
-3.633196917627863343e-01
4.299315491122315258e-01
9.678037505444176958e-01
1.193171168544974847e+00
1.082000470841552708e+00
6.459111458158308672e-01
-6.904140503901357029e-02
-9.872323796350079839e-01
-2.011469174604936239e+00
-3.033281176602227625e+00
-3.944408141570290738e+00
-4.648270256260513378e+00
-5.070204595237221668e+00
-5.165383078777560755e+00
-4.923572408436061032e+00
-4.370230827489832492e+00
-3.563824508926454193e+00
-2.589646818101693615e+00
-1.550794207170482109e+00
-5.572538180023995924e-01
2.857419291614262669e-01
8.888606209732059504e-01
1.188134604056566790e+00
1.151742557477692053e+00
7.833892002950642031e-01
1.219245536808575281e-01
-7.627577106743932411e-01
-1.777109348750534723e+00
-2.813822451680499270e+00
-3.763183163928120578e+00
-4.524682692014664553e+00
-5.017656737091276575e+00
-5.189827207252864838e+00
-5.022841981434337910e+00
-4.534226108918051779e+00
-3.775537515595657201e+00
-2.826921864683405783e+00
-1.788642190661618336e+00
-7.704789841495744973e-01
1.198783015925477535e-01
7.882206456932143723e-01
1.163785230768172863e+00
1.206743605657439655e+00
9.124202450260265884e-01
3.117952256800919919e-01
-5.317623912402846820e-01
-1.529185405641102724e+00
-2.575116527506008168e+00
-3.559039423652239797e+00
-4.376956489474732592e+00
-4.942379341671945703e+00
-5.195470705980566706e+00
-5.109371751928854621e+00
-4.693046332468868265e+00
-3.990341575002403829e+00
-3.075363950615056297e+00
-2.044659094775313601e+00
-1.007021167277121432e+00
-7.200779140634927522e-02
6.616268001852478875e-01
1.116359253258349060e+00
1.244084442099030685e+00
1.031198474194894743e+00
5.000408768543174176e-01
-2.934562168914596203e-01
-1.265663792715611358e+00
-2.314074485366395262e+00
-3.328113510029070632e+00
-4.200801507913999977e+00
-4.840039086896239517e+00
-5.178322881922259313e+00
-5.179868515585189570e+00
-4.844389407757640598e+00
-4.207133083256606731e+00
-3.335171246028526326e+00
-2.320334811785198070e+00
-1.269538688867044129e+00
-2.935161137592150471e-01
5.048501744387525747e-01
1.041370309640370362e+00
1.259420855839034292e+00
1.135914752921376891e+00
6.837388603382348329e-01
-4.959753038578540441e-02
-9.869607410170208039e-01
-2.029710833154780403e+00
-3.068084865417255003e+00
-3.992751952445596331e+00
-4.706323579586336514e+00
-5.133607502367253161e+00
-5.229525970989723049e+00
-4.983864988037922217e+00
-4.422354909610488605e+00
-3.603968803622214168e+00
-2.614722943305119784e+00
-1.558631768247898730e+00
-5.467688939960770877e-01
3.144151581280203445e-01
9.342898121080143170e-01
1.247578372213100639e+00
1.221226550050066528e+00
8.578834607372178844e-01
1.956291896607385006e-01
-6.960223580601119231e-01
-1.723425104583497625e+00
-2.778639460442492659e+00
-3.750773981621115638e+00
-4.537638176622305508e+00
-5.056482047260788981e+00
-5.252694019000793801e+00
-5.105543501824957531e+00
-4.630364847966853326e+00
-3.876953298350471755e+00
-2.924341360285509950e+00
-1.872504151741090972e+00
-8.318646788369128409e-01
8.829905287545170012e-02
7.913279756689979294e-01
1.203332392812491491e+00
1.280953352464028416e+00
1.015920219474782282e+00
4.359259837922739855e-01
-3.982717104729176505e-01
-1.399219779333347624e+00
-2.461941015068324745e+00
-3.474945393404041294e+00
-4.331926250327176930e+00
-4.942914380942877273e+00
-5.243719982645279387e+00
-5.202671945184874858e+00
-4.823947430266239067e+00
-4.147142247614411303e+00
-3.243126723291356761e+00
-2.206621238463782220e+00
-1.146269563664118252e+00
-1.732504763309210549e-01
6.103785633794731602e-01
1.122383747684787991e+00
1.308981252524486827e+00
1.150483059068241776e+00
6.633700610456036983e-01
-1.014253793074144649e-01
-1.063848057803262304e+00
-2.123101938623544349e+00
-3.168207741007905476e+00
-4.089630230449306403e+00
-4.790757113425723190e+00
-5.198026799560302891e+00
-5.268643649812650764e+00
-4.995071876085464879e+00
-4.405836555100008489e+00
-3.562546951373265269e+00
-2.553453017038856299e+00
-1.484209118197326260e+00
-4.668116952243075435e-01
3.921309553205847287e-01
1.002568351525545687e+00
1.300446903367201923e+00
1.254429259369559624e+00
8.691893107952068931e-01
1.849366190089063444e-01
-7.267812378040370280e-01
-1.770560131408200899e+00
-2.837122388647936422e+00
-3.814756839306709502e+00
-4.601018452853588236e+00
-5.113462462370181427e+00
-5.298288475267907138e+00
-5.135988438920938037e+00
-4.643405654459956011e+00
-3.871987556680035247e+00
-2.902413422301668433e+00
-1.836157836766203921e+00
-7.848718909583742853e-01
1.413069512655766857e-01
8.452925924481529130e-01
1.253227202103345039e+00
1.322230642193335193e+00
1.044909354904423271e+00
4.501505133212413412e-01
-3.998840300956725269e-01
-1.416251519065566900e+00
-2.492531817531020710e+00
-3.515967944658767497e+00
-4.379277771609418224e+00
-4.991899868839020371e+00
-5.289494830690107285e+00
-5.240705242325889301e+00
-4.850463858348186719e+00
-4.159500633306032924e+00
-3.240097235979290780e+00
-2.188530942636256693e+00
-1.114997142505936178e+00
-1.320646700280123653e-01
6.571270434751981249e-01
1.169691767180381259e+00
1.351705387015720738e+00
1.183884676786829626e+00
6.836374189227920617e-01
-9.673475921467056260e-02
-1.075496220893948696e+00
-2.150030833837215827e+00
-3.207594976673151965e+00
-4.137144027606265873e+00
-4.840992309434308360e+00
-5.245082387737797447e+00
-5.306784003822361484e+00
-5.019400821274182078e+00
-4.412907695250439133e+00
-3.550836323930581351e+00
-2.523631524883235944e+00
-1.439171564538292092e+00
-4.114449302172018541e-01
4.514288493507998545e-01
1.058575949524905191e+00
1.345945502141579375e+00
1.283077540503956282e+00
8.763455602378416032e-01
1.683271946579965039e-01
-7.666367750416034355e-01
-1.830233670230734688e+00
-2.910505576329104116e+00
-3.893628143982913237e+00
-4.675903295139051785e+00
-5.174702667167421666e+00
-5.337206663331709677e+00
-5.146013931638076855e+00
-4.621024055098790662e+00
-3.817387908678094632e+00
-2.819734418831643552e+00
-1.733275746975643461e+00
-6.727236875341284783e-01
2.498167335641303666e-01
9.366997327815034247e-01
1.315084345739546912e+00
1.344676289451747664e+00
1.022041756870323059e+00
3.810292002147148693e-01
-5.107540724993397951e-01
-1.559047186139542962e+00
-2.652879786984970512e+00
-3.676308469881215402e+00
-4.520705825982744841e+00
-5.096299899640686526e+00
-5.341737274644295930e+00
-5.230648962569771854e+00
-4.774513437601946464e+00
-4.021502535019255475e+00
-3.051422212832127556e+00
-1.967276148412877124e+00
-8.843414514330729670e-01
8.208633104975726624e-02
8.289762446334525414e-01
1.276563281262989236e+00
1.376891110822154207e+00
1.118978218481376796e+00
5.300474884269119613e-01
-3.273215791822989829e-01
-1.361823188325883782e+00
-2.463137748752088907e+00
-3.513694388845583383e+00
-4.401229078511473602e+00
-5.030795566749844738e+00
-5.334941746228142101e+00
-5.280957801180283795e+00
-4.874414197035815022e+00
-4.158604070348330239e+00
-3.209943458411241402e+00
-2.129816937629567697e+00
-1.033738847123272020e+00
-3.899000738266167332e-02
7.479447366466747127e-01
1.242789805076424337e+00
1.392516799586869691e+00
1.181035187741459769e+00
6.309231861081592285e-01
-1.989881564418600757e-01
-1.219918713094629625e+00
-2.322653705356910514e+00
-3.389246370764027461e+00
-4.305651422241266957e+00
-4.973932448991703836e+00
-5.322733307407713887e+00
-5.314891573845232031e+00
-4.951380818814511642e+00
-4.271164302947762614e+00
-3.346982784217283236e+00
-2.277535843355392498e+00
-1.176902329374354572e+00
-1.623395916538090678e-01
6.582281684234563279e-01
1.197692789536709768e+00
1.398992007392825698e+00
1.241108100445038609e+00
7.412071694677222489e-01
-4.729335393721800784e-02
-1.040505048427389889e+00
-2.133063150435566158e+00
-3.209362705115538894e+00
-4.155827410877956041e+00
-4.872902223943649247e+00
-5.285500455999269320e+00
-5.350809893691099717e+00
-5.062651348584592093e+00
-4.451954780367045394e+00
-3.583332209363143228e+00
-2.548138546767352963e+00
-1.454777560728445440e+00
-4.172922917029817658e-01
4.565513695489893387e-01
1.076438857170717078e+00
1.378780877375101799e+00
1.333140264023310984e+00
9.451721121089997624e-01
2.558073189889289445e-01
-6.631976069519249783e-01
-1.716847169296934483e+00
-2.796815088091010537e+00
-3.792630547521185669e+00
-4.602981262366238724e+00
-5.145975674208154160e+00
-5.367328841774980042e+00
-5.245662874488752792e+00
-4.794417994076409784e+00
-4.060221841243476959e+00
-3.117925772174052756e+00
-2.062850719560384238e+00
-1.001058410802673215e+00
-3.864991261433425862e-02
7.288244238179841794e-01
1.225787651556561997e+00
1.403968816124158359e+00
1.246945540340965497e+00
7.714850112936630921e-01
2.559547746284529524e-02
-9.164734188354861644e-01
-1.961746744552470556e+00
-3.007784076539129714e+00
-3.952752758344355133e+00
-4.705321010693808148e+00
-5.193412133157210064e+00
-5.370988429318843238e+00
-5.222238914792784570e+00
-4.762806598564141680e+00
-4.037982550139989080e+00
-3.118086300103586783e+00
-2.091517270328878020e+00
-1.056175155641319030e+00
-1.100893804955196398e-01
6.578428747604276872e-01
1.176137651597350064e+00
1.397260591993212397e+00
1.301833415224570523e+00
9.001544861699803945e-01
2.309350093847952756e-01
-6.425865873962304242e-01
-1.638749382359967033e+00
-2.665193615228668822e+00
-3.627465423005855616e+00
-4.437698143544604790e+00
-5.022574315311600479e+00
-5.329853728762320664e+00
-5.332897419233633585e+00
-5.032810552772355450e+00
-4.458049984586766712e+00
-3.661573953962007799e+00
-2.715830817235793671e+00
-1.706071524757278191e+00
-7.226107314231893231e-01
1.472572743022366737e-01
8.269649279601316572e-01
1.257324814750193642e+00
1.401561122061619091e+00
1.248303887847892923e+00
8.123175236271036326e-01
1.329375183319556619e-01
-7.296106770048291779e-01
-1.699656145650092931e+00
-2.692790276822399687e+00
-3.623238482477697531e+00
-4.411251086325014725e+00
-4.989879464360548411e+00
-5.310568292969788828e+00
-5.347106566759188162e+00
-5.097628194335847240e+00
-4.584524008436183351e+00
-3.852305933889693002e+00
-2.963635604002037294e+00
-1.993879711972338820e+00
-1.024670836815761099e+00
-1.370265280402722663e-01
5.953940306618603628e-01
1.112338463415955658e+00
1.371824984970452466e+00
1.353438201520607898e+00
1.059809284257248851e+00
5.161860022448454544e-01
-2.318441974028442321e-01
-1.122265516295885668e+00
-2.081837877133303039e+00
-3.032153164184508753e+00
-3.896041612400506615e+00
-4.603806446050059620e+00
-5.098787218132260435e+00
-5.341814172770195768e+00
-5.314211566934907260e+00
-5.019128940144561568e+00
-4.481115700585295514e+00
-3.743995028165297612e+00
-2.867226830460329001e+00
-1.921065974045659930e+00
-9.809124789126073551e-01
-1.213082538299932178e-01
5.899436190373625877e-01
1.097077053609944564e+00
1.360670115523916479e+00
1.360635125365798892e+00
1.097672108306899652e+00
5.930878412902007568e-01
-1.129895869183088486e-01
-9.648471763051076344e-01
-1.895610668260006015e+00
-2.832503180668872744e+00
-3.702526031746060209e+00
-4.438120666089679922e+00
-4.982376235862588487e+00
-5.293386088034431225e+00
-5.347424827340592657e+00
-5.140710251267305075e+00
-4.689624043898209749e+00
-4.029383256701803973e+00
-3.211272351747538334e+00
-2.298654126144902499e+00
-1.362069419711872120e+00
-4.738037016292395709e-01
2.976680757665097765e-01
8.929358143265577752e-01
1.266207102526350603e+00
1.388812101212662853e+00
1.251393801350888513e+00
8.646169315327192351e-01
2.583414743664613766e-01
-5.206763079482119583e-01
-1.412380059159443979e+00
-2.348032151762085018e+00
-3.255501947580861088e+00
-4.064818403790724233e+00
-4.713560845600159865e+00
-5.151673203260191514e+00
-5.345330334164795083e+00
-5.279557062819186797e+00
-4.959395890827456910e+00
-4.409530741779427387e+00
-3.672393102878121152e+00
-2.804894346757324186e+00
-1.874034756604178398e+00
-9.517274905250312500e-01
-1.092374646601088628e-01
5.883348353441908429e-01
1.087093858558848769e+00
1.348518677448488745e+00
1.352440665743384951e+00
1.098599317267327624e+00
6.066567450277937645e-01
-8.532896364613318241e-02
-9.238519989049434056e-01
-1.844099321099939459e+00
-2.774962174469467691e+00
-3.644530019634141027e+00
-4.385643740874568763e+00
-4.941081081224155014e+00
-5.267973490915739632e+00
-5.341113571532458693e+00
-5.154898040898107325e+00
-4.723756510649344875e+00
-4.081033269588799861e+00
-3.276408682066707545e+00
-2.372059528720406263e+00
-1.437854940441295692e+00
-5.459589961029884808e-01
2.347431723764317191e-01
8.439653307135870364e-01
1.234675348328361899e+00
1.376726211862028482e+00
1.259182504241578293e+00
8.911627618040767196e-01
3.011327472261915439e-01
-4.652956779717112301e-01
-1.348889970239508074e+00
-2.281374205971349323e+00
-3.190704608764534989e+00
-4.006635703435675211e+00
-4.666147055643104835e+00
-5.118311313966023235e+00
-5.328227337693720145e+00
-5.279714635567946956e+00
-4.976561074983178123e+00
-4.442227608928122962e+00
-3.718033003993362229e+00
-2.859959002103102943e+00
-1.934322935053992110e+00
-1.012652298508456727e+00
-1.661574215345631433e-01
5.397706210953456818e-01
1.050611707348167556e+00
1.326927685089442477e+00
1.347407427038830985e+00
1.110510782864578161e+00
6.345845881148037826e-01
-4.355802161004684869e-02
-8.714849930547605705e-01
-1.785199202467069313e+00
-2.714085336176564223e+00
-3.586367408155288761e+00
-4.334655113882620370e+00
-4.901150417533454373e+00
-5.242112090181837658e+00
-5.331233321378695322e+00
-5.161671574163832155e+00
-4.746574044886054722e+00
-4.118058368940511471e+00
-3.324727593499244183e+00
-2.427911692175117153e+00
-1.496926272920725554e+00
-6.037150291807933389e-01
1.827099563238907542e-01
8.016003963517972508e-01
1.205164470152259248e+00
1.362257470605480414e+00
1.260785414679147287e+00
9.086361128001994025e-01
3.330660182312867867e-01
-4.214094788857158935e-01
-1.296459010289602531e+00
-2.224445142101586281e+00
-3.133652543763607135e+00
-3.953830279722057917e+00
-4.621619894327085198e+00
-5.085449868712721866e+00
-5.309518345830397834e+00
-5.276556546902538614e+00
-4.989159583348998339e+00
-4.469582112213881686e+00
-3.758014929113793201e+00
-2.909475970735068806e+00
-1.989556238885482831e+00
-1.069349590833617025e+00
-2.199583366134822970e-01
4.930007193040766289e-01
1.014465277083766104e+00
1.304179991603937605e+00
1.339803960257285542e+00
1.118633374573786199e+00
6.578065169974283144e-01
-7.024421061170738056e-03
-8.244517550318162247e-01
-1.731287523522904159e+00
-2.657448099185756085e+00
-3.531370588548813139e+00
-4.285542407620082983e+00
-4.861716766189167593e+00
-5.215411154959731732e+00
-5.319341416042322024e+00
-5.165526294603999702e+00
-4.765900151202075108e+00
-4.151386814421292648e+00
-3.369506460473368215e+00
-2.480700732425258348e+00
-1.553660302112316760e+00
-6.600160877144527483e-01
1.311955753847469097e-01
7.588661392425697372e-01
1.174534424657651233e+00
1.346128079989640458e+00
1.260438068165365522e+00
9.241352812258325500e-01
3.632510567284907843e-01
-3.788379369000622887e-01
-1.244764439674952428e+00
-2.167605497271140713e+00
-3.076054658081301518e+00
-3.899931727519432734e+00
-4.575604347651520243e+00
-5.050902576674426214e+00
-5.289146903704848413e+00
-5.271978709189344414e+00
-5.000774765522473686e+00
-4.496536808207569180e+00
-3.798265037039388226e+00
-2.959941524893606069e+00
-2.046356871425810464e+00
-1.128102748961140600e+00
-2.761173530860716596e-01
4.437947747470318838e-01
9.760452013793941006e-01
1.279553796623382311e+00
1.330919259551833100e+00
1.126223288336766881e+00
6.813293082469638051e-01
3.065299641171259637e-02
-7.755001007865547358e-01
-1.674823891342352544e+00
-2.597827299661839895e+00
-3.473203877018053554e+00
-4.233340549199527736e+00
-4.819539928921250826e+00
-5.186552836095100538e+00
-5.306071038227043069e+00
-5.168910616798077839e+00
-4.785717567623914093e+00
-4.186141431954611747e+00
-3.416541107052359472e+00
-2.536400357028568031e+00
-1.613730180293096117e+00
-7.198133954890331143e-01
7.630245339271413130e-02
7.131384135401259705e-01
1.141531713023764993e+00
1.328431004712935515e+00
1.259446285605295035e+00
9.399567694119026484e-01
3.946914232815061929e-01
-3.341851218380487154e-01
-1.190333129744880925e+00
-2.107592649005590513e+00
-3.015096114710863251e+00
-3.842743579478991478e+00
-4.526617558794475471e+00
-5.013919225125516022e+00
-5.267044742959619441e+00
-5.266487033888129332e+00
-5.012339054658279558e+00
-4.524282743408578611e+00
-3.840064788564144571e+00
-3.012577261649754590e+00
-2.105768900607999594e+00
-1.189703113093039555e+00
-3.351446191353895099e-01
3.919070122016288238e-01
9.353146579411175665e-01
1.253138093962712141e+00
1.320870935453363426e+00
1.133330239491082914e+00
7.050530699389603306e-01
6.916968482743168778e-02
-7.251593126033266667e-01
-1.616543606835526337e+00
-2.536107759342175694e+00
-3.412813066971664977e+00
-4.178945482038180614e+00
-4.775345639372263307e+00
-5.155977039620166735e+00
-5.291479641885418417e+00
-5.171434561037322908e+00
-4.805165181032823085e+00
-4.221013086349119092e+00
-3.464145040668252129e+00
-2.593060702668434470e+00
-1.675071099570697664e+00
-7.810973323003214119e-01
1.980857170419980662e-02
6.657973566789805453e-01
1.106998803813750154e+00
1.309371719479178076e+00
1.257330425769911830e+00
9.549451018656700541e-01
4.256235298769088793e-01
-2.897008759722978777e-01
-1.135734497167584900e+00
-2.047097612119856080e+00
-2.953376792178822097e+00
-3.784565156207018610e+00
-4.476470161605579534e+00
-4.975671198433573750e+00
-5.243644110468418162e+00
-5.259734193921135059e+00
-5.022748238584280323e+00
-4.551042896612125688e+00
-3.881102843602287855e+00
-3.064718858720511641e+00
-2.164984083263009396e+00
-1.251417968834446448e+00
-3.945947513996419520e-01
3.393085103778976652e-01
8.936231603876017004e-01
1.225564664250856861e+00
1.309534945667859773e+00
1.139096445797302515e+00
7.274656686098914804e-01
1.064883727776351208e-01
-6.758241305209138350e-01
-1.559006976289986302e+00
-2.474815049895126240e+00
-3.352496400639514817e+00
-4.124258279997084387e+00
-4.730503518014052666e+00
-5.124432774002260160e+00
-5.275657261623556415e+00
-5.172543057662154276e+00
-4.823106142661174545e+00
-4.254389312520318711e+00
-3.510369389151607677e+00
-2.648556683723264360e+00
-1.735549658724277577e+00
-8.418883956861784590e-01
-3.660457670288375098e-02
6.181109444271917219e-01
1.071711070839477475e+00
1.289194964356476181e+00
1.253808824182686799e+00
9.683365389207811980e-01
4.548807823906715342e-01
-2.468482420899793528e-01
-1.082603921673561675e+00
-1.987796705324458291e+00
-2.892485756556038901e+00
-3.726783019840500977e+00
-4.426252148322753044e+00
-4.936885218609686987e+00
-5.219272856200563027e+00
-5.251645780401489993e+00
-5.031553025211149333e+00
-4.576047457817397301e+00
-3.920364555806217233e+00
-3.115196805778039035e+00
-2.222774557286236519e+00
-1.312056328710388797e+00
-4.534002991980743413e-01
2.868712724521746971e-01
8.515947701990858043e-01
1.197179404222419752e+00
1.296971989366331179e+00
1.143312588731111745e+00
7.481224778055084457e-01
1.419792978668361627e-01
-6.282488553258227526e-01
-1.503027348715764600e+00
-2.414756727625980481e+00
-3.292996540951465434e+00
-4.069907597864169446e+00
-4.685492183886008632e+00
-5.092227456123696427e+00
-5.258734196759565549e+00
-5.172197696603259232e+00
-4.839353998557720971e+00
-4.285965598211640248e+00
-3.554827407682702667e+00
-2.702457322001622586e+00
-1.794727314573398180e+00
-9.017727840447868903e-01
-9.257356421627704890e-02
5.703747054637982039e-01
1.035887216093962060e+00
1.268041862718956914e+00
1.248951238401595720e+00
9.801408429066897909e-01
4.824273168699848569e-01
-2.056935890619204788e-01
-1.031024475528572015e+00
-1.929778893591962419e+00
-2.832511143209304194e+00
-3.669482266020287931e+00
-4.376047607398200867e+00
-4.897649740432693299e+00
-5.194031115720378011e+00
-5.242341157278403330e+00
-5.038897997823456265e+00
-4.599469027919148800e+00
-3.958048886501851271e+00
-3.164229601089715516e+00
-2.279366326697124912e+00
-1.371835134071323736e+00
-5.117493789715212849e-01
2.344570644807415505e-01
8.091612214299948036e-01
1.168000729087076639e+00
1.283298232971771480e+00
1.146196133003826834e+00
7.673370281837321727e-01
1.760375902673887438e-01
-5.819800065147955337e-01
-1.448123553757789450e+00
-2.355459794469953572e+00
-3.233886849698441868e+00
-4.015550374263646027e+00
-4.640084982740350306e+00
-5.059276070561935512e+00
-1.983620758151559027e+00
