2.138895722751933182e+00
2.534558495205436746e+00
2.910155475231329891e+00
3.255847500516443116e+00
3.562444210077983620e+00
3.821658334591990336e+00
4.026342312176815597e+00
4.170700287569919062e+00
4.250468972776459076e+00
4.263061467308751240e+00
4.207668948075792059e+00
4.085316128835962957e+00
3.898867536983128712e+00
3.652982935703485534e+00
3.354021601371485417e+00
3.009896613965907797e+00
2.629881792961258125e+00
2.224375370393065321e+00
1.804625892660513209e+00
1.382427138654008569e+00
9.697899903377904529e-01
5.786001515524294980e-01
2.202713437297216803e-01
-9.459591935439126686e-02
-3.565396881864586476e-01
-5.575358933036689280e-01
-6.912618808105106538e-01
-7.533151772383681610e-01
-7.413795498922408633e-01
-6.553317737453956404e-01
-4.972841200166704390e-01
-2.715594057895738267e-01
1.540255965376258196e-02
3.552061837566196090e-01
7.377258410883406059e-01
1.151390899814569435e+00
1.583522691780882674e+00
2.020714182460523922e+00
2.449241411048100225e+00
2.855494375863072420e+00
3.226413995008049262e+00
3.549921127116547392e+00
3.815323431198685888e+00
4.013686104248156639e+00
4.138153272022839779e+00
4.184208018091786663e+00
4.149860698208252430e+00
4.035757264029939506e+00
3.845201758639600342e+00
3.584089877485028275e+00
3.260753429931971148e+00
2.885718594899646217e+00
2.471383936686422977e+00
2.031627126339511147e+00
1.581352090216598061e+00
1.135990773239428986e+00
7.109757583581608475e-01
3.212015346699343965e-01
-1.950682277790516395e-02
-2.988984678586374955e-01
-5.067563475396608119e-01
-6.352938127781166955e-01
-6.794723014571983910e-01
-6.372264962797991039e-01
-5.095863264287050498e-01
-3.006886495840337403e-01
-1.767531116707177219e-02
3.295215989049240513e-01
7.285022304837167617e-01
1.164819934617555619e+00
1.622487436941186800e+00
2.084551319419857940e+00
2.533714786522737850e+00
2.952986231659751049e+00
3.326329442071465969e+00
3.639290482532195892e+00
3.879576446979245308e+00
4.037562394632892904e+00
4.106704887771700285e+00
4.083843577210355846e+00
3.969376154386641709e+00
3.767296583547616873e+00
3.485091686773015951e+00
3.133496691377493093e+00
2.726116052699428582e+00
2.278921508334229351e+00
1.809644667927031714e+00
1.337086263094776628e+00
8.803682541507201753e-01
4.581581150729514551e-01
8.789662788180918618e-02
-2.149387155049327092e-01
-4.375031622299800915e-01
-5.701573635577190657e-01
-6.069168495545529396e-01
-5.457563687138771158e-01
-3.887526984199394242e-01
-1.420559730876647109e-01
1.843133376313756955e-01
5.768372225525681962e-01
1.019030623337231045e+00
1.492110345406430172e+00
1.975776497950835209e+00
2.449074897913112725e+00
2.891304408569501661e+00
3.282930177805787331e+00
3.606462383970646890e+00
3.847260510966122649e+00
3.994225406005675882e+00
4.040345388915170588e+00
3.983068363161904823e+00
3.824479026310251495e+00
3.571268615368405008e+00
3.234493807710828506e+00
2.829131034371354048e+00
2.373442115468773039e+00
1.888176344745169821e+00
1.395642481221847309e+00
9.186911241824297081e-01
4.796532718492776404e-01
9.928417884627971368e-02
-2.042372984573879169e-01
-4.162049785304469118e-01
-5.261320569758818344e-01
-5.283090335466673615e-01
-4.221417489665189038e-01
-2.122482718830354109e-01
9.169542128318619589e-02
4.753589868187022560e-01
9.203961698059863750e-01
1.405291883060870051e+00
1.906380569165751160e+00
2.398988987672508788e+00
2.858649113654246232e+00
3.262321889678591269e+00
3.589570479792432156e+00
3.823622637143739400e+00
3.952265872963848459e+00
3.968526201590929947e+00
3.871091071570980979e+00
3.664449260752804083e+00
3.358734459693157870e+00
2.969274323798739790e+00
2.515862187379915405e+00
2.021783601318678514e+00
1.512643572466795705e+00
1.015052075293132239e+00
5.552343818844660550e-01
1.576384422454575329e-01
-1.563864739485154587e-01
-3.697676219934109554e-01
-4.706767840665069258e-01
-4.532317963413756701e-01
-3.178880360242870573e-01
-7.149213429834988531e-02
2.730120039252583730e-01
6.972159141987974706e-01
1.178190133430931263e+00
1.689692796871375302e+00
2.203581578724701284e+00
2.691354403653007044e+00
3.125735303190323222e+00
3.482217203118247895e+00
3.740473711890636821e+00
3.885557278667528092e+00
3.908811261546264237e+00
3.808438064637297060e+00
3.589683865831296394e+00
3.264621621079146330e+00
2.851536853489069934e+00
2.373943935646570580e+00
1.859282801909087901e+00
1.337365943458343809e+00
8.386618910520365899e-01
3.925130945046086950e-01
2.539231882446069122e-02
-2.406981510009702507e-01
-3.895862726614991445e-01
-4.119628920766160718e-01
-3.060188545895505818e-01
-7.764046037969518643e-02
2.598571471745265704e-01
6.864514135728398969e-01
1.176553411692749185e+00
1.700506710581855430e+00
2.226358829229348135e+00
2.721801207632824404e+00
3.156160769353890228e+00
3.502320244749030920e+00
3.738446057262982070e+00
3.849411875213882173e+00
3.827822544807010452e+00
3.674566214991974888e+00
3.398850766446149585e+00
3.017712512700360783e+00
2.555018612926917232e+00
2.040017614156692805e+00
1.505522876706428370e+00
9.858392803246334157e-01
5.145627470132059234e-01
1.223933019642402531e-01
-1.648953464623053033e-01
-3.281938093568026460e-01
-3.563829392302122478e-01
-2.471525907362370766e-01
-7.249680078031506270e-03
3.478714011335739542e-01
7.949836169072516112e-01
1.304555436869141882e+00
1.842663340043754427e+00
2.373227739669916403e+00
2.860426825655651317e+00
3.271127542920535536e+00
3.577168256956440029e+00
3.757334233011905944e+00
3.798884745394235374e+00
3.698518535185955081e+00
3.462700803443000019e+00
3.107317664927211176e+00
2.656670181936521047e+00
2.141866601261565695e+00
1.598714958289876753e+00
1.065255623760597681e+00
5.791018178050666432e-01
1.747733189553337674e-01
-1.187869980667806136e-01
-2.803332326423877419e-01
-2.979148496619461461e-01
-1.698293500951699730e-01
9.515075349660451209e-02
4.783056711994373433e-01
9.522254714863099823e-01
1.482717510988442955e+00
2.031235746701479439e+00
2.557662474134058783e+00
3.023243518909295879e+00
3.393462436085962430e+00
3.640639384365319309e+00
3.746056464527637520e+00
3.701442674924895648e+00
3.509696299328778579e+00
3.184777494014845445e+00
2.750765196562170445e+00
2.240135744875845880e+00
1.691380992927312477e+00
1.146136534141787067e+00
6.460316274027866346e-01
2.294980815903404636e-01
-7.121670876544783368e-02
-2.325982673726800787e-01
-2.417701334029358495e-01
-9.759665124740002362e-02
1.891158833952630847e-01
5.963502981746480192e-01
1.092499645611553216e+00
1.638765012230559037e+00
2.192152932890088390e+00
2.708844148204002433e+00
3.147671334498943985e+00
3.473429567668120832e+00
3.659751305995066595e+00
3.691307521273001768e+00
3.565146427081551828e+00
3.291047520604585941e+00
2.890846393859397345e+00
2.396768918017865957e+00
1.848895273390095628e+00
1.291948109260775412e+00
7.716585619679738883e-01
3.310036348680962526e-01
6.624732723287563019e-03
-1.742720197239033819e-01
-1.962675476006958686e-01
-5.712515151043784378e-02
2.319027181800292770e-01
6.468990681260902154e-01
1.153186293885296365e+00
1.708164816518421780e+00
2.264859519598812820e+00
2.775882384500163447e+00
3.197478611927522696e+00
3.493310133177049082e+00
3.637646610747005127e+00
3.617679143753017357e+00
3.434742730134714428e+00
3.104324557686664043e+00
2.654838936643067360e+00
2.125257356159719890e+00
1.561784360074462308e+00
1.013857527798473157e+00
5.298146893793633794e-01
1.526072732942724830e-01
-8.405852479981068548e-02
-1.588023145999761798e-01
-6.458470863351362112e-02
1.905394938685642803e-01
5.840166467876861667e-01
1.080704346438178698e+00
1.635942736047157675e+00
2.199525180256088674e+00
2.720219779609912791e+00
3.150436605212051155e+00
3.450614967817779544e+00
3.592923256281247202e+00
3.563920131674672920e+00
3.365915835208520335e+00
3.016888490456427263e+00
2.548942334600755810e+00
2.005430811933277990e+00
1.436994725493080827e+00
8.968719739783134193e-01
4.359102602425422024e-01
9.774971009615418538e-02
-8.536571555338068329e-02
-9.574104789906079382e-02
6.796775629747364711e-02
3.904940347240772880e-01
8.412893136942913852e-01
1.377335274863425552e+00
1.947188238277178796e+00
2.495882052533313189e+00
2.970225649078690466e+00
3.323985328664942784e+00
3.522444614407941987e+00
3.545887064305798475e+00
3.391645731252074469e+00
3.074498304755230560e+00
2.625346780268994706e+00
2.088289438093664963e+00
1.516354334169051521e+00
9.663011046643024127e-01
4.929973470251614032e-01
1.439263343851600041e-01
-4.562179093318818879e-02
-5.617539512636526844e-02
1.138540022730549772e-01
4.478303560876193412e-01
9.123998077148662844e-01
1.460721973973995169e+00
2.037118655537187184e+00
2.582686296142543192e+00
3.041310587532648047e+00
3.365469433782015685e+00
3.521220869319879654e+00
3.491845921490981830e+00
3.279746685829795005e+00
2.906374766442961999e+00
2.410167425095229632e+00
1.842677635288392235e+00
1.263277849966804256e+00
7.329747950290039782e-01
3.079764132665652188e-01
3.368988188528287964e-02
-6.020417944969280732e-02
3.694033291701592780e-02
3.154228576136406392e-01
7.460501530726543207e-01
1.283096487633761607e+00
1.869081639615378654e+00
2.440876457872017014e+00
2.936493062185047798e+00
3.301831057199714703e+00
3.496643302189763602e+00
3.499057461917518097e+00
3.308136607265753426e+00
2.944169020809606963e+00
2.446622583324518541e+00
1.869956364249889091e+00
1.277722999734338227e+00
7.355929041531659163e-01
3.040622909533914342e-01
3.165522240206031235e-02
-5.061179913678492959e-02
6.713684816338760797e-02
3.723406131921083162e-01
8.312245900574636304e-01
1.392435388323139067e+00
1.992712113145191033e+00
2.563975490866480911e+00
3.041046063404399646e+00
3.369117345881462722e+00
3.510123568562231178e+00
3.447254671795358050e+00
3.187072684382714183e+00
2.758952068884402031e+00
2.211872333385415779e+00
1.608899399482857095e+00
1.019966965090904232e+00
5.137775466238896360e-01
1.497591646903184692e-01
-2.897788170255721774e-02
-8.423093006333370880e-04
2.315167240898849954e-01
6.413228140361304508e-01
1.180644376325434397e+00
1.785910387687944079e+00
2.385346525768209602e+00
2.907469246075752967e+00
3.289635151524487711e+00
3.485620735084970168e+00
3.471308322664496959e+00
3.247768166714287474e+00
2.841330530048352898e+00
2.300600192974028957e+00
1.690736588976633703e+00
1.085660742823856939e+00
5.591133615484751296e-01
1.756430504756154587e-01
-1.737148137564648032e-02
4.328141174345878639e-03
2.387153034179303468e-01
6.575251593505646586e-01
1.209547135331776602e+00
1.826795183474868800e+00
2.432824352036292659e+00
2.952183839139765453e+00
3.319839836673661004e+00
3.489388192099816877e+00
3.439011663649495620e+00
3.174405187888576840e+00
2.728263752427539934e+00
2.156356138063800554e+00
1.530640664671546025e+00
9.302611738349411130e-01
4.315431490129748582e-01
9.825324278475466855e-02
-2.663039252894328079e-02
7.343437926074880551e-02
3.862431124205494282e-01
8.722070976731017833e-01
1.469255541805061016e+00
2.100685313676384780e+00
2.684976122832362755e+00
3.146320523934736713e+00
3.424508196305503738e+00
3.482869732872004409e+00
3.313221222057205040e+00
2.937129303638109867e+00
2.403289935166480262e+00
1.781322154880641495e+00
1.152754254937728540e+00
6.003604909170359161e-01
1.972396674538894334e-01
-2.920841399767892810e-03
2.690909708874533735e-02
2.833368429241307496e-01
7.328004518808477474e-01
1.315849800282558713e+00
1.954925030065985059e+00
2.564626312963905974e+00
3.063121665687182471e+00
3.383169623828132355e+00
3.481266860825021681e+00
3.343666116112994136e+00
2.988418421578979967e+00
2.463122836731306720e+00
1.838646586258765314e+00
1.199630363192256688e+00
6.330417593540222931e-01
2.163213291226235846e-01
6.739482525503381893e-03
3.343491687287869496e-02
2.932535609354434136e-01
7.509964376010527243e-01
1.344083602877393924e+00
1.991031254211836465e+00
2.602604672727871993e+00
3.094126207677413198e+00
3.397240573042493494e+00
3.469496943749880380e+00
3.300394072602234719e+00
2.913014055079341524e+00
2.360978002450488500e+00
1.721109275908768943e+00
1.082796020772673451e+00
5.355185759600664674e-01
1.562803290142937840e-01
-1.288494910922644010e-03
8.539664208173669557e-02
4.045358277453947604e-01
9.114468008671833266e-01
1.534733341402024775e+00
2.186280998575520940e+00
2.773689028473991236e+00
3.213387628273974173e+00
3.442575937168502520e+00
3.428268057227399801e+00
3.172132936909918932e+00
2.710405045813779612e+00
2.108843625616753759e+00
1.453429311488214637e+00
8.381057235500134484e-01
3.513099042982461562e-01
6.322418656605077736e-02
1.559324769716341486e-02
2.155936655807728641e-01
6.346681513594008006e-01
1.212524074256316364e+00
1.865748136395644519e+00
2.499814601471504361e+00
3.022762334662702166e+00
3.358560976451960389e+00
3.458218393189949058e+00
3.306998090004467983e+00
2.926672748595191109e+00
2.372458883468890889e+00
1.725053736169127383e+00
1.078915470602450410e+00
5.284852272145226237e-01
1.543613392938258944e-01
1.145421133864044094e-02
1.208701219567187568e-01
4.667327027404801765e-01
9.984298739788659560e-01
1.637976868062350100e+00
2.291430008650783723e+00
2.862683267307849277e+00
3.267620477282306091e+00
3.446535109609666137e+00
3.372977444809841074e+00
3.057710692854845647e+00
2.547177078977436171e+00
1.916686208448656892e+00
1.259320977579668321e+00
6.721943347395968882e-01
2.420877669030785384e-01
3.259936864322354744e-02
7.471020801736028005e-02
3.621740319148729625e-01
8.524213554184997266e-01
1.472850533176239596e+00
2.131577329903021845e+00
2.731050347796057931e+00
3.182511805486371692e+00
3.419155839988765155e+00
3.406029090476065946e+00
3.145202146313947011e+00
2.675444560619000711e+00
2.066454731550151358e+00
1.408505572701888919e+00
7.990477573154188828e-01
3.282628545378873941e-01
6.571200201950033737e-02
5.005954430170289626e-02
2.833907360007574816e-01
7.309574192544079363e-01
1.326378140701256925e+00
1.981509985897657922e+00
2.599518836087473250e+00
3.089205036160565854e+00
3.378461560793221352e+00
3.424877227771303101e+00
3.221926886295335635e+00
2.799848801451273239e+00
2.221098019267325974e+00
1.571065902440023088e+00
9.454516201126830222e-01
4.361588882143547785e-01
1.177998593262428173e-01
3.678862825517525970e-02
2.046159345692317721e-01
5.962737935798758659e-01
1.154037234118142408e+00
1.796023057394978695e+00
2.428248450737495290e+00
2.958407091932920174e+00
3.309339729821875409e+00
3.430233344164559828e+00
3.303927144101731272e+00
2.949282187366467856e+00
2.418297814981658078e+00
1.788425122744134121e+00
1.151223159945895747e+00
5.990268245811158909e-01
2.115719706745899931e-01
4.451517396947468619e-02
1.214967857096032056e-01
4.308709121811895582e-01
9.275431108382112821e-01
1.539616199371391936e+00
2.178854131281291462e+00
2.753432457080532192e+00
3.181127880678974229e+00
3.401051884013040372e+00
3.382258247567941467e+00
3.128016285891609627e+00
2.675171912363039084e+00
2.088725167477922806e+00
1.452433776487953798e+00
8.568107963436965013e-01
3.862423442876885549e-01
1.070602418592485616e-01
5.825170129922874196e-02
2.460987780419936488e-01
6.434722862213633210e-01
1.193840782730767991e+00
1.819390053601727564e+00
2.432076078683516052e+00
2.946034096195603524e+00
3.289592166416196672e+00
3.415211018186176339e+00
3.305979383829559470e+00
2.977789348126591573e+00
2.476927739597365008e+00
1.873460431863708919e+00
1.251366992209262063e+00
6.968235714491270993e-01
2.862731307268315817e-01
7.593345571526444182e-02
9.417662115208891294e-02
3.378018378288709656e-01
7.726764946616494489e-01
1.338614933002954421e+00
1.957785026041344967e+00
2.545458029629473096e+00
3.021610799515398682e+00
3.321790654191758563e+00
3.405772237429356863e+00
3.262853177949011751e+00
2.913104991667011756e+00
2.404451492161857828e+00
1.806012398234090988e+00
1.198648313555507494e+00
6.640086328008534267e-01
2.735691260939618896e-01
7.912895448849988078e-02
1.060231881525774966e-01
3.499282997243458038e-01
7.776478312598833487e-01
1.331730668185149735e+00
1.938266986518123680e+00
2.516793903805234489e+00
2.990977348767139610e+00
3.298651343258849788e+00
3.399899017457957306e+00
3.282134501606479127e+00
2.961552315980702232e+00
2.480795285042186826e+00
1.903188571712111754e+00
1.304331042927470818e+00
7.621688760041238631e-01
3.468585507165637960e-01
1.117360953189250328e-01
8.654841183114014846e-02
2.737945238616066312e-01
6.486120208137970966e-01
1.162181825198115526e+00
1.748172991824636258e+00
2.331366295072041073e+00
2.837328688213025529e+00
3.201892317242207131e+00
3.379234068191926177e+00
3.347546334085904629e+00
3.111609316776249301e+00
2.701976956560787624e+00
2.170920209650629040e+00
1.585677868927103829e+00
1.019895740418720109e+00
5.443496184720408859e-01
2.181213959450682971e-01
8.132417971961802827e-02
1.502633768341443687e-01
4.156049239632890746e-01
8.437403992215085635e-01
1.381140206536254578e+00
1.961119983354828067e+00
2.512156412997327060e+00
2.966710645655158629e+00
3.269470585429453902e+00
3.384012592481005832e+00
3.297088993473396012e+00
3.020048808597338930e+00
2.587255422643822911e+00
2.051731308651964625e+00
1.478592152945122695e+00
9.370912911365877340e-01
4.922504769784226131e-01
1.970880118086923982e-01
8.636830543937024096e-02
1.726008322834213793e-01
4.447367832358906092e-01
8.696835025121270046e-01
1.396420060331928781e+00
1.962192199085919686e+00
2.500026917762983025e+00
2.946662914144939194e+00
3.249958095215599307e+00
3.374911329411771632e+00
3.307611409183267348e+00
3.056679230120531443e+00
2.652068362216314146e+00
2.141398697632510562e+00
1.584281518855383597e+00
1.045319769570311585e+00
5.866096297124774317e-01
2.606139632891513180e-01
1.042217006213059793e-01
1.346582923413015553e-01
3.476899909149258061e-01
7.182958072474865396e-01
1.203697178946211199e+00
1.748369267887736944e+00
2.290439213784919659e+00
2.768729370909636778e+00
3.129642704038937850e+00
3.333118176238690111e+00
3.357000774693892797e+00
3.199358897901007914e+00
2.878518644513557767e+00
2.430842659914426385e+00
1.906531438146585433e+00
1.363939727870214558e+00
8.630569153128285764e-01
4.588819294490920075e-01
1.954229080824803066e-01
1.009713448175921791e-01
1.851502337091257555e-01
4.380337480309610676e-01
8.314053700645211986e-01
1.321987839726611380e+00
1.856267229650035544e+00
2.376367260486474731e+00
2.826325637590174189e+00
3.158091637962494591e+00
3.336605365625568531e+00
3.343428026443477030e+00
3.178556144719770771e+00
2.860252229134753410e+00
2.422937981569670107e+00
1.913400757137471597e+00
1.385738157993623210e+00
8.955916416394059665e-01
4.942856167850107063e-01
2.234881033653657312e-01
1.109441208933077405e-01
1.677117276812245539e-01
3.871669290592125723e-01
7.458554557746797098e-01
1.206076743954227037e+00
1.719908359073000437e+00
2.234235535798734240e+00
2.696254501233243062e+00
3.058878628823185508e+00
3.285496057768551026e+00
3.353602909904850549e+00
3.256958723912898535e+00
3.006066725058006206e+00
2.626954507390797389e+00
2.158402763374974054e+00
1.647923520648272966e+00
1.146909864908619126e+00
7.054549834259706831e-01
3.673629488766656515e-01
1.658456550894318315e-01
1.203236642112726074e-01
2.346321146771843669e-01
4.967887036880196394e-01
8.803239439901106023e-01
1.347020134108386058e+00
1.850769817161607822e+00
2.342159833154052517e+00
2.773322939850929814e+00
3.102580743035503019e+00
3.298430094088357745e+00
3.342496390168937737e+00
3.231183502565742494e+00
2.975880327694053307e+00
2.601725131821718495e+00
2.145067149465969436e+00
1.649887119134049840e+00
1.163533282653949286e+00
7.321884096701254396e-01
3.965018235161923421e-01
1.877973559478078869e-01
1.252067455308052413e-01
2.139848591580852943e-01
4.451477195177240276e-01
7.964479792637577660e-01
1.234577255302896859e+00
1.718372281613372410e+00
2.202712336374900381e+00
2.642736645806611939e+00
2.997987219183697594e+00
3.236096185929762115e+00
3.335685115373342668e+00
3.288221785642583939e+00
3.098679631333676632e+00
2.784957042963855933e+00
2.376127344049749013e+00
1.909695265998243130e+00
1.428122749802665181e+00
9.749484565637157596e-01
5.908564766005988123e-01
3.100482624876341742e-01
1.572386238269489755e-01
1.455353791957159082e-01
2.753790468671819536e-01
5.346216616339116712e-01
8.997213788941149648e-01
1.337931153349106728e+00
1.810274059842198913e+00
2.275032034282592708e+00
2.691434299865442803e+00
3.023219507782202164e+00
3.241762116079462075e+00
3.328496691590871581e+00
3.276439314002432823e+00
3.090686920878790378e+00
2.787865840410789886e+00
2.394591921031604898e+00
1.945088717908100895e+00
1.478180069876366076e+00
1.033923415399592649e+00
6.501765047823901966e-01
3.593910334050334221e-01
1.859026171017079676e-01
1.439400327580544481e-01
2.365121647914454339e-01
4.552544545219794347e-01
7.812345534497486810e-01
1.186636341412661944e+00
1.637169199371190098e+00
2.094991288482063840e+00
2.521896131302468369e+00
2.882493907244111142e+00
3.147123596486882224e+00
3.294258574377062931e+00
3.312213837473341194e+00
3.200023586350463134e+00
2.967428119293618494e+00
2.633982953303839469e+00
2.227374663627191609e+00
1.781091333584147840e+00
1.331645742014613054e+00
9.155826759801837245e-01
5.665156905642620977e-01
3.124325074316633977e-01
1.734829430636368741e-01
1.604212001887599381e-01
2.738192451248970816e-01
5.041044947418966693e-01
8.324083813931127951e-01
1.232147921198703200e+00
1.671205256954597429e+00
2.114524671135723732e+00
2.526916139259498983e+00
2.875841232984451601e+00
3.133961804493027081e+00
3.281253689236842241e+00
3.306524622646742184e+00
3.208224506352189032e+00
2.994493041226109042e+00
2.682449994329316301e+00
2.296792243081474005e+00
1.867814704054161945e+00
1.429015315350141035e+00
1.014474253602619225e+00
6.562124484659623835e-01
3.817333306511747626e-01
2.119349788124096357e-01
1.595489691030433921e-01
2.282198767801502104e-01
4.122889546747428025e-01
6.972909896106058714e-01
1.061118922157492817e+00
1.475760628443455236e+00
1.909470031238133858e+00
2.329203490330006510e+00
2.703134395505326193e+00
3.003055197006429644e+00
3.206486812151055688e+00
3.298339420217634821e+00
3.272004098364936553e+00
3.129798744476240291e+00
2.882740875099663480e+00
2.549670448991320448e+00
2.155794075558172374e+00
1.730764283587481023e+00
1.306440900528385018e+00
9.145036836623713361e-01
5.840946746076300933e-01
3.396647994763279943e-01
1.991824710415019961e-01
1.728337598412037490e-01
2.623062960843882685e-01
4.607052925969092882e-01
7.531032144926637084e-01
1.117678091589520140e+00
1.527352613752059440e+00
1.951810622333813416e+00
2.359740884018521445e+00
2.721142395363630229e+00
3.009522166976627666e+00
3.203825436031155327e+00
3.289958817473759289e+00
3.261797443452387313e+00
3.121605367967926981e+00
2.879841606321174474e+00
2.554368986711160527e+00
2.169126266403983205e+00
1.752362594716670774e+00
1.334564634355221768e+00
9.462282777212531748e-01
6.156374171196417056e-01
3.668109560409571479e-01
2.177663425453517654e-01
1.792243588469371041e-01
2.538474646335699969e-01
4.360650443248073049e-01
7.124962833187189482e-01
1.062938177369612713e+00
1.461845472258577416e+00
1.880194052908143565e+00
2.287591965167495633e+00
2.654484793214334282e+00
2.954295749272987326e+00
3.165345979268191279e+00
3.272416841123922282e+00
3.267842070576374880e+00
3.152051905854376557e+00
2.933530923386650446e+00
2.628193678913951725e+00
2.258224205746436564e+00
1.850463982847256661e+00
1.434465388147410980e+00
1.040351581807135828e+00
6.966375160234012931e-01
4.281693704087892183e-01
2.543309932393158501e-01
1.876465289052302587e-01
2.328797355392118185e-01
3.866946126155290653e-01
6.379014501351738531e-01
9.682701926878988230e-01
1.353852118411707384e+00
1.766714203833277042e+00
2.176960813441719100e+00
2.554896655160505681e+00
2.873174768727644768e+00
3.108774397022603608e+00
3.244665855755130224e+00
3.271042086169607011e+00
3.186027828691906372e+00
2.995815047195351077e+00
2.714214652974268560e+00
2.361656742734105308e+00
1.963711436914121089e+00
1.549237105676920745e+00
1.148289790642349262e+00
7.899450113322247224e-01
5.001896185151033514e-01
3.000364389034850809e-01
2.039984846258542373e-01
2.190336127157590518e-01
3.440365691137134974e-01
5.699157793215718915e-01
8.802499065556017577e-01
1.252477147476534380e+00
1.659531521120256370e+00
2.071807840407256407e+00
2.459313011549982164e+00
2.793847547712124069e+00
3.051058731744141994e+00
3.212215924044513393e+00
3.265578456269593310e+00
3.207255958679532171e+00
3.041497725819286124e+00
2.780389178933926786e+00
2.442976631108868535e+00
2.053883266825446530e+00
1.641516470227871061e+00
1.235996650909338967e+00
8.669583132187203001e-01
5.613837644134429539e-01
3.416278208946517125e-01
2.237782626260043095e-01
2.164725613236799795e-01
3.202583046730294036e-01
5.275451485802675755e-01
8.231529275832483172e-01
1.185416890483903973e+00
1.587770100385659688e+00
2.000687854049437497e+00
2.393852134130587839e+00
2.738377607209372400e+00
3.008935767634711933e+00
3.185620903404592141e+00
3.255420147899268812e+00
3.213178654517135691e+00
3.061987809877082967e+00
2.812966699960883332e+00
2.484451666870026720e+00
2.100652462096836981e+00
1.689872992350508252e+00
1.282427037623458554e+00
9.084021820184622342e-01
5.954368125225257824e-01
3.666745096417212135e-01
2.390474709646570606e-01
1.733390316814098497e+00
