1.692140815636059115e+00
2.171190753867795920e+00
2.627425625862957581e+00
3.050116068402134673e+00
3.429322580536593001e+00
3.756129160247561494e+00
4.022852830513865108e+00
4.223224135336162810e+00
4.352534370389959051e+00
4.407746096286528470e+00
4.387564346447277330e+00
4.292466865999556624e+00
4.124692681137200445e+00
3.888189277425091461e+00
3.588519637575323884e+00
3.232731331476857761e+00
2.829190741632170880e+00
2.387386324788097980e+00
1.917705536310205794e+00
1.431190660774539269e+00
9.392792859340484135e-01
4.535355161536995805e-01
-1.462176274387938513e-02
-4.541871875072667208e-01
-8.548274924624639226e-01
-1.207124287022464326e+00
-1.502795338816568460e+00
-1.734889170552894821e+00
-1.897948405255974080e+00
-1.988138027870525182e+00
-2.003335554192802626e+00
-1.943180991396559865e+00
-1.809085417141736318e+00
-1.604197974325549225e+00
-1.333332053263237338e+00
-1.002852389675038758e+00
-6.205257229444509637e-01
-1.953385132905482990e-01
2.627140111945417411e-01
7.428625342961963085e-01
1.233816558090101045e+00
1.724029593566071661e+00
2.201970404408014836e+00
2.656394023931619053e+00
3.076606164528050247e+00
3.452714802140562256e+00
3.775863023669284946e+00
4.038437660260366435e+00
4.234248793178068127e+00
4.358675898343965294e+00
4.408777174895838868e+00
4.383359464154463758e+00
4.283007088133533813e+00
4.110068899657798980e+00
3.868603816763963366e+00
3.564286089395402701e+00
3.204272493597938531e+00
2.797034545233188396e+00
2.352159650543591773e+00
1.880125845262238027e+00
1.392055399991655174e+00
8.994530724174711889e-01
4.139351545751110972e-01
-5.304431300018808138e-02
-4.904637143251413534e-01
-8.879940497381548781e-01
-1.236243005284463070e+00
-1.526977130852974263e+00
-1.753316866793875217e+00
-1.909899791963584281e+00
-1.993008209304840683e+00
-2.000658020875759835e+00
-1.932646753177995613e+00
-1.790559554423557298e+00
-1.577732975478668642e+00
-1.299177342348677211e+00
-9.614595067449660526e-01
-5.725486993872859198e-01
-1.416290860320632561e-01
3.211165820006667282e-01
8.047471416576660319e-01
1.297821364716712500e+00
1.788668387585192310e+00
2.265663840174307442e+00
2.717505145498876562e+00
3.133479471645143732e+00
3.503717982001358866e+00
3.819430344588850446e+00
4.073113919820549711e+00
4.258732637492066431e+00
4.371861284546147530e+00
4.409791738556065432e+00
4.371598578887065045e+00
4.258162467028924425e+00
4.072150687026053539e+00
3.817955252641675123e+00
3.501589995813300771e+00
3.130549027147141672e+00
2.713629880413995110e+00
2.260725497250051674e+00
1.782589955310194707e+00
1.290583475004784875e+00
7.964027414030020458e-01
3.118029366999430785e-01
-1.516819140239371588e-01
-5.830136304339739173e-01
-9.719130523459407200e-01
-1.309105421051237617e+00
-1.586542098595716155e+00
-1.797593311514220193e+00
-1.937207287665742683e+00
-2.002031948640939252e+00
-1.990496207035400200e+00
-1.902848876740382611e+00
-1.741154212570980686e+00
-1.509244129068120888e+00
-1.212628182549161604e+00
-8.583634107391064916e-01
-4.548870863979781465e-01
-1.181633217129474112e-02
4.602806580211342702e-01
9.501363596636396291e-01
1.446052631576342895e+00
1.936179999137704666e+00
2.408800840197096171e+00
2.852609703554594311e+00
3.256984048292502987e+00
3.612238911515440076e+00
3.909859387269043474e+00
4.142705321886033687e+00
4.305183288521876150e+00
4.393381680690568558e+00
4.405165642788041680e+00
4.340229514018131951e+00
4.200105477960072164e+00
3.988128158951165680e+00
3.709355963366658404e+00
3.370451003375456445e+00
2.979520437811568279e+00
2.545922995369497510e+00
2.080045286896517798e+00
1.593053245699930009e+00
1.096624639687199254e+00
6.026690620152322930e-01
1.230421163342971802e-01
-3.307393390558421853e-01
-7.477740406262445294e-01
-1.118038596833397680e+00
-1.432628869906010571e+00
-1.683974634387053637e+00
-1.866022321176039611e+00
-1.974381418411199185e+00
-2.006430970963899441e+00
-1.961383577750259732e+00
-1.840305307518448341e+00
-1.646091014675148845e+00
-1.383395611501573086e+00
-1.058522915827918798e+00
-6.792747181806904067e-01
-2.547636747548427394e-01
2.048054910688769104e-01
6.883812268594924344e-01
1.184330934082758580e+00
1.680720899748845643e+00
2.165603633470364553e+00
2.627305682151400923e+00
3.054708977397691427e+00
3.437518921583000875e+00
3.766512733867466878e+00
4.033762049883387490e+00
4.232824387004697542e+00
4.358898836263264798e+00
4.408942204036785384e+00
4.381742780811229920e+00
4.277949937555868942e+00
4.100058817776280229e+00
3.852350479262252936e+00
3.540788917580860673e+00
3.172877447303726228e+00
2.757477901430474887e+00
2.304597010530771595e+00
1.825145118837975700e+00
1.330673065498632290e+00
8.330935890461947935e-01
3.443939889830510692e-01
-1.236530090760690204e-01
-5.597731941522445798e-01
-9.534627514963269768e-01
-1.295241512076769297e+00
-1.576881448620308657e+00
-1.791604897035510291e+00
-1.934247716191400901e+00
-2.001383449281473492e+00
-1.991405495685437455e+00
-1.904565320326697453e+00
-1.742965793225040194e+00
-1.510509839313634917e+00
-1.212805661153506964e+00
-8.570308485864974735e-01
-4.517586840361984546e-01
4.000438916743729312e-01
7.144822435907578484e-01
1.040603940060361499e+00
1.370563795376544158e+00
1.696427990326804025e+00
2.010365179122910462e+00
2.304834964075585191e+00
2.572769187283511449e+00
2.807741667688008924e+00
3.004122296856729157e+00
3.157211790726620393e+00
3.263353867775300010e+00
3.320022175043650048e+00
3.325879898564053860e+00
3.280810658970126692e+00
3.185919990113490918e+00
3.043507411353822079e+00
2.857009815428708244e+00
2.630917586131049646e+00
2.370665516602420198e+00
2.082501203981326210e+00
1.773334134813033591e+00
1.450569135075832072e+00
1.121928227920993004e+00
7.952652125053173426e-01
4.783774423079945048e-01
1.788193373497843908e-01
-9.627788927025071608e-02
-3.403759724847559287e-01
-5.476847524389676369e-01
-7.132990598805200033e-01
-8.333140936849758873e-01
-9.049165830044638703e-01
-9.264496187277546646e-01
-8.974496801393296863e-01
-8.186550570857624720e-01
-6.919855590750010332e-01
-5.204940936861293110e-01
-3.082913706716450264e-01
-6.044562889904958602e-02
2.171401245989159623e-01
5.178703448541404075e-01
8.346151758370501383e-01
1.159880833259396393e+00
1.485988028934560390e+00
1.805254149214439163e+00
2.110174832373434839e+00
2.393600725010976316e+00
2.648905134563688257e+00
2.870138335480765690e+00
3.052165128911212832e+00
3.190782528625837777e+00
3.282814921649640727e+00
3.326184608141696142e+00
3.319956225022415719e+00
3.264354186798613000e+00
3.160752919609888245e+00
3.011640305280678831e+00
2.820555375977594537e+00
2.592001892467655555e+00
2.331339986464978864e+00
2.044658537950070354e+00
1.738631381004228205e+00
1.420360777751893844e+00
1.097211862516978220e+00
7.766419324048390305e-01
4.660285434831723528e-01
1.725003629627055446e-01
-9.722537120423879742e-02
-3.369951175212093641e-01
-5.413576259697105986e-01
-7.056858026702252928e-01
-8.262791920022816150e-01
-9.004448851661597253e-01
-9.265551693705140757e-01
-9.040807691672583246e-01
-8.335990885209509926e-01
-7.167774263701220949e-01
-5.563316971518794674e-01
-3.559617287957879128e-01
-1.202647224228803324e-01
1.453710703807793436e-01
4.348899750492282168e-01
7.417069851564238592e-01
1.058857178041792357e+00
1.379153088859009557e+00
1.695346525060212883e+00
2.000291228820597400e+00
2.287102798478401589e+00
2.549312360747843176e+00
2.781010640697534786e+00
2.976979302203975664e+00
3.132806722319985582e+00
3.244985712012321333e+00
3.310991095190301436e+00
3.329335499111847341e+00
3.299602182625749780e+00
3.222454224266777079e+00
3.099619899613545559e+00
2.933854586078992632e+00
2.728880033047016873e+00
2.489302315897451656e+00
2.220510244351597606e+00
1.928556409746739586e+00
1.620023424148979707e+00
1.301878219427821115e+00
9.813175304130852261e-01
6.656078780741067069e-01
3.619234926067070868e-01
7.718566998975884275e-02
-1.820929620677418370e-01
-4.099558815292654312e-01
-6.011385835725784332e-01
-7.511899615741981506e-01
-8.565764396538484426e-01
-9.147664826919488235e-01
-9.242935041296189702e-01
-8.847956295261441007e-01
-7.970312466316114008e-01
-6.628697717939853185e-01
-4.852575784863664143e-01
-2.681595568558436948e-01
-1.647729348384574521e-02
2.640546320240024780e-01
5.669922523597051844e-01
8.853232331782048270e-01
1.211621261072312050e+00
1.538211928378890647e+00
1.857348526615541395e+00
2.161392991709046640e+00
2.442997887810996360e+00
2.695285183415426555e+00
2.912017478346038857e+00
3.087757347920733864e+00
3.218010588381981396e+00
3.299349380038675950e+00
3.329511733005286356e+00
3.307474043079970727e+00
3.233494156676986808e+00
3.109123014536268048e+00
2.937183701073442066e+00
2.721717552896404602e+00
2.467897855933244067e+00
2.181912562477731576e+00
1.870818361462540214e+00
1.542369309838650171e+00
1.204824051551023123e+00
8.667363847407070221e-01
5.367345599895327890e-01
2.232951772808416946e-01
-6.548212532307307043e-02
-3.220928504623319366e-01
-5.398323894020793379e-01
-7.129812804622868150e-01
-8.369653564398609191e-01
-9.084857873237806025e-01
-9.256148292384467346e-01
-8.878540511333286034e-01
-7.961528998392242151e-01
-6.528866484893722788e-01
-4.617940149198771493e-01
-2.278759939700483184e-01
4.274132296211119453e-02
3.429760101139135431e-01
6.649866769872359029e-01
1.000390081479414883e+00
1.340493421171094601e+00
1.676534252327398278e+00
1.999920737725942477e+00
2.302464924203410312e+00
2.576602000907589840e+00
2.815588982001997920e+00
3.013676975750518405e+00
3.166252119241013574e+00
3.269941340211429015e+00
3.322680313590684165e+00
3.323742264594571783e+00
3.273727583650988926e+00
3.174515511288568792e+00
3.029180374862278313e+00
2.841875043444384463e+00
2.617679849271332237e+00
2.362429303198700481e+00
2.082527975138625642e+00
1.784761552391682660e+00
1.476109526128159599e+00
1.163565268613796277e+00
8.539684076051092809e-01
5.538534442867641960e-01
2.693175541747635515e-01
5.909508092600157525e-03
-2.314593032810023931e-01
-4.385816273465683590e-01
-6.119995354282976585e-01
-7.490293141629882356e-01
-8.477678366141723210e-01
-9.070825471858543487e-01
-9.265874229003281393e-01
-9.066073808042545146e-01
-8.481336007589037607e-01
-4.256830912182660853e+00
-3.893507906242345218e+00
-3.440650200859880048e+00
-2.906935698525022094e+00
-2.302111448199935406e+00
-1.636834777829290211e+00
-9.225213856987846128e-01
-1.712016801600253491e-01
6.046142076860751002e-01
1.392063142331078085e+00
2.178048620741263264e+00
2.949355247723172813e+00
3.692760646187048135e+00
4.395148013901454931e+00
5.043623084529938794e+00
5.625639715869498403e+00
6.129138693453549891e+00
6.542704575094067110e+00
6.855745471780180011e+00
7.058700508450968414e+00
7.143279263371750787e+00
7.102736656870462184e+00
6.932185438332217231e+00
6.628946473691486929e+00
6.192934362294096218e+00
5.627088723350539112e+00
4.937866655387086467e+00
4.135718434875538918e+00
3.235506423202307857e+00
2.256825348197254222e+00
1.224172568193668154e+00
1.669111210195890482e-01
-8.810348191689114650e-01
-1.881811636786204556e+00
-2.794648341255526525e+00
-3.577288800535941338e+00
-4.187862009043996636e+00
-4.587176796188332517e+00
-4.741386062146817792e+00
-4.624915189125003323e+00
-4.223491903061495023e+00
-3.537054523892531943e+00
-2.582258233473468501e+00
-1.394252748975633782e+00
-2.737942234635792893e-02
1.445557830281204215e+00
2.935744474452131492e+00
4.342726556260407378e+00
5.560740832557925728e+00
6.486831938058715608e+00
7.030328568251666965e+00
7.122970974484095663e+00
6.728711235336003682e+00
5.851988554407428822e+00
4.543163966081936067e+00
2.899832890183800860e+00
1.062962676009747476e+00
-7.927501992425776134e-01
-2.474247773005851414e+00
-3.790318148490718020e+00
-4.574849127453816777e+00
-4.710477247833773973e+00
-4.149339131341099218e+00
-2.927375255306707391e+00
-1.168913547992840751e+00
9.208400338860429635e-01
3.076262698888575731e+00
5.003589740217471160e+00
6.421648524250405998e+00
7.105635244592500399e+00
6.927047483210658996e+00
5.882423861636635110e+00
4.104373842456346289e+00
1.850642250396859367e+00
-5.294412242365091892e-01
-2.647657329008905602e+00
-4.141238520250793087e+00
-4.738210301221558396e+00
-4.311626653160830713e+00
-2.911368337636339287e+00
-7.653340608289962432e-01
1.752939292819783557e+00
4.186774372725935223e+00
6.079102025390721309e+00
7.060555255463187407e+00
6.925582046707631889e+00
5.680259942347012370e+00
3.550076221817399347e+00
9.434463931967995709e-01
-1.624191754924154019e+00
-3.632116239842854366e+00
-4.661830872490700273e+00
-4.487746951714109755e+00
-3.130711781712788966e+00
-8.610046805397622016e-01
1.852198547671039863e+00
4.436203884762085714e+00
6.335923878241610296e+00
7.134995713976374887e+00
6.649989175926195983e+00
4.975732252377218501e+00
2.469972897718386129e+00
-3.210620262583108175e-01
-2.781118905434289967e+00
-4.360724799167865484e+00
-4.701694215757092010e+00
-3.720631268358947086e+00
-1.631417208930367568e+00
1.099714789564955275e+00
3.857446255421244530e+00
6.016184543644493843e+00
7.082930319807191566e+00
6.811231198041191703e+00
5.259482064541503021e+00
2.779446161618059019e+00
-6.301463814934504803e-02
-2.617164407756219280e+00
-4.296914529590811327e+00
-4.716030100121926694e+00
-3.777556071628907386e+00
-1.696553470983650058e+00
1.049259873790132858e+00
3.829565118924955325e+00
6.006654250976517062e+00
7.082109639297572201e+00
6.811011461745030360e+00
5.257405131240293628e+00
2.778512096889173222e+00
-5.826473818418076434e-02
-2.605999583492691674e+00
-4.286210823120795155e+00
-4.720101359038585187e+00
-3.813249622617341128e+00
-1.774942670984568149e+00
9.314917566614967503e-01
3.695240291016273382e+00
5.896606512692718738e+00
7.045973636800964002e+00
6.891903062673488733e+00
5.474647612584689682e+00
3.114036235721259427e+00
3.355538313576176268e-01
-2.247898093976965939e+00
-4.071637645816924334e+00
-4.742082346311821794e+00
-4.120226254416703426e+00
-2.348332419868887744e+00
1.847381175513311824e-01
2.930714025989423543e+00
5.301667735363025713e+00
6.795929720653708372e+00
7.103175758100787718e+00
6.166903625337681660e+00
4.192176752501126202e+00
1.598407683967410176e+00
-1.071517428784932058e+00
-3.265719509168285573e+00
-4.537098785928323608e+00
-4.633017134807781545e+00
-3.543221068022588849e+00
-1.497447597843395872e+00
1.085344899054496937e+00
3.684486508703899155e+00
5.783249686081694207e+00
6.971091976132365531e+00
7.022382527184305445e+00
5.936871752000248748e+00
3.935197941062927196e+00
1.411725895622781168e+00
-1.144819631333635623e+00
-3.246668710266020330e+00
-4.499588201828194300e+00
-4.675290406647274466e+00
-3.750712305898043386e+00
-1.907926555301486360e+00
5.039777372431396563e-01
3.036724621726190065e+00
5.226944542024130058e+00
6.680656648315016710e+00
7.142837520080771441e+00
6.540082600242870470e+00
4.989671556737130587e+00
2.774594954444998152e+00
2.901280574191811290e-01
-2.027702377399896783e+00
-3.778685304885539775e+00
-4.666623140279908100e+00
-4.547749773568119380e+00
-3.451807461987546954e+00
-1.573169850013717230e+00
7.654493468361284192e-01
3.169682129425267281e+00
5.240468166089373270e+00
6.639895555703567709e+00
7.145174805413795127e+00
6.682372119243954245e+00
5.335142679726583737e+00
3.327913782565238066e+00
9.870672492419930721e-01
-1.312983928397304378e+00
-2.889575107380941699e+00
-4.002229298847334249e+00
-4.300558589534903220e+00
-3.745284361176282051e+00
-2.429159116006781360e+00
-5.601602025986156530e-01
1.572403203288431861e+00
3.643226703897448182e+00
5.340640745244694898e+00
6.413002177883278421e+00
6.705069228525916358e+00
6.179287447861327109e+00
4.919278708668973543e+00
3.115508554762048021e+00
1.035692194854761938e+00
-1.015378093658470871e+00
-2.740524891391676210e+00
-3.892872766791664940e+00
-4.310483338225861161e+00
-3.938206449744631410e+00
-2.833953924086863640e+00
-1.158870081345080294e+00
8.468567357108995886e-01
2.898839500950724180e+00
4.708906304418642108e+00
6.025350951690118251e+00
6.667452218790657525e+00
6.549615729362812999e+00
5.692023922340418096e+00
4.216594164390995658e+00
2.329072513275822320e+00
2.899544926672310563e-01
-1.621621211744083801e+00
-3.145998418580213229e+00
-4.077970731058925935e+00
-4.293938796359869414e+00
-3.767740375941051933e+00
-2.573213352834288870e+00
-8.733527204756490470e-01
1.102295513736154087e+00
3.088831535937391681e+00
4.821536726288792707e+00
6.070991182745418158e+00
6.673149137776245965e+00
6.550480751632392185e+00
5.721516916014783405e+00
4.297687849631058654e+00
2.468018943378468499e+00
4.738200942404381388e-01
-1.423223538656298359e+00
-2.975339457470540960e+00
-3.980859057028740100e+00
-4.310161636458458290e+00
-3.922075122086078114e+00
-2.868704132876387813e+00
-1.288167023590566451e+00
6.137174936988492036e-01
2.590346053072872579e+00
4.386321818378506876e+00
5.770377410892736592e+00
6.565003645781805730e+00
6.669014906528293096e+00
6.070213846298262439e+00
4.846601994943950942e+00
3.156052722519377518e+00
1.215831199328674117e+00
-7.253729995309847745e-01
-2.419301280047305269e+00
-3.649798552059793533e+00
-4.260278607953221552e+00
-4.173513011644484294e+00
-3.401264019148821038e+00
-2.042579399221276848e+00
-2.710067272162417495e-01
1.687615106982234270e+00
3.583944645193342993e+00
5.176842788882471069e+00
6.263973160300324139e+00
6.707428258228906870e+00
6.451149822179887749e+00
5.527955082896559347e+00
4.055296866159025626e+00
2.220308852019599932e+00
2.560387084845830996e-01
-1.588118268572353387e+00
-3.078043030699104232e+00
-4.024574634346915758e+00
-4.307496837992925265e+00
-3.890795244535051989e+00
-2.827252268183929385e+00
-1.251792798996996137e+00
6.355858698319217792e-01
2.595149133418055420e+00
4.377826767929664520e+00
5.756836964053457351e+00
6.556526677054057117e+00
6.674766186167195414e+00
6.096043425774880120e+00
4.893574645456592265e+00
3.220135717554624577e+00
1.288748457707472816e+00
-6.543519484860698121e-01
-2.361052945736681785e+00
-3.613028264335242046e+00
-4.249695419940543673e+00
-4.188887576034465710e+00
-3.437572278150386129e+00
-2.091206154844887699e+00
-3.217582879365634696e-01
1.644116899685146294e+00
3.554008178207333390e+00
5.162103196862309673e+00
6.260835597929309770e+00
6.707752812920576346e+00
6.444121244042266383e+00
5.502824674133902860e+00
4.004473300243613032e+00
2.142152845784727866e+00
1.567127565546073686e-01
-1.694270118825445870e+00
-3.169872619927104562e+00
-4.077235095172270007e+00
-4.296903575387235108e+00
-3.798761232777450036e+00
-2.646401361963115928e+00
-9.892813108172022751e-01
9.564141085145826393e-01
2.935785980589005639e+00
4.688511465265765565e+00
5.983082543247544294e+00
6.647496076375174923e+00
6.592317917271206085e+00
5.823005699391915257e+00
4.439759751837829782e+00
2.624802772008034246e+00
6.186545564869253555e-01
-1.311551737090055347e+00
-2.907569803603053504e+00
-3.954655613458675223e+00
-4.310656775097637450e+00
-3.925615891664441026e+00
-2.849149814672815584e+00
-1.224474476237420006e+00
7.302705679498262548e-01
2.751019684202065996e+00
4.563292529638411921e+00
5.919473590024617593e+00
6.632805654336387136e+00
6.603416983077986302e+00
5.832720654377252956e+00
4.424061584543732550e+00
2.569342025323430256e+00
5.232819040390922494e-01
-1.431297129294649917e+00
-3.022478516613240185e+00
-4.027190858222597925e+00
-4.302782451174314460e+00
-3.807729206005908917e+00
-2.608416694462906360e+00
-8.708361913186615233e-01
1.161864660002162930e+00
3.203024023718805680e+00
4.962710989128972017e+00
6.188961390156736186e+00
6.704144788822057777e+00
6.431185261512140983e+00
5.405708161781353382e+00
3.772128456570169597e+00
1.763969979726197845e+00
-3.290097573140022824e-01
-2.202347649816561503e+00
-3.581159762280092362e+00
-4.260758117059992856e+00
-4.137572962908672380e+00
-3.225646669178574566e+00
-1.655988462279194273e+00
3.414444068576064639e-01
2.470797011871241011e+00
4.413759906528635035e+00
5.877100699702348052e+00
6.637213968435764500e+00
6.574897967376694297e+00
5.694882306784618820e+00
4.126803108058359371e+00
2.107067854368613880e+00
-5.602714182700729850e-02
-2.028918316418020229e+00
-3.504174066791840847e+00
-4.248777846755238841e+00
-4.141672523828262342e+00
-3.194419636645754235e+00
-1.551320371207112636e+00
5.315019953064622493e-01
2.725223038347389881e+00
4.679815226843755838e+00
6.079943651010017547e+00
6.696344352298755354e+00
6.424249855548813670e+00
5.302296921218745851e+00
3.508358880148659598e+00
1.228659347056651585e+00
7.725054615144872905e-01
3.863915001407457472e-01
1.348956083068899581e-01
6.081071398681947571e-02
1.776483495864913387e-01
4.669334571377899978e-01
8.808604405915133606e-01
1.349983348576197839e+00
1.794742841942204681e+00
2.138940579692846899e+00
2.322884199525835580e+00
2.313921599888538960e+00
2.112476284213295141e+00
1.752431297757651052e+00
1.295670229210011959e+00
8.216077174058971089e-01
4.134491727658859972e-01
1.435441829427293037e-01
6.041890950460770959e-02
1.798365375815556000e-01
4.815691247281779219e-01
9.125756913175600005e-01
1.396139539206556535e+00
1.845426138743603284e+00
2.179082958500875744e+00
2.336076321068858874e+00
2.287038658250518885e+00
2.039982619928569996e+00
1.639232516101382320e+00
1.157654886713864073e+00
6.835150500857859468e-01
3.043123689170749158e-01
9.055525790897656080e-02
8.250252384667011718e-02
2.823948568233539680e-01
6.537110092746180046e-01
1.127684199230004625e+00
1.615946064829944850e+00
2.026987733519192147e+00
2.283369410313585313e+00
2.336424845577382392e+00
2.175641320734262862e+00
1.830876775086636377e+00
1.366923425248664392e+00
8.713872244128613165e-01
4.381440379424244025e-01
1.495039688827550783e-01
6.049060707236519896e-02
1.882616348973726872e-01
5.087281444146682929e-01
9.610551455076505878e-01
1.459209408659442930e+00
1.908357476135000175e+00
2.222973174990311662e+00
2.343176404023153303e+00
2.246161461042080809e+00
1.950519711995975847e+00
1.512633975180847523e+00
1.015852725249617894e+00
5.545422947607927533e-01
2.160940426049211549e-01
6.434199232125314971e-02
1.275544108618824612e-01
3.932617621731177016e-01
8.108537172352014988e-01
1.301381783210195264e+00
1.772633443998498537e+00
2.136561959902027574e+00
2.325746942760355651e+00
2.305793881151404268e+00
2.081399457369252026e+00
1.695045085119620598e+00
1.218688169190615733e+00
7.401266446935401699e-01
3.466714723862565073e-01
1.092014656529123329e-01
6.952707950969339024e-02
2.333006357789613183e-01
5.696270607041410416e-01
1.017267858371111888e+00
1.496133093915226642e+00
1.921841109293516148e+00
2.220650617597488719e+00
2.342102752062760196e+00
2.267222288231746763e+00
2.011001622617889950e+00
1.618951896841748006e+00
1.158552484355707346e+00
7.072767512431059611e-01
3.393798783812700393e-01
1.137344943449440926e-01
6.470009748716099018e-02
1.973911215909434080e-01
4.878952579171288439e-01
8.881413690679983430e-01
1.334372906677426363e+00
1.757665309537966181e+00
2.094703177575072406e+00
2.297117912159212239e+00
2.338025961401083652e+00
2.214961144275404692e+00
1.949029248272946768e+00
1.580698000027422445e+00
1.163100484478837959e+00
7.540135667247952478e-01
4.077528348321654006e-01
1.681149401280399580e-01
6.323745186805429519e-02
1.028929915954448493e-01
2.783514879707850165e-01
5.645899436228585255e-01
9.243483292874498103e-01
1.313350946465881020e+00
1.685944204322483042e+00
2.000437012439291617e+00
2.223548989691380484e+00
2.333546830351548973e+00
2.321850263385400126e+00
2.193087770667933256e+00
1.963755457004655369e+00
1.659764184596605130e+00
1.313242043373032963e+00
9.589904204939375676e-01
6.309772907867312597e-01
3.591999870125689442e-01
1.671730300425262605e-01
7.020655807718112484e-02
7.454857010211490831e-02
1.773787905849064650e-01
3.675702191079200931e-01
6.270804779197978185e-01
9.328005670586871911e-01
1.258673136258988023e+00
1.577893843762335324e+00
1.865023418931803345e+00
2.097863757903501103e+00
2.259002561705937495e+00
2.336941275277347962e+00
2.326751294364070688e+00
2.230239025551421506e+00
2.055631916798237757e+00
1.816826375977901975e+00
1.532263413878797387e+00
1.223517955070182239e+00
9.137023437553739580e-01
6.257931438130975854e-01
3.809926344582800217e-01
1.972324175418385117e-01
8.791651280652912348e-02
6.098571622024429040e-02
1.183645883508470664e-01
2.558282336199906304e-01
4.632992704415281882e-01
7.255575184135851785e-01
1.023317528873517901e+00
1.334603820678763153e+00
1.636332202787865953e+00
1.905989404876716975e+00
2.123293711455024546e+00
2.271717388043320796e+00
2.339757952330018931e+00
2.321859815003323391e+00
2.218909956749783863e+00
2.038259987879112334e+00
1.793260451923913923e+00
1.502329381693118471e+00
1.187613315516514056e+00
8.733324439145141449e-01
5.839294918015028868e-01
3.421617872935901472e-01
1.672856315662709648e-01
7.348016224006292951e-02
6.864386876603179033e-02
1.536712462138851709e-01
3.222812826493588467e-01
5.614260790337864959e-01
8.522602588297194526e-01
1.171603896615901919e+00
1.493787713412956686e+00
1.792733374112883471e+00
2.044097492155523277e+00
2.227298936651699535e+00
2.327250758709241474e+00
2.335637825188556782e+00
2.251632547081937830e+00
2.081986479571599880e+00
1.840488558066329272e+00
1.546835172159856775e+00
1.225007575033183693e+00
9.012938653498665520e-01
6.021223801273349885e-01
3.518883593289979794e-01
1.709550798664425386e-01
7.399460223019915794e-02
6.880345635899365320e-02
1.556877965300322852e-01
3.274644338115032527e-01
5.700728938361498965e-01
5.175035037739306176e-03
