3.738502694990962993e+00
4.574514179348409648e+00
5.366436346829777548e+00
6.094005750438219238e+00
6.738624222934235242e+00
7.283834279678087498e+00
7.715739279991693067e+00
8.023357620475710661e+00
8.198901933035882550e+00
8.237976189757961976e+00
8.139685726586630921e+00
7.906657433788055300e+00
7.544969665993005670e+00
7.063993739093593405e+00
6.476151146067084419e+00
5.796592780909047171e+00
5.042808454066335599e+00
4.234176763077595496e+00
3.391466903087420270e+00
2.536305224716359774e+00
1.690620240331984547e+00
8.760803214294572427e-01
1.135385059854074896e-01
-5.775013589318302998e-01
-1.179383472076935391e+00
-1.676751171204946544e+00
-2.056938739548040296e+00
-2.310293929375042410e+00
-2.430422990191702048e+00
-2.414351982018744458e+00
-2.262600304918611194e+00
-1.979164629276483289e+00
-1.571413709435228512e+00
-1.049896847194617955e+00
-4.280709828795470351e-01
2.780465264622384858e-01
1.050290482918288415e+00
1.868815150697646921e+00
2.712604264921714581e+00
3.560010639745048611e+00
4.389311520994917615e+00
5.179265435913965376e+00
5.909656265498169248e+00
6.561810603749588466e+00
7.119075163933059613e+00
7.567242026521914688e+00
7.894910870150699367e+00
8.093778950796398419e+00
8.158851453739254467e+00
8.088566889760897993e+00
7.884834388904935487e+00
7.552982005916991426e+00
7.101617433183778694e+00
6.542404761100428345e+00
5.889763074817485844e+00
5.160494675244128970e+00
4.373352509891718753e+00
3.548557949712084714e+00
2.707281311968142035e+00
1.871098474201720263e+00
1.061437526565105482e+00
2.990296539959538258e-01
-3.966216800349475768e-01
-1.007739656826388330e+00
-1.518728369778384213e+00
-1.916570827576997260e+00
-2.191160536529771719e+00
-2.335558216007027177e+00
-2.346167126729955754e+00
-2.222822583023354781e+00
-1.968793423378682128e+00
-1.590695472185878145e+00
-1.098319281353614674e+00
-5.043766359240393626e-01
1.758276135259078110e-01
9.247899201092946164e-01
1.723258449779785151e+00
2.550727940424703188e+00
3.385966290865466188e+00
4.207559356636739523e+00
4.994459973603431635e+00
5.726527133348538356e+00
6.385041498026456708e+00
6.953184059973108511e+00
7.416465706682154213e+00
7.763096720034041276e+00
7.984286787141504860e+00
8.074467888931526005e+00
8.031434415576228503e+00
7.856396984125473715e+00
7.553948648565024904e+00
7.131944439180219142e+00
6.601297388931778087e+00
5.975696342641716896e+00
5.271252845404172938e+00
4.506086218607874727e+00
3.699857508989409904e+00
2.873264297995385519e+00
2.047509352270080019e+00
1.243756756083160386e+00
4.825894763248110841e-01
-2.165177373373321501e-01
-8.356966189000618606e-01
-1.359142070850833051e+00
-1.773515595351432772e+00
-2.068285174253051473e+00
-2.235992937754214260e+00
-2.272443819505166829e+00
-2.176810426803081455e+00
-1.951651506014072446e+00
-1.602843600254135303e+00
-1.139427721781556713e+00
-5.733750384475664319e-01
8.072235384166726035e-02
8.060275854217104907e-01
1.583892397714696809e+00
2.394336603365544214e+00
3.216561294496341095e+00
4.029482616925973204e+00
4.812272411813942163e+00
5.544891861353054452e+00
6.208604465791896843e+00
6.786455220037176161e+00
7.263703735216139989e+00
7.628200241109823310e+00
7.870694878527585203e+00
7.985072408487727813e+00
7.968506383266086956e+00
7.821528893640654623e+00
7.548014173830043916e+00
7.155076555065652322e+00
6.652885453782202418e+00
6.054402204805055199e+00
5.375045549258905098e+00
4.632294410073653168e+00
3.845238188333480078e+00
3.034086150461281495e+00
2.219648515309820436e+00
1.422802565248167728e+00
6.639574782296668864e-01
-3.746840067284518128e-02
-6.635444599390809550e-01
-1.198286179221109471e+00
-1.628063227089415754e+00
-1.941946880031561129e+00
-2.131987907769026691e+00
-2.193417859583003171e+00
-2.124768655588146871e+00
-1.927907485141104438e+00
-1.607986187924938193e+00
-1.173306485941016497e+00
-6.351045904446115387e-01
-7.260771550278377617e-03
6.940586030140902807e-01
1.450817328773731152e+00
2.243573207061071884e+00
3.051977540584303039e+00
3.855297449365776785e+00
4.632947600116940734e+00
5.365017711961950653e+00
6.032782321011968207e+00
6.619179752272529527e+00
7.109248047504190815e+00
7.490506711164766962e+00
7.753274534635713700e+00
7.890915405503912794e+00
7.900005861317464628e+00
7.780420158302442601e+00
7.535330743332656844e+00
7.171124187613941992e+00
6.697234807405038737e+00
6.125900305109635013e+00
5.471845759252776276e+00
4.751904123150662684e+00
3.984583012692238579e+00
3.189588932209061589e+00
2.387321169044513969e+00
1.598348354663762461e+00
8.428811235625568443e-01
1.402543900115977848e-01
-4.915674951790882652e-01
-1.036450043270268129e+00
-1.480500638677844982e+00
-1.812422741566468432e+00
-2.023803251575460038e+00
-2.109325723111442841e+00
-2.066904029371655405e+00
-1.897733115878923904e+00
-1.606255612315772296e+00
-1.200045229222316934e+00
-6.896099983353116691e-01
-8.812046736108136713e-02
5.889301207387207526e-01
1.324124896398723772e+00
2.098571401215648891e+00
2.892387069477116768e+00
3.685209678051383442e+00
4.456719659759956542e+00
5.187160882325055233e+00
5.857846545621258727e+00
6.451637242683556650e+00
6.953378954371374654e+00
7.350289784914308733e+00
7.632285568914735308e+00
7.792236055592150379e+00
7.826145162533634014e+00
7.733250742994678184e+00
7.516041377702568305e+00
7.180189831074648588e+00
6.734404948150570114e+00
6.190205857583745086e+00
5.561624334234521072e+00
4.864843011377575799e+00
4.117778770333795357e+00
3.339622032649512740e+00
2.550343801160228629e+00
1.770183112884453847e+00
1.019128058025826178e+00
3.164036730973158740e-01
-3.200201713343719945e-01
-8.738882914524426226e-01
-1.331075368825123562e+00
-1.679946182749706196e+00
-1.911651709617137485e+00
-2.020353554313841116e+00
-2.003371022120457035e+00
-1.861247127330376117e+00
-1.597731915819353254e+00
-1.219683599630704052e+00
-7.368901079005922838e-01
-1.618156961578840480e-01
4.907208269805911627e-01
1.203927949470996461e+00
1.959473542785799216e+00
2.737956067747767008e+00
3.519402787631710883e+00
4.283782194981585967e+00
5.011517505177502940e+00
5.683988053668267426e+00
6.284005755090655398e+00
6.796254432697510062e+00
7.207680788671931182e+00
7.507827035082023315e+00
7.689096709168981469e+00
7.746946916590154331e+00
7.680002137891583480e+00
7.490086748223872881e+00
7.182175486394437591e+00
6.764263213235487626e+00
6.247157367015806706e+00
5.644198502264829997e+00
4.970916137266943480e+00
4.244628787603009101e+00
3.483998486278188977e+00
2.708551248889147445e+00
1.938175805497461823e+00
1.192613467510095671e+00
4.909522141756119673e-01
-1.488620359766197332e-01
-7.104844549614037774e-01
-1.179588894564744805e+00
-1.544233365386288526e+00
-1.795164080990158340e+00
-1.926050325242870009e+00
-1.933644180836667559e+00
-1.817861088264681513e+00
-1.581779237497645596e+00
-1.231557877117920974e+00
-7.762767042726603783e-01
-2.277005202352095914e-01
4.000247511528236544e-01
1.090736830284209091e+00
1.826673230081666821e+00
2.588928072500053190e+00
3.357937826125245717e+00
4.113983485929656680e+00
4.837696304921271562e+00
5.510554106897987303e+00
6.115355461594868203e+00
6.636659581462147628e+00
7.061180688075169520e+00
7.378126772721290472e+00
7.579474109663582482e+00
7.660170534986822766e+00
7.618262336217877184e+00
7.454941560977791148e+00
7.174512596352044191e+00
6.784278942018707070e+00
6.294353146336799654e+00
5.717394843137340033e+00
5.068283667470634413e+00
4.363735493956507838e+00
3.621871889087025842e+00
2.861753861881570771e+00
2.102891905272612494e+00
1.364744920417957141e+00
6.662208926043047263e-01
2.519213364178440884e-02
-5.419624767859332337e-01
-1.020776519454919651e+00
-1.399065603892402088e+00
-1.667238023226324195e+00
-1.818538560356266487e+00
-1.849219231174306977e+00
-1.758632630126217400e+00
-1.549245533310679157e+00
-1.226572463514610689e+00
-7.990309775230945988e-01
-2.777224460196201505e-01
3.238559911083194187e-01
9.901608452175116870e-01
1.704004051963943223e+00
2.446996731545304282e+00
3.200023494862516138e+00
3.943735072450947676e+00
4.659046575164208726e+00
5.327628553731901917e+00
5.932378212125417605e+00
6.457858642381028247e+00
6.890694773075212609e+00
7.219915838967948751e+00
7.437235556938854408e+00
7.537262798031995281e+00
7.517637336178295548e+00
7.379087185180797093e+00
7.125406057418958383e+00
6.763351538690551834e+00
6.302466620857216206e+00
5.754829214987017494e+00
5.134736131625533773e+00
4.458329713730215360e+00
3.743176797874026462e+00
3.007810922022679190e+00
2.271249660979892226e+00
1.552497445703155288e+00
8.700379134188769292e-01
2.413478883697388611e-01
-3.175524098118520655e-01
-7.925088521007412901e-01
-1.171592315937862061e+00
-1.445398005912356787e+00
-1.607277757617366909e+00
-1.653499686663626456e+00
-1.583331461547264674e+00
-1.399045478636085527e+00
-1.105846247987319675e+00
-7.117223076434373574e-01
-2.272269199935861295e-01
3.348063825138867244e-01
9.596056893585493963e-01
1.630850892227418303e+00
2.331101812479795754e+00
3.042253016781343966e+00
3.746003439621081288e+00
4.424328618903924593e+00
5.059943354141481109e+00
5.636742913887219153e+00
6.140211539910620075e+00
6.557787902359253351e+00
6.879178327793187719e+00
7.096610018909416340e+00
7.205018073739839046e+00
7.202161851126788861e+00
7.088668072778086859e+00
6.867999952185869894e+00
6.546353548001828671e+00
6.132484405032371910e+00
5.637469322147655504e+00
5.074409727953575810e+00
4.458084610643578749e+00
3.804562201363770768e+00
3.130780619712116852e+00
2.454108431091582165e+00
1.791896521036296264e+00
1.161032851240017205e+00
5.775115234218577420e-01
5.602714561383947967e-02
-3.903952162963406636e-01
-7.507251910076160328e-01
-1.016199253405439151e+00
-1.180533177964536051e+00
-1.240069668291120308e+00
-1.193857731721334581e+00
-1.043662141102442487e+00
-7.939031316948264028e-01
-4.515282729369523018e-01
-2.582018662581075930e-02
4.718545893004373326e-01
1.028348809989756862e+00
1.629081725039564832e+00
2.258421106726446581e+00
2.900090097183066984e+00
3.537588285993548354e+00
4.154616124542473088e+00
4.735491760066999234e+00
5.265549629713323299e+00
5.731510684769020258e+00
6.121814902441197859e+00
6.426907765355187152e+00
6.639473619705453800e+00
6.754610228847641729e+00
6.769940382914259480e+00
6.685658066264027255e+00
6.504508380464008255e+00
6.231702127118582624e+00
5.874767628245260553e+00
5.443343959207463278e+00
4.948921249810313228e+00
4.404535035647992203e+00
3.824422780943332434e+00
3.223651617747295806e+00
2.617727031975832119e+00
2.022192658130410159e+00
1.452231512083419940e+00
9.222788922720837057e-01
4.456568181710958143e-01
3.423926187245696084e-02
-3.018434187308272065e-01
-5.544534950698167819e-01
-7.176422222340450574e-01
-7.877888139465909489e-01
-7.636788229993571875e-01
-6.465202888441883289e-01
-4.398976233756406451e-01
-1.496648061325207557e-01
2.162189899351094624e-01
6.479067609165372055e-01
1.133928108196157636e+00
1.661493661304892955e+00
2.216831416957097289e+00
2.785546154380612816e+00
3.352992549762571439e+00
3.904652319925746795e+00
4.426505683217900611e+00
4.905387633554374460e+00
5.329319974671408389e+00
5.687810742773817374e+00
5.972113537902400182e+00
6.175440363195841442e+00
6.293122807808980923e+00
6.322717770729890496e+00
6.264055373251570913e+00
6.119228209481960334e+00
5.892522598017814417e+00
5.590293984707124686e+00
5.220790068166958342e+00
4.793926540218389043e+00
4.321021519302197689e+00
3.814495776584390097e+00
3.287546686621229064e+00
2.753804456937428924e+00
2.226979589041122587e+00
1.720510688477646211e+00
1.247221670819953943e+00
8.189971073975548244e-01
4.464839284445316636e-01
1.388269672602224780e-01
-9.655509276856388823e-02
-2.541478908082885901e-01
-3.304694213719874263e-01
-3.241449870096766439e-01
-2.359275165011442965e-01
-6.866311044891393323e-02
1.727969138157292583e-01
4.817348386600199817e-01
8.497522946419779899e-01
1.266997832117799261e+00
1.722430167210287300e+00
2.204110079278883028e+00
2.699513250000546538e+00
3.195855850605169746e+00
3.680424414741917616e+00
4.140901485298953411e+00
4.565678693961467971e+00
4.944149316409201411e+00
5.266972932390078910e+00
5.526305591883055257e+00
5.715989824936194452e+00
5.831699908193035853e+00
5.871038986852230579e+00
5.833585915453203263e+00
5.720890991244107049e+00
5.536421075826758909e+00
5.285455900096486914e+00
4.974938590846189612e+00
4.613284613117374811e+00
4.210154361285914248e+00
3.776195528030157789e+00
3.322762111686878406e+00
2.861617471420521586e+00
2.404629193321276670e+00
1.963463681361304669e+00
1.549288332722560835e+00
1.172488900336621898e+00
8.424091947234741973e-01
5.671196455130727010e-01
3.532204480866134588e-01
2.056840843789196072e-01
1.277409543178911200e-01
1.208107137356875249e-01
1.844807160170223170e-01
3.165317296690299820e-01
5.130098842603945108e-01
7.683426142525364710e-01
1.075495254402884404e+00
1.426163919954517301e+00
1.810999405343763025e+00
2.219856078927731957e+00
2.642059156645903073e+00
3.066683318641005407e+00
3.482835399072778060e+00
3.879933835195537473e+00
4.247977706823567345e+00
4.577798526269279300e+00
4.861288441681971051e+00
5.091599178993906349e+00
5.263306850939573955e+00
5.372538683898767431e+00
5.417058729768941205e+00
5.396310713608707843e+00
5.311417289812014886e+00
5.165136110713651973e+00
4.961774222443430027e+00
4.707063364963117280e+00
4.407999739466429645e+00
4.072652691826812443e+00
3.709947523489558918e+00
3.329428262447943876e+00
2.941006691868599532e+00
2.554704231872465314e+00
2.180393394690293807e+00
1.827545483199215726e+00
1.504990980564693714e+00
1.220698691654888091e+00
9.815791565672706831e-01
7.933171783910619723e-01
6.602375100464219493e-01
5.852068504373830748e-01
5.695743323071305042e-01
6.131516688530878056e-01
7.142330901073963290e-01
8.696541703730957806e-01
1.074887651273898737e+00
1.324173426771566131e+00
1.610679000620012902e+00
1.926685974591185069e+00
2.263797495961549888e+00
2.613161100375603674e+00
2.965701042774385066e+00
3.312354022082559801e+00
3.644302178138578263e+00
3.953197371092548096e+00
4.231371039222891817e+00
4.472024361913690349e+00
4.669394017778809136e+00
4.818889507679608997e+00
4.917198789844690054e+00
4.962359828286242447e+00
4.953796563255980168e+00
4.892318749461983529e+00
4.780086049515267277e+00
4.620537692049877521e+00
4.418289882381122524e+00
4.179003966023408623e+00
3.909229071417416268e+00
3.616223579810653010e+00
3.307760272296879300e+00
2.991920374720722808e+00
2.676881952214702487e+00
2.370708192007512594e+00
2.081141055082995628e+00
1.815405577334249454e+00
1.580029765768501404e+00
1.380684575263115388e+00
1.222047879693370254e+00
1.107695684067633524e+00
1.040023080059578442e+00
1.020196646282349739e+00
1.048139158336617971e+00
1.122546624304177287e+00
1.240936821272858870e+00
1.399727699503054090e+00
1.594343263763518870e+00
1.819343855369371044e+00
2.068577160668778170e+00
2.335345776765653802e+00
2.612586784893887959e+00
2.893058524697953438e+00
3.169529634019633502e+00
3.434965420504044076e+00
3.682706761839850351e+00
3.906636985795486794e+00
4.101332551265372217e+00
4.262193826214724979e+00
4.385552824000485295e+00
4.468755400117057519e+00
4.510216109247699556e+00
4.509444658580815002e+00
4.467043647879187063e+00
4.384678039725950605e+00
4.265017534954401945e+00
4.111653719543463481e+00
3.928994482565816959e+00
3.722138764197367777e+00
3.496735164568780085e+00
3.258828317083205306e+00
3.014697195215916725e+00
2.770689674177599038e+00
2.533057705651070357e+00
2.307797385679875912e+00
2.100498006313031851e+00
1.916203887314326781e+00
1.759292394343169974e+00
1.633371076139519484e+00
1.541196309106429130e+00
1.484615238673053117e+00
1.464532169583434351e+00
1.480899899228267813e+00
1.532735827069059642e+00
1.618162026683037213e+00
1.734467851935241445e+00
1.878193081133195497e+00
2.045229097118153039e+00
2.230935169613773361e+00
2.430266559133857918e+00
2.637910907268391725e+00
2.848429221539655387e+00
3.056397706852533425e+00
3.256546739712809835e+00
3.443893423005780274e+00
3.613864392774939649e+00
3.762405866269137089e+00
3.886078312528575829e+00
3.982133581091070518e+00
4.048572827650417594e+00
4.084184113202049105e+00
4.088559110178516143e+00
4.062088909846960583e+00
4.005939474509732534e+00
3.922007801095752200e+00
3.812860345815564767e+00
3.681655690290421390e+00
3.532053797248263294e+00
3.368114499756716729e+00
3.194188085458585125e+00
3.014800972143811819e+00
2.834539521399108253e+00
2.657935003628987047e+00
2.489352613415512838e+00
2.332887244221355516e+00
2.192268473153826669e+00
2.070776889033504098e+00
1.971173531030090187e+00
1.895643802502781972e+00
1.845756798112884400e+00
1.822440544881815283e+00
1.825973222806175800e+00
1.855990010688482794e+00
1.911504810017420120e+00
1.990945744923769301e+00
2.092203028884755067e+00
2.212687536650500775e+00
2.349398228555350521e+00
2.498996447561404821e+00
2.657885048433284769e+00
2.822290322484848346e+00
2.988344743061424502e+00
3.152162218980053332e+00
3.309881269827589456e+00
3.457726287133512155e+00
3.592090816332021763e+00
3.709621497543082569e+00
3.807299958666577666e+00
3.882520469536979490e+00
3.933161134193218444e+00
3.957646439234270730e+00
3.954999091295393399e+00
3.924879264886066643e+00
3.867609639642766606e+00
3.784184927503597251e+00
3.676264967189618371e+00
3.546150885456588853e+00
3.396744279937306210e+00
3.231489853775553645e+00
3.054302413465954213e+00
2.869479613681092278e+00
2.681602281652144981e+00
2.495424564558723191e+00
2.315756502904185776e+00
2.147341928823365720e+00
1.994734810157007487e+00
1.862177300418780934e+00
1.753482805236042052e+00
1.671927333746730859e+00
1.620152267704504823e+00
1.600081453340525650e+00
1.612855205722391494e+00
1.658783419438547790e+00
1.737319512387947462e+00
1.847056402963430211e+00
1.985745148602754639e+00
2.150336270726586285e+00
2.337043173817803243e+00
2.541426451860154145e+00
2.758497280803508644e+00
2.982837538168604308e+00
3.208733786599370141e+00
3.430321822172234025e+00
3.641738133963585256e+00
3.837274360107490345e+00
4.011530666272637546e+00
4.159563921409485054e+00
4.277026606105303941e+00
4.360292561257817390e+00
4.406565966254535560e+00
4.413970320599773345e+00
4.381614682190392074e+00
4.309634977700889991e+00
4.199208831829849942e+00
4.052543046409242677e+00
3.872833579811303828e+00
3.664198612703319924e+00
3.431586018260954773e+00
3.180657263531530887e+00
2.917650434145838467e+00
2.649225678318309907e+00
2.382296890745696949e+00
2.123853887227745041e+00
1.880779643523165845e+00
1.659667376806383654e+00
1.466642327813230562e+00
1.307193052372224829e+00
1.186016851941413597e+00
1.106883666954033396e+00
1.072522330610047758e+00
1.084532543972097196e+00
1.143325298677204671e+00
1.248093756914518071e+00
1.396815817618158873e+00
1.586288773121685702e+00
1.812195613302707287e+00
2.069201686890671077e+00
2.351079604785605071e+00
2.650859490311489264e+00
2.961000967745035517e+00
3.273582653178240154e+00
3.580504388671316818e+00
3.873697057076292527e+00
4.145334543175526854e+00
4.388042275855974061e+00
4.595096801223214733e+00
4.760610999333650284e+00
4.879699865125791902e+00
4.948622220820181994e+00
4.964894302389859071e+00
4.927371853001966784e+00
4.836298144675641453e+00
4.693316216065814395e+00
4.501444537214577934e+00
4.265016267499044389e+00
3.989583235894040847e+00
3.681786717603168668e+00
3.349197982828666653e+00
3.000132427523265921e+00
2.643441839494987899e+00
2.288289985454248221e+00
1.943917207443041750e+00
1.619400075756294966e+00
1.323412348770718117e+00
1.063993530874615345e+00
8.483311949764185123e-01
6.825629472746062021e-01
5.716034648444945354e-01
5.190014411662144944e-01
5.268305450252013244e-01
5.956176520276463826e-01
7.243106663173644044e-01
9.102872367467542691e-01
1.149404612682171090e+00
1.436089807237428850e+00
1.763468168238805589e+00
2.123527427867580641e+00
2.507313338249892443e+00
2.905152128351577989e+00
3.306894261350049380e+00
3.702173352327217337e+00
4.080673641429157783e+00
4.432399121421139121e+00
4.747937300405853378e+00
5.018710645335850984e+00
5.237209000041103124e+00
5.397196698185438457e+00
5.493888687488448497e+00
5.524090732778480728e+00
5.486299653826913314e+00
5.380760557511646169e+00
5.209479117477522792e+00
4.976188110293772837e+00
4.686268605434158019e+00
4.346627396358528017e+00
3.965533420344320437e+00
3.552417014766488634e+00
3.117636867804177925e+00
2.672220414686348633e+00
2.227584182013844227e+00
1.795241171335879793e+00
1.386502782010903045e+00
1.012182989999652394e+00
6.823125161029195418e-01
4.058705319225732744e-01
1.905410674158929396e-01
4.250070852744247674e-02
-3.375657973387014010e-02
-3.555258218065748821e-02
3.788795824188673222e-02
1.853987641439576173e-01
4.038835479740212620e-01
6.883778127131230384e-01
1.032159795428051030e+00
1.426908128253978170e+00
1.862902550950110925e+00
2.329262853068667649e+00
2.814220183008894427e+00
3.305413963999474181e+00
3.790206928132147102e+00
4.256010239465904732e+00
4.690610341751032308e+00
5.082489046034974756e+00
5.421128473352799126e+00
5.697292787190172625e+00
5.903279183007626330e+00
6.033131335785259175e+00
6.082809423862448384e+00
6.050311925964912518e+00
5.935745601450300946e+00
5.741341380971407560e+00
5.471415282466743690e+00
5.132274890038393877e+00
4.732073354061811621e+00
4.280614252706098632e+00
3.789111961587630084e+00
3.269913374811171725e+00
2.736187875095457578e+00
2.201593334332483387e+00
1.679926614392941442e+00
1.184767511673039175e+00
7.291253337256433653e-01
3.250973040390325863e-01
-1.645224046108806348e-02
-2.861833612554445239e-01
-4.765349329910173459e-01
-5.819350549166677489e-01
-5.989616398276056408e-01
-5.264486085169823859e-01
-3.655344937708973063e-01
-1.196517280615081447e-01
2.055435842410555658e-01
6.023000653939019067e-01
1.060954767665925891e+00
1.570167857121338661e+00
2.117202595748887362e+00
2.688243719382412245e+00
3.268746258257072768e+00
3.843805994977197216e+00
4.398542124817087284e+00
4.918482293709658393e+00
5.389940051954651423e+00
5.800374882077218075e+00
6.138725336200931082e+00
6.395706443893581117e+00
6.564063411297216710e+00
6.638774705861308689e+00
6.617198881845054004e+00
6.499160918559597988e+00
6.286975380415237069e+00
5.985405326164610074e+00
5.601557552838869469e+00
5.144716414964960904e+00
4.626120068722642031e+00
4.058684511596939437e+00
3.456682180689848671e+00
2.835383100056243499e+00
2.210667596183809369e+00
1.598620402901824500e+00
1.015116530138487461e+00
4.754095589203881644e-01
-6.266961532118475731e-03
-4.170746020987983194e-01
-7.459117501754577439e-01
-9.837128321120718333e-01
-1.123697015836802038e+00
-1.161559599972107115e+00
-1.095600732773506003e+00
-9.267876901151073099e-01
-6.587486363847130377e-01
-2.976975523124427703e-01
1.477082057763845491e-01
6.665744960720743073e-01
1.246036228261265588e+00
1.871575977183521644e+00
2.527387492306210071e+00
3.196775006150276432e+00
3.862578256325227777e+00
4.507612401997395324e+00
5.115111557203652737e+00
5.669164494091108786e+00
6.155131195275531653e+00
6.560029354691401693e+00
6.872880631651517191e+00
7.085007436880537135e+00
7.190272248588457593e+00
7.185252891164304323e+00
7.069348823046595065e+00
6.844815233078042738e+00
6.516723591664239201e+00
6.092849197071061873e+00
5.583488149431249603e+00
5.001208026462865774e+00
4.360538277472738145e+00
3.677607950185752816e+00
2.969739775951007577e+00
2.255010825242350858e+00
1.551790874899239059e+00
8.782702755966051988e-01
2.519894540326594878e-01
-3.106177815440660517e-01
-7.946552444130374759e-01
-1.187158382960194380e+00
-1.477440892623002711e+00
-1.657384674946518643e+00
-1.721665299911562030e+00
-1.667906746723491374e+00
-1.496760988265096515e+00
-1.211909900121113992e+00
-8.199889676456391108e-01
-3.304342828536519505e-01
2.447436851147664072e-01
8.912541483017810684e-01
1.592880703513848362e+00
2.331887886892959116e+00
3.089469392188012531e+00
3.846226627564831357e+00
4.582665434011882866e+00
5.279698246443109255e+00
5.919138762321217939e+00
6.484176299537118382e+00
6.959817474314424324e+00
7.333283601388060013e+00
7.594353294555898692e+00
7.735641099860933956e+00
7.752804592713490095e+00
7.644674174261743005e+00
7.413301765783807618e+00
7.063926672937806295e+00
6.604859021377910366e+00
6.047283296768500627e+00
5.404986600489674942e+00
4.694018203276681511e+00
3.932288791095350788e+00
3.139119402968484351e+00
2.334751416555504111e+00
1.539830007582350779e+00
7.748742644433517235e-01
5.974755816215404636e-02
-5.868581623016750903e-01
-1.147910762427405196e+00
-1.608486245684814797e+00
-1.956165215307369643e+00
-2.181366954889069731e+00
-2.277612160767807481e+00
-2.241707151711792356e+00
-2.073844369174863367e+00
-1.777616114002866787e+00
-1.359940688638626938e+00
-8.309023706220424188e-01
-2.035088753631022485e-01
5.066278840170497233e-01
1.281679920560365060e+00
2.102050541497260561e+00
2.946869739699181867e+00
3.794525087937916208e+00
4.623214631850773415e+00
5.411507637469632925e+00
6.138898771002026855e+00
6.786341381281073559e+00
7.336746018563800931e+00
7.775431147066019122e+00
8.090514173456440972e+00
8.273232391129345942e+00
8.318185193951052270e+00
8.223490899424023226e+00
7.990853689768696810e+00
7.625538475198944788e+00
7.136253848036309577e+00
6.534945668553655551e+00
5.836506142335244007e+00
5.058405454326020845e+00
4.220255059082179017e+00
3.343313536619238135e+00
2.879812128231101553e+00
