-4.386237965541380568e+00
-3.394340567633511885e+00
-2.456501728692037645e+00
-1.597751459631728377e+00
-8.409739018126822785e-01
-2.063007962689367147e-01
2.894200500722448055e-01
6.330674370939659568e-01
8.155891452095609395e-01
8.322352855330095167e-01
6.826768284676800747e-01
3.710065736182581730e-01
-9.437706220890351716e-02
-7.009999773762931596e-01
-1.432649601319418764e+00
-2.269810168046318744e+00
-3.190184289491617697e+00
-4.169286860212263690e+00
-5.181095489989837155e+00
-6.198740246450240576e+00
-7.195214529235006928e+00
-8.144088412051242898e+00
-9.020205788267119829e+00
-9.800347136388687375e+00
-1.046384066836743187e+01
-1.099310600922516379e+01
-1.137411634309332165e+01
-1.159676710083312656e+01
-1.165514170184001230e+01
-1.154766753434883775e+01
-1.127715819607931991e+01
-1.085074094828640767e+01
-1.027967128725593327e+01
-9.579039434033578715e+00
-8.767376313484295025e+00
-7.866169168937105383e+00
-6.899299275087503958e+00
-5.892416212526660146e+00
-4.872264803187883686e+00
-3.865982037126827642e+00
-2.900382117298216045e+00
-2.001248090855727746e+00
-1.192648414474845708e+00
-4.962962199118807760e-01
6.903198186735171049e-02
4.880028180924087522e-01
7.491443682251324176e-01
8.451661746675602771e-01
7.731714369710109835e-01
5.347546461183156907e-01
1.359811773533721180e-01
-4.127516281200387382e-01
-1.096969299485863303e+00
-1.898485358484037544e+00
-2.795868156722302267e+00
-3.764998095930840005e+00
-4.779701387869272899e+00
-5.812444318827670209e+00
-6.835070173642028735e+00
-7.819559600090973284e+00
-8.738794300870807774e+00
-9.567303560264353024e+00
-1.028197326693836899e+01
-1.086269779054410378e+01
-1.129295630157884389e+01
-1.156029687075964674e+01
-1.165671391135754575e+01
-1.157890718732584645e+01
-1.132841364062879386e+01
-1.091160662034998552e+01
-1.033956064130405039e+01
-9.627783470191882742e+00
-8.795821036020532446e+00
-7.866744288145743447e+00
-6.866530578472698210e+00
-5.823355324379861031e+00
-4.766812520632311312e+00
-3.727085024035895700e+00
-2.734087355936391628e+00
-1.816604989471223064e+00
-1.001454660084105441e+00
-3.126901252878449000e-01
2.291230126327485905e-01
6.075413155972615442e-01
8.107664255770705708e-01
8.320397715312841669e-01
6.698953257735027478e-01
3.282605255453523441e-01
-1.836002822306541660e-01
-8.513010011424526624e-01
-1.655704017735632139e+00
-2.573437299121037913e+00
-3.577545598851447295e+00
-4.638258728166940514e+00
-5.723855963512380463e+00
-6.801602303518615500e+00
-7.838729576561498824e+00
-8.803433435207207225e+00
-9.665856138735527736e+00
-1.039902477944432668e+01
-1.097971528730220214e+01
-1.138921415819040739e+01
-1.161395237234164313e+01
-1.164598935147128955e+01
-1.148332896671252357e+01
-1.113005444872029415e+01
-1.059627443508542122e+01
-9.897878165512647541e+00
-9.056103831205801313e+00
-8.096930117586484954e+00
-7.050306857124091664e+00
-5.949246238083903293e+00
-4.828801006142843022e+00
-3.724960370478754612e+00
-2.673497722435071111e+00
-1.708806654439910755e+00
-8.627630191711279650e-01
-1.636508168705796962e-01
3.648114977919796331e-01
7.043101388938151075e-01
8.426100360279047408e-01
7.740380618131652568e-01
4.997554564309512060e-01
2.780605791290557960e-02
-6.270658237638420118e-01
-1.443826409738946825e+00
-2.395783048320099251e+00
-3.451417412667670881e+00
-4.575396967730074316e+00
-5.729733664415458172e+00
-6.875052993615208052e+00
-7.971931822718056004e+00
-8.982260043027617158e+00
-9.870579139301657534e+00
-1.060535046733867759e+01
-1.116010735466815618e+01
-1.151444812876284729e+01
-1.165483177340723131e+01
-1.157514400389954190e+01
-1.127700896468157765e+01
-1.076983026378299613e+01
-1.007055439416531684e+01
-9.203159439798476171e+00
-8.197881981288880127e+00
-7.090204940811608125e+00
-5.919638371883708672e+00
-4.728333546685385969e+00
-3.559577784106716436e+00
-2.456222992294887941e+00
-1.459104614740885264e+00
-6.055093726691396228e-01
7.225023849571776680e-02
5.480993651022174618e-01
8.032515728697839918e-01
8.270032618964631155e-01
6.172366686107704226e-01
1.806066503664069955e-01
-4.676020780549086098e-01
-1.303948290373281971e+00
-2.297626542893932200e+00
-3.411554222318735619e+00
-4.603717194207226804e+00
-5.828727028145566535e+00
-7.039533452632563915e+00
-8.189228331884525147e+00
-9.232872408714351664e+00
-1.012927359251915327e+01
-1.084264586508624717e+01
-1.134408100037046907e+01
-1.161277120685500108e+01
-1.163692934762868703e+01
-1.141436430681816105e+01
-1.095268197911965302e+01
-1.026909679562554700e+01
-9.389854119610465233e+00
-8.349279647730305953e+00
-7.188487497041100127e+00
-5.953793298084598007e+00
-4.694891717365198502e+00
-3.462868810953629861e+00
-2.308127946871412206e+00
-1.278313303948307222e+00
-4.163168513692623307e-01
2.415469385920108181e-01
6.671196218231409958e-01
8.416602207393308888e-01
7.567311021280094252e-01
4.146644614650032423e-01
-1.714175688689643096e-01
-9.780377657921981438e-01
-1.972242985785701563e+00
-3.112897822752173749e+00
-4.352344544710716967e+00
-5.638364381811419968e+00
-6.916360944672107713e+00
-8.131675371864178103e+00
-9.231935309591243310e+00
-1.016933644014756410e+01
-1.090275625371168999e+01
-1.139960516882732122e+01
-1.163732982323542942e+01
-1.160449705505453899e+01
-1.130140426343217541e+01
-1.074018179604459178e+01
-9.944374931777566928e+00
-8.948015972596159884e+00
-7.794219918903284139e+00
-6.533359139467786569e+00
-5.220892340964129907e+00
-3.914940040333345195e+00
-2.673711804875737119e+00
-1.552899064076203928e+00
-6.031508183568599080e-01
1.322522026390728911e-01
6.194164833833362138e-01
8.354515439103913366e-01
7.696033092221288285e-01
4.238465749279285433e-01
-1.870979054076080672e-01
-1.036330163031522922e+00
-2.085903145164394790e+00
-3.288475271902260300e+00
-4.589413562598108953e+00
-5.929255415530215068e+00
-7.246418997338277990e+00
-8.480038940058229002e+00
-9.572796377714379190e+00
-1.047361075336402259e+01
-1.114006548227400728e+01
-1.154045036166534466e+01
-1.165532016757166112e+01
-1.147849048428103202e+01
-1.101741752229186844e+01
-1.029293732935310146e+01
-9.338370052934950039e+00
-8.198025334565297584e+00
-6.925174034766295783e+00
-5.579577866324014757e+00
-4.224690826097120322e+00
-2.924663410472756908e+00
-1.741291562629216028e+00
-7.310565034682667829e-01
5.760126161065048933e-02
5.866403504520532053e-01
8.302924327908849378e-01
7.763572109511454045e-01
4.268512876252676946e-01
-2.020253490238790306e-01
-1.080608491497478951e+00
-2.167144302834236314e+00
-3.409756769267391796e+00
-4.748915904470901950e+00
-6.120289328314763466e+00
-7.457840165303254665e+00
-8.697021155792899805e+00
-9.777909161680224059e+00
-1.064812622951182419e+01
-1.126540301462307703e+01
-1.159965724865439185e+01
-1.163448325767052260e+01
-1.136797718322252848e+01
-1.081285511870107108e+01
-9.995856233037649474e+00
-8.956458369396475661e+00
-7.744967794256178095e+00
-6.420076000216636380e+00
-5.046003143447114425e+00
-3.689368457856565975e+00
-2.415941763139637821e+00
-1.287436256431635506e+00
-3.585008229456638773e-01
3.259397944612487663e-01
7.328659702519564334e-01
8.427582347698390208e-01
6.505285695301745719e-01
1.657432958144511304e-01
-5.878717812120548558e-01
-1.573617600248028658e+00
-2.743638789846805537e+00
-4.041279563687485421e+00
-5.403860414675730972e+00
-6.765737128640908260e+00
-8.061490363990854391e+00
-9.229088457362149001e+00
-1.021286845162724788e+01
-1.096619042719941106e+01
-1.145363747890340278e+01
-1.165265718298411812e+01
-1.155456889390867303e+01
-1.116489320589308676e+01
-1.050299375285626624e+01
-9.601055470192477515e+00
-8.502455785126274534e+00
-7.259614326925285965e+00
-5.931431228674326483e+00
-4.580442762307810334e+00
-3.269835057464567818e+00
-2.060461506569306156e+00
-1.008007031964149647e+00
-1.604329385080660586e-01
4.441797968564848986e-01
7.792923171035566199e-01
8.310039633775057055e-01
5.985404709424448910e-01
9.412218838183150638e-02
-6.577697837256470947e-01
-1.621683219389658870e+00
-2.752968366160931435e+00
-3.999942371222250159e+00
-5.306335104529488866e+00
-6.613896390683307480e+00
-7.865040180457796737e+00
-9.005402824026829123e+00
-9.986200077538246234e+00
-1.076628022620183245e+01
-1.131378793927520832e+01
-1.160737418931421061e+01
-1.163691063743558551e+01
-1.140369110236794725e+01
-1.092012687898201406e+01
-1.020896559008031623e+01
-9.302082672833073218e+00
-8.238909975164304456e+00
-7.064589944766568763e+00
-5.827948612303802456e+00
-4.579382526597709280e+00
-3.368754264355026340e+00
-2.243385970853696509e+00
-1.246231457629436434e+00
-4.142953615622584351e-01
2.226464702480992486e-01
6.429870384675959727e-01
8.338668552144632429e-01
7.913857352359565667e-01
5.204577352712300709e-01
3.433327697102406262e-02
-6.461754834246677959e-01
-1.493720302722175930e+00
-2.475640691359825230e+00
-3.555328711187526913e+00
-4.693675725765581674e+00
-5.850542824416415044e+00
-6.986199619577321940e+00
-8.062681031167453938e+00
-9.045018153042125419e+00
-9.902306946230471141e+00
-1.060858691319772973e+01
-1.114351067787759675e+01
-1.149279415430601858e+01
-1.164844539768203191e+01
-1.160877800941218041e+01
-1.137822188097989162e+01
-1.096694993738223189e+01
-1.039034426505013009e+01
-9.668328523630467686e+00
-8.824595839804191044e+00
-7.885762504550477558e+00
-6.880477821956997531e+00
-5.838519497999519636e+00
-4.789902144895050284e+00
-3.764023959083243831e+00
-2.788873564726055410e+00
-1.890315556863006119e+00
-1.091469581138882816e+00
-4.121939912036127751e-01
1.313187858247575335e-01
5.268311785441657236e-01
7.662328412624788143e-01
8.455999186588183392e-01
7.651469237569079596e-01
5.290791671817505204e-01
1.453555253407863290e-01
-3.746272550059837059e-01
-1.016416536557388284e+00
-1.762939299225264822e+00
-2.594978213956780522e+00
-3.491675447391487719e+00
-4.431051776513020179e+00
-5.390529247742020580e+00
-6.347446463547623097e+00
-7.279556575023968357e+00
-8.165499156644143497e+00
-8.985238298554946823e+00
-9.720460435454270964e+00
-1.035492660709893364e+01
-1.087477498670530096e+01
-1.126877059790293423e+01
-1.152850015166647069e+01
-1.164851085987288926e+01
-1.162639364385606910e+01
-1.146282390723305689e+01
-1.116156742880864172e+01
-1.072942987522325708e+01
-1.017614274135633678e+01
-9.514183486441751825e+00
-8.758529290090770303e+00
-7.926345191563351378e+00
-7.036590203903580587e+00
-6.109560361144058760e+00
-5.166415863366121464e+00
-4.228690095542800620e+00
-3.317791184932122217e+00
-2.454507951369806484e+00
-1.658531859624974292e+00
-9.480060593388373036e-01
-3.391118169940261495e-01
1.542983672368460901e-01
5.210128753498297627e-01
7.527116115410601438e-01
8.441499568095016670e-01
7.932726960089695467e-01
6.012579572676388651e-01
2.724901219323498935e-01
-1.855395357661429045e-01
-7.624024589104143601e-01
-1.444968935829602064e+00
-2.217705510859186546e+00
-3.063027050764207893e+00
-3.961695589817718854e+00
-4.893256998119754009e+00
-5.836505636263595420e+00
-6.769966496211916152e+00
-7.672383899843893573e+00
-8.523205644511634205e+00
-9.303051555050949162e+00
-9.994155724249466743e+00
-1.058077229324455359e+01
-1.104953542836374858e+01
-1.138976517466774929e+01
-1.159371208676795639e+01
-1.165673492742702955e+01
-1.157740717000552522e+01
-1.135754893597102821e+01
-1.100218348977641902e+01
-1.051942041218913815e+01
-9.920268477159892129e+00
-9.218382718014845878e+00
-8.429751648635230410e+00
-7.572331936713288414e+00
-6.665638980580109063e+00
-5.730302794470968131e+00
-4.787599340397643566e+00
-3.858967944329696920e+00
-2.965525691910351647e+00
-2.127589711765291991e+00
-1.364218025385589783e+00
-6.927791795991860013e-01
-1.285601938128699828e-01
3.155785329746514378e-01
6.294937792940489274e-01
8.059891206061777780e-01
8.409791465891300888e-01
7.335859451924928720e-01
4.861642967031976070e-01
1.042543625922380812e-01
-4.035373950978753399e-01
-1.025726735847924509e+00
-1.748205719507105016e+00
-2.554556970285210671e+00
-3.426421370915338382e+00
-4.343911184147703608e+00
-5.286059516024973703e+00
-6.231296144400535475e+00
-7.157939059715017649e+00
-8.044690621580901535e+00
-8.871127037814421357e+00
-9.618169930402611811e+00
-1.026852906808733401e+01
-1.080710591446997348e+01
-1.122134845457958363e+01
-1.150154880657422751e+01
-1.164107637791067162e+01
-1.163654076082221778e+01
-1.148788014938225288e+01
-1.119837276468608778e+01
-1.077457055717427181e+01
-1.022615627466265842e+01
-9.565726798377514939e+00
-8.808507413705834566e+00
-7.972003354337093839e+00
-7.075596496359598753e+00
-6.140096443569193596e+00
-5.187256401246115978e+00
-4.239265151965229350e+00
-3.318227098110741569e+00
-2.445642702291553228e+00
-1.641901726292243957e+00
-9.258014362623647742e-01
-3.141014088543370164e-01
1.788742501116677985e-01
5.415775586881590442e-01
7.655118115984578253e-01
8.454344213211726355e-01
7.794823757777447071e-01
5.692171176009797051e-01
2.195876170015687023e-01
-2.611875817138358258e-01
-8.618165618717696930e-01
-1.568203769504837641e+00
-2.363786741449341644e+00
-4.072646020261733391e+00
-4.634133357942035403e+00
-5.213325130423669407e+00
-5.796718383085989856e+00
-6.370741830814828255e+00
-6.922077039543772514e+00
-7.437972419077180319e+00
-7.906542373510626831e+00
-8.317044350579003265e+00
-8.660127111556638724e+00
-8.928044293487655381e+00
-9.114828235485164853e+00
-9.216420066468169026e+00
-9.230753175437850899e+00
-9.157788377020892767e+00
-8.999500297048596664e+00
-8.759814963985936842e+00
-8.444499898300570351e+00
-8.061011645222297517e+00
-7.618305581266467286e+00
-7.126613330876599761e+00
-6.597193801018650383e+00
-6.042064329522480293e+00
-5.473718748415714153e+00
-4.904839286179263347e+00
-4.348009177626677157e+00
-3.815432626452633258e+00
-3.318668387008706144e+00
-2.868382715547589168e+00
-2.474126806785723609e+00
-2.144143100899151388e+00
-1.885204041969172906e+00
-1.702486014933762171e+00
-1.599480307616611086e+00
-1.577942059946428888e+00
-1.637877295254204224e+00
-1.777567297944782521e+00
-1.993628825089158951e+00
-2.281107931314814596e+00
-2.633604558851589061e+00
-3.043424507032282733e+00
-3.501754954469604719e+00
-3.998859366354452938e+00
-4.524287380056176922e+00
-5.067095123285660030e+00
-5.616071377165115841e+00
-6.159965046399263677e+00
-6.687709533534608397e+00
-7.188639825903330838e+00
-7.652698383173308194e+00
-8.070626250701051774e+00
-8.434136208942286217e+00
-8.736065191770366667e+00
-8.970503656550935290e+00
-9.132900056466930039e+00
-9.220139041662415380e+00
-9.230592491755416518e+00
-9.164142950459464032e+00
-9.022179486652046165e+00
-8.807566439393667679e+00
-8.524585912272302224e+00
-8.178855261139698740e+00
-7.777221165874561137e+00
-7.327632189209097646e+00
-6.838992002661023584e+00
-6.320995700738692769e+00
-5.783951829974813386e+00
-5.238592929679978916e+00
-4.695877517675298485e+00
-4.166786558052291589e+00
-3.662117520786468461e+00
-3.192279186403432778e+00
-2.767090364434649175e+00
-2.395585683473256733e+00
-2.085831574369614305e+00
-1.844755507211135015e+00
-1.677991457492430616e+00
-1.589744467029222896e+00
-1.582677029850517947e+00
-1.657819871018496816e+00
-1.814509494918922883e+00
-2.050354656219440130e+00
-2.361233647956368920e+00
-2.741324003054484315e+00
-3.183165863501682402e+00
-3.677759880535757642e+00
-4.214698230769529097e+00
-4.782323639914069169e+00
-5.367928746209459590e+00
-5.957994542037810426e+00
-6.538464340178588685e+00
-7.095050103081168125e+00
-7.613566601923700716e+00
-8.080287436634115750e+00
-8.482315495211697254e+00
-8.807959016609899550e+00
-9.047103110604384213e+00
-9.191565451941121623e+00
-9.235423980945133948e+00
-9.175303886938708686e+00
-9.010611000927934100e+00
-8.743699050918907645e+00
-8.379959097229225051e+00
-7.927820910971338897e+00
-7.398658110435214930e+00
-6.806591525565608869e+00
-6.168188488133657721e+00
-5.502059478890904742e+00
-4.828357701520650913e+00
-4.168191558921773066e+00
-3.542964508133299883e+00
-2.973661163483576342e+00
-2.480102577046846779e+00
-2.080197110406821093e+00
-1.789215978431503817e+00
-1.619124161552904173e+00
-1.577997781400878097e+00
-1.669560332128252611e+00
-1.892867854719223697e+00
-2.242160490233545467e+00
-2.706894728283091300e+00
-3.271965111689262073e+00
-3.918116637324090767e+00
-4.622541012951036699e+00
-5.359641624464728693e+00
-6.101943906004283491e+00
-6.821120175682026776e+00
-7.489091292977424708e+00
-8.079162083923508320e+00
-8.567143703793304255e+00
-8.932414244350981747e+00
-9.158869149742317362e+00
-9.235715497802747365e+00
-9.158068946308905112e+00
-8.927319041734625316e+00
-8.551237435232700079e+00
-8.043814032635072664e+00
-7.424817809143744896e+00
-6.719091447960100716e+00
-5.955601554458085367e+00
-5.166278353668497303e+00
-4.384689888080606224e+00
-3.644605204097111084e+00
-2.978508308945358340e+00
-2.416129336875991296e+00
-1.983061034671517397e+00
-1.699527145224372759e+00
-1.579364468225778584e+00
-1.629272404393018903e+00
-1.848372904173691822e+00
-2.228110362447579096e+00
-2.752505691025090684e+00
-3.398762246465225179e+00
-4.138204269711065919e+00
-4.937511839754606946e+00
-5.760200904255315280e+00
-6.568283545202040052e+00
-7.324033014072750092e+00
-7.991770860654615838e+00
-8.539590162681260921e+00
-8.940929736509907855e+00
-9.175919363359000158e+00
-9.232425374318040667e+00
-9.106739054422726909e+00
-8.803866696855182639e+00
-8.337399021422093881e+00
-7.728958171687763112e+00
-7.007241615673724056e+00
-6.206702927079126297e+00
-5.365928541378110594e+00
-4.525786137204232951e+00
-3.727433366850263052e+00
-3.010284486626177092e+00
-2.410036456911998748e+00
-1.956854969791621990e+00
-1.673814557751811094e+00
-1.575675650723897370e+00
-1.668065659314675209e+00
-1.947111597110662284e+00
-2.399549358561750889e+00
-3.003310656351920294e+00
-3.728564023931727700e+00
-4.539162487648384925e+00
-5.394428775673206111e+00
-6.251190440683274119e+00
-7.065963063582527681e+00
-7.797170601922700506e+00
-8.407288517788982674e+00
-8.864797841971542525e+00
-9.145846767459136828e+00
-9.235530362024087836e+00
-9.128717889713222178e+00
-8.830380103805367753e+00
-8.355394560791207681e+00
-7.727834178736631365e+00
-6.979771496677791731e+00
-6.149656932939143061e+00
-5.280352392053649702e+00
-4.416920565540299215e+00
-3.604284145707717268e+00
-2.884877120383965821e+00
-2.296411845717232225e+00
-1.869880549758095256e+00
-1.627898500183554642e+00
-1.583478820542457477e+00
-1.739306727176896494e+00
-2.087554927615564715e+00
-2.610253433479544416e+00
-3.280197606357062590e+00
-4.062349449442325344e+00
-4.915660537760175863e+00
-5.795221998257999552e+00
-6.654628876470738419e+00
-7.448434072288250718e+00
-8.134561494346289834e+00
-8.676549517889254659e+00
-9.045504206303249362e+00
-9.221656666603406549e+00
-9.195439590946470787e+00
-8.968023407943976011e+00
-8.551281185414376651e+00
-7.967181956109540053e+00
-7.246642837905839407e+00
-6.427899529149595281e+00
-5.554480889246112163e+00
-4.672894934109772969e+00
-3.830149493671966443e+00
-3.071240106528768443e+00
-2.436739931610832688e+00
-1.960621390286605426e+00
-1.668427161321841101e+00
-1.575889665596893696e+00
-1.688074277687316105e+00
-1.999093465676859083e+00
-2.492408396524925074e+00
-3.141702907294828595e+00
-3.912283845656238768e+00
-4.762933303774824267e+00
-5.648113758138674889e+00
-6.520407921920483574e+00
-7.333062268227642733e+00
-8.042497400358232795e+00
-8.610650054150102761e+00
-9.007020441457390447e+00
-9.210314408531496966e+00
-9.209591641944193441e+00
-9.004857734182905915e+00
-8.607067884595053897e+00
-8.037541737393599561e+00
-7.326820628671372404e+00
-6.513028607371437850e+00
-5.639825380120082166e+00
-4.754061355355551299e+00
-3.903261035342401541e+00
-3.133070255756189137e+00
-2.484804702367533924e+00
-1.993231641134861398e+00
-1.684704182584328969e+00
-1.575748350518675789e+00
-1.672178773876718871e+00
-1.968790295615864050e+00
-2.449641739637117954e+00
-3.088916176819557879e+00
-3.852311008523601199e+00
-4.698882714766199342e+00
-5.583246728209992682e+00
-6.458013904134902283e+00
-7.276332476561067963e+00
-7.994398889139412212e+00
-8.573802750002245787e+00
-8.983580268052023143e+00
-9.201866378731246243e+00
-9.217057492241011118e+00
-9.028423213843762341e+00
-8.646135061875185102e+00
-8.090711540207919938e+00
-7.391910219321858655e+00
-6.587127061730923216e+00
-5.719389508552215062e+00
-4.835051422184814207e+00
-3.981313710385767202e+00
-3.203703512511332452e+00
-2.543646743622302253e+00
-2.036263485800095197e+00
-1.708503495407406536e+00
-1.577720636897695261e+00
-1.650761366710208122e+00
-1.923614759707949595e+00
-2.381641486660991625e+00
-3.000368230982889628e+00
-3.746803931058674486e+00
-4.581206555278384052e+00
-5.459205328382941147e+00
-6.334164683983702027e+00
-7.159663693168831777e+00
-7.891958956297682626e+00
-8.492300224368610984e+00
-8.928976241190737184e+00
-9.178983002026155802e+00
-9.229226999761905859e+00
-9.077200969567442712e+00
-8.731097803608875552e+00
-8.209358180366578495e+00
-7.539677446589170273e+00
-6.757525813597748510e+00
-5.904261479182694394e+00
-5.024937522651416799e+00
-4.165919239982049938e+00
-3.372438177285424832e+00
-2.686212006366930805e+00
-2.143255445614511867e+00
-1.771996903512357058e+00
-1.591798997906491930e+00
-1.611959482129212695e+00
-1.831243553389116041e+00
-2.237970394395492502e+00
-2.810647598506808009e+00
-3.519118392408728369e+00
-4.326159805816121917e+00
-5.189446539994960084e+00
-6.063776466115605501e+00
-6.903440403376404966e+00
-7.664611752056340599e+00
-8.307631025533734004e+00
-8.799066330471625008e+00
-9.113443036459029756e+00
-9.234553584595396103e+00
-9.156280653863575481e+00
-8.882892547409797501e+00
-8.428797322092556499e+00
-7.817770411201099279e+00
-7.081697809082907469e+00
-6.258901881165328085e+00
-5.392138247082644220e+00
-4.526368867877712532e+00
-3.706427611401603261e+00
-2.974699627009089298e+00
-2.368934604740214223e+00
-1.920306527432499966e+00
-1.651819269787615063e+00
-1.577139076277823460e+00
-1.699912537270805934e+00
-2.013603362089732673e+00
-2.501854343427414751e+00
-3.139353816889451476e+00
-3.893160039883530210e+00
-4.724413571104814302e+00
-5.590348111290545319e+00
-6.446495353847176979e+00
-7.248969927606139230e+00
-7.956716945643306005e+00
-8.533607150185984480e+00
-8.950272999415020081e+00
-9.185592812488229342e+00
-9.227748535381753214e+00
-9.074804839067896367e+00
-8.734781957606475800e+00
-8.225220639462204275e+00
-7.572263487621854416e+00
-6.809301482512405634e+00
-5.975256375999574487e+00
-5.112587817189931272e+00
-4.265127621035238015e+00
-3.475851860157970652e+00
-2.784704063302455790e+00
-2.226579645352955161e+00
-1.829572971902523992e+00
-1.613574654458273194e+00
-1.589288513094659017e+00
-1.757716079149592492e+00
-2.110132653988270768e+00
-2.628554011072396612e+00
-3.286668092735329338e+00
-4.051182756142451602e+00
-4.883519928996606474e+00
-5.741769468867029325e+00
-6.582803414545455922e+00
-7.364443776921879348e+00
-8.047574884859388433e+00
-8.598094648622192082e+00
-8.988607724441592950e+00
-9.199776990874699578e+00
-9.221267275771149130e+00
-9.052235997156930836e+00
-8.701348244591336822e+00
-8.186317673298381337e+00
-7.532998215245475748e+00
-6.774073852908429672e+00
-5.947413454658439846e+00
-5.094173969907217270e+00
-4.256747341014524011e+00
-3.476653738063767207e+00
-2.792485835758426571e+00
-2.238005760112120601e+00
-1.840488226030220442e+00
-1.619390701974682489e+00
-1.585414834446365440e+00
-1.740003691336839076e+00
-2.075297632610921372e+00
-2.574548877224539734e+00
-3.212972234768640245e+00
-3.958988121330875298e+00
-4.775794923292727923e+00
-5.623191930913026937e+00
-6.459562190974347473e+00
-7.243917278872493704e+00
-7.937903493324515836e+00
-8.507671418877192693e+00
-8.925518027503638763e+00
-9.171222112801913795e+00
-9.233009268828315186e+00
-9.108101059994654136e+00
-8.802823557385465847e+00
-8.332272024301177638e+00
-7.719550159471176620e+00
-6.994622897609638734e+00
-6.192840330073961397e+00
-5.353205956273482613e+00
-4.516474470884695336e+00
-3.723172077849094208e+00
-3.011635553113593655e+00
-2.416164831052125095e+00
-1.965377868830072039e+00
-1.680846273209160913e+00
-1.576076182582739182e+00
-1.655881885821351318e+00
-1.916180471021716070e+00
-2.344215371665106407e+00
-2.919196006954400069e+00
-3.613320792755763122e+00
-4.393132580860521053e+00
-5.221139928883212988e+00
-6.057625242604284921e+00
-6.862552334582044722e+00
-7.597481685350613745e+00
-8.227401848514627858e+00
-8.722389968197742149e+00
-9.059023027861854871e+00
-9.221473780115747587e+00
-9.202240702674890471e+00
-9.002479030244467495e+00
-8.631919066350985048e+00
-8.108377661919682566e+00
-7.456888020200223011e+00
-6.708490939311801071e+00
-5.898746393374918462e+00
-5.066037249509990126e+00
-4.249746332655498726e+00
-3.488393564435693150e+00
-2.817821285283802268e+00
-2.269513086673576652e+00
-1.869124695322128105e+00
-1.635295013483600179e+00
-1.578791847781430668e+00
-1.702030815256920349e+00
-1.998988171775522016e+00
-2.455509710211612351e+00
-3.049999302369461596e+00
-3.754452979231000853e+00
-4.535788479423375819e+00
-5.357406679163444707e+00
-6.180910861103667386e+00
-6.967902849087604267e+00
-7.681771927043000048e+00
-8.289393288692155082e+00
-8.762657461717854090e+00
-9.079760467446435612e+00
-9.226196000783087214e+00
-9.195405085557073477e+00
-8.989054800103534859e+00
-8.616935013888536332e+00
-8.096479816024631404e+00
-7.451937627132798170e+00
-6.713230070629730761e+00
-5.914553805055105862e+00
-5.092791049122707747e+00
-4.285802954497331285e+00
-3.530684934066386838e+00
-2.862064334707146607e+00
-2.310518422760500012e+00
-1.901184667384200999e+00
-1.652626063702664627e+00
-1.576002183018897274e+00
-1.674582345043317932e+00
-1.943621448216150682e+00
-2.370602305690537648e+00
-2.935831584798735072e+00
-3.613360401379472897e+00
-4.372186003036889090e+00
-5.177678441661074160e+00
-5.993166239308830967e+00
-6.781608222046250134e+00
-7.507275219787888254e+00
-8.137365338103457191e+00
-8.643479972858324700e+00
-9.002894476541513313e+00
-9.199567065835333679e+00
-9.224841722882720418e+00
-9.077814919195827059e+00
-7.709302086802131804e+00
