2.329972373458750301e+00
2.409287703127441560e+00
2.486558928090985887e+00
2.560801254671769112e+00
2.631069019722743096e+00
2.696467660094548080e+00
2.756165006434788900e+00
2.809401762187341500e+00
2.855501039901765292e+00
2.893876839658346078e+00
2.924041368379385109e+00
2.945611113837212081e+00
2.958311603081053232e+00
2.961980791579880812e+00
2.956571046405754633e+00
2.942149704051121084e+00
2.918898200776002039e+00
2.887109790514093888e+00
2.847185882135091717e+00
2.799631044078021880e+00
2.745046748168187722e+00
2.684123996062347750e+00
2.617634840499921456e+00
2.546422864297027022e+00
2.471392749752852946e+00
2.393499061226217695e+00
2.313734373451491688e+00
2.233116886736279394e+00
2.152677677201113138e+00
2.073447735587024887e+00
1.996444951789769995e+00
1.922661204116823619e+00
1.853049712260921966e+00
1.788512811117186851e+00
1.729890298835454754e+00
1.677948506911702609e+00
1.633370232719900006e+00
1.596745665726905017e+00
1.568564427797785044e+00
1.549208835587536193e+00
1.538948479147948856e+00
1.537936195694844743e+00
1.546205501138761207e+00
1.563669524655721954e+00
1.590121473453655510e+00
1.625236636177225247e+00
1.668575914303795482e+00
1.719590851639522411e+00
1.777630112857646605e+00
1.841947343165711182e+00
1.911710322881092772e+00
1.986011313170166881e+00
2.063878472696995647e+00
2.144288209657051247e+00
2.226178319854779541e+00
2.308461749322828549e+00
2.390040809661742927e+00
2.469821665970223457e+00
2.546728911084692903e+00
2.619720035976897066e+00
2.687799604667783449e+00
2.750032942975709105e+00
2.805559153868305344e+00
2.853603278140764754e+00
2.893487427577588811e+00
2.924640728616135998e+00
2.946607927731989207e+00
2.959056525188755948e+00
2.961782321286806408e+00
2.954713278623668948e+00
2.937911624930568344e+00
2.911574143534096937e+00
2.876030622142803583e+00
2.831740455186004368e+00
2.779287420027108713e+00
2.719372672710505867e+00
2.652806034141408809e+00
2.580495662395561496e+00
2.503436230860127676e+00
2.422695754768824816e+00
2.339401230069667381e+00
2.254723268119269264e+00
2.169859927115725728e+00
2.086019956165610978e+00
2.004405680157403946e+00
1.926195762942152889e+00
1.852528092494624801e+00
1.784483034575867766e+00
1.723067300814226099e+00
1.669198672985213960e+00
1.623691817568313711e+00
1.587245413407968542e+00
1.560430800575938637e+00
1.543682340444504364e+00
1.537289655708925729e+00
1.541391894869301504e+00
1.555974138773027704e+00
1.580866037553762204e+00
1.615742735050581746e+00
1.660128104961945184e+00
1.713400289029564982e+00
1.774799492934402423e+00
1.843437960822462252e+00
1.918312014981460978e+00
1.998316013690965010e+00
2.082258048201338418e+00
2.168877169688717466e+00
2.256861909398652610e+00
2.344869830522492204e+00
2.431547829110312975e+00
2.515552883935685102e+00
2.595572942067914113e+00
2.670347618299324211e+00
2.738688382780523067e+00
2.799497912429315338e+00
2.851788288020507878e+00
2.894697730377742140e+00
2.927505585737584681e+00
2.949645292019747345e+00
2.960715084210694847e+00
2.960486228062151337e+00
2.948908606449951897e+00
2.926113521581841681e+00
2.892413618260174957e+00
2.848299878003054175e+00
2.794435680350063400e+00
2.731647975418294294e+00
2.660915659979891323e+00
2.583355297220893299e+00
2.500204367109938097e+00
2.412802279144286910e+00
2.322569421345766827e+00
2.230984557966864568e+00
2.139560922687550715e+00
2.049821383434861310e+00
1.963273078700173979e+00
1.881381942798498352e+00
1.805547548433380944e+00
1.737078698821184597e+00
1.677170198221503261e+00
1.626881218863763578e+00
1.587115663928105214e+00
1.558604900533335558e+00
1.541893203842101379e+00
1.537326213781638584e+00
1.545042659997391876e+00
1.564969559133610133e+00
1.596821032117285100e+00
1.640100828668789479e+00
1.694108582733579116e+00
1.757949756970063504e+00
1.830549167955419554e+00
1.910667917552885342e+00
1.996923491122975847e+00
2.087812721172339181e+00
2.181737256822663618e+00
2.277031126321912069e+00
2.371989932829521752e+00
2.464901183927291406e+00
2.554075223679137974e+00
2.637876213406307624e+00
2.714752594338660341e+00
2.783266462468049873e+00
2.842121293613049104e+00
2.890187475064105005e+00
2.926525129177417917e+00
2.950403753683541019e+00
2.961318252826115049e+00
2.959000992096349147e+00
2.943429576428959304e+00
2.914830126234726482e+00
2.873675906346345066e+00
2.820681248471287983e+00
2.756790796563566293e+00
2.683164195017978315e+00
2.601156430043011447e+00
2.512294123214971364e+00
2.418248161268148344e+00
2.320803125859161931e+00
2.221824059633473514e+00
2.123221168778986812e+00
2.026913115859098724e+00
1.934789598714478087e+00
1.848673940439683028e+00
1.770286430926689025e+00
1.701209161520586433e+00
1.642853080520895848e+00
1.596427968442592604e+00
1.562915988283300361e+00
1.543049407996169853e+00
1.537293020721365089e+00
1.545831704167868637e+00
1.568563465240227828e+00
1.605098211225418403e+00
1.654762376496927700e+00
1.716609415878611156e+00
1.789436054843589030e+00
1.871804065046086984e+00
1.962067213831231394e+00
2.058402920915143763e+00
2.158848046938106613e+00
2.261338139562161675e+00
2.363749375582234524e+00
2.463942364337477819e+00
2.559806920505437677e+00
2.649306874809165713e+00
2.730523970610417628e+00
2.801699893772885641e+00
2.861275503125450648e+00
2.907926369472175310e+00
2.940593792069758905e+00
2.958510542052344761e+00
2.961220681200370741e+00
2.948592920051456456e+00
2.920827109542321054e+00
2.878453602666416700e+00
2.822325374200399750e+00
2.753602944266663410e+00
2.673732311997942368e+00
2.584416265326271667e+00
2.487579588314773549e+00
2.385328834857343594e+00
2.279907473430797360e+00
2.173647328494246356e+00
2.068917346929032064e+00
1.968070799757426048e+00
1.873392087825429098e+00
1.787044353207126068e+00
1.711019104338164176e+00
1.647089041447612701e+00
1.596765219484684639e+00
1.561259608831205847e+00
1.541454010712619782e+00
1.537876156085627333e+00
1.550683666242079983e+00
1.579656383380416917e+00
1.624197393462292194e+00
1.683342865782157860e+00
1.755780628224671291e+00
1.839877188873879854e+00
1.933712708381643886e+00
2.035123228308243437e+00
2.141749273500000328e+00
2.251089776303885515e+00
2.360560121606210426e+00
2.467552988498529665e+00
2.569500570489925195e+00
2.663936694659037485e+00
2.748557333319998630e+00
2.821278011223014026e+00
2.880286657727235244e+00
2.924090536576184007e+00
2.951556004756975327e+00
2.961940004391975911e+00
2.954912374752034943e+00
2.930568281493637794e+00
2.889430292522219723e+00
2.832439879188740406e+00
2.760938381973432776e+00
2.676637745086233089e+00
2.581581587902601171e+00
2.478097436099852224e+00
2.368741175035720570e+00
2.256235005794074766e+00
2.143400374269246011e+00
2.033087500078259335e+00
1.928103250102103150e+00
1.831139177050402189e+00
1.744701573600873079e+00
1.671045375477052009e+00
1.612113681573634549e+00
1.569484546446042295e+00
1.544326541945109987e+00
1.537364383556217184e+00
1.548855677369160411e+00
1.578579570973975832e+00
1.625837792391097381e+00
1.689468242729794234e+00
1.767870978669233040e+00
1.859046088632779092e+00
1.960642640540354087e+00
2.070017568206838909e+00
2.184303076564984902e+00
2.300480891269939043e+00
2.415461463571161094e+00
2.526166073409148005e+00
2.629609658197974653e+00
2.722982136088669236e+00
2.803725993616061007e+00
2.869607969883836152e+00
2.918782792546674720e+00
2.949847102814212807e+00
2.961881943845616760e+00
2.954482473904322060e+00
2.927773895643506208e+00
2.882412957653622598e+00
2.819574774491908187e+00
2.740925116442102905e+00
2.648578729144837052e+00
2.545044644528235533e+00
2.433159826613565446e+00
2.316012847487039839e+00
2.196859599317590117e+00
2.079033307975025835e+00
1.965851313997423855e+00
1.860521220305249468e+00
1.766049067847324849e+00
1.685152186924580464e+00
1.620179282008939792e+00
1.573040142390863316e+00
1.545147133112500626e+00
1.537370315732178971e+00
1.550007683975125783e+00
1.582771584641572415e+00
1.634791940359574980e+00
1.704636410399464008e+00
1.790347132409602526e+00
1.889493195897766542e+00
1.999237522175831394e+00
2.116416379784406665e+00
2.237629363023373674e+00
2.359337317037539350e+00
2.477965417423906747e+00
2.590008415219082316e+00
2.692134946924364503e+00
2.781287789040999048e+00
2.854777009879780447e+00
2.910363137853640758e+00
2.946327721887890494e+00
2.961528999998150891e+00
2.955440807793339175e+00
2.928173338457475960e+00
2.880474896227168902e+00
2.813714351230384381e+00
2.729844588076794309e+00
2.631347826136805068e+00
2.521164257947143827e+00
2.402605985705761338e+00
2.279258717143864299e+00
2.154874095226180231e+00
2.033255866965209435e+00
1.918143333257916305e+00
1.813095654894101960e+00
1.721380613640602242e+00
1.645871338801977890e+00
1.588954309618958671e+00
1.552451636566854365e+00
1.537560217828371600e+00
1.544809872037760989e+00
1.574041978968815592e+00
1.624409532968867698e+00
1.694398848601182284e+00
1.781872474735979983e+00
1.884132193792146248e+00
1.998000328846401885e+00
2.119916974360385620e+00
2.246050226686330031e+00
2.372416036859227972e+00
2.495003956586647753e+00
2.609904811906621713e+00
2.713436227285890734e+00
2.802261941661956079e+00
2.873501008612994401e+00
2.924823252686644448e+00
2.954527755853793014e+00
2.961601660848418582e+00
2.945757186724764054e+00
2.907445437790526999e+00
2.847846328759230161e+00
2.768834722881734933e+00
2.672923660864292561e+00
2.563186320791488004e+00
2.443159067467758128e+00
2.316728599040356773e+00
2.188006756836876843e+00
2.061197011098308440e+00
1.940456954191366989e+00
1.829761311449261019e+00
1.732770010061889465e+00
1.652705725335990472e+00
1.592245053165483260e+00
1.553427044775503418e+00
1.537582296745652499e+00
1.545285132603096745e+00
1.576330662640864411e+00
1.629737690269483785e+00
1.703777573053962602e+00
1.796028273340173786e+00
1.903451976604577212e+00
2.022493844785126615e+00
2.149198735111719216e+00
2.279342078428400864e+00
2.408570597657587076e+00
2.532548175924775435e+00
2.647101969300321045e+00
2.748363810251004402e+00
2.832902068232806325e+00
2.897839421077501143e+00
2.940952436788009550e+00
2.960749456301721594e+00
2.956523984742498445e+00
2.928381618084648252e+00
2.877239426580005865e+00
2.804797655412767821e+00
2.713484554615122946e+00
2.606376081291807090e+00
2.487093095034782042e+00
2.359679460967932574e+00
2.228465155708254208e+00
2.097919014917764446e+00
1.972496146911218773e+00
1.856485250212785099e+00
1.753861105205470228e+00
1.668147358600958530e+00
1.602294388359533084e+00
1.558576536288207581e+00
1.538512342300285773e+00
1.542810630237471781e+00
1.571344407051385561e+00
1.623153575716277164e+00
1.696476461019114979e+00
1.788809141504961175e+00
1.896990605890753745e+00
2.017310842858794917e+00
2.145638161823067769e+00
2.277561358225443477e+00
2.408541804967577526e+00
2.534070191205557432e+00
2.649822454369445524e+00
2.751809467794109842e+00
2.836515254793323670e+00
2.901018893528436671e+00
2.943095842110584393e+00
2.961295130328481129e+00
2.954989708002680349e+00
2.924398180413589898e+00
2.870577165171493750e+00
2.795384536588728430e+00
2.701414846321187557e+00
2.591909186293885892e+00
2.470642656844720619e+00
2.341793387617978173e+00
2.209797703060472074e+00
2.079196505523027039e+00
1.954478249941723922e+00
1.839923994369165428e+00
1.739459926631637510e+00
1.656522492495227095e+00
1.593940795199960903e+00
1.553840316815290556e+00
1.537571251194752797e+00
1.545663863991607156e+00
1.577812338867646602e+00
1.632887565140686448e+00
1.708978306690794202e+00
1.803459201242971766e+00
1.913083108346579797e+00
2.034094486305207727e+00
2.162359762262534346e+00
2.293510090324746287e+00
2.423091489250706942e+00
2.546717127006378423e+00
2.660216480951985929e+00
2.759776249471920018e+00
2.842068216660327273e+00
2.904359763070881506e+00
2.944603353543473467e+00
2.961502093672680580e+00
2.954549301386554472e+00
2.924040958088742315e+00
2.871060851713929107e+00
2.797439168016274458e+00
2.705686193177673449e+00
2.598903628877517136e+00
2.480676761679660114e+00
2.354951347217078883e+00
2.225899546156844711e+00
2.097779568643494130e+00
1.974793837997074419e+00
1.860950470067018747e+00
1.759932685033076982e+00
1.674980432629783245e+00
1.608788034157189628e+00
1.563421044392678372e+00
1.540254836774348934e+00
1.539936642185931959e+00
1.562371953592787133e+00
1.606735374913483394e+00
1.671505172044610354e+00
1.754520004954158274e+00
1.853055608193819204e+00
1.963918566053498349e+00
2.083553817173096068e+00
2.208162136706115053e+00
2.333823592332494368e+00
2.456622858808713783e+00
2.572772304566811830e+00
2.678728928486536986e+00
2.771301516139540233e+00
2.847744789197196980e+00
3.591448747223672910e+00
3.669369393521059841e+00
3.704356871681040442e+00
3.695668747122683673e+00
3.643886362402494417e+00
3.550875004752313657e+00
3.419705545856540851e+00
3.254540972703856117e+00
3.060492242142600183e+00
2.843448729232387340e+00
2.609889179122271141e+00
2.366679500010259396e+00
2.120863944457424211e+00
1.879456219252536808e+00
1.649236848699025870e+00
1.436562707815002504e+00
1.247194061520431774e+00
1.086143719307146593e+00
9.575520717665335635e-01
8.645908478703046018e-01
8.093974535890395838e-01
7.930407569516830790e-01
8.155182046488225200e-01
8.757832213346625760e-01
9.718009824596436363e-01
1.100629888553070312e+00
1.258525422772365898e+00
1.441062558832314711e+00
1.643272512677862451e+00
1.859789402935610347e+00
2.085002301802044045e+00
2.313208214471683011e+00
2.538761712149860017e+00
2.756217248147055265e+00
2.960460592534083446e+00
3.146826310077652789e+00
3.311198758855713020e+00
3.450094682460877138e+00
3.560726086355078923e+00
3.641042708674239847e+00
3.689753998758069642e+00
3.706331085819056792e+00
3.690989740579513345e+00
3.644655792037884368e+00
3.568914850159702112e+00
3.465948496471537688e+00
3.338459334382744004e+00
3.189587438467112346e+00
3.022820808412501226e+00
2.841902422759692293e+00
2.650736405829488884e+00
2.453295676016849391e+00
2.253533243875710745e+00
2.055299084038238355e+00
1.862264226466037620e+00
1.677853410452433192e+00
1.505187329655006234e+00
1.347035178214719409e+00
1.205777895948744183e+00
1.083382212942763489e+00
9.813853177353506485e-01
9.008897245371805251e-01
8.425676980939040828e-01
8.066744130756229314e-01
7.930688801327858695e-01
8.012415636292942178e-01
8.303475460322375934e-01
8.792440594679760135e-01
9.465312036388418004e-01
1.030594698012665678e+00
1.129649571280239240e+00
1.241783768475545724e+00
1.365000751598789197e+00
1.497260278733809624e+00
1.636516665233805679e+00
1.780753954473905942e+00
1.928017551133081264e+00
2.076441993534482666e+00
2.224274660233501510e+00
2.369895317253363221e+00
2.511831514075769434e+00
2.648769927133144630e+00
2.779563828041248463e+00
2.903236919521812176e+00
3.018983834692232193e+00
3.126167635301709158e+00
3.224314672065601517e+00
3.313107186250110914e+00
3.392374037062061198e+00
3.462079935344583692e+00
3.522313647999468333e+00
3.573279169150709755e+00
3.615283879684675128e+00
3.648717640168919640e+00
3.674031658017173463e+00
3.691718335050580890e+00
3.702292537798141936e+00
3.706274595325043553e+00
3.704175204026949331e+00
3.696482309778013509e+00
3.683649947432037219e+00
3.666088946871341570e+00
3.644159363394049223e+00
3.618164457295553582e+00
3.588346031691265647e+00
3.554880937499042215e+00
3.517878568773872949e+00
3.477379199375173258e+00
3.433353052931011451e+00
3.385700052633318080e+00
3.334250266740452329e+00
3.278765151808237022e+00
3.218939801468259976e+00
3.154406537590252579e+00
3.084740336938878169e+00
3.009466774032196312e+00
2.928073383167474120e+00
2.840025600911147308e+00
2.744788742366873979e+00
2.641857781292530127e+00
2.530797026114179005e+00
2.411294320459105300e+00
2.283261097535259410e+00
2.146941258656638762e+00
2.003008530335743220e+00
1.852672541360543823e+00
1.697789861970790515e+00
1.540972884512805230e+00
1.385686118962411228e+00
1.236315758473979232e+00
1.098194528690330740e+00
9.775603532559420383e-01
8.814249581362867403e-01
8.173281474088152088e-01
7.929562640341494273e-01
8.156105533063251478e-01
8.915239405912385173e-01
1.025043910312262607e+00
1.217724761863474336e+00
1.467403343156113982e+00
1.767365596812012107e+00
2.105742106412515913e+00
2.465292518671736488e+00
2.823742912786012305e+00
3.154818091096839527e+00
3.430054894651205721e+00
3.621389257566917763e+00
3.704381518757029479e+00
3.661792357968697953e+00
3.487054011939044074e+00
3.187067633977734182e+00
2.783761537003291764e+00
2.313876612328772620e+00
1.826589311228715484e+00
1.378847883484984660e+00
1.028660418169183632e+00
8.269907541331404932e-01
8.093226556764649970e-01
9.882580239110090314e-01
1.348631479475728590e+00
1.846476780005091634e+00
2.412732684472555622e+00
2.961846254572185533e+00
3.404507879596189390e+00
3.662788972567916801e+00
3.685152660316077355e+00
3.458383941556991026e+00
3.013615432975812247e+00
2.424394724247101784e+00
1.796103161013618665e+00
1.247794457284825409e+00
8.893383291266561130e-01
7.982102096989389661e-01
1.000950673668770552e+00
1.463929285402467695e+00
2.096503389616268809e+00
2.767157008587382006e+00
3.330211770447697450e+00
3.657898517059694043e+00
3.670702486141841359e+00
3.358555956062649450e+00
2.786944908512328567e+00
2.085170933907283253e+00
1.418244835025400219e+00
9.481926275866037201e-01
7.937887886171368645e-01
9.989070497771390666e-01
1.518255599088465857e+00
2.225359621439305879e+00
2.942094007302245018e+00
3.483230925157949631e+00
3.704949545090522545e+00
3.544439992760530345e+00
3.039360719548139134e+00
2.320795992649701045e+00
1.580368412261127897e+00
1.019439622080007934e+00
7.938034280079122595e-01
9.692330665921218280e-01
1.500891673930301318e+00
2.243373677516646403e+00
2.989617915529296788e+00
3.528505310706910425e+00
3.705122535676986573e+00
3.466299365400953292e+00
2.877732107285795315e+00
2.106909632125702814e+00
1.375971334461746798e+00
8.976494550849083431e-01
8.128307272789079274e-01
1.148262442400485472e+00
1.807353540451077878e+00
2.597403856490583252e+00
3.285741205081368577e+00
3.668424790692489168e+00
3.631117821720569960e+00
3.183780187635999237e+00
2.458476821790536615e+00
1.670602038879645868e+00
1.054875171046828042e+00
7.951916220081232112e-01
9.694167444881116591e-01
1.525821354213802827e+00
2.298368895543910995e+00
3.056342695254309572e+00
3.573415027613467743e+00
3.695377763210048627e+00
3.386171322585612931e+00
2.738430394206895269e+00
1.945494024269496247e+00
1.243430207725816139e+00
8.405808395119223064e-01
8.557538456632862722e-01
1.283431747244732968e+00
1.996128791741730524e+00
2.782854399316902594e+00
3.411919049779898572e+00
3.699248738626726318e+00
3.562003211650357493e+00
3.041926161855656119e+00
2.292002439703518135e+00
1.530861399012013013e+00
9.787091811529744501e-01
7.936894880531839558e-01
1.027070772311530211e+00
1.609830581300224939e+00
2.373891943427868245e+00
3.101254759542712680e+00
3.586459797144791573e+00
3.694392496217859811e+00
3.397215805507291186e+00
2.780534825591137071e+00
2.017799023192686558e+00
1.320842496585606707e+00
8.808593433075790902e-01
8.163231479419275072e-01
1.141938293671360238e+00
1.766510573568514708e+00
2.519501732777580827e+00
3.198283221628527961e+00
3.622812854987003561e+00
3.682940584313721288e+00
3.366040343935939205e+00
2.758313483094250174e+00
2.020270060146605484e+00
1.343610310618394088e+00
9.012669349642679073e-01
8.036615430441345076e-01
1.072109847838893293e+00
1.635502288248873892e+00
2.350257085477179153e+00
3.037712289468207150e+00
3.529038622495102473e+00
3.706335291752101746e+00
3.530015116530818453e+00
3.046372333565292578e+00
2.374295181809845001e+00
1.675133065976813329e+00
1.113544351224848628e+00
8.189024145975551949e-01
8.562392922182151533e-01
1.213046900879197976e+00
1.804285864988085297e+00
2.493672310678578974e+00
3.125723215670076272e+00
3.560909855265292911e+00
3.705978137945773909e+00
3.532984031938851466e+00
3.083410068595142661e+00
2.457164835410344139e+00
1.789531057866244890e+00
1.221528200904313133e+00
8.702416363420510947e-01
8.053074446629555627e-01
1.036111767421863838e+00
1.511798488606393320e+00
2.133448642855064747e+00
2.775376290903206034e+00
3.310843937658554559e+00
3.636905294008802692e+00
3.693571852588303450e+00
3.473892326108272144e+00
3.023488963889131576e+00
2.430191254545496005e+00
1.806234426578229524e+00
1.266723983153868360e+00
9.085252622186530402e-01
7.933968255300303252e-01
9.381757567254878083e-01
1.313380062977620000e+00
1.850013088999118427e+00
2.452929420199598365e+00
3.018088943803309832e+00
3.450532331441394263e+00
3.679996618583706969e+00
3.671690068054266121e+00
3.430715874450725789e+00
2.999780854557495768e+00
2.450943609269783607e+00
1.873066538645168588e+00
1.357208662964900725e+00
9.823693906267179088e-01
8.037748009857736964e-01
8.453563124296969988e-01
1.097319077790363862e+00
1.518867860843880369e+00
2.045383830546681381e+00
2.598737568103067108e+00
3.099056731057930225e+00
3.476173311766691754e+00
3.679144255734649427e+00
3.682622629626814081e+00
3.489380995751492964e+00
3.128868106566458973e+00
2.652229414940645125e+00
2.124668848767674589e+00
1.616322714155161044e+00
1.192931193464149331e+00
9.075297695911228590e-01
7.941663876430513636e-01
8.643220957043811215e-01
1.106325231781758012e+00
1.487656209472209445e+00
1.959691052946612722e+00
2.464166027760184896e+00
2.940487869849477409e+00
3.332973504120708697e+00
3.597174066163612238e+00
3.704602167718828554e+00
3.645411285974755167e+00
3.428839647524347001e+00
3.081495142116691621e+00
2.643792951101980648e+00
2.165040195853024763e+00
1.697776592503017490e+00
1.292020338492078757e+00
9.900363917869794417e-01
8.221495477969762433e-01
8.039825363540629155e-01
9.353284683843641201e-01
1.200687231237405950e+00
1.571325746710664273e+00
2.008578469680862622e+00
2.467999135388587728e+00
2.903914740710846765e+00
3.273920219470164206e+00
3.542884674264406009e+00
3.686110789708429536e+00
3.691388622028440203e+00
3.559801975363066084e+00
3.305268072066092522e+00
2.952907766492461672e+00
2.536444189789273551e+00
2.094904710851187790e+00
1.668949391390212256e+00
1.297166492481859557e+00
1.012662629938519743e+00
8.402349381123519478e-01
7.943501689455774173e-01
8.780775472179263019e-01
1.083035746867306637e+00
1.390327031423204573e+00
1.772350468155792669e+00
2.195317299018596291e+00
2.622239823660536207e+00
3.016133725336133331e+00
3.343164142146182627e+00
3.575477740592616804e+00
3.693494791086938456e+00
3.687483621826091795e+00
3.558300623049512446e+00
3.317247258858108783e+00
2.985066046470909118e+00
2.590164938523892513e+00
2.166219460927417018e+00
1.749390878799829574e+00
1.375268506427161697e+00
1.075797056503210003e+00
8.765486756012799141e-01
7.945389764829917656e-01
8.367735497221235885e-01
9.996491472814705848e-01
1.269260755170491528e+00
1.622588413462305201e+00
2.029462506455798732e+00
2.455139751405559512e+00
2.863269941572751609e+00
3.219000106389051652e+00
3.491950992718451108e+00
3.658811653361660809e+00
3.705330525015301024e+00
3.627532905865898716e+00
3.432060803367338764e+00
3.135606074159252632e+00
2.763485219106564639e+00
2.347477512370771624e+00
1.923111071324946630e+00
1.526628637910094621e+00
1.191892211804850277e+00
9.474909122362047409e-01
8.142990996413839166e-01
8.036933410018638479e-01
9.165805365171491026e-01
1.143320245755483855e+00
1.464547875839834035e+00
1.852828446418835373e+00
2.274999699153484212e+00
2.695004433902411289e+00
3.076970160287554990e+00
3.388273022512644062e+00
3.602324292849871767e+00
3.700841421422573774e+00
3.675409653474039473e+00
3.528200820035794827e+00
3.271787897944878232e+00
2.928071171141809259e+00
2.526407709533796453e+00
2.101103932260507179e+00
1.688485425950778218e+00
1.323794298244656886e+00
1.038179077980257992e+00
8.560342677274586087e-01
7.929167872492695057e-01
8.542172694127680987e-01
1.034699692499480017e+00
1.318948662612164036e+00
1.682686132627765785e+00
2.094845082220431198e+00
2.520223030108494022e+00
2.922488727166642875e+00
3.267285217076051129e+00
3.525164225552021247e+00
3.674101251842753157e+00
3.701376555348477204e+00
3.604661395650670563e+00
3.392216768804466653e+00
3.082187687633992201e+00
2.701053303931866711e+00
2.281365267705201649e+00
1.858967505187235858e+00
1.469934881906000079e+00
1.147492218056558100e+00
9.191767918461637432e-01
8.044866609732226337e-01
8.132156311173082130e-01
9.446170488799261467e-01
1.187467805230056239e+00
1.521027050884804499e+00
1.916807713931595325e+00
2.341009498222704099e+00
2.757405556275332348e+00
3.130436295773115329e+00
3.428246101213762831e+00
3.625403640110895331e+00
3.705073457537511938e+00
3.660453433484303964e+00
3.495355380429928438e+00
3.223879237871938308e+00
2.869208726278968946e+00
2.461631344508043995e+00
2.035951825829867001e+00
1.628519953153813482e+00
1.274126552737798956e+00
1.003032727970434967e+00
8.383860023421960683e-01
7.942439880124219087e-01
8.743743074666798787e-01
1.071933202868231794e+00
1.370050232614918206e+00
1.743269085081766923e+00
2.159721442079070020e+00
2.583848240341200864e+00
2.979435951296961260e+00
3.312708616018759766e+00
3.555211627392721674e+00
3.686241048535588760e+00
3.694611073944717994e+00
3.579608761852014709e+00
3.351054565499732796e+00
2.931606730209557199e+00
