1.125054808131513706e+00
1.247778453713491498e+00
1.356451573886224393e+00
1.445059981433212570e+00
1.508709002700946211e+00
1.543892602697487959e+00
1.548685023791673387e+00
1.522844548499392214e+00
1.467823891026683425e+00
1.386686901694909269e+00
1.283936445693990791e+00
1.165263206889017411e+00
1.037229500011222161e+00
9.069057138666568596e-01
7.814795624450152634e-01
6.678597534653606393e-01
5.722959208485705052e-01
5.000357009343177062e-01
4.550377203059299269e-01
4.397561268976017956e-01
4.550083124021888636e-01
4.999328653530817901e-01
5.720398163532230962e-01
6.673501645440791386e-01
7.806167861943099640e-01
9.056143894638213343e-01
1.035482435179341687e+00
1.163102093979357043e+00
1.281486507649011841e+00
1.384162961069294262e+00
1.465526082303432176e+00
1.521142839061186081e+00
1.547992795145705980e+00
1.544630678936850243e+00
1.511262597915604022e+00
1.449731972214511888e+00
1.363416195909671336e+00
1.257039897467672862e+00
1.136415195877829687e+00
1.008123291593114645e+00
8.791548793572699916e-01
7.565290553858374789e-01
6.469114993595830310e-01
5.562526864979180363e-01
4.894657326058656777e-01
4.501612625699398240e-01
4.404535446446762315e-01
4.608482235125203053e-01
5.102175294616120294e-01
5.858640826688417125e-01
6.836696093495002735e-01
7.983203005016386022e-01
9.235964213406113732e-01
1.052710341345781009e+00
1.178674584226668154e+00
1.294679929502390081e+00
1.394463113487497852e+00
1.472644299183317518e+00
1.525016174069411035e+00
1.548769196872488152e+00
1.542641001875686868e+00
1.506982091225102849e+00
1.443734477671979821e+00
1.356324636832314967e+00
1.249476736110350261e+00
1.128956379505209995e+00
1.001258815272407343e+00
8.732584997669444737e-01
7.518389403540757243e-01
6.435227474599787278e-01
5.541217603214509957e-01
4.884259801520248745e-01
4.499479126849954547e-01
4.407359071338183831e-01
4.612663450826385292e-01
5.104202830358188780e-01
5.855456154826013115e-01
6.826012449938222426e-01
7.963753670675932650e-01
9.207660334845684247e-01
1.049108858026850388e+00
1.174534246608276655e+00
1.290334999922801540e+00
1.390324629388671740e+00
1.469167270193853403e+00
1.522661636333649149e+00
1.547963955277113834e+00
1.543738108619365779e+00
1.510225112208655407e+00
1.449228384939300396e+00
1.364015748829579433e+00
1.259143534648854867e+00
1.140212301795382910e+00
1.013567299492285523e+00
8.859597079106349415e-01
7.641867499160385213e-01
6.547298502147895771e-01
5.634100837544343543e-01
4.950791986103330045e-01
4.533625737074843398e-01
4.404676831607432508e-01
4.570681367711921794e-01
5.022693376442373125e-01
5.736574576706507944e-01
6.674290103005127150e-01
7.785940318669850591e-01
9.012419931855049082e-01
1.028856257166300248e+00
1.154660349280592024e+00
1.271977649036292179e+00
1.374585427940121285e+00
1.457044486815292972e+00
1.514986963490598582e+00
1.545347119233273059e+00
1.546522948995039171e+00
1.518460134815186491e+00
1.462653978537013622e+00
1.382069291372297171e+00
1.280982554409091145e+00
1.164754767198487695e+00
1.039547055081387228e+00
9.119941179714750046e-01
7.888528160243702958e-01
6.766444854404622955e-01
5.813098933304861049e-01
5.078950586414721080e-01
4.602845236140922225e-01
4.409961446081961389e-01
4.510482156834776379e-01
4.899059150967094434e-01
5.555098755850180758e-01
6.443853447085203801e-01
7.518261498381247909e-01
8.721437372823570566e-01
9.989681239839505178e-01
1.125584863498994226e+00
1.245290229361589285e+00
1.351745858129407729e+00
1.439314121820798764e+00
1.503356513613099743e+00
1.540479278286305265e+00
1.548713297667932531e+00
1.527618705315596959e+00
1.478308671907950789e+00
1.403391064863406701e+00
1.306831018558100022e+00
1.193741627312431053e+00
1.070113772289861709e+00
9.424993154382212968e-01
8.176643685437499087e-01
7.022309423474110135e-01
6.023259144241210894e-01
5.232558905449359310e-01
4.692251902687711862e-01
4.431119327771615435e-01
4.463141506588836904e-01
4.786741765547053440e-01
5.384854230158022670e-01
6.225813259565882163e-01
7.265018753686576236e-01
8.447290425547735460e-01
9.709787484538928704e-01
1.098533997008006136e+00
1.220601581992517115e+00
1.330673484443853027e+00
1.422873781661512460e+00
1.492272606483032948e+00
1.535150392560148180e+00
1.549198231432263650e+00
1.533643516654301209e+00
1.489293984893589995e+00
1.418497577996919556e+00
1.325020016875541051e+00
1.213846361915085215e+00
1.090916903016990291e+00
9.628112583699836025e-01
8.363973747153667926e-01
7.184640604655481155e-01
6.153566392598054380e-01
5.326352294573161172e-01
4.747740333719341344e-01
4.449179124949336206e-01
4.447095378611759520e-01
4.741966917473656729e-01
5.318250512490689808e-01
6.145172287853939430e-01
7.178342201025027514e-01
8.362109632109171464e-01
9.632536806601585955e-01
1.092083281112631754e+00
1.215706520768663701e+00
1.327395015033440373e+00
1.421051639847196402e+00
1.491544408522409437e+00
1.534989533628683178e+00
1.548968006488625315e+00
1.532663516976894513e+00
1.486913713534912640e+00
1.414171448908505990e+00
1.318377524919032817e+00
1.204751278829935268e+00
1.079509883005050686e+00
9.495312102157764667e-01
8.219783274845690046e-01
7.039059390471137378e-01
6.018702704602346687e-01
5.215638948033942679e-01
4.674958396831175866e-01
4.427350120062126804e-01
4.487310463552988127e-01
4.852233918007140545e-01
5.502451828405199308e-01
6.402228719033470350e-01
7.501671922216348598e-01
8.739457556418245288e-01
1.004622765002953555e+00
1.134847229575945082e+00
1.257267976368740658e+00
1.364951861118538279e+00
1.451781046006565212e+00
1.512806094314798955e+00
1.544533917877934703e+00
1.545133196080338278e+00
1.514544575731414211e+00
1.454488494508676011e+00
1.368369521036781000e+00
1.261082304737015658e+00
1.138730192287806808e+00
1.008272915187478080e+00
8.771241367214883677e-01
7.527227749823273140e-01
6.421036771202730531e-01
5.514932879783891462e-01
4.859544167295465344e-01
4.491011479759957625e-01
4.429005612169613082e-01
4.675724972427740544e-01
5.215924961679841987e-01
6.017966348921106601e-01
7.035811600213399686e-01
8.211839338942772404e-01
9.480279175974817285e-01
1.077104703442841371e+00
1.201374444687293819e+00
1.314158246495200411e+00
1.409500339472553154e+00
1.482479977037634677e+00
1.529456749002808591e+00
1.548237591263039725e+00
1.538158861442854075e+00
1.500082094904458874e+00
1.436307117581101522e+00
1.350410767454923278e+00
1.247023311983148197e+00
1.131557555516019553e+00
1.009907491906771870e+00
8.881341304510138590e-01
7.721558364943814645e-01
6.674592734865778532e-01
5.788449551749164090e-01
5.102186978349427804e-01
4.644371093541848072e-01
4.432118795643615883e-01
4.470742537679840423e-01
4.753978702136104628e-01
5.264752856489065547e-01
5.976411292097765227e-01
6.854330026924446706e-01
7.857800330699282743e-01
8.942083901808728363e-01
1.006053082567941015e+00
1.116665881098898749e+00
1.221610213363939268e+00
1.316835225682242871e+00
1.398822818625342856e+00
1.464703218952662755e+00
1.512336452547616616e+00
1.540358835427105832e+00
1.548195222528542470e+00
1.536039182095528588e+00
1.504804449860567050e+00
1.456051932361890122e+00
1.391897160132055999e+00
1.314903442101088782e+00
1.227966058573886743e+00
1.134192678458652237e+00
1.036784831822611386e+00
9.389247512090392878e-01
8.436712567705133559e-01
7.538676434918699654e-01
6.720637739132907518e-01
6.004538234804785990e-01
5.408303997419333653e-01
4.945550872263475561e-01
4.625448770704162493e-01
4.452734383578558219e-01
4.427857848929577234e-01
4.547245896719837033e-01
4.803661978959335999e-01
5.186642823885856401e-01
5.682990641140421850e-01
6.277300743037419473e-01
6.952505512859041836e-01
7.690417315772006823e-01
8.472254982397331435e-01
9.279140775270782182e-01
1.009255715973072398e+00
1.089475514091603703e+00
1.166910830977113678e+00
1.240040899104799088e+00
1.307510494892257569e+00
1.368147694004953507e+00
1.420975898315673502e+00
1.465220452511501126e+00
1.500310272368820197e+00
1.525874984424326009e+00
1.541738129665513934e+00
1.547907014034154649e+00
1.544559798479490986e+00
1.532030413764557064e+00
1.510791863083083886e+00
1.481438441646854454e+00
1.444667359514856475e+00
1.401260204642382989e+00
1.352064629786603689e+00
1.297976591605285446e+00
1.239923414829251946e+00
1.178847900286322137e+00
1.115693644022450970e+00
1.051391686748383236e+00
9.868485690228004925e-01
9.229358284216129249e-01
8.604809406892592882e-01
8.002596776000481249e-01
7.429898299078150359e-01
6.893262860683948556e-01
6.398576942522167244e-01
5.951037350657961689e-01
5.555129957540698715e-01
5.214616565901876166e-01
4.932529225036904608e-01
4.711171339279345283e-01
4.552124942385199491e-01
4.456263549683384673e-01
4.423770040418683047e-01
4.454159064207166008e-01
4.546303506685547280e-01
4.698464589243601663e-01
4.908325215364516270e-01
5.173026210921016776e-01
5.489205137305217530e-01
5.853037384159027745e-01
6.260279272494142511e-01
6.706312919015987584e-01
7.186192628462156895e-01
7.694692592764197370e-01
8.226355683950826725e-01
8.775543132093649445e-01
9.336484880459154923e-01
9.903330407637830346e-01
1.047019980107517290e+00
1.103123485844921925e+00
1.158064998311902905e+00
1.211278262779052151e+00
1.262214302705020108e+00
1.310346294496169683e+00
1.355174314898321075e+00
1.396229930655743967e+00
1.433080598636305103e+00
1.465333843295528737e+00
1.492641177189498070e+00
1.514701729304806621e+00
1.531265545308193587e+00
1.542136523484921806e+00
1.547174950188467957e+00
1.546299599116427448e+00
1.539489359708832161e+00
1.526784361481128283e+00
1.508286563195493368e+00
1.484159778476117131e+00
1.454629112814182834e+00
1.419979790905853578e+00
1.380555357931687377e+00
1.336755243717160591e+00
1.289031684699576630e+00
1.237886005239947851e+00
1.183864267020966254e+00
1.127552303009499823e+00
1.069570160665257008e+00
1.010565987661817600e+00
9.512094022513657432e-01
8.921843994357737673e-01
8.341818531720891494e-01
7.778916837971473486e-01
7.239947685459741100e-01
6.731546812943780544e-01
6.260093553015475543e-01
5.831627695802710232e-01
5.451767653955331694e-01
5.125631041015719092e-01
4.857758808912595594e-01
4.652044108785235998e-01
4.511667041032827452e-01
4.439036443972531609e-01
4.435739834575419538e-01
4.502502558489785978e-01
4.639157129682016656e-01
4.844623849745629540e-01
5.116904010528376956e-01
5.453085631162108982e-01
5.849361854810261052e-01
6.301062206745398075e-01
6.802696725036069259e-01
7.348012787355222564e-01
7.930064263459059015e-01
8.541292425436342040e-01
9.173617849827890858e-01
9.818542350271257657e-01
1.046725978968385151e+00
1.111077444049640484e+00
1.174002539346385099e+00
1.234601536347746720e+00
1.291994210785421870e+00
1.345333056195156640e+00
1.393816371157385436e+00
1.436701016419926091e+00
1.473314635390498895e+00
1.503067131997044559e+00
1.525461203800532406e+00
1.540101735609685996e+00
1.546703869735037040e+00
1.545099583418863887e+00
1.535242621811397035e+00
1.517211655992465991e+00
1.491211559754900051e+00
1.457572725899544341e+00
1.416748372304429182e+00
1.369309819623351077e+00
1.315939755684232715e+00
1.257423535984108165e+00
1.194638604558861728e+00
1.128542154344407855e+00
1.060157180319016623e+00
9.905571115757814127e-01
9.208492393709111212e-01
8.521571864756338766e-01
7.856026881979463194e-01
7.222869766317683293e-01
6.632720764775303923e-01
6.095623326579973078e-01
5.620864964928373730e-01
5.216806980447137310e-01
4.890726271493269772e-01
4.648672344365849529e-01
4.495342462945517426e-01
4.433977642950387432e-01
4.466281902846340746e-01
4.592366834663869080e-01
4.810723157990474119e-01
5.118220474867897218e-01
5.510135959034165865e-01
5.980212197780304662e-01
6.520743867492695411e-01
7.122692374376771163e-01
7.775827040258898037e-01
8.468890870541826432e-01
9.189788418458071373e-01
9.925792767872723132e-01
1.066376820702711559e+00
1.139040476835385007e+00
1.209246047476201014e+00
1.275700686960441255e+00
1.337167322380077294e+00
1.392488471584584442e+00
1.440608987369243366e+00
1.480597265504196569e+00
1.511664472582783025e+00
1.533181377507334631e+00
1.544692407526225608e+00
1.545926595618962729e+00
1.536805140025224059e+00
1.517445357957307062e+00
1.488160882965100296e+00
1.449458027808736560e+00
1.402028310656271648e+00
1.346737220456634354e+00
1.284609375839685708e+00
1.216810309199856555e+00
1.144625182033210509e+00
1.069434807434068935e+00
9.926894192782810267e-01
9.158806834746414660e-01
8.405124933252502428e-01
7.680711272368351272e-01
6.999953716973437157e-01
6.376472247365245760e-01
5.822837944376515473e-01
5.350309931510145445e-01
4.968596008603895497e-01
4.685642309546826922e-01
4.507456788291467342e-01
4.437970671572419867e-01
4.478941367759347036e-01
4.629899403316538598e-01
4.888141019914447050e-01
5.248767173463795288e-01
5.704768663950132712e-01
6.247156121535335505e-01
6.865132583385236131e-01
7.546305439248808256e-01
8.276933624424627212e-01
9.042205118009871700e-01
9.826539082398199065e-01
1.061390637513155211e+00
1.138816169220849162e+00
1.213338027577414602e+00
1.283419194845178968e+00
1.347610522761242047e+00
1.404581442799796243e+00
1.453148297885840545e+00
1.492299665670194786e+00
1.521218105765151929e+00
1.539297839128251910e+00
1.546157955432120756e+00
1.541650841825886742e+00
1.525865631771369024e+00
1.499126583206540353e+00
1.461986408578012320e+00
1.415214692631295401e+00
1.359781644565514203e+00
1.296837536604396046e+00
1.227688278673343847e+00
1.153767666345363097e+00
1.076606914402966408e+00
9.978021494298703331e-01
9.189805803039856613e-01
8.417660942034774774e-01
7.677450370602323382e-01
6.984329310320849249e-01
6.352428576847773956e-01
5.794561947821537107e-01
5.321963379022971452e-01
4.944059669471996266e-01
4.668283337698408975e-01
4.499929526924046908e-01
4.442059729764085141e-01
4.495454038685741116e-01
4.658612513527282672e-01
4.927805139138995427e-01
5.297168751796986763e-01
5.758848268767758904e-01
6.303178586057264221e-01
6.918902637624770868e-01
7.593420355102681318e-01
8.313062647081626011e-01
9.063384185087410838e-01
9.829469816880108679e-01
1.059624547136653216e+00
1.134878555894233809e+00
1.207261121871391119e+00
1.275397323728106658e+00
1.338011397401037916e+00
1.393950327185951021e+00
1.442204407012376954e+00
1.481924424402849549e+00
1.512435205315893594e+00
1.533245346347850369e+00
1.544053049381397980e+00
1.544748060592040728e+00
1.535409798790448477e+00
1.516301835618893312e+00
1.487862960599493301e+00
1.450695126174802230e+00
1.405548620688262584e+00
1.353304860007835231e+00
1.294957220770386552e+00
1.231590359862445805e+00
1.164358475862918407e+00
1.094462969104607275e+00
1.023129948329876138e+00
9.515880143743881137e-01
8.810467258213163788e-01
8.126761191572121623e-01
7.475876177497131625e-01
6.868166211327904058e-01
6.313070198234209673e-01
5.818978323965433574e-01
5.393121119695583054e-01
5.041482196889861545e-01
4.768735142901766588e-01
4.578204602343185492e-01
4.471851131277005953e-01
4.450279007850509450e-01
4.512765819780719667e-01
4.657312330481183649e-01
4.880710854690369915e-01
5.178630153093042310e-01
5.545714684323154176e-01
5.975695931521507465e-01
6.461513447933584509e-01
6.995443239652826550e-01
7.569231120575264926e-01
8.174228731352457533e-01
8.801530006560347452e-01
9.442105998012352286e-01
1.008693611250900402e+00
1.072713399455573979e+00
1.135406647394308743e+00
1.195946419988876741e+00
1.253552279318418394e+00
1.307499356123031919e+00
1.357126303403138889e+00
1.401842078856778029e+00
1.441131523129325576e+00
1.474559720101350946e+00
1.501775143476350438e+00
1.522511610558291650e+00
1.536589079180022077e+00
1.543913337149407816e+00
1.544474645250519806e+00
1.538345404739434485e+00
1.525676928407829536e+00
1.506695400682471320e+00
1.481697116940654091e+00
1.451043095665660143e+00
1.415153208785176586e+00
1.374499967737220718e+00
1.329601911839396022e+00
1.281016701801096946e+00
1.229334008755539331e+00
1.175168280493119832e+00
1.119151463992522855e+00
1.061925760167359511e+00
1.004136483041205397e+00
9.464250913982286129e-01
8.894224563929616911e-01
8.337424237035262475e-01
7.799757236392999005e-01
7.286842772225678999e-01
6.803959407109995139e-01
6.355997253668864699e-01
5.947415235593778160e-01
5.582203665557923244e-01
5.263852336611289928e-01
4.995324267443905786e-01
4.779035186825342230e-01
4.616838788963374407e-01
4.510017739775725731e-01
4.459280364452113954e-01
4.464762899459499002e-01
4.526037147557293583e-01
4.642123332653251833e-01
4.811507912630622608e-01
5.032166072771775411e-01
5.301588590226663511e-01
5.616812731229601230e-01
5.974456817543266629e-01
6.370758076955153060e-01
6.801613374607327067e-01
7.262622407521985846e-01
7.749132933868319029e-01
8.256287601288093692e-01
8.779071934893001306e-01
9.312363045302384235e-01
9.850978620214767556e-01
1.038972576939320547e+00
1.092344930247554080e+00
1.144707903154591477e+00
1.195567570578580652e+00
1.244447520358100467e+00
1.290893062802169755e+00
1.334475197460949447e+00
1.374794306496825103e+00
1.411483546723719229e+00
1.444211915239555610e+00
1.472686966578713896e+00
1.496657162436055621e+00
1.515913838238252653e+00
1.530292774136451817e+00
1.539675361345118620e+00
1.543989358128402767e+00
1.543209233115804713e+00
1.537356096988187648e+00
1.526497226890214609e+00
1.510745191173136437e+00
1.490256585229991826e+00
1.465230392232053536e+00
1.435905985489908998e+00
1.402560791925283379e+00
1.365507638731068951e+00
1.325091807700826685e+00
1.281687823907376789e+00
1.235696007389279982e+00
1.187538818250757799e+00
1.137657027081956818e+00
1.086505743853916295e+00
1.034550339427000143e+00
9.822622945262430294e-01
9.301150114777767541e-01
8.785796241649926896e-01
8.281208415491043695e-01
7.791928597088959574e-01
7.322353766914098117e-01
6.876697435331926567e-01
6.458952836192991542e-01
6.072858111016996574e-01
5.721863774115495405e-01
5.409102729840304935e-01
5.137363091827105155e-01
4.909064030808721890e-01
4.726234852448524260e-01
4.590497479902488909e-01
4.503052487645988755e-01
4.464668803717182222e-01
4.475677167156622005e-01
4.535967396295319531e-01
4.644989491899702561e-01
4.801758567269109879e-01
5.004863565448354201e-01
5.252479692015858959e-01
5.542384460690524817e-01
5.871977218514912167e-01
6.238301987868974940e-01
6.638073434284827989e-01
7.067705742205725450e-01
7.523344155684147383e-01
8.000898917758633155e-01
8.496081321086600413e-01
9.004441563529764769e-01
9.521408085953348976e-01
1.004232805566914966e+00
1.056250864785215793e+00
1.107725876900730766e+00
1.158193086124507110e+00
1.207196242380898399e+00
1.254291688903078628e+00
1.299052349368988946e+00
1.341071579361303501e+00
1.379966847924534168e+00
1.415383216279102685e+00
1.446996582328960113e+00
1.474516661454545075e+00
1.497689676204595255e+00
1.516300729872332997e+00
1.530175841546695725e+00
1.539183623047684968e+00
1.543236581164450172e+00
1.542292031792087847e+00
1.536352615882430772e+00
1.525466410558707686e+00
1.509726632265321999e+00
1.489270932402709580e+00
1.464280289503235410e+00
1.434977505605958825e+00
1.401625318055063296e+00
1.364524141446926686e+00
1.324009457853162264e+00
1.280448876720346352e+00
1.234238888961983083e+00
1.185801342684252635e+00
1.135579670697620003e+00
1.084034902433699932e+00
1.031641495087122662e+00
9.788830207121906879e-01
9.262477476038305513e-01
8.742241555632689343e-01
8.232964255762329486e-01
7.739399450020589821e-01
7.266168695770065522e-01
6.817717833679364237e-01
6.398274972692326035e-01
6.011810257183101136e-01
5.661997800153639737e-01
5.352180149789734775e-01
5.085335636608716570e-01
4.864048924951197561e-01
4.690485065848456481e-01
4.566367318557079669e-01
4.492958975512881814e-01
4.471049390387948907e-01
4.500944371628271545e-01
4.582461064618106317e-01
4.714927404802025102e-01
4.897186182054533710e-01
5.127603713695498833e-01
5.404083080196849798e-01
5.724081834211495190e-01
6.084634050489465817e-01
6.482376541927539204e-01
6.913579025854804661e-01
7.374177985070422547e-01
7.859813930536674320e-01
8.365871737358465676e-01
8.887523693129351088e-01
9.419774868232563270e-01
9.957510391582473641e-01
1.049554419286909512e+00
1.102866875389704848e+00
1.155170539731942503e+00
1.205955463115141901e+00
1.254724606206496507e+00
1.300998738973441649e+00
1.344321199848809600e+00
1.384262467125239926e+00
1.420424496423903227e+00
1.452444779895059934e+00
1.480000085075607874e+00
1.502809834036114900e+00
1.520639086575564791e+00
1.533301094742727244e+00
1.540659399848052669e+00
1.542629447347146687e+00
1.539179699488839148e+00
1.530332230386888703e+00
1.516162793150968469e+00
1.496800353852977050e+00
1.472426092360245686e+00
1.443271875386665126e+00
1.409618212443796370e+00
1.371791710663729624e+00
1.330162049659515899e+00
1.285138502633687674e+00
1.237166034788724778e+00
1.186721014681371145e+00
1.134306578448022407e+00
1.080447690760245605e+00
1.025685949905597472e+00
9.705741874855534634e-01
9.156709158421109107e-01
8.615346784354599441e-01
8.087183599651344146e-01
7.577635140356061560e-01
7.091947665935121048e-01
6.635143531969829311e-01
6.211968474091136283e-01
5.826841362388132106e-01
5.483806965875260842e-01
5.186492241122852009e-01
4.938066628019373017e-01
4.741206799094787039e-01
4.598066267187985723e-01
4.510250209862942672e-01
4.478795818277794272e-01
4.504158423668043199e-01
4.586203596735666244e-01
4.724205354607288188e-01
4.916850547237167079e-01
5.162249430819245699e-01
5.457952370601415470e-01
5.800972550140823802e-01
6.187814499199275620e-01
6.614508188851169201e-01
7.076648380655065074e-01
7.569438857624873895e-01
8.087741108876518314e-01
8.626126987896274301e-01
9.178934816956245690e-01
9.740328367903218210e-01
1.030435811285705050e+00
1.086502410778785510e+00
1.141633984787794764e+00
1.195239641639159967e+00
1.246742623874184330e+00
1.295586575075855951e+00
1.341241629498290955e+00
1.383210257114880992e+00
1.421032798686238330e+00
1.454292628172694890e+00
1.482620883256960731e+00
1.505700708875040927e+00
1.523270963438703385e+00
1.535129342827612486e+00
1.541134883181999538e+00
1.541209809978362433e+00
1.535340707755931344e+00
1.523578992109959618e+00
1.506040673102639449e+00
1.482905406983185070e+00
1.454414840971823608e+00
1.420870263760333874e+00
1.382629582227633769e+00
1.340103652572042447e+00
1.293752001534655305e+00
1.244077980543371487e+00
1.191623402358293449e+00
1.136962716066781676e+00
1.080696781981008048e+00
1.023446313062518431e+00
9.658450538691203402e-01
9.085327716332740611e-01
8.521481368851911986e-01
7.973215729871998558e-01
7.446681550153024798e-01
6.947806385866323042e-01
6.482226984738375108e-01
6.055224551683100476e-01
5.671663649602616264e-01
5.335935456159757173e-01
5.051906053786051620e-01
4.822870378414145787e-01
4.651512392891291592e-01
4.539871984372937375e-01
4.489319011876683474e-01
4.500534851399281555e-01
4.573501702408233616e-01
4.707499832038509746e-01
4.901112842942322301e-01
5.152240958478616628e-01
5.458122225856554266e-01
5.815361445053432998e-01
6.219966539903611924e-01
6.667391998805881626e-01
7.152588927094378768e-01
7.670061172318560772e-01
8.213926908481404832e-01
8.777984996662236972e-01
9.355785378262750918e-01
9.940702704191577421e-01
1.052601235934875312e+00
1.110496800741103574e+00
1.167087975664547583e+00
1.221719203371651075e+00
1.273756024942635179e+00
1.322592534822253585e+00
1.367658535210453774e+00
1.408426303915229161e+00
1.444416893702619831e+00
1.475205886206225836e+00
1.500428529449650217e+00
1.519784194925638099e+00
1.533040097890066455e+00
1.540034232980740381e+00
1.540677486363907445e+00
1.534954895239584172e+00
1.522926035588014759e+00
1.504724529393619337e+00
1.480556673115900113e+00
1.450699199760900671e+00
1.415496197412492441e+00
1.375355217380158646e+00
1.330742615080326097e+00
1.282178176266797198e+00
1.230229090140899428e+00
1.175503339089800425e+00
1.118642582214454562e+00
1.060314616319807168e+00
1.001205503561690024e+00
9.420114594020160270e-01
8.834305978534033876e-01
8.261546331480595917e-01
7.708606379082189042e-01
7.182029576086848000e-01
6.688053795998154527e-01
6.232536522160256887e-01
5.820884439251419185e-01
5.457988218777695133e-01
5.148163553608468002e-01
4.895099121298428502e-01
4.701812029185871156e-01
4.570611286170739307e-01
4.503069748727133170e-01
4.500004885358932505e-01
4.561468596151900812e-01
4.686746213671922900e-01
4.874364699574913473e-01
5.122109939323988836e-01
5.427052926742925720e-01
5.785584522138832453e-01
6.193458363732232685e-01
6.645841413418021038e-01
7.137371525647462356e-01
7.662221343596647971e-01
8.214167750789934663e-01
8.786666039890135282e-01
9.372927904240094810e-01
9.966002312606840885e-01
1.055885829395246223e+00
1.114446863731899606e+00
1.171589350229316873e+00
1.226636293808912814e+00
1.278935732398459368e+00
1.327868477044790607e+00
1.372855455842898476e+00
1.413364574346816394e+00
1.448917011084992490e+00
1.479092873724638491e+00
1.503536149228082763e+00
1.521958889922050195e+00
1.534144586651403852e+00
1.539950689998791589e+00
1.539310250799744928e+00
1.532232661745228208e+00
1.518803492611728423e+00
1.499183422463678639e+00
1.473606282904681208e+00
1.442376236984811655e+00
1.405864128576582051e+00
1.364503046791378349e+00
1.318783159208108513e+00
9.950824518886935977e-01
