-7.977568231232692320e-01
1.150870094928524434e+00
2.457551261761868222e+00
2.928245303522184262e+00
2.495397496546724714e+00
1.226979193831454484e+00
-6.847957902729184809e-01
-2.953128617988826754e+00
-5.240017648982327358e+00
-7.206754698837833928e+00
-8.563976245767404905e+00
-9.113894793811581962e+00
-8.778602198785067756e+00
-7.610477383772208171e+00
-5.783413848128841295e+00
-3.566404316629416371e+00
-1.283566378347350101e+00
7.334007583739308167e-01
2.193335648768493851e+00
2.887344898092226497e+00
2.718211481225002668e+00
1.713415919821843492e+00
2.012247209622275435e-02
-2.116908447670537097e+00
-4.391096644430787066e+00
-6.478225721063711084e+00
-8.082641650492316643e+00
-8.978890732931921193e+00
-9.042971750431417988e+00
-8.268935875594639384e+00
-6.768698473474671573e+00
-4.755318005641878898e+00
-2.512308213125267642e+00
-3.534592175335462549e-01
1.421106700954067659e+00
2.566488125844097024e+00
2.926440890192204325e+00
2.454187468732877075e+00
1.217903772872316548e+00
-6.096604211288632058e-01
-2.775784984118614851e+00
-4.983044166598220137e+00
-6.930272235787017010e+00
-8.353574209567550923e+00
-9.061812119090152606e+00
-8.961836849348875589e+00
-8.070198945721053008e+00
-6.509948052944901420e+00
-4.493158505275772541e+00
-2.291722526783580349e+00
-2.004802315551814651e-01
1.502288845648342974e+00
2.591719617197534742e+00
2.925707377880189863e+00
2.462966770535645278e+00
1.267577894840242525e+00
-5.003894521314675714e-01
-2.606746465853559513e+00
-4.774510248984807248e+00
-6.720456997065374694e+00
-8.192066166537248506e+00
-9.000048036858675715e+00
-9.042300034210065007e+00
-8.316315288964759134e+00
-6.918606560194914934e+00
-5.031403657490222336e+00
-2.898511650863939693e+00
-7.935731423250671490e-01
1.015106667097251059e+00
2.298645507089453144e+00
2.896268045262135882e+00
2.735033127632288785e+00
1.838240625035373998e+00
3.216207319248196583e-01
-1.622040670642977744e+00
-3.747748386078377347e+00
-5.789374975174487403e+00
-7.493005443098176954e+00
-8.648371639319615056e+00
-9.114506350960214220e+00
-8.836527940277960624e+00
-7.851613296342492276e+00
-6.283580422471567672e+00
-4.326909815944172344e+00
-2.222312411528768905e+00
-2.269478641333901869e-01
1.417004768765626199e+00
2.511585177994521967e+00
2.926591161283270903e+00
2.614660054409677858e+00
1.616199335151255578e+00
5.372212212308724588e-02
-1.883579567928860499e+00
-3.963038708864342841e+00
-5.936616553067306512e+00
-7.570494884569678007e+00
-8.672629195828012172e+00
-9.115036787891478198e+00
-8.848270369590629514e+00
-7.906490742700231777e+00
-6.402682076149226909e+00
-4.514714021968242008e+00
-2.464010270222291688e+00
-4.894125677913589989e-01
1.180658470426288797e+00
2.354501390141073625e+00
2.898880758388950429e+00
2.753789029304463565e+00
1.938633615708322377e+00
5.492684379988559407e-01
-1.253655725757228945e+00
-3.263568004533983657e+00
-5.251832383822209849e+00
-6.993807832633992305e+00
-8.294140331004715705e+00
-9.008452218377104970e+00
-9.059048590565115688e+00
-8.442972225389263841e+00
-7.231622237940841913e+00
-5.562104883765423224e+00
-3.621400066025480591e+00
-1.625203571403529335e+00
2.061398023444391825e-01
1.671919369710119785e+00
2.612888961371992114e+00
2.928291528159550960e+00
2.586291467512612297e+00
1.626777924811888543e+00
1.563494054329721550e-01
-1.663859654066393690e+00
-3.636088206938527190e+00
-5.547579047432920518e+00
-7.193551727302320842e+00
-8.399037804280625963e+00
-9.037264013153965436e+00
-9.042677979064825067e+00
-8.417314259219768502e+00
-7.229927303719899001e+00
-5.608092349157104195e+00
-3.724212545149416798e+00
-1.776994071913550854e+00
2.960210962258580381e-02
1.507695551044574866e+00
2.504882478621147879e+00
2.919708018270457561e+00
2.711671818844481496e+00
1.904816889140560132e+00
5.846296441752367734e-01
-1.111328734558249653e+00
-3.008004806242046136e+00
-4.911080690772124058e+00
-6.626935457527618922e+00
-7.982286604072587721e+00
-8.841527514710486813e+00
-9.120045286427147957e+00
-8.792239174582858752e+00
-7.893515366653286236e+00
-6.516150312531912903e+00
-4.799529321676967442e+00
-2.915818338739586402e+00
-1.052561395941949307e+00
6.060261454770823342e-01
1.897201571148864563e+00
2.695498161942321058e+00
2.924672097460402131e+00
2.564682231382664046e+00
1.653097301970817501e+00
2.808788678621172430e-01
-1.416964524422745342e+00
-3.274868639710855067e+00
-5.112984411548721297e+00
-6.754619441128755675e+00
-8.043157883926783214e+00
-8.856847025779481797e+00
-9.120071727987209442e+00
-8.810097322439766288e+00
-7.958710306428571357e+00
-6.648679667360497092e+00
-5.005452151834175467e+00
-3.184936113547101932e+00
-1.358580404220955939e+00
3.028137573168017127e-01
1.645017687088091929e+00
2.544558819092603397e+00
2.919873260274710614e+00
2.738441534326143678e+00
2.019310387688218800e+00
8.308390990404657117e-01
-7.160499239013407013e-01
-2.478429942843804135e+00
-4.294716372787936720e+00
-5.999543879295199389e+00
-7.438800718443729920e+00
-8.483457450287751556e+00
-9.040960526502711758e+00
-9.063202584216339730e+00
-8.550406348508664323e+00
-7.550636761421367638e+00
-6.155051330349747829e+00
-4.489376081138272134e+00
-2.986016428969137326e+00
-2.496844849847667192e+00
-2.061172980230119745e+00
-1.717091041272833518e+00
-1.494395170229703140e+00
-1.412060973256062724e+00
-1.476692315176555637e+00
-1.682065623328363069e+00
-2.009792739357805669e+00
-2.431028112316073297e+00
-2.909057289565397220e+00
-3.402530687218283223e+00
-3.869055410411282203e+00
-4.268832328528544551e+00
-4.568027281705337117e+00
-4.741593430041275425e+00
-4.775313353969563579e+00
-4.666899659984862225e+00
-4.426075186046467991e+00
-4.073641216772752927e+00
-3.639626958719794469e+00
-3.160688838128203670e+00
-2.676987892376840872e+00
-2.228813013111561769e+00
-1.853234243920799384e+00
-1.581062901018185807e+00
-1.434365129743763623e+00
-1.424725634756105475e+00
-1.552393274633590226e+00
-1.806365668135625935e+00
-2.165392228441388678e+00
-2.599800532777289508e+00
-3.073985633916938465e+00
-3.549350915704973630e+00
-3.987456191575654341e+00
-4.353116192181570199e+00
-4.617200941592249031e+00
-4.758917645802229757e+00
-4.767398923554578616e+00
-4.642480512384906000e+00
-4.394618053319224060e+00
-4.043961740181979181e+00
-3.618673977960064292e+00
-3.152633551918274879e+00
-2.682715744666220647e+00
-2.245868014949367719e+00
-1.876213247810996743e+00
-1.602406617111570952e+00
-1.445448629185943856e+00
-1.417118140960499817e+00
-1.519138400549201684e+00
-1.743130622021792364e+00
-2.071347958464524908e+00
-2.478122786409544975e+00
-2.931906523995406744e+00
-3.397737752074784456e+00
-3.839944294545444947e+00
-4.224870156211529171e+00
-4.523419615673110350e+00
-4.713227887281381534e+00
-4.780298983363822529e+00
-4.719994083917390171e+00
-4.537304413398445035e+00
-4.246397368280476314e+00
-3.869479256867404349e+00
-3.435068430307667064e+00
-2.975815130713092671e+00
-2.526036054711235490e+00
-2.119150296469013206e+00
-1.785207868756411909e+00
-1.548692345352768118e+00
-1.426756308621461855e+00
-1.428014154750252951e+00
-1.551974121135475615e+00
-1.789143437044079965e+00
-2.121790855532801778e+00
-2.525303143080543489e+00
-2.970029806278017492e+00
-3.423476384320487842e+00
-3.852683330706893727e+00
-4.226616332892818129e+00
-4.518395458852650926e+00
-4.707204436093590516e+00
-4.779746445357970330e+00
-4.731147060112620650e+00
-4.565245782603020608e+00
-4.294262000772438803e+00
-3.937865907475358362e+00
-3.521726811311890248e+00
-3.075647414203769081e+00
-2.631420580748872418e+00
-2.220563046150940245e+00
-1.872087307625527997e+00
-1.610468321284255433e+00
-1.453946087931977660e+00
-1.413280013770656263e+00
-1.491037981899752562e+00
-1.681464778685190620e+00
-1.970933624935476081e+00
-2.338943922581204760e+00
-2.759590708214774590e+00
-3.203399645064071155e+00
-3.639397149187650449e+00
-4.037270211657700614e+00
-4.369465744688855402e+00
-4.613084918329602324e+00
-4.751443460655144335e+00
-4.775193084208594563e+00
-4.682930314927367554e+00
-4.481254829600729295e+00
-4.184277455288622605e+00
-3.812615632312656100e+00
-3.391948835205778501e+00
-2.951235859557076235e+00
-2.520718079168503323e+00
-2.129846330899268558e+00
-1.805273168243633153e+00
-1.569046661718012325e+00
-1.437127189283937900e+00
-1.418325840135803428e+00
-1.513733768774566446e+00
-1.716678118773274475e+00
-2.013204298137331705e+00
-2.383048859758040372e+00
-2.801034404579115122e+00
-3.238789960910610777e+00
-3.666679032636559921e+00
-4.055804317961127836e+00
-4.379953793137966400e+00
-4.617357646380384928e+00
-4.752139041496231897e+00
-4.775362918185034999e+00
-4.685614519688168222e+00
-4.489071198540992569e+00
-4.199065132521294430e+00
-3.835168600809002459e+00
-3.421865162878003908e+00
-2.986897359907883853e+00
-2.559402639562401660e+00
-2.167962732791391733e+00
-1.838696838878922657e+00
-1.593525417114093568e+00
-1.448719431236533239e+00
-1.413830389803580667e+00
-1.491070808257052072e+00
-1.675184524318572787e+00
-1.953813648921305823e+00
-2.308336000640186292e+00
-2.715115828171675183e+00
-3.147083510700424913e+00
-3.575538507097503871e+00
-3.972055483913710994e+00
-4.310367197870701439e+00
-4.568099719788792257e+00
-4.728245790746965938e+00
-4.780279787739723396e+00
-4.720841747647193998e+00
-4.553946551034856682e+00
-4.290705798039891938e+00
-3.948582041219814709e+00
-3.550225762246367545e+00
-3.121972780242596279e+00
-2.692101881870111235e+00
-2.288967937486713566e+00
-1.939133624155279678e+00
-1.665622627830570579e+00
-1.486408888623109270e+00
-1.413240656514539673e+00
-1.450875899548961456e+00
-1.596778427991111027e+00
-1.841293760308123639e+00
-2.168292254441225086e+00
-2.556236424492649650e+00
-2.979601657146667915e+00
-3.410556536991968812e+00
-3.820792176316007094e+00
-4.183380405437393534e+00
-4.474539019152027564e+00
-4.675188582724727482e+00
-4.772199146476730824e+00
-4.759245680385586930e+00
-4.637216769063689625e+00
-4.414150412694471726e+00
-4.104701741379759738e+00
-3.729178045475366687e+00
-3.312204757551989509e+00
-2.881110055178329077e+00
-2.464134027421846618e+00
-2.088579679490512930e+00
-1.779026711205375033e+00
-1.555724768669749292e+00
-1.433271021926068922e+00
-1.419658247049509159e+00
-1.515755314961539924e+00
-1.715253700299608663e+00
-2.005083170232428991e+00
-2.366269182159908890e+00
-2.775175707109905687e+00
-3.205052078170925967e+00
-3.627782673975284755e+00
-7.278729086932971271e+00
-8.769547488719203088e+00
-9.889348888345482536e+00
-1.056495525745597064e+01
-1.075223419258010971e+01
-1.043897738134513808e+01
-9.645693143816702175e+00
-8.424261806743832182e+00
-6.854542136064570634e+00
-5.039150733354276213e+00
-3.096755485262757013e+00
-1.154321077215641145e+00
6.611870698875561558e-01
2.231098761040814171e+00
3.452793216248309260e+00
4.246405155369927797e+00
4.560044814355798337e+00
4.373190873539900991e+00
3.698034486336946980e+00
2.578686300327544867e+00
1.088297848628389186e+00
-6.757151360997020184e-01
-2.598035951435059054e+00
-4.552981468555586275e+00
-6.412716120253023178e+00
-8.055608897300167826e+00
-9.374187346311652291e+00
-1.028216863397245895e+01
-1.072010777803992987e+01
-1.065929324983440019e+01
-1.010363446635583173e+01
-9.089416768537349256e+00
-7.682938780652209587e+00
-5.976185475131213565e+00
-4.080818785370390778e+00
-2.120877812493267456e+00
-2.246653432847396381e-01
1.483649022365627790e+00
2.892159878858164834e+00
3.908558844179613079e+00
4.466188672946886484e+00
4.528421376410111776e+00
4.091072412621013399e+00
3.182691308455183776e+00
1.862707962488869828e+00
2.175542797220391122e-01
-1.644986480709963672e+00
-3.602833903769552482e+00
-5.527607072442631164e+00
-7.293040329643082131e+00
-8.783266755410009452e+00
-9.900426021512291896e+00
-1.057109696633122198e+01
-1.075113173111295595e+01
-1.042857265077286577e+01
-9.624458500501654967e+00
-8.391464973085250634e+00
-6.810466352149395775e+00
-4.985241937366311049e+00
-3.035672896028482892e+00
-1.089874820694971103e+00
7.242182139675588104e-01
2.287265562516496598e+00
3.496374863807789612e+00
4.271882669471281702e+00
4.562613586034988344e+00
4.349270106028871652e+00
3.645727780791277350e+00
2.498147896435175763e+00
9.819633377137182428e-01
-8.030665698186156831e-01
-2.739408989144953122e+00
-4.699488625033195532e+00
-6.554088967741956040e+00
-8.180870833467682957e+00
-9.472446704201686885e+00
-1.034347776546182907e+01
-1.073632414147250103e+01
-1.062487351460086593e+01
-1.001629291034899616e+01
-8.950585094268957320e+00
-7.497975780734559947e+00
-5.754301157573126879e+00
-3.834697619165295279e+00
-1.866008304917238458e+00
2.159343073591779572e-02
1.703210850631957651e+00
3.067492007684949673e+00
4.024011699971072886e+00
4.509277324053231339e+00
4.490958955815630205e+00
3.970060846127019705e+00
2.980887347747520177e+00
1.588802139853326967e+00
-1.140741505289404323e-01
-2.014945904280279088e+00
-3.987803495725519287e+00
-5.901770547651518761e+00
-7.629784971833061036e+00
-9.057038119166778145e+00
-1.008861133301690671e+01
-1.065580143160654281e+01
-1.072071276487075053e+01
-1.027880786258711510e+01
-9.359243785302851393e+00
-8.022968180414467909e+00
-6.358697995836577022e+00
-4.477044911240206204e+00
-2.503175403248520503e+00
-5.684916783652416150e-01
1.198114126119009359e+00
2.678850547834162210e+00
3.774889465191245908e+00
4.412975450039716918e+00
4.550338943720040774e+00
4.177582630859218327e+00
3.319344942849085545e+00
2.032692581191052117e+00
4.033454694964619947e-01
-1.460017485645958901e+00
-3.432994721252448755e+00
-5.383759497342292200e+00
-7.181865663336509442e+00
-8.706973710166550973e+00
-9.856913217215153011e+00
-1.055454099169986115e+01
-1.075293368126624571e+01
-1.043856419671659985e+01
-9.632245592413548607e+00
-8.387775184510175563e+00
-6.788365688427248301e+00
-4.941098716314765937e+00
-2.969769114821071199e+00
-1.006597368817687688e+00
8.166357178858745236e-01
2.377437885166535647e+00
3.570843478738078058e+00
4.316486131063605569e+00
4.564028610814093057e+00
4.296581809073600766e+00
3.531879270135938942e+00
2.321124162877760799e+00
7.455820443596072877e-01
-1.088855324186780660e+00
-3.058772729359990006e+00
-5.031525393905162069e+00
-6.874167271278076363e+00
-8.462413042119568019e+00
-9.689029529756423287e+00
-1.047108942574482882e+01
-1.075559575094946219e+01
-1.052309438395511343e+01
-9.789027008681097541e+00
-8.602728921750106394e+00
-7.044135069930927529e+00
-5.218412736051254441e+00
-3.248879963339659227e+00
-1.268685547019768656e+00
5.881887394782627787e-01
2.195995912251788251e+00
3.445747695472392902e+00
4.252616237727306014e+00
4.561710039997365129e+00
4.351829598247054065e+00
3.636944377276268181e+00
2.465286716494494268e+00
9.161197263200970831e-01
-9.056057711550908884e-01
-2.876346409078769373e+00
-4.862334915515389433e+00
-6.728656020172380181e+00
-8.348414112017726652e+00
-9.611369544429773981e+00
-1.043145525669113738e+01
-1.075266026822281695e+01
-1.055287662342158939e+01
-9.845444130549557471e+00
-8.678283444680275238e+00
-7.130672102636498977e+00
-5.307878868441351372e+00
-3.334018221953214844e+00
-1.343608990481529597e+00
5.275894210834417564e-01
2.151839200400520458e+00
3.418152623197793449e+00
4.239889870270225458e+00
4.560705104676962662e+00
4.358431488524718844e+00
3.646635820239434000e+00
2.473732241529266407e+00
9.197111901789365440e-01
-9.092969267636141772e-01
-2.888255183513266822e+00
-4.881758712547954460e+00
-6.753295963038548066e+00
-8.374599433396616277e+00
-9.634445185121526478e+00
-1.044629687113694416e+01
-1.075426797363655318e+01
-1.053699021072459097e+01
-8.139438985387771552e+00
-7.246355765588797126e+00
-6.068175997302146740e+00
-4.685682571711167199e+00
-3.193760319806113301e+00
-1.694890424052396982e+00
-2.921131827493557154e-01
9.180577816823034532e-01
1.852282433055913113e+00
2.446144109808376488e+00
2.658604771416439139e+00
2.474856623333801853e+00
1.907370888366795914e+00
9.950683328097302827e-01
-1.993345126306005355e-01
-1.593623580200237644e+00
-3.091736279016926492e+00
-4.590373828276464785e+00
-5.986122166023507774e+00
-7.182590659132271682e+00
-8.097075627109910911e+00
-8.666287538913691080e+00
-8.850744535964290449e+00
-8.637526348084143990e+00
-8.041195450812526957e+00
-7.102818714135811007e+00
-5.887154100434923265e+00
-4.478194104815475640e+00
-2.973371778226323148e+00
-1.476828391873236335e+00
-9.220757730683226683e-02
1.084525518738572725e+00
1.971742309977734475e+00
2.507823627183911608e+00
2.655452369060637086e+00
2.404225978626710170e+00
1.771404821133689911e+00
8.007416042367445641e-01
-4.405298676507376499e-01
-1.866340317006063509e+00
-3.377744775048326265e+00
-4.869784388535244091e+00
-6.238774667832670318e+00
-7.389514086491905331e+00
-8.241911581206856852e+00
-8.736571043905302147e+00
-8.838942673181408693e+00
-8.541750136461686793e+00
-7.865522047919228044e+00
-6.857188006730559948e+00
-5.586834211656939608e+00
-4.142842082359512901e+00
-2.625746406325236038e+00
-1.141239370649345997e+00
2.071928891211127777e-01
1.325488156268888940e+00
2.135576671762901224e+00
2.580841105199486396e+00
2.630085372741987282e+00
2.279733233588615793e+00
1.554100798082215906e+00
5.037213968869820313e-01
-7.981626756878981155e-01
-2.260698731276019835e+00
-3.781758210472988324e+00
-5.255065843977659412e+00
-6.577625904925130662e+00
-7.656926493934188116e+00
-8.417417579998691224e+00
-8.805808629303758295e+00
-8.794813647288775016e+00
-8.385079652034303166e+00
-7.605161456202615966e+00
-6.509542302943209791e+00
-5.174836815126488077e+00
-3.694440277282832863e+00
-2.171997513199222851e+00
-7.141478545561250613e-01
5.769459666554244137e-01
1.610761383477453013e+00
2.314769337989438736e+00
2.639530899936886055e+00
2.562178358657101196e+00
2.088035037132344396e+00
1.250258420565528272e+00
1.075298335659016224e-01
-1.260048916603448976e+00
-2.756565431627467255e+00
-4.277020545011794184e+00
-5.714694829319042491e+00
-6.968640922586384789e+00
-7.950775464842324780e+00
-8.592072068602677248e+00
-8.847419459495018401e+00
-8.698802346690206022e+00
-8.156580182997839046e+00
-7.258772506948865555e+00
-6.068399647852698919e+00
-4.669064370401661002e+00
-3.159083908365614590e+00
-1.644584055801022515e+00
-2.320403317852828273e-01
9.792094818085348429e-01
1.903954710522974825e+00
2.477110998151629051e+00
2.658306609847352231e+00
2.434732217527283193e+00
1.822052561673454196e+00
8.633146817801891082e-01
-3.740715873705608985e-01
-1.803069373097965444e+00
-3.323134303636332110e+00
-4.827287692661323959e+00
-6.209645799058966631e+00
-7.372875161566433633e+00
-8.235048895900176191e+00
-8.735420732275125388e+00
-8.838709539465801512e+00
-8.537591798471970250e+00
-7.853225593861509424e+00
-6.833768309513889250e+00
-5.550991584036339965e+00
-4.095231234530970710e+00
-2.569027332049202528e+00
-1.079902113848417944e+00
2.672155921742063178e-01
1.377385597244682014e+00
2.172349871662665688e+00
2.596052231105179242e+00
2.618594624296207929e+00
2.238350529940841493e+00
1.482085808347518796e+00
4.030778068220022270e-01
-9.226353151813269093e-01
-2.401611153870378601e+00
-3.929588270775196346e+00
-5.398835994171340857e+00
-6.705750664821916729e+00
-7.758162614958594716e+00
-8.481838395029116739e+00
-8.825719366619154016e+00
-8.765526782857907762e+00
-8.305478611595411564e+00
-7.477996506537706978e+00
-6.341423106952865929e+00
-4.975910244352432343e+00
-3.477767744751605772e+00
-1.952671220724952583e+00
-5.082078685183955002e-01
7.537138780924634851e-01
1.744055250618779862e+00
2.392931084024861210e+00
2.654543164356056639e+00
2.510414585171730106e+00
1.970696553305974152e+00
1.073455087654210605e+00
-1.180123776886565778e-01
-1.519641406280904494e+00
-3.032531158808713823e+00
-4.549922800113027854e+00
-5.964733300967420604e+00
-7.177112937444031004e+00
-8.101493036495991618e+00
-8.672626423420522812e+00
-8.850194066762258061e+00
-8.621652579087397683e+00
-8.003121379801074298e+00
-7.038246696287688842e+00
-5.795122403734770167e+00
-4.361484897573140174e+00
-2.838521067141724696e+00
-1.333726387081062725e+00
4.668275527826271087e-02
1.205266864365424073e+00
2.060241943513443363e+00
2.551253254139430826e+00
2.643636549241160427e+00
2.330865867599396513e+00
1.635014993350276225e+00
6.051999194039927588e-01
-6.858877993704641796e-01
-2.147112122108599142e+00
-3.675325822030926393e+00
-5.162651852547648801e+00
-6.504098733234832785e+00
-7.604972316285318001e+00
-8.387560662445268989e+00
-8.796620071361898496e+00
-8.803274951453651909e+00
-8.407056202178983639e+00
-7.635934209047375631e+00
-6.544344138302795599e+00
-5.209342966059546498e+00
-3.725169576807812355e+00
-2.196592005352340671e+00
-7.315115145341626324e-01
5.666543458506883013e-01
1.606271967879047136e+00
2.313959851396732770e+00
2.639768120425725950e+00
-1.060126867299329589e+00
-1.232291167571449186e+00
-1.536009268168013975e+00
-1.949841410495541050e+00
-2.444576033077186850e+00
-2.985291965075200338e+00
-3.533823537615134569e+00
-4.051454580625784452e+00
-4.501651129341970758e+00
-4.852639947508423646e+00
-5.079650874012290984e+00
-5.166664745172820261e+00
-5.107543558434501918e+00
-4.906463158801140700e+00
-4.577617967070482408e+00
-4.144218652430692096e+00
-3.636853553952397622e+00
-3.091329553790510776e+00
-2.546144831111547546e+00
-2.039771888853091575e+00
-1.607942614529017433e+00
-1.281126969797647730e+00
-1.082383215311516267e+00
-1.025731335750173390e+00
-1.115164388986987998e+00
-1.344367471928615609e+00
-1.697164053027174324e+00
-2.148658093103429145e+00
-2.666991284320314293e+00
-3.215591345707260462e+00
-3.755752683370604306e+00
-4.249367296342140499e+00
-4.661613235763091723e+00
-4.963410949252043736e+00
-5.133474247739279406e+00
-5.159811258535945910e+00
-5.040569553714190576e+00
-4.784165925682041021e+00
-4.408691755343960850e+00
-3.940636020781519644e+00
-3.413016120809075904e+00
-2.863048443753716032e+00
-2.329523053327691606e+00
-1.850067704259923396e+00
-1.458494173104413871e+00
-1.182414049170480652e+00
-1.041292092001656400e+00
-1.045074371247362688e+00
-1.193487843631048984e+00
-1.476060653012122970e+00
-1.872861605544792640e+00
-2.355906558391080541e+00
-2.891132443565709753e+00
-3.440799642789503121e+00
-3.966153253854455052e+00
-4.430155569095910906e+00
-4.800097103657310349e+00
-5.049902113116793601e+00
-5.161966116603977639e+00
-5.128395968071377098e+00
-4.951565163394951341e+00
-4.643945360858962701e+00
-4.227226121428798500e+00
-3.730785045131544297e+00
-3.189616254614348279e+00
-2.641863331251268043e+00
-2.126130655890742904e+00
-1.678762685762899887e+00
-1.331282916705299302e+00
-1.108172983351423335e+00
-1.025148339324179592e+00
-1.088051930648459287e+00
-1.292443700268170126e+00
-1.623914712908036906e+00
-2.059103625372961766e+00
-2.567343746396735682e+00
-3.112824518224900139e+00
-3.657115036772780492e+00
-4.161871757412287209e+00
-4.591539600228129459e+00
-4.915856179153163197e+00
-5.111982793559436189e+00
-5.166112154258097888e+00
-5.074439709597690751e+00
-4.843430289387489651e+00
-4.489361433044019911e+00
-4.037175715289242461e+00
-3.518723039369839434e+00
-2.970516808182841473e+00
-2.431162085744459134e+00
-1.938636919487068067e+00
-1.527618287885347703e+00
-1.227040947284796957e+00
-1.058061005657228826e+00
-1.032567511730616783e+00
-1.152346728908379525e+00
-1.408957786903731524e+00
-1.784328309299871851e+00
-2.252027930235703135e+00
-2.779129906248771764e+00
-3.328529657139264852e+00
-3.861556942505488532e+00
-4.340697756453980816e+00
-4.732234349512621563e+00
-5.008617599553003785e+00
-5.150404838772235649e+00
-5.147626867929112393e+00
-5.000488092910785554e+00
-4.719350669916211771e+00
-4.324003937992074498e+00
-3.842270704434474382e+00
-3.308048591597851473e+00
-2.758924372627949317e+00
-2.233529226685758928e+00
-1.768821024125547980e+00
-1.397484834172654233e+00
-1.145634479134824746e+00
-1.030976733553623959e+00
-1.061567181573825014e+00
-1.235245097129524572e+00
-1.539786931819996152e+00
-1.953767447062833229e+00
-2.448067766087864250e+00
-2.987924146580912765e+00
-3.535373282458001309e+00
-4.051922102067328169e+00
-4.501254293918744764e+00
-4.851783261769761602e+00
-5.078872061496932488e+00
-5.166564334851428519e+00
-5.108704675835531006e+00
-4.909369820288301156e+00
-4.582580515697344481e+00
-4.151314497458097996e+00
-3.645890114610756960e+00
-3.101834360902400167e+00
-2.557385270357024787e+00
-2.050804289104915412e+00
-1.617687538285113691e+00
-1.288464906198614424e+00
-1.086262654982390163e+00
-1.025279634099347970e+00
-1.109791062834833753e+00
-1.333849719202834017e+00
-1.681705356266199658e+00
-2.128912704251090915e+00
-2.644050053501127984e+00
-3.190927545808007526e+00
-3.731129938986885719e+00
-4.226715162122784974e+00
-4.642879089330055109e+00
-4.950399388163175374e+00
-5.127686869282269022e+00
-5.162300378118583666e+00
-5.051818983261140872e+00
-4.804010377927064646e+00
-4.436283846181295232e+00
-3.974466381843505758e+00
-3.450988057841246626e+00
-2.902604192659300253e+00
-2.367814340990303634e+00
-1.884159371028665930e+00
-1.485586394810674893e+00
-1.200066498601860765e+00
-1.047632421064391917e+00
-1.038973802151261783e+00
-1.174688452145900452e+00
-1.445242021000523458e+00
-1.831638718877153460e+00
-2.306755840718635486e+00
-2.837248282245033781e+00
-3.385889268090388704e+00
-3.914182946501428617e+00
-4.385065480010964301e+00
-4.765505107970059662e+00
-5.028818801425086527e+00
-5.156543067086780674e+00
-5.139727781551686192e+00
-4.979562447723397511e+00
-4.687291117453149525e+00
-4.283422129121447597e+00
-3.796288264949946534e+00
-3.260058472003048990e+00
-2.712340721061203386e+00
-2.191544206725629884e+00
-1.734185916584022547e+00
-1.372330442011788554e+00
-1.131342503764874108e+00
-1.028109686202614892e+00
-1.069859860700659748e+00
-1.253656050347299100e+00
-1.566603973082030477e+00
-1.986757532058681441e+00
-2.484658603731066506e+00
-3.025403034325334417e+00
-3.571087906949093504e+00
-4.083468464097892436e+00
-4.526638429340755110e+00
-4.869545888730419492e+00
-1.056565963338280945e+01
