-1.782439314861730129e+00
-1.228455481896675971e+00
-6.888683005284965688e-01
-1.711875815385957011e-01
3.173666064878588600e-01
7.699646189948050612e-01
1.180262686220163726e+00
1.542491799169780187e+00
1.851538785766738915e+00
2.103018438265824575e+00
2.293335675138296725e+00
2.419736857073079062e+00
2.480349525638376296e+00
2.474209992458348939e+00
2.401278374290293893e+00
2.262440842828248311e+00
2.059499035012948287e+00
1.795146747646131136e+00
1.472934216721121903e+00
1.097220454638464293e+00
6.731142849712670184e-01
2.064048723590174994e-01
-2.965173077650704592e-01
-8.287479806293538420e-01
-1.382963866232301609e+00
-1.951523454445883043e+00
-2.526572374202897819e+00
-3.100151903694074562e+00
-3.664309122378245576e+00
-4.211207180201079758e+00
-4.733234155112874930e+00
-5.223108986870148129e+00
-5.673983013000629683e+00
-6.079535691217849092e+00
-6.434063170714306779e+00
-6.732558471591291394e+00
-6.970782145887719494e+00
-7.145322423695484204e+00
-7.253643991918211853e+00
-7.294124709369956605e+00
-7.266079727975055746e+00
-7.169772663533906965e+00
-7.006413638465636140e+00
-6.778144200654880436e+00
-6.488009304500426566e+00
-6.139916719965563985e+00
-5.738584410367266742e+00
-5.289476587380288919e+00
-4.798729309933985832e+00
-4.273066640135167127e+00
-3.719708502007829765e+00
-3.146271505838480920e+00
-2.560664100604461701e+00
-1.970977497931285960e+00
-1.385373872119293637e+00
-8.119733811192806350e-01
-2.587415723271582202e-01
2.666212655897668427e-01
7.567872679274350034e-01
1.204903184984582598e+00
1.604686174052618597e+00
1.950511853765337644e+00
2.237493387183597360e+00
2.461550482231911641e+00
2.619467335956614296e+00
2.708938700654097698e+00
2.728603413143358747e+00
2.678064901087369609e+00
2.557898359924462905e+00
2.369644478175846114e+00
2.115789775102451475e+00
1.799733800316030585e+00
1.425743627431928395e+00
9.988962506493765936e-01
5.250096618003570192e-01
1.056354356827382546e-02
-5.373893399655200742e-01
-1.111319843573580268e+00
-1.703325905919232497e+00
-2.305241357411348613e+00
-2.908748572500854834e+00
-3.505493412270212161e+00
-4.087200868836554868e+00
-4.645789810713036871e+00
-5.173485238056272806e+00
-5.662926488574194117e+00
-6.107269888369472710e+00
-6.500284416446042712e+00
-6.836439046010152509e+00
-7.110980538778800764e+00
-7.320000598729908603e+00
-7.460491437314438201e+00
-7.530388961107966850e+00
-7.528602963027990924e+00
-7.455033877243739227e+00
-7.310575843292077991e+00
-7.097106014128279128e+00
-6.817460233268553438e+00
-6.475395395186430036e+00
-6.075538988086529812e+00
-5.623326496528191498e+00
-5.124927510626722693e+00
-4.587161546362326092e+00
-4.017404725671612553e+00
-3.423488593465969565e+00
-2.813592459709384652e+00
-2.196130746631196562e+00
-1.579636892741627996e+00
-9.726454155372947774e-01
-3.835737628978432845e-01
1.793944112383081269e-01
7.084229283868705984e-01
1.196132145184630513e+00
1.635701873603506051e+00
2.020966726647664746e+00
2.346502557017658308e+00
2.607702777389925952e+00
2.800843489093872041e+00
2.923136499184200598e+00
2.972769472106949973e+00
2.948932639062409766e+00
2.851831673343596218e+00
2.682686530825054039e+00
2.443716248758434961e+00
2.138109890418013581e+00
1.769984015239636665e+00
1.344327241247666116e+00
8.669326461669588646e-01
3.443189231718051246e-01
-2.163586356310562842e-01
-8.074061123499176595e-01
-1.420696551513033423e+00
-2.047781714193748215e+00
-2.680008461242462836e+00
-3.308638162271996475e+00
-3.924967482591590340e+00
-4.520448878571991180e+00
-5.086809133287856888e+00
-5.616164288738946908e+00
-6.101129378197512665e+00
-6.534921431648058388e+00
-6.911454317948331649e+00
-7.225424098029167297e+00
-7.472383692661193066e+00
-7.648805814291815608e+00
-7.752133273199865116e+00
-7.780815941527574608e+00
-7.734333842250252999e+00
-7.613206021309609994e+00
-7.418985057333374655e+00
-7.154237261884080823e+00
-6.822508821280102609e+00
-6.428278325969849050e+00
-5.976896322512734727e+00
-5.474512703802984603e+00
-4.927992922751716520e+00
-4.344824170855677181e+00
-3.733012803745374253e+00
-3.100974418949264511e+00
-2.457418095005430292e+00
-1.811226384226561903e+00
-1.171332712699577172e+00
-5.465978795915200639e-01
5.431263702584709918e-02
6.230488690771220917e-01
1.151692375327072249e+00
1.632866474468102513e+00
2.059839160219283816e+00
2.426617263020518944e+00
2.728030541732985537e+00
2.959804525986426516e+00
3.118621083572220787e+00
3.202165855470349154e+00
3.209161881411221717e+00
3.139388928835934234e+00
2.993688235117974994e+00
2.773952574230885926e+00
2.483101761912538397e+00
2.125043914983562932e+00
1.704622978034068037e+00
1.227553221461621824e+00
7.003415961728993722e-01
1.301989996321939458e-01
-4.750583370126997274e-01
-1.107115992436540353e+00
-1.757275560854982821e+00
-2.416574351526224795e+00
-3.075908935133824684e+00
-3.726160834327780336e+00
-4.358322623342466784e+00
-4.963622693196438007e+00
-5.533646954663604234e+00
-6.060455790811158039e+00
-6.536694633913795016e+00
-6.955696627142700095e+00
-7.311575938444764944e+00
-7.599310421022858364e+00
-7.814812460081380863e+00
-7.954987007029540536e+00
-8.017775977931961506e+00
-8.002188380256011868e+00
-7.908315728317207416e+00
-7.737332510567330957e+00
-7.491481678212410955e+00
-7.174045331741375264e+00
-6.789300986930117077e+00
-6.342464001921962691e+00
-5.839616939301482290e+00
-5.287626819002107403e+00
-4.694051386890377486e+00
-4.067035677589595721e+00
-3.415200286398957896e+00
-2.747522882113993425e+00
-2.073214588517532597e+00
-1.401592935922284511e+00
-7.419531343571574844e-01
-1.034394460663126125e-01
5.050815634694538758e-01
1.075144139830056300e+00
1.598801110483922816e+00
2.068734674427151088e+00
2.478358666744095107e+00
2.821910869525067422e+00
3.094534075843946130e+00
3.292344766868093853e+00
3.412488431556653712e+00
3.453180741486315153e+00
3.413733987619615551e+00
3.294568388632510558e+00
3.097208088958458116e+00
2.824261876112724945e+00
2.479388858217439040e+00
2.067249551033980115e+00
1.593443026340600088e+00
1.064430967361899238e+00
4.874496594681567707e-01
-1.295888870222339229e-01
-7.782053327412332688e-01
-1.449469440693636813e+00
-2.134122946315479830e+00
-2.822707177438333659e+00
-3.505693666770891781e+00
-4.173615955017824675e+00
-4.817200763090927929e+00
-5.427496717346274480e+00
-5.995998842367561643e+00
-6.514767091140173605e+00
-6.976537261794977240e+00
-7.374822752398429770e+00
-7.704005729153733384e+00
-7.959416427183507281e+00
-8.137399464840139984e+00
-8.235366230032875379e+00
-8.251832587949506248e+00
-8.186441361173047326e+00
-8.039969242785961256e+00
-7.814318017737479138e+00
-7.512490184567766960e+00
-7.138549285784431930e+00
-6.697565479786756981e+00
-6.195547082299105668e+00
-5.639358970936297233e+00
-5.036628960360173934e+00
-4.395643420586853978e+00
-3.725233562020457967e+00
-3.034653943264243203e+00
-2.333454869028249057e+00
-1.631350433915886411e+00
-9.380840322466308390e-01
-2.632931933997531004e-01
3.836243841657296372e-01
9.936417393096954598e-01
1.558228672188934016e+00
2.069471126410983519e+00
2.520182257943584414e+00
2.904003630753744236e+00
3.215495112464057836e+00
3.450212196767862505e+00
3.604769650863347774e+00
3.676890573422360919e+00
3.665440149047997753e+00
3.570443596051450452e+00
3.393088022795143655e+00
3.135708130793932735e+00
2.801755927155747283e+00
2.395754831663974738e+00
1.923238781756183347e+00
1.390677148794961404e+00
8.053864784119166842e-01
1.754302535316929479e-01
-4.904919516732799689e-01
-1.183164407593621625e+00
-1.892982605148731290e+00
-2.610086314607932056e+00
-3.324496486463794476e+00
-4.026254095470154226e+00
-4.705558997169232427e+00
-5.352906861268938776e+00
-5.959222268229996899e+00
-6.515986104166874071e+00
-7.015355464039926048e+00
-7.450274373167689035e+00
-7.814573760981296857e+00
-8.103059267027807877e+00
-8.311585625528714161e+00
-8.437116559051307974e+00
-8.477769311536574648e+00
-8.432843163301102507e+00
-8.302831492766010513e+00
-8.089417178485415860e+00
-7.795451367374026219e+00
-7.424915867629609423e+00
-6.982869654460856168e+00
-6.475380200143431964e+00
-5.909440553994731005e+00
-5.292873299556115185e+00
-4.634222702744623668e+00
-3.942636533323581993e+00
-3.227739190336166075e+00
-2.499497888006608992e+00
-1.768083760213139843e+00
-1.043729817478884714e+00
-3.365877393756298019e-01
3.434144934807958904e-01
9.867121304155945793e-01
1.584238382019559577e+00
2.127552451574555636e+00
2.608959055579214148e+00
3.021617737262018988e+00
3.359640415979032735e+00
3.618175776637479135e+00
3.793479284569848620e+00
3.882967810116312091e+00
3.885258060813467917e+00
3.800188244577124674e+00
3.628822621469241394e+00
3.373438841288034507e+00
3.037498205960070141e+00
2.625599236150559346e+00
2.143415157254775938e+00
1.597616147658577290e+00
9.957774086315915874e-01
3.462743173585893786e-01
-3.418338904615656482e-01
-1.058930296974230023e+00
-1.794974583218578168e+00
-2.539643542151776678e+00
-3.282475858552516002e+00
-4.013019125787351982e+00
-4.720977032948369789e+00
-5.396354648445252700e+00
-6.029599747939052179e+00
-6.611738185324375294e+00
-7.134501384661216861e+00
-7.590444137490536036e+00
-7.973051022418960798e+00
-8.276829920420079034e+00
-8.497391277841193968e+00
-8.631511967154571252e+00
-8.677182810312364936e+00
-8.633639058163511848e+00
-8.501373358572930528e+00
-8.282130992297096483e+00
-7.978887405847737924e+00
-7.595808320985780071e+00
-7.138192947589145021e+00
-6.612401066917914960e+00
-6.025764982340744425e+00
-5.386487551095306081e+00
-4.703527710530923223e+00
-3.986475092639676809e+00
-3.245415478916382046e+00
-2.490788981388750489e+00
-1.733242943063014962e+00
-9.834816304406197585e-01
-2.521148409745972430e-01
4.504924314470324376e-01
1.114367140038983628e+00
1.730070045167594994e+00
2.288830268645338339e+00
2.782670619140607204e+00
3.204521892270109529e+00
3.548324501468870462e+00
3.809115971996245076e+00
3.983103027988733391e+00
4.067717218562179937e+00
4.061653260567291923e+00
3.964889519461689549e+00
3.778690302438055593e+00
3.505589895866437988e+00
3.149358538610271818e+00
2.714950780166593969e+00
2.208436924187610284e+00
1.636918500162181989e+00
1.008428935393793857e+00
3.318208126020349980e-01
-3.833587075858713167e-01
-1.127002548113079872e+00
-1.888586562504284139e+00
-2.657318548416858217e+00
-3.422291316714573206e+00
-4.172637642936319224e+00
-4.897684896804461729e+00
-5.587107145586259094e+00
-6.231072558773794512e+00
-6.820384004298205127e+00
-7.346610819526681269e+00
-7.802209862349787528e+00
-8.180634097071154187e+00
-8.476427144494698140e+00
-8.685302423122113424e+00
-8.804205725954451722e+00
-8.831360311964775889e+00
-8.766293839555341805e+00
-8.609846727706180758e+00
-8.364161795381853892e+00
-8.032655297307004005e+00
-7.619969740619003673e+00
-7.131909128330823577e+00
-6.575357528230043158e+00
-5.958182106150823998e+00
-5.289121987008737591e+00
-4.577664512324576052e+00
-3.833910646191640126e+00
-3.068431440078911443e+00
-2.292117598182096927e+00
-1.516024287286983352e+00
-7.512134067647837643e-01
-8.595574282205920014e-03
7.012259095635107187e-01
1.368106879354374250e+00
1.982507724476642696e+00
2.535630317590820137e+00
3.019544478086019890e+00
3.427302144061348255e+00
3.753037600309737432e+00
3.992052307782570697e+00
4.140883099277257173e+00
4.197352743495752492e+00
4.160602131771362622e+00
4.031103605049800365e+00
3.810655209351067274e+00
3.502355942040097592e+00
3.110562324841869231e+00
2.640826908696845887e+00
2.099819576366020346e+00
1.495232757381745436e+00
8.356719028765660084e-01
1.305327816221475423e-01
-6.101326498585581959e-01
-1.375759883780735215e+00
-2.155422945923590738e+00
-2.937990761158208564e+00
-3.712286553878010764e+00
-4.467247991742521407e+00
-5.192085768441023319e+00
-5.876438341800385601e+00
-6.510520597233020013e+00
-7.085264292521479490e+00
-7.592448257054650540e+00
-8.024816465200336424e+00
-8.376182277434196521e+00
-8.641517341642330763e+00
-8.817023867817823657e+00
-8.900189228993751200e+00
-8.889822096227440795e+00
-8.786069582086373231e+00
-8.590415141509989638e+00
-8.305657257152045503e+00
-7.935869214293386875e+00
-7.486340544111495632e+00
-6.963500979504305022e+00
-6.374828020924189431e+00
-5.728739447080771541e+00
-5.034472323445884356e+00
-4.301950257051365689e+00
-3.541640816245063661e+00
-2.764405176366063976e+00
-1.981342164625594870e+00
-1.203628958193953435e+00
-4.423607373922153752e-01
2.916083897211576570e-01
9.878208944220845389e-01
1.636365521896681940e+00
2.228019014641430484e+00
2.754377822910849094e+00
3.207977907052349753e+00
3.582400910750834111e+00
3.872365183390420906e+00
4.073800351006367393e+00
4.183904375393241892e+00
4.201182296323228371e+00
4.125466118761950796e+00
3.957915581517677861e+00
3.700999821890792685e+00
3.358460228514288826e+00
2.935255047612209456e+00
2.437486572344460978e+00
1.872311996868681216e+00
1.247839252541782074e+00
5.730093944125327354e-01
-1.425324820476312482e-01
-8.885772334011525775e-01
-1.654499416759110497e+00
-2.429410092592310111e+00
-3.202313004086350112e+00
-3.962261879051328428e+00
-4.698516578612910166e+00
-5.400695841101280870e+00
-6.058924426639908489e+00
-6.663972556957604709e+00
-7.207385664480330689e+00
-7.681602612931792251e+00
-8.080060726189735476e+00
-8.397286160330224902e+00
-8.628968372626742322e+00
-8.772017677441963812e+00
-8.824605128893596273e+00
-8.786184230144925777e+00
-8.657494235279589390e+00
-8.440545078009465740e+00
-8.138584227960617312e+00
-7.756046036055170845e+00
-7.298484381729227977e+00
-6.772489672737401989e+00
-6.185591469635339124e+00
-5.546148208528524748e+00
-4.863225674447336111e+00
-4.146466031246069051e+00
-3.405949340099213352e+00
-2.652049595773643631e+00
-1.895287376636741072e+00
-1.146181235769198725e+00
-4.150996046279427087e-01
2.878844927247090624e-01
9.531328441497688431e-01
1.571574178373816633e+00
2.134827283113150731e+00
2.635313457967396911e+00
3.066356822346106181e+00
3.422271191890523756e+00
3.698432445334563834e+00
3.891335524147249370e+00
3.998635436137807364e+00
4.019171867988859503e+00
3.952977246925664989e+00
3.801268325025878081e+00
3.566421587729928344e+00
3.251933007806963705e+00
2.862362874444100758e+00
2.403266621587545782e+00
1.881112757765383225e+00
1.303189159268729025e+00
6.774991279720072868e-01
1.264873279631917313e-02
-6.822729512535703478e-01
-1.397819021157489905e+00
-2.124313608302426992e+00
-2.851982669096210010e+00
-3.571084947960955880e+00
-4.272041380436089497e+00
-4.945561249981014207e+00
-5.582763479109237537e+00
-6.175291522321851190e+00
-6.715420433329914118e+00
-7.196154800471767032e+00
-7.611316380085758837e+00
-7.955620405812870999e+00
-8.224739710200346110e+00
-8.415355961321647982e+00
-8.525197489150171393e+00
-8.553063351851264429e+00
-8.498833468753911546e+00
-8.363464822336766247e+00
-8.148973904011555192e+00
-7.858405745806647857e+00
-7.495790040367753093e+00
-7.066085003264310771e+00
-6.575109772845888045e+00
-6.029466272419204742e+00
-5.436451576094718519e+00
-4.803961922235854942e+00
-4.140389606189517124e+00
-3.454514056232476982e+00
-2.755388452967283186e+00
-2.052223292479134376e+00
-1.354268317333713334e+00
-6.706942470453809424e-01
-1.047573124007294965e-02
6.177230752072389031e-01
1.205658954689520446e+00
1.745614779858339904e+00
2.230498136531337661e+00
2.653932255118875094e+00
3.010338179824841642e+00
3.295007205940102768e+00
3.504162725855462401e+00
3.635010742775224291e+00
3.685778436263491553e+00
3.655740294453365014e+00
3.545231462716791793e+00
3.355648096572960259e+00
3.089434646353176550e+00
2.750058141417978330e+00
2.341969681345791532e+00
1.870553479331843238e+00
1.342063937947944652e+00
7.635513683646268923e-01
1.427770901302158890e-01
-5.118812313028000549e-01
-1.191533037288134089e+00
-1.886885174110362495e+00
-2.588357273366682865e+00
-3.286204695602761738e+00
-3.970646507587971996e+00
-4.631996692245287761e+00
-5.260797036794640391e+00
-5.847950053488252919e+00
-6.384850211692342015e+00
-6.863511702319023300e+00
-7.276690917992320706e+00
-7.618001816996809339e+00
-7.882022347977269305e+00
-8.064390147324806080e+00
-8.161885783689955431e+00
-8.172501915312112786e+00
-8.095496846657537660e+00
-7.931431121617068314e+00
-7.682185971153002058e+00
-7.350962643208768910e+00
-6.942261880758291426e+00
-6.461843078329422951e+00
-5.916662935835786286e+00
-5.314793738101801779e+00
-4.665321715446009598e+00
-3.978226280841985485e+00
-3.264241287647914547e+00
-2.534699803249484074e+00
-1.801364242251722203e+00
-1.076244041672909324e+00
-3.714033831676331054e-01
3.012382333977878801e-01
9.301094918787651267e-01
1.504191533025860394e+00
2.013219508269141311e+00
2.447877788708069158e+00
2.799985127045896416e+00
3.062666057011268261e+00
3.230504870185121558e+00
3.299678638035444589e+00
3.268065950135338849e+00
3.135328319445112921e+00
2.902961562151909813e+00
2.574314891231832991e+00
2.154575966261792264e+00
1.650720711878855607e+00
1.071427346634316713e+00
4.269547439103535957e-01
-2.710140336643651615e-01
-1.009561437735095879e+00
-1.774756026718636637e+00
-2.551900840199837983e+00
-3.325805709027774171e+00
-4.081078952448145003e+00
-4.802433265997665401e+00
-5.475000029542492541e+00
-6.084645781907360274e+00
-6.618284234469397731e+00
-7.064176947125664796e+00
-7.412215680727511469e+00
-7.654179482738479479e+00
-7.783959767129703167e+00
-7.797747021784092070e+00
-7.694173319727621418e+00
-7.474405523092576331e+00
-7.142184945272017416e+00
-6.703810267105543730e+00
-6.168061672316939692e+00
-5.546065456281574768e+00
-4.851099746436302595e+00
-4.098343423827353504e+00
-3.304571821087287642e+00
-2.487804256810746129e+00
-1.666909911456904148e+00
-8.611799152940908808e-01
-8.987476335409283479e-02
6.282427450808172331e-01
1.275377963905964140e+00
1.835166533537305522e+00
2.293116098503845013e+00
2.637015446841926458e+00
2.857299159697936464e+00
2.947356446304647104e+00
2.903773767900850178e+00
2.726502120588585765e+00
2.418941437899501334e+00
1.987936464881614018e+00
1.443680612181103218e+00
7.995266758965127174e-01
7.170585215110136801e-02
-7.210408793233276104e-01
-1.557912252084008520e+00
-2.416567710119351009e+00
-3.273708023184642713e+00
-4.105701347659545419e+00
-4.889238563450382102e+00
-5.602000093767289357e+00
-6.223315237176960224e+00
-6.734794374343200829e+00
-7.120914307759973028e+00
-7.369537489604638836e+00
-7.472347011948080819e+00
-7.425180977594422416e+00
-7.228252221231135977e+00
-6.886242270652850550e+00
-6.408261866456339106e+00
-5.807674214682365665e+00
-5.101781329510797214e+00
-4.311378213637867773e+00
-3.460184088718381012e+00
-2.574164282165498641e+00
-1.680760547386909831e+00
-8.080513875960286807e-01
1.613278297090925406e-02
7.651122152898821582e-01
1.414248923830612625e+00
1.941796210851928439e+00
2.329676632862891505e+00
2.564159583261437003e+00
2.636411887190199810e+00
2.542898071829393647e+00
2.285611229253110555e+00
1.872120531182718484e+00
1.315427348007705888e+00
6.336283942818301540e-01
-1.506088369093285806e-01
-1.010746110945302645e+00
-1.917230858451789643e+00
-2.838483367785690881e+00
-3.741983341255959772e+00
-4.595419456288468041e+00
-5.367861773901942968e+00
-6.030914382661288542e+00
-6.559804722849500891e+00
-6.934366719210853347e+00
-7.139877219715367929e+00
-7.167709286829563098e+00
-7.015771543350496131e+00
-6.688709894316827942e+00
-6.197856319450867346e+00
-5.560918783287117861e+00
-4.801416313007534242e+00
-3.947873571903436130e+00
-3.032799401682137574e+00
-2.091483394691254549e+00
-1.160653162599608157e+00
-2.770421843593391387e-01
5.240764265850432757e-01
1.210331512707564006e+00
1.753611030747125543e+00
2.131276393848280382e+00
2.327179547307256957e+00
2.332434738869582969e+00
2.145905670122507214e+00
1.774379482157422583e+00
1.232411458183106934e+00
5.418379463820550690e-01
-2.690307311704187576e-01
-1.166511319115500545e+00
-2.112902857684244129e+00
-3.068043885491895217e+00
-3.991008809289369186e+00
-4.841872462687938139e+00
-5.583466602753583530e+00
-6.183050082550501259e+00
-6.613815918571290808e+00
-6.856163520754217089e+00
-6.898672881006133295e+00
-6.738729266358120640e+00
-6.382761512455294550e+00
-5.846073786342094181e+00
-5.152268976129468214e+00
-4.332280856258192259e+00
-3.423050988170522224e+00
-2.465904035306479170e+00
-1.504690900913092211e+00
-5.837819995675701534e-01
2.539976844231937037e-01
9.693949030148685253e-01
1.528618321008326397e+00
1.904999167081248057e+00
2.080337764963055225e+00
2.045864578874807993e+00
1.802761549645436556e+00
1.362209822557827632e+00
7.449525533540106714e-01
-1.961474675616736718e-02
-8.947900746867840649e-01
-1.838288161269479026e+00
-2.804262011549408573e+00
-3.745527014944762811e+00
-4.615879653934664262e+00
-5.372395846653710727e+00
-5.977592710886860949e+00
-6.401342258725135181e+00
-6.622436136608872204e+00
-6.629716612326610914e+00
-6.422709870985515934e+00
-6.011722331161871935e+00
-5.417387913119990017e+00
-4.669682592872938187e+00
-3.806450666731278965e+00
-2.871513416043919520e+00
-1.912453846940999735e+00
-9.781895742397188620e-01
-1.164586318914286878e-01
6.286507783979042863e-01
1.218996306135341268e+00
1.624380696090542031e+00
1.824146199521347267e+00
1.808276602595729532e+00
1.577944161704043946e+00
1.145468068839619935e+00
5.336850547215168383e-01
-2.252363177805483119e-01
-1.091476433907738963e+00
-2.019652366199422122e+00
-2.961202258506066887e+00
-3.866939763595294011e+00
-4.689642504559046188e+00
-5.386536468537034494e+00
-5.921543685457164585e+00
-6.267173206377320227e+00
-6.405954586117980298e+00
-6.331337741102974093e+00
-6.048011840249429838e+00
-5.571627211987206785e+00
-4.927936393765570244e+00
-4.151401650137931831e+00
-3.283344837369816638e+00
-2.369739844277302776e+00
-1.458766676414545493e+00
-5.982585694204203275e-01
1.668213231037802835e-01
7.967393645639453403e-01
1.259062170811420245e+00
1.530329980729550510e+00
1.597245908145325632e+00
1.457320757066258299e+00
1.118942575172976461e+00
6.008710492234916600e-01
-6.881247415708058313e-02
-8.542397828646948188e-01
-1.713690512108342556e+00
-2.601821312091307625e+00
-3.472069269698987881e+00
-4.279101206445012018e+00
-4.981179226458483988e+00
-5.542318557574093418e+00
-5.934125932203816234e+00
-6.137224762448784787e+00
-6.142196143421668530e+00
-5.949990995604668598e+00
-5.571796987346399277e+00
-5.028372729259384499e+00
-4.348889565031936577e+00
-3.569346637121343591e+00
-2.730646474474930585e+00
-1.876435048009686968e+00
-1.050821259019051102e+00
-2.960956709067228410e-01
3.494331946827471391e-01
8.533743234347488382e-01
1.190864068588525004e+00
1.345771218160917382e+00
1.311440104463950540e+00
1.090939245834764648e+00
6.968089694340506846e-01
1.503273563915388245e-01
-5.196616650660337289e-01
-1.278292419273481917e+00
-2.086510014546471670e+00
-2.903094041791879132e+00
-3.686767881893016074e+00
-4.398285309490610473e+00
-5.002388904759389021e+00
-5.469542937082331413e+00
-5.777356347245875767e+00
-5.911628474422810697e+00
-5.866970305818760778e+00
-5.646976186893402527e+00
-5.263943955053555612e+00
-4.738164167559975937e+00
-4.096820345027421872e+00
-3.372560904261131309e+00
-2.601818816602071482e+00
-1.822966299714964489e+00
-1.074398552710214894e+00
-3.926424378071291521e-01
1.894168961443134513e-01
6.441059148876187024e-01
9.502551388571340851e-01
1.094155108756494243e+00
1.070134445667883849e+00
8.807378423797205258e-01
5.365017896333545977e-01
5.534551095587936231e-02
-5.383870048445722478e-01
-1.215181696025237290e+00
-1.941840252874242667e+00
-2.683121529738104805e+00
-3.403456910847228567e+00
-4.068655980573659292e+00
-4.647520907386495814e+00
-5.113293889819179761e+00
-5.444871455351323775e+00
-5.627731813120148807e+00
-5.654536173785337461e+00
-5.525381206392401268e+00
-5.247696790259709587e+00
-4.835800113612721773e+00
-4.310133169998639602e+00
-3.696225072178924265e+00
-3.023432701856957117e+00
-2.323522527325672105e+00
-1.629162580271245275e+00
-9.723963763702367924e-01
-3.831699446316867430e-01
1.120207884286692490e-01
4.913019666834199661e-01
7.383624190568895962e-01
8.431239273045405547e-01
8.021153933028983829e-01
6.185392709482031570e-01
3.020329528200860203e-01
-1.318583298773980950e-01
-6.624677474704550040e-01
-1.265011754056236226e+00
-1.911764065150276304e+00
-2.573342594958125229e+00
-3.220049322782026824e+00
-3.823201963568972239e+00
-4.356397999311560909e+00
-4.796655937211170340e+00
-5.125385334387847713e+00
-5.329145805950977532e+00
-5.400165472571348602e+00
-5.336600607387501860e+00
-5.142530079218162520e+00
-4.827690020489607825e+00
-4.406965450897518011e+00
-3.899665877257199931e+00
-3.328620740886273133e+00
-2.719137646757470606e+00
-2.097871322977814756e+00
-1.491654061806338749e+00
-9.263389228212237647e-01
-4.257052743200142597e-01
-1.047244583481266034e-02
3.025384150279073481e-01
5.010614477054846638e-01
5.778377954940094874e-01
5.308468934813204143e-01
3.633120017947888414e-01
8.348435256527331205e-02
-2.957804591701567176e-01
-7.576317617917818215e-01
-1.281989391039436210e+00
-1.846430314782807836e+00
-2.427156795382158450e+00
-3.000004102739715961e+00
-3.541445124191985094e+00
-4.029550343279688640e+00
-4.444864480104979698e+00
-4.771165435815420963e+00
-4.996076838719925028e+00
-5.111512178523950567e+00
-5.113935932795370398e+00
-5.004434910221952748e+00
-4.788600926358355991e+00
-4.476233564838517864e+00
-4.080878856535642640e+00
-3.619225959358744582e+00
-3.110389113106850623e+00
-2.575106098114348541e+00
-2.034887020146234349e+00
-1.511148412788246631e+00
-1.024367387489570902e+00
-5.932889230401532377e-01
-2.342164766289349664e-01
3.958792893050011585e-02
2.183729398092366658e-01
2.962208798599852422e-01
2.712150976601743757e-01
1.454485318560854168e-01
-7.512335966613026272e-02
-3.809761893964553892e-01
-7.594421771997679205e-01
-1.195248323711636917e+00
-2.343124755566879269e+00
