-1.112368646099987313e+00
-8.930370071222115680e-01
-7.283697265351634087e-01
-6.387111837168922834e-01
-6.357315408060115747e-01
-7.207707686693435312e-01
-8.843983681908965666e-01
-1.107295098784275122e+00
-1.362401713225985356e+00
-1.618116061164964092e+00
-1.842174972994070181e+00
-2.005751175856437474e+00
-2.087244574763096772e+00
-2.075261849934073144e+00
-1.970360733735442960e+00
-1.785278807368845255e+00
-1.543555691571859123e+00
-1.276669259243940591e+00
-1.020013400092048217e+00
-8.082180998213170930e-01
-6.704260521268305961e-01
-6.261742096981248729e-01
-6.824740050936937141e-01
-8.325428533696660471e-01
-1.056426964978915084e+00
-1.323497736729797536e+00
-1.596535625341329645e+00
-1.836874814086497443e+00
-2.009905913913692999e+00
-2.090151942132615570e+00
-2.065162292569939329e+00
-1.937612132615430305e+00
-1.725235455910290705e+00
-1.458527910207424449e+00
-1.176487434038590685e+00
-9.209673492446812659e-01
-7.304495470727510043e-01
-6.341650661734477001e-01
-6.474713863261033486e-01
-7.692360587494898594e-01
-9.816928880625566123e-01
-1.252868396450482535e+00
-1.541277008122114545e+00
-1.802215388987792100e+00
-1.994709981090325490e+00
-2.088035596639600922e+00
-2.066755270030395053e+00
-1.933434585284889096e+00
-1.708531678619223060e+00
-1.427406208700668033e+00
-1.134857960630454077e+00
-8.780221928183153945e-01
-6.987432000554997247e-01
-6.266660321124355448e-01
-6.742023528691326595e-01
-8.342466346197392468e-01
-1.081083352949260501e+00
-1.374402821667650487e+00
-1.665818656226460526e+00
-1.906842990055129583e+00
-2.057004082316722826e+00
-2.090736635753692951e+00
-2.001853921891826538e+00
-1.804798615857549526e+00
-1.532404764395708607e+00
-1.230497491453262926e+00
-9.502078793353583297e-01
-7.392906482532460855e-01
-6.339266308585806975e-01
-6.524316258049647210e-01
-7.919832130049867525e-01
-1.028967153831146231e+00
-1.322921379124662344e+00
-1.623426625300068205e+00
-1.878769890002925269e+00
-2.044884440202032305e+00
-2.093008161052347660e+00
-2.014714808714544780e+00
-1.823425320221773616e+00
-1.552120324932438011e+00
-1.247642149073334927e+00
-9.625761606400191628e-01
-7.461295033110909580e-01
-6.356030119249087562e-01
-6.499471414002169212e-01
-7.865237173800617709e-01
-1.021628458775439841e+00
-1.314666286261423567e+00
-1.615231113635077875e+00
-1.871838103037263945e+00
-2.040777831116464824e+00
-2.093555763563312411e+00
-2.021644741190790295e+00
-1.837762290635250428e+00
-1.573499382270633795e+00
-1.273761875867059690e+00
-9.890280802220647871e-01
-7.667822683838568798e-01
-6.435965280762422358e-01
-6.391886025368712643e-01
-7.534138248689706829e-01
-9.666258849096113215e-01
-1.243259623130757774e+00
-1.537951680719710001e+00
-1.803112349148740634e+00
-1.996657884510860459e+00
-2.088633288587107284e+00
-2.065687544131477260e+00
-1.932757382705780236e+00
-1.711797590840354877e+00
-1.437880510637177922e+00
-1.153394122143277523e+00
-9.013342899982914602e-01
-7.187773252628041343e-01
-6.315304462028890065e-01
-6.507163954949494178e-01
-7.717039468632224120e-01
-9.754109351759807645e-01
-1.231644967812130176e+00
-1.503864149772302206e+00
-1.754573625624167077e+00
-1.950539249849371881e+00
-2.067090655769046048e+00
-2.090976796403192672e+00
-2.021489140221326863e+00
-1.869837174646224787e+00
-1.657005885581338100e+00
-1.410512058601831820e+00
-1.160584809157172215e+00
-9.363176856341017817e-01
-7.622874304703843862e-01
-6.560333735862022841e-01
-6.266132984740129253e-01
-6.742844116608217586e-01
-7.912115073948764454e-01
-9.629920004783525389e-01
-1.170719834771239976e+00
-1.393288463656031650e+00
-1.609651655577706508e+00
-1.800809898909182971e+00
-1.951357700173721677e+00
-2.050501185869241016e+00
-2.092525912183256231e+00
-2.076754115893036712e+00
-2.007074310055991795e+00
-1.891152553928589164e+00
-1.739444729050907190e+00
-1.564125267083360082e+00
-1.378033510451423194e+00
-1.193718063422616993e+00
-1.022636476134458627e+00
-8.745455753259526732e-01
-7.570815850632218735e-01
-6.755258620741325659e-01
-6.327437058004382608e-01
-6.292726850841463548e-01
-6.635317479120366180e-01
-7.321201630925380233e-01
-8.301755521365423718e-01
-9.517623420703194004e-01
-1.090265351798284099e+00
-1.238767410000840119e+00
-1.390394456253458033e+00
-1.538616146094300197e+00
-1.677494296508244664e+00
-1.801875382081700394e+00
-1.907526606578088257e+00
-1.991217772812835296e+00
-2.050753246669830610e+00
-2.084959786597506692e+00
-2.093636941273285146e+00
-2.077477174796745985e+00
-2.037962938475569530e+00
-1.977247650704657245e+00
-1.898027048594868038e+00
-1.803406707854185331e+00
-1.696770753814227151e+00
-1.581655960047127163e+00
-1.461634595774996326e+00
-1.340208573936681802e+00
-1.220716694348662923e+00
-1.106256089084258543e+00
-9.996183714541901910e-01
-9.032404716029469594e-01
-8.191697119622177725e-01
-7.490423322864815381e-01
-6.940744117475029507e-01
-6.550639477531580157e-01
-6.324027297860436159e-01
-6.260965830352452910e-01
-6.357925421754412332e-01
-6.608115417842210793e-01
-7.001852684852711839e-01
-7.526959034960017947e-01
-8.169175861177648823e-01
-8.912585429098487388e-01
-9.740029487234341810e-01
-1.063351710129452288e+00
-1.157461485502647269e+00
-1.254481376278055560e+00
-1.352586838467110919e+00
-1.450010470768299475e+00
-1.545069434385362372e+00
-1.636189349250920522e+00
-1.721924591374849323e+00
-1.800974986418319324e+00
-1.872198955488449945e+00
-1.934623220893565643e+00
-1.987449222666734183e+00
-2.030056431625365754e+00
-2.062002772222080171e+00
-2.083022389125848584e+00
-2.093021006038104481e+00
-2.092069134374583861e+00
-2.080393393792686396e+00
-2.058366206747771265e+00
-2.026494125916084688e+00
-1.985405046980898813e+00
-1.935834550450540537e+00
-1.878611605325499756e+00
-1.814643854972541881e+00
-1.744902691867946221e+00
-1.670408313267609524e+00
-1.592214934633908729e+00
-1.511396322048202068e+00
-1.429031789073921033e+00
-1.346192787791943957e+00
-1.263930208156792911e+00
-1.183262484547023874e+00
-1.105164592040352112e+00
-1.030557974330209348e+00
-9.603015004860259163e-01
-8.951835245009152064e-01
-8.359150443004753628e-01
-7.831239742712005070e-01
-7.373505352078957298e-01
-6.990437548395022072e-01
-6.685590621867372185e-01
-6.461569499329605781e-01
-6.320026707467603089e-01
-6.261669260691555827e-01
-6.286274992556837304e-01
-6.392717791246241843e-01
-6.579001148863123927e-01
-6.842299390913132440e-01
-7.179005916121439235e-01
-7.584787747379182488e-01
-8.054645671870412915e-01
-8.582979232016325621e-01
-9.163655818513695150e-01
-9.790083112155376632e-01
-1.045528412201147894e+00
-1.115197407365501547e+00
-1.187263841212637949e+00
-1.260961119999370883e+00
-1.335515321086757856e+00
-1.410152904281250841e+00
-1.484108260396244328e+00
-1.556631035401985885e+00
-1.626993171990886555e+00
-1.694495614137768724e+00
-1.758474624252043483e+00
-1.818307666771931341e+00
-1.873418816510656004e+00
-1.923283654702467649e+00
-1.967433620481678691e+00
-2.005459790432701617e+00
-2.037016063841763369e+00
-2.061821736333551591e+00
-2.079663449657293217e+00
-2.090396510467503077e+00
-2.093945575995006969e+00
-2.090304709494298585e+00
-2.079536813254514005e+00
-2.061772451744642964e+00
-2.037208082100662399e+00
-2.006103713625361884e+00
-1.968780022234261295e+00
-1.925614949816825572e+00
-1.877039822266884039e+00
-1.823535023446081871e+00
-1.765625265556949763e+00
-1.703874499297989287e+00
-1.638880509732246527e+00
-1.571269246007095166e+00
-1.501688934901044936e+00
-1.430804029630553753e+00
-1.359289046415520286e+00
-1.287822341968911655e+00
-1.217079885336813438e+00
-1.147729077369060269e+00
-1.080422670545363006e+00
-1.015792840921247553e+00
-9.544454625968410433e-01
-8.969546333576732255e-01
-8.438574980015615123e-01
-7.956494133622371567e-01
-7.527794961863611967e-01
-7.156465918338510424e-01
-6.845956982753016451e-01
-6.599148760780690903e-01
-6.418326710320164663e-01
-6.305160717956158622e-01
-6.260690204749950194e-01
-6.285314894151280418e-01
-6.378791327193956695e-01
-6.540235161571367195e-01
-6.768129242065432649e-01
-7.060337380509242866e-01
-7.414123734394757470e-01
-7.826177624786817555e-01
-8.292643586780144016e-01
-8.809156399721882469e-01
-9.370880800223730933e-01
-9.972555538975007572e-01
-1.060854140292236236e+00
-1.127287278784988578e+00
-1.195931237312122475e+00
-1.266140842064307215e+00
-1.337255419426646608e+00
-1.408604897413272772e+00
-1.479516012311396400e+00
-1.549318564970438183e+00
-1.617351670365169802e+00
-1.682969943739924368e+00
-1.745549566813618947e+00
-1.804494178196704990e+00
-1.859240533341895318e+00
-1.909263881016889375e+00
-1.954083005441278109e+00
-1.993264885858734736e+00
-2.026428928402222329e+00
-2.053250728634015587e+00
-2.073465327077423481e+00
-2.086869924374204377e+00
-2.093326027367354847e+00
-2.092761002386229752e+00
-2.085169017258835300e+00
-2.070611359051710121e+00
-2.049216120193936952e+00
-2.021177251429995270e+00
-1.986752985915404501e+00
-1.946263644666520687e+00
-1.900088839448033973e+00
-1.848664094974092009e+00
-1.792476917956500326e+00
-1.732062346002288145e+00
-1.667998014588776501e+00
-1.600898785275357117e+00
-1.531410982896591388e+00
-1.460206293672755784e+00
-1.387975379926731812e+00
-1.315421270367330475e+00
-1.243252587651218155e+00
-1.172176677133936140e+00
-1.102892702336740305e+00
-1.036084773664026848e+00
-9.724151772891849177e-01
-9.125177708693203993e-01
-8.569916118461173848e-01
-8.063948825379679830e-01
-7.612391740335306967e-01
-7.219841880703078418e-01
-6.890329126406394833e-01
-6.627273230361794276e-01
-6.433446554506292436e-01
-6.310942951451726790e-01
-6.261153155840268880e-01
-6.284746989161996700e-01
-6.381662617667025472e-01
-6.551103035636425265e-01
-6.791539876285541677e-01
-7.100724580616423198e-01
-7.475706881297058404e-01
-7.912860484844175257e-01
-8.407915761741350247e-01
-8.955999181396692155e-01
-9.551679157764638717e-01
-1.018901790278126773e+00
-1.086162881922284384e+00
-1.156273890290382633e+00
-1.228525556698945476e+00
-1.302183724923905661e+00
-1.376496711686615138e+00
-1.450702914394072396e+00
-1.524038580339188931e+00
-1.595745659015014306e+00
-1.665079657416554948e+00
-1.731317417226846178e+00
-1.793764732634682613e+00
-1.851763728221383687e+00
-1.904699917894185024e+00
-1.952008868227353755e+00
-1.993182392791560398e+00
-2.027774208084459850e+00
-2.055404986492622044e+00
-2.075766747279528701e+00
-2.088626532857865925e+00
-2.093829324513766466e+00
-2.091300159241529233e+00
-2.081045417350424920e+00
-2.063153258942959312e+00
-2.037793196153397712e+00
-2.005214797088210155e+00
-1.965745526633130069e+00
-1.919787738588597303e+00
-1.867814842867455916e+00
-1.810366680634976522e+00
-1.748044149190877583e+00
-1.681503126985814500e+00
-1.611447757330905395e+00
-1.538623157004576525e+00
-1.463807622991811552e+00
-1.387804416922050921e+00
-1.311433212322403508e+00
-1.235521294497508915e+00
-1.160894606623072089e+00
-1.088368738439267736e+00
-1.018739955705336708e+00
-9.527763692943457263e-01
-8.912093424395151064e-01
-8.347252331792631708e-01
-7.839575664861462290e-01
-7.394797269146474727e-01
-7.017982578903665392e-01
-6.713468480223111490e-01
-6.484810781007076530e-01
-6.334739948040690738e-01
-6.265125686539142480e-01
-6.276950845054093397e-01
-6.370295029407170295e-01
-6.544328204409894933e-01
-6.797314452631504356e-01
-7.126625946569342673e-01
-7.528767075494642302e-01
-7.999408552277952333e-01
-8.533431209958586283e-01
-9.124979084044932964e-01
-9.767521265860320545e-01
-1.045392190600845206e+00
-1.117651764650870350e+00
-1.192720166662310177e+00
-1.269751344202704413e+00
-1.347873324090936409e+00
-1.426198031483739914e+00
-1.503831368771836097e+00
-1.579883440374394654e+00
-1.653478806549174784e+00
-1.723766647692256626e+00
-1.789930720324806046e+00
-1.851198987078302771e+00
-1.906852805502419645e+00
-1.956235564421304751e+00
-1.998760661829302343e+00
-2.033918724903766240e+00
-2.061283980560741469e+00
-2.080519694014875576e+00
-2.091382602935810020e+00
-2.093726285915262775e+00
-2.087503415952018937e+00
-2.072766862394556320e+00
-2.049669618110228519e+00
-2.018463542423266865e+00
-1.979496924420839576e+00
-1.933210885400744372e+00
-1.880134653355306718e+00
-1.820879756281116091e+00
-1.756133194600493663e+00
-1.686649665908037443e+00
-1.613242927447406272e+00
-1.536776393020464759e+00
-1.458153071281781843e+00
-1.378304961435722564e+00
-1.298182030102470019e+00
-1.218740899441423275e+00
-1.140933381415835779e+00
-1.065694996272926298e+00
-9.939336148382302838e-01
-9.265183640390546316e-01
-8.642689331616514314e-01
-8.079454147098177330e-01
-7.582388083932024569e-01
-7.157623097763435860e-01
-6.810434965316395362e-01
-6.545175151484213805e-01
-6.365213594650560580e-01
-6.272893196390348924e-01
-6.269496662970439615e-01
-6.355226197754164641e-01
-6.529196387477935737e-01
-6.789440463306344320e-01
-7.132929951580336825e-01
-7.555607561323607335e-01
-8.052432987993637381e-01
-8.617441147806794710e-01
-9.243812196377743096e-01
-9.923952531517052922e-01
-1.064958583487774391e+00
-1.141185307271121774e+00
-1.220142025413724518e+00
-1.318125074119650186e+00
-1.375808976871580658e+00
-1.433323974919024746e+00
-1.489958704145074808e+00
-1.545011112026147604e+00
-1.597797251754832892e+00
-1.647659885567991589e+00
-1.693976786993570904e+00
-1.736168634874273753e+00
-1.773706396589391554e+00
-1.806118103830905319e+00
-1.832994931531050753e+00
-1.853996499002045883e+00
-1.868855321933313940e+00
-1.877380354494628145e+00
-1.879459571893625558e+00
-1.875061547891595515e+00
-1.864236003442825584e+00
-1.847113324595411665e+00
-1.823903053920014283e+00
-1.794891372488224501e+00
-1.760437602550281255e+00
-1.720969773823710636e+00
-1.676979308529756407e+00
-1.629014891840605550e+00
-1.577675605073689757e+00
-1.523603408646583279e+00
-1.467475070358702949e+00
-1.409993641878806825e+00
-1.351879592292875687e+00
-1.293861712124254382e+00
-1.236667904316816724e+00
-1.181015980229403350e+00
-1.127604578705511562e+00
-1.077104324755149500e+00
-1.030149341335328650e+00
-9.873292231824797316e-01
-9.491815756936179405e-01
-9.161852145521123258e-01
-8.887541132452430048e-01
-8.672321759373537997e-01
-8.518889024723589332e-01
-8.429160007245615205e-01
-8.404249892491942875e-01
-8.444458203668001595e-01
-8.549265406168761183e-01
-8.717339921107234435e-01
-8.946555448774518027e-01
-9.234018370071588322e-01
-9.576104864259962213e-01
-9.968507256589138610e-01
-1.040628899110267680e+00
-1.088394751374170966e+00
-1.139548425018630518e+00
-1.193448077299890553e+00
-1.249418017471560560e+00
-1.306757259856337061e+00
-1.364748382728348197e+00
-1.422666579374549212e+00
-1.479788785508727278e+00
-1.535402766525963747e+00
-1.588816048912133461e+00
-1.639364582929825342e+00
-1.686421043246911777e+00
-1.729402641080433067e+00
-1.767778320923669710e+00
-1.801075278589064688e+00
-1.828884723452173677e+00
-1.850866816150271710e+00
-1.866754723979327624e+00
-1.876357747850707192e+00
-1.879563486754034063e+00
-1.876339018064751674e+00
-1.866731084570156352e+00
-1.850865291604447682e+00
-1.828944330022829412e+00
-1.801245252753109538e+00
-1.768115844193995034e+00
-1.729970132644582437e+00
-1.687283106121637788e+00
-1.640584701234451881e+00
-1.590453143138761405e+00
-1.537507721891722356e+00
-1.482401096706080779e+00
-1.425811224593640736e+00
-1.368433013653341801e+00
-1.310969803769933106e+00
-1.254124778734471812e+00
-1.198592413780086297e+00
-1.145050061267473218e+00
-1.094149774784607398e+00
-1.046510468295019702e+00
-1.002710502235556689e+00
-9.632807827031019121e-01
-9.286984531599387083e-01
-8.993812505236288279e-01
-8.756825891879826962e-01
-8.578874275550332218e-01
-8.462089621549573337e-01
-8.407861845083167696e-01
-8.416823256610217463e-01
-8.488842029166946412e-01
-8.623024728225645585e-01
-8.817727840514693050e-01
-9.070578135784475027e-01
-9.378501595861106210e-01
-9.737760549543047484e-01
-1.014399856094633234e+00
-1.059229253372638180e+00
-1.107721141502031159e+00
-1.159288081173801555e+00
-1.213305276862883808e+00
-1.269117990294330811e+00
-1.326049304495937831e+00
-1.383408149751378158e+00
-1.440497500124781727e+00
-1.496622647568889963e+00
-1.551099459962526517e+00
-1.603262529743973985e+00
-1.652473121102762788e+00
-1.698126825940013074e+00
-1.739660841977352268e+00
-1.776560790444854598e+00
-1.808366995665828147e+00
-1.834680154523659290e+00
-1.855166330185864965e+00
-1.869561211506388876e+00
-1.877673587158692037e+00
-1.879387991695392834e+00
-1.874666489307436512e+00
-1.863549569986335586e+00
-1.846156141995270339e+00
-1.822682618819403189e+00
-1.793401153828993788e+00
-1.758657003150827514e+00
-1.718864989491853068e+00
-1.674505098653080282e+00
-1.626117243975287563e+00
-1.574295244021561624e+00
-1.519680068844354803e+00
-1.462952419954549832e+00
-1.404824718483560941e+00
-1.346032584882775440e+00
-1.287325901710929088e+00
-1.229459558494667704e+00
-1.173183984187228024e+00
-1.119235578276300380e+00
-1.068327155991160904e+00
-1.021138526225875864e+00
-9.783073226344320972e-01
-9.404202087799243825e-01
-9.080045771631852780e-01
-8.815208593611214560e-01
-8.613555603318339138e-01
-8.478151241737964527e-01
-8.411207312586870266e-01
-8.414041177143676276e-01
-8.487044977593686257e-01
-8.629666574504442078e-01
-8.840402750912998986e-01
-9.116805089783899252e-01
-9.455498774677806306e-01
-9.852214396974454669e-01
-1.030183267877084585e+00
-1.079844184068327717e+00
-1.133540716047568342e+00
-1.190545208414249601e+00
-1.250075006837206404e+00
-1.311302615489433165e+00
-1.373366710585775641e+00
-1.435383876791394897e+00
-1.496460918393899275e+00
-1.555707583810221228e+00
-1.612249530500146077e+00
-1.665241347942970851e+00
-1.713879449240594877e+00
-1.757414637359366871e+00
-1.795164150203568010e+00
-1.826522989784384654e+00
-1.850974344829678264e+00
-1.868098923353577856e+00
-1.877583022003773028e+00
-1.879225172416942424e+00
-1.872941221273608292e+00
-1.858767720135703794e+00
-1.836863523301885293e+00
-1.807509516600158239e+00
-1.771106426974430104e+00
-1.728170691577639140e+00
-1.679328395475433222e+00
-1.625307318561462822e+00
-1.566927164414890772e+00
-1.505088076086508853e+00
-1.440757575641568033e+00
-1.374956095157944258e+00
-1.308741296203611792e+00
-1.243191402021605718e+00
-1.179387791164140387e+00
-1.118397122587063919e+00
-1.061253279717587095e+00
-1.008939434255530676e+00
-9.623705390286618755e-01
-9.223765627208824203e-01
-8.896867774286165709e-01
-8.649154025569323334e-01
-8.485488954136966022e-01
-8.409351599701490043e-01
-8.422749207036926977e-01
-8.526154784107814466e-01
-8.718470296717240053e-01
-8.997016916773625805e-01
-9.357553299135059621e-01
-9.794322383749612948e-01
-1.030012671281717473e+00
-1.086643172523050982e+00
-1.148349595173216775e+00
-1.214052649384764315e+00
-1.282585763807471357e+00
-1.352714994473579679e+00
-1.423160666921090112e+00
-1.492620393279706414e+00
-1.559793067176064030e+00
-1.623403406632137447e+00
-1.682226589569019604e+00
-1.735112508922101338e+00
-1.781009165442395625e+00
-1.818984716577720873e+00
-1.848247709810205919e+00
-1.868165048709567788e+00
-1.878277269784582426e+00
-1.878310747812818704e+00
-1.868186496321696755e+00
-1.848025287684349482e+00
-1.818148883067032262e+00
-1.779077235194681084e+00
-1.731521605360632599e+00
-1.676373618883020944e+00
-1.614690368728307845e+00
-1.547675763566308316e+00
-1.476658402270025316e+00
-1.403066339930852502e+00
-1.328399188897644967e+00
-1.254198070243664365e+00
-1.182013994548283042e+00
-1.113375304177372183e+00
-1.049754850726233313e+00
-9.925376095086198003e-01
-9.429894467235206967e-01
-9.022277532685114565e-01
-8.711946414631956959e-01
-8.506333669072355663e-01
-8.410685873986488703e-01
-8.427910047349199685e-01
-8.558468541600181556e-01
-8.800326114449725790e-01
-9.148951807217589050e-01
-9.597377092180748859e-01
-1.013631050287731039e+00
-1.075430766217784440e+00
-1.143799430087621971e+00
-1.217233854515812785e+00
-1.294096747640449685e+00
-1.372652176377152866e+00
-1.451104107093405871e+00
-1.527637197438738159e+00
-1.600458933087528735e+00
-1.667842142231835689e+00
-1.728166881090421381e+00
-1.779960667337907365e+00
-1.821936046563031208e+00
-1.853024510436766414e+00
-1.872405844402045716e+00
-1.879532066934724188e+00
-1.874145230653865735e+00
-1.856288485994733284e+00
-1.826309958360797125e+00
-1.784859156580173245e+00
-1.732875810472821243e+00
-1.671571224248603826e+00
-1.602402425745993009e+00
-1.527039584311145282e+00
-1.447327357332060194e+00
-1.365241001931138287e+00
-1.282838248993255714e+00
-1.202208076679953663e+00
-1.125417635315371312e+00
-1.054458660974437301e+00
-9.911947678321050281e-01
-9.373110266630655385e-01
-8.942672169923042702e-01
-8.632560824124041465e-01
-8.451678226499077518e-01
-8.405619232816761155e-01
-8.496472568573468775e-01
-8.722711909165541400e-01
-9.079182133594558834e-01
-9.557183391312306098e-01
-1.014465300340391618e+00
-1.082644251559762072e+00
-1.158468450494953839e+00
-1.239924109118060613e+00
-1.324822359548494921e+00
-1.410857050115599476e+00
-1.495666887525968880e+00
-1.576900277688172425e+00
-1.652281096537288274e+00
-1.719673548168046739e+00
-1.777144244548789054e+00
-1.823019671508594675e+00
-1.855937290531219030e+00
-1.874888664526462190e+00
-1.879253185921836877e+00
-1.868821223224232053e+00
-1.843805782154416040e+00
-1.804842092581841584e+00
-1.752974874474097611e+00
-1.689633395483144618e+00
-1.616594799290681506e+00
-1.535936546499871325e+00
-1.449979157475797642e+00
-1.361220767948761123e+00
-1.272265292654746860e+00
-1.185746229820407782e+00
-1.104248321036387370e+00
-1.030229399583237893e+00
-9.659448098828399276e-01
-9.133767577429314777e-01
-8.741708539153159041e-01
-8.495819429889717167e-01
-8.404310689527981770e-01
-8.470751234176835398e-01
-8.693903602862809166e-01
-9.067705515040018760e-01
-9.581401141738132843e-01
-1.021982073062480900e+00
-1.096380248808932922e+00
-1.179074596121750584e+00
-1.267528173309800721e+00
-1.359003819744163399e+00
-1.450648265625331890e+00
-1.539581111754579235e+00
-1.622985907126788252e+00
-1.698200428090489655e+00
-1.762803230971754287e+00
-1.814693613931314786e+00
-1.852162283785832919e+00
-1.873950276703706619e+00
-1.879294021954933225e+00
-1.867954855987110196e+00
-1.840231777824057557e+00
-1.796956771359685678e+00
-1.739472588611101767e+00
-1.669593471835349119e+00
-1.589549872009795584e+00
-1.501918776561488755e+00
-1.409541770765196267e+00
-1.315433406294885588e+00
-1.222682820111416380e+00
-1.134351822661193054e+00
-1.053372844660527718e+00
-9.824501884002821983e-01
-9.239679682092858393e-01
-8.799079452223730335e-01
-8.517801678750946959e-01
-8.405689297080781719e-01
-8.466960622034560568e-01
-8.700030084819856402e-01
-9.097525158829381509e-01
-9.646501269093992192e-01
-1.032884857008897539e+00
-1.112187801577721125e+00
-1.199906800395563078e+00
-1.293094712492302900e+00
-1.388608359428748829e+00
-1.483214798686615543e+00
-1.573701306339160499e+00
-1.656985290505299524e+00
-1.730220330998876621e+00
-1.790894648136791556e+00
-1.836918542154540646e+00
-1.866697706672106882e+00
-1.879189793246109019e+00
-1.873942173235391806e+00
-1.851109488454720120e+00
-1.811450280991899753e+00
-1.756302720643434512e+00
-1.687540180009816204e+00
-1.607508116427695199e+00
-1.518944381303365621e+00
-1.424885667319467419e+00
-1.328563301117549722e+00
-1.233291975331545443e+00
-1.142355275055974229e+00
-1.058891980182018466e+00
-9.857871115053009614e-01
-9.255715350589566182e-01
-8.803336507052417215e-01
-8.516462774151351001e-01
-8.405113231579218747e-01
-8.473242101890785527e-01
-8.718593383904489347e-01
-9.132771343896937122e-01
-9.701524783926821494e-01
-1.040523550722604718e+00
-1.121959422530134365e+00
-1.211644055464725644e+00
-1.306473796697200429e+00
-1.403164979115110178e+00
-1.498367878731559522e+00
-1.588783055104317610e+00
-1.671276013941612515e+00
-1.742986187208145799e+00
-1.801426423009724331e+00
-1.844569508404888758e+00
-1.870918701401099504e+00
-1.879559807746163713e+00
-1.870192983977967849e+00
-1.843143157751143679e+00
-1.799348704688328304e+00
-1.740328781533816871e+00
-1.668130461439994772e+00
-1.585257522559097687e+00
-1.494583380983839360e+00
-1.399251211070388745e+00
-1.302564741007257609e+00
-1.207873533702455093e+00
-1.118456751530393367e+00
-1.037409451825818341e+00
-9.675353667929450507e-01
-9.112498902529844180e-01
-8.704966327659767744e-01
-8.466804290442040415e-01
-8.406191042042401307e-01
-8.525156487101254177e-01
-8.819517389939462992e-01
-9.279027967532530452e-01
-9.887740308808039558e-01
-1.062456178038837518e+00
-1.146398976381756807e+00
-1.237699795482704257e+00
-1.333204325227886455e+00
-1.429615815144912983e+00
-1.523609067301030739e+00
-1.611945230172584509e+00
-1.691583422724667773e+00
-1.759785337513014802e+00
-1.814209224298750422e+00
-1.852990032212152194e+00
-1.874802975406201666e+00
-1.878908367122694045e+00
-1.865176219714068440e+00
-1.834089810553062971e+00
-1.786728141427003314e+00
-1.724727946695447933e+00
-1.650226608045097798e+00
-1.565787986945794241e+00
-1.474313767556209465e+00
-1.378943393084335778e+00
-1.282946060969115010e+00
-1.189608504003587530e+00
-1.102122417182902048e+00
-1.023475389631193888e+00
-9.563490680470843053e-01
-9.030280178638780963e-01
-8.653223702599451839e-01
-8.445068607834637087e-01
-8.412782956922475464e-01
-8.557328450773248329e-01
-8.873638795636014098e-01
-9.350803634205825388e-01
-9.972451154428910725e-01
-1.071731573929279646e+00
-1.155997076421223513e+00
-1.247170109663660487e+00
-1.342148519107798199e+00
-1.437705305628767638e+00
-1.530598391777524103e+00
-1.617680618589022901e+00
-1.696006240231028528e+00
-1.762930316738700487e+00
-1.816197659583668633e+00
-1.854018351611818938e+00
-1.875127328943177130e+00
-1.878826061452137264e+00
-1.865004981421928498e+00
-1.834145965818438473e+00
-1.787304853959051476e+00
-1.726074656203447688e+00
-1.652530757928030614e+00
-1.569160024714387092e+00
-1.478776249348742411e+00
-1.384424831237824449e+00
-1.289279929497624488e+00
-1.196537571000311884e+00
-1.109308316593349941e+00
-1.030513089071333432e+00
-9.627856459258856692e-01
-9.083849431163586452e-01
-8.691202916570330839e-01
-1.674865971408912024e-01
