-1.115085205935338220e+00
-2.072359831995780333e-01
6.747159184139586152e-01
1.518947967950387667e+00
2.314161818194338860e+00
3.049734506985484206e+00
3.715860358044444478e+00
4.303681685906443732e+00
4.805406562882419408e+00
5.214412082506452606e+00
5.525331751276315373e+00
5.734125855965164220e+00
5.838133884452595623e+00
5.836108320766458135e+00
5.728229386560441228e+00
5.516100558179122260e+00
5.202724947317758364e+00
4.792462890582951829e+00
4.290971345543049154e+00
3.705125934736559490e+00
3.042926711314034360e+00
2.313388937416293256e+00
1.526420366135666118e+00
6.926866973052914211e-01
-1.765329659700001219e-01
-1.069498701263963181e+00
-1.974168327162119096e+00
-2.878359798480503606e+00
-3.769915246395630248e+00
-4.636864454567081850e+00
-5.467585573134558175e+00
-6.250960912827890681e+00
-6.976525730755062327e+00
-7.634608016755409565e+00
-8.216457413172417290e+00
-8.714361549805801133e+00
-9.121748247606992877e+00
-9.433272237039753705e+00
-9.644885247321196786e+00
-9.753888548131866898e+00
-9.758967262782791252e+00
-9.660206018040582876e+00
-9.459085747513482190e+00
-9.158461719296912662e+00
-8.762523111049087987e+00
-8.276734703420471462e+00
-7.707761502468992276e+00
-7.063377330142722954e+00
-6.352358636045691398e+00
-5.584364980661426614e+00
-4.769807817367039071e+00
-3.919709355574789278e+00
-3.045553418134508306e+00
-2.159130310995588165e+00
-1.272377800688104799e+00
-3.972203444370532299e-01
4.545912619507843644e-01
1.271637662119894152e+00
2.042984024641298024e+00
2.758326383725378417e+00
3.408129276752701831e+00
3.983752840195073031e+00
4.477567670046644466e+00
4.883055920004663264e+00
5.194897298051268208e+00
5.409038827238360270e+00
5.522747456581159398e+00
5.534644840038541957e+00
5.444723842459614715e+00
5.254346577851418232e+00
4.966224034048011049e+00
4.584377585486286932e+00
4.114082938988927296e+00
3.561797292954107075e+00
2.935070714998392116e+00
2.242442953887017421e+00
1.493327095699295448e+00
6.978816490300245867e-01
-1.331272027042733619e-01
-9.884713141307321926e-01
-1.856612283902524974e+00
-2.725857104100898987e+00
-3.584515653409364511e+00
-4.421057912786757527e+00
-5.224268789309480354e+00
-5.983398469233963013e+00
-6.688306284624735198e+00
-7.329596168210885665e+00
-7.898741887216313984e+00
-8.388200387156317106e+00
-8.791511739081812493e+00
-9.103384366261552785e+00
-9.319764426337306062e+00
-9.437888439847956334e+00
-9.456318482782934964e+00
-9.374959496423777239e+00
-9.195058508981766465e+00
-8.919185807184856429e+00
-8.551198338726408110e+00
-8.096185865097174528e+00
-7.560400615575817440e+00
-6.951171413952206279e+00
-6.276803456947051885e+00
-5.546465114500620075e+00
-4.770063294585573210e+00
-3.958109066661299025e+00
-3.121575366324446765e+00
-2.271748707430256697e+00
-1.420076905603076867e+00
-5.780148676193526125e-01
2.431294760079101280e-01
1.032347023051312096e+00
1.779075097013609774e+00
2.473338811202352883e+00
3.105884307561983970e+00
3.668302090629751877e+00
4.153138812988231621e+00
4.553996026497191707e+00
4.865614591239552311e+00
5.083943629091285388e+00
5.206193118472327797e+00
5.230869448311022296e+00
5.157793479560451644e+00
4.988100898628513136e+00
4.724224885639971561e+00
4.369861358324545364e+00
3.929917286320698810e+00
3.410442797657549097e+00
2.818548016084731156e+00
2.162305771859112991e+00
1.450641516843939716e+00
6.932119448228486469e-01
-9.972603248240430318e-02
-9.174541760550316560e-01
-1.748937796221401886e+00
-2.582974657052830025e+00
-3.408345899201167040e+00
-4.213966947854208556e+00
-4.989036375906952259e+00
-5.723180723158868943e+00
-6.406593329910224455e+00
-7.030165326925585489e+00
-7.585607032191667543e+00
-8.065558136725032412e+00
-8.463685215067265233e+00
-8.774765268947652075e+00
-8.994754202536528354e+00
-9.120839332174609737e+00
-9.151475249671104706e+00
-9.086402583287535251e+00
-8.926649431323422590e+00
-8.674515476680364046e+00
-8.333539023756006969e+00
-7.908447428375524169e+00
-7.405091614125563382e+00
-6.830365581428086585e+00
-6.192112016129438956e+00
-5.499015289607239509e+00
-4.760483309944044450e+00
-3.986519831359032651e+00
-3.187588954870389735e+00
-2.374473655424841567e+00
-1.558130248138749119e+00
-7.495407578465911325e-01
4.043481880699228981e-02
8.012043712571541576e-01
1.522585693916970406e+00
2.194942761918042162e+00
2.809314439869584401e+00
3.357533904559798277e+00
3.832337190230630686e+00
4.227459413969047120e+00
4.537717406835124478e+00
4.759077661297434148e+00
4.888708704854382248e+00
4.925017220679976049e+00
4.867667455887088934e+00
4.717583683579514187e+00
4.476935713221017465e+00
4.149107671907925621e+00
3.738650503823711890e+00
3.251218853461326663e+00
2.693493207194735728e+00
2.073088364668450811e+00
1.398449493623336704e+00
6.787371867613809506e-01
-7.629691512018133004e-02
-8.564422451509412504e-01
-1.651167387570946499e+00
-2.449762242910329402e+00
-3.241482362076103296e+00
-4.015693504240811507e+00
-4.762014473623428223e+00
-5.470456316615737613e+00
-6.131556012839846304e+00
-6.736502870880393345e+00
-7.277255940538799095e+00
-7.746650877105798472e+00
-8.138494837643555968e+00
-8.447648152628810081e+00
-8.670091696305517459e+00
-8.802979073279786348e+00
-8.844672944624914379e+00
-8.794765031262310018e+00
-8.654079552744562420e+00
-8.424660082814966700e+00
-8.109740026244391942e+00
-7.713697141449625150e+00
-7.241992747321935653e+00
-6.701096457672100826e+00
-6.098397479985544933e+00
-5.442103694197204966e+00
-4.741129889554838606e+00
-4.004976681185304699e+00
-3.243601750811502260e+00
-2.467285156568202353e+00
-1.686490533719899432e+00
-9.117240602978828878e-01
-1.533930885857464066e-01
5.783336553272464542e-01
1.273662426011049842e+00
1.923305538794448211e+00
2.518605421164098690e+00
3.051649978653963924e+00
3.515377738069245250e+00
3.903671371021269376e+00
4.211438359442521318e+00
4.434677739833725596e+00
4.570532052088591257e+00
4.617323819273975616e+00
4.574576093999281667e+00
4.443016822155803069e+00
4.224566992941436894e+00
3.922312762266453756e+00
3.540461951927956097e+00
3.084285536449714815e+00
2.560044930403778896e+00
1.974906078668719811e+00
1.336841527906343252e+00
6.545218172114806165e-01
-6.280233271605117906e-02
-8.054254312759121515e-01
-1.563318530444374854e+00
-2.326264661457974281e+00
-3.083996566714855447e+00
-3.826334870176998137e+00
-4.543324826862948917e+00
-5.225369814345071973e+00
-5.863359776172115900e+00
-6.448792898148823838e+00
-6.973888892419694230e+00
-7.431692380025294753e+00
-7.816164998424699917e+00
-8.122265014551599549e+00
-8.346013394181456491e+00
-8.484545462422774520e+00
-8.536147485499192555e+00
-8.500277708017293321e+00
-8.377571589854914791e+00
-8.169831199821365075e+00
-7.879998936462529358e+00
-7.512115956941450179e+00
-7.071265899988114612e+00
-6.563504685733585475e+00
-5.995777361186412691e+00
-5.375823132692456596e+00
-4.712069883643042800e+00
-4.013519614875352914e+00
-3.289626364804981051e+00
-2.550168264762644910e+00
-1.805115460995429855e+00
-1.064495687346710628e+00
-3.382593010884651363e-01
3.638544015990459179e-01
1.032447794433267951e+00
1.658590702609826106e+00
2.233939673694007144e+00
2.750849144934112811e+00
3.202473025958636033e+00
3.582855347394808820e+00
3.887008775451300746e+00
4.110979957887474612e+00
4.251900845802522255e+00
4.308025325879917489e+00
4.278750696539018961e+00
4.164623726186778896e+00
3.967331239659891207e+00
3.689675387200782364e+00
3.335533956115277032e+00
2.909806285850239593e+00
2.418345539917855280e+00
1.867878270298326093e+00
1.265912379242569052e+00
6.206347375184617654e-01
-5.920014495593473036e-02
-7.643888822717115339e-01
-1.485403798370423356e+00
-2.212521649017880065e+00
-2.935954740756741010e+00
-3.645982678578356229e+00
-4.333082968805230806e+00
-4.988058722309681947e+00
-5.602161745427365780e+00
-6.167209371153866471e+00
-6.675693470525708051e+00
-7.120880192292585065e+00
-7.496899106598929663e+00
-7.798820573690603553e+00
-8.022720319687419277e+00
-8.165730376052119155e+00
-8.226075725220557189e+00
-8.203096189464769594e+00
-8.097253300873607174e+00
-7.910122094715889673e+00
-7.644367973725568532e+00
-7.303708994344626504e+00
-6.892864125033847600e+00
-6.417488218829115354e+00
-5.884094624877805657e+00
-5.299966534322420486e+00
-4.673058312297343697e+00
-4.011888207744635615e+00
-3.325423954079848254e+00
-2.622962874307175341e+00
-1.914008181805824327e+00
-1.208143220331364009e+00
-5.149054111514332899e-01
1.563383314680488745e-01
7.965129968629245383e-01
1.396952048572184246e+00
1.949507658462913628e+00
2.446653275758213564e+00
2.881577448958403398e+00
3.248268169620010415e+00
3.541701245460247005e+00
3.758207193732676199e+00
3.895278013027091202e+00
3.951511309583813247e+00
3.926611867737586525e+00
3.821382205794116249e+00
3.637701218105914069e+00
3.378490427033231658e+00
3.047667743337350910e+00
2.650088963948616705e+00
2.191477525457360631e+00
1.678343283226851668e+00
1.117891302406789578e+00
5.179218305609669670e-01
-1.132772260927563668e-01
-7.670438782409989553e-01
-1.434460142171881003e+00
-2.106473036402155330e+00
-2.774016841098029040e+00
-3.428134960979050128e+00
-4.060099743063585009e+00
-4.661528635130585130e+00
-5.224495128011744427e+00
-5.741633003514874822e+00
-6.206232508460768571e+00
-6.612327192365667017e+00
-6.954770279910615471e+00
-7.229299597530898680e+00
-7.432590234101445148e+00
-7.562294286520405251e+00
-7.617067219622080998e+00
-7.596580553823232052e+00
-7.501520780703831548e+00
-7.333574593809945696e+00
-7.095400706813423497e+00
-6.790588711289176516e+00
-6.423605599368189090e+00
-5.999730740097207971e+00
-5.524980250322675701e+00
-5.006021839328390399e+00
-4.450081329493579929e+00
-3.864842161320320102e+00
-3.258339278963354069e+00
-2.638848860793335138e+00
-2.014775407713811806e+00
-1.394537729393237280e+00
-7.864553750044989133e-01
-1.986370405155859498e-01
3.611275506421138815e-01
8.854708519981375758e-01
1.367544416544073549e+00
1.801108262913800218e+00
2.180611520210304466e+00
2.501263310983985466e+00
2.759092969804979756e+00
2.950998844265777965e+00
3.074785084007980007e+00
3.129185989287492031e+00
3.113877661381245776e+00
3.029476870455133142e+00
2.877527229990381574e+00
2.660472938150590050e+00
2.381620513252474591e+00
2.045089110543570232e+00
1.655750158655148407e+00
1.219157194389383303e+00
7.414669020739568239e-01
2.293524769149661857e-01
-3.100894708499697394e-01
-8.694371738880739553e-01
-1.441045768427437146e+00
-2.017151754796843388e+00
-2.589978430821130662e+00
-3.151840866341286240e+00
-3.695249001865861249e+00
-4.213007488226194752e+00
-4.698310936526580051e+00
-5.144833317837847808e+00
-5.546810338913142679e+00
-5.899113722438887208e+00
-6.197316436487362523e+00
-6.437748046250556300e+00
-6.617539499994196106e+00
-6.734656808522016647e+00
-6.787923231236646870e+00
-6.777029739993123414e+00
-6.702533692191972037e+00
-6.565845804759804949e+00
-6.369205678640700086e+00
-6.115646277037672718e+00
-5.808947907839620228e+00
-5.453582399483691390e+00
-5.054648288100656472e+00
-4.617797950486778547e+00
-4.149157720726917020e+00
-3.655242116837166044e+00
-3.142863376492790017e+00
-2.619037556863033078e+00
-2.090888492137378485e+00
-1.565550923079085832e+00
-1.050074115710318168e+00
-5.513272710984615799e-01
-7.590799548734850077e-02
3.699449497358693328e-01
7.804334647503097244e-01
1.150275422444431150e+00
1.474772497038138397e+00
1.749869641173736667e+00
1.972205461515053937e+00
2.139152871357416164e+00
2.248849534819701734e+00
2.300217758960993120e+00
2.292973635672598487e+00
2.227625382434795132e+00
2.105460977981946424e+00
1.928525333589409474e+00
1.699587381126431929e+00
1.422097593326510534e+00
1.100136578120995523e+00
7.383555056951269790e-01
3.419092326291810480e-01
-8.361691928307823929e-02
-5.322856923805499019e-01
-9.978906285726021341e-01
-1.474041859324886516e+00
-1.954253765184463809e+00
-2.432033302731082536e+00
-2.900967796214005467e+00
-3.354811006883646307e+00
-3.787566324823398389e+00
-4.193565975389511813e+00
-4.567545194420794097e+00
-4.904710402238324107e+00
-5.200800494988484957e+00
-5.452140471791393495e+00
-5.655686726002972620e+00
-5.809063447110319522e+00
-5.910589704687346568e+00
-5.959296915686800311e+00
-5.954936529330306705e+00
-5.897977898140873698e+00
-5.789596437400807538e+00
-5.631652306689165499e+00
-5.426659974380280360e+00
-5.177749147360482418e+00
-4.888617662127980878e+00
-4.563477038379632589e+00
-4.206991490788112742e+00
-3.824211277717876278e+00
-3.420501336067762743e+00
-3.001466208389184320e+00
-2.572872311237019538e+00
-2.140568621880360567e+00
-1.710406873756922241e+00
-1.288162349329477152e+00
-8.794563424274273178e-01
-4.896813310725531831e-01
-1.239298567257498540e-01
2.130719524216457827e-01
5.170253471616801377e-01
7.841136270026338728e-01
1.011049820988886960e+00
1.195116787477684461e+00
1.334199248848146890e+00
1.426807390987695268e+00
1.472091775433363114e+00
1.469849432589414029e+00
1.420521125828200670e+00
1.325179896837742621e+00
1.185511120661600248e+00
1.003784412885067034e+00
7.828178398254350689e-01
5.259349839414206862e-01
2.369155096528596793e-01
-8.006004185077975066e-02
-4.204704275044763850e-01
-7.795179844933539659e-01
-1.152196108294145205e+00
-1.533358979354493501e+00
-1.917792568448563273e+00
-2.300285941539802703e+00
-2.675701889270566625e+00
-3.039045923811091399e+00
-3.385532716388039098e+00
-3.710649091845194647e+00
-4.010212751372710827e+00
-4.280425960227310256e+00
-4.517923512854771673e+00
-4.719814372201842190e+00
-4.883716471927165514e+00
-5.007784268365131908e+00
-5.090728732057778316e+00
-5.131829574990261378e+00
-5.130939617852773083e+00
-5.088481310200331009e+00
-5.005435523793191344e+00
-4.883322844205472357e+00
-4.724177686566179091e+00
-4.530515656691123105e+00
-4.305294667608890791e+00
-4.051870402413053185e+00
-3.773946786439684953e+00
-3.475522194057179881e+00
-3.160832167092911149e+00
-2.834289462486942135e+00
-2.500422275698274355e+00
-2.163811503397154556e+00
-1.829027913932176563e+00
-1.500570087001593222e+00
-1.182803965093853549e+00
-8.799048289583299987e-01
-5.958024681502995801e-01
-3.341302662306393501e-01
-9.817885930260894511e-02
1.091450428409417306e-01
2.853541605610638854e-01
4.284100440177325275e-01
5.367460277580802241e-01
6.092834915712526112e-01
6.454412736505874548e-01
6.451381780207845473e-01
6.087886139627700643e-01
5.372914994740902728e-01
4.320126523447607170e-01
2.947609799625956484e-01
1.277588613123969985e-01
-6.639280929442592516e-02
-2.847543784234949360e-01
-5.240913906772792785e-01
-7.809220961133123140e-01
-1.051567815056204669e+00
-1.332205435314578246e+00
-1.618921295082689005e+00
-1.907765693664700279e+00
-2.194807271657456926e+00
-2.476186512263618411e+00
-2.748167635737597259e+00
-3.007188189199847983e+00
-3.249905673671193540e+00
-3.473240598529129031e+00
-3.674415409904629115e+00
-3.850988802956248680e+00
-4.000884997515705699e+00
-4.122417631260910653e+00
-4.214308003240916811e+00
-4.275697482109677594e+00
-4.306153976651398096e+00
-4.305672449915459055e+00
-4.274669541345542889e+00
-4.213972442528824303e+00
-4.124802250487066502e+00
-4.008752096715614499e+00
-3.867760419449539633e+00
-3.704079809979976101e+00
-3.520241920433145211e+00
-3.319018969536915442e+00
-3.103382423928740419e+00
-2.876459465012884298e+00
-2.641487874895647625e+00
-2.401769989279778805e+00
-2.160626370285147591e+00
-1.921349848013427897e+00
-1.687160566452509114e+00
-1.461162647310426888e+00
-1.246303054990158810e+00
-1.045333207687605404e+00
-8.607738341503108348e-01
-6.948835236938328830e-01
-5.496313594521313739e-01
-4.266739624153881305e-01
-3.273372075264300296e-01
-2.526028039495786803e-01
-2.030998606085994140e-01
-1.791014862443907063e-01
-1.805264015980485581e-01
-2.069454708989288960e-01
-2.575929916167547518e-01
-3.313825163677512897e-01
-4.269269198367451335e-01
-5.425623674117194817e-01
-6.763757916676711446e-01
-8.262354385370400678e-01
-9.898240075210533728e-01
-1.164673880084293511e+00
-1.348203907775170851e+00
-1.537757216859858778e+00
-1.730639479459290531e+00
-1.924157102339008274e+00
-2.115654793501196451e+00
-2.302551983341975195e+00
-2.482377601028162850e+00
-2.652802737479393436e+00
-2.811670763384553240e+00
-2.957024513416372624e+00
-3.087130195545126909e+00
-3.200497736331926468e+00
-3.295897328492524814e+00
-3.372372005011517793e+00
-3.429246123769254861e+00
-3.466129707122118653e+00
-3.482918641247383817e+00
-3.479790799431910386e+00
-3.457198210978519537e+00
-3.415855452185967867e+00
-3.356724487135975377e+00
-3.280996233059077838e+00
-3.190069167183215981e+00
-3.085525328608543560e+00
-2.969104099401494334e+00
-2.842674173364932777e+00
-2.708204138537799288e+00
-2.567732110250502853e+00
-2.423334855499824414e+00
-2.277096846658611895e+00
-2.131079673438103228e+00
-1.987292227129921152e+00
-1.847662051282764395e+00
-1.714008229241467118e+00
-1.588016152887649746e+00
-1.471214490429525901e+00
-1.364954646702312147e+00
-1.270392990354352936e+00
-1.188476112527680595e+00
-1.119929386217253686e+00
-1.065249120629514934e+00
-1.024698658189709066e+00
-9.983088526365717641e-01
-9.858835060160060504e-01
-9.870105434987488380e-01
-1.001079983099075532e+00
-1.027310129961689134e+00
-1.064783911150365192e+00
-1.112498472204882738e+00
-1.169766606772691064e+00
-1.236717489945823756e+00
-1.313375683292402618e+00
-1.399496712315483782e+00
-1.494579618976404900e+00
-1.597884812341165972e+00
-1.708455588092911981e+00
-1.825142189981141083e+00
-1.946627635330005823e+00
-2.071454761038871606e+00
-2.198054096579283190e+00
-2.324772260158549209e+00
-2.449900621863839056e+00
-2.571703997218443227e+00
-2.688449136674261553e+00
-2.798432768890874556e+00
-2.900008943832972363e+00
-2.991615409737840903e+00
-3.071798748592023287e+00
-3.139237989697289954e+00
-3.192766421279822353e+00
-3.231391326455472335e+00
-3.254311382374956985e+00
-3.260931479916924225e+00
-3.250874745548618883e+00
-3.223991576457022390e+00
-3.180365534183315024e+00
-3.120315980108159248e+00
-3.044397377518693659e+00
-2.953395228887561785e+00
-2.848318662636695198e+00
-2.730389730258992120e+00
-2.601029521446658777e+00
-2.461841251052146795e+00
-2.314590516530408149e+00
-2.161182967253529874e+00
-2.003639667056599016e+00
-1.844070467919947554e+00
-1.684645745218285695e+00
-1.527566872935356201e+00
-1.375035840177888602e+00
-1.229224427824857857e+00
-1.092243375892181900e+00
-9.661119779372382421e-01
-8.527285384136726876e-01
-7.538421222480311545e-01
-6.710260130650991250e-01
-6.056532775495797605e-01
-5.588748085990373760e-01
-5.316001894821236196e-01
-5.244816855389125010e-01
-5.379016294955489830e-01
-5.719634217368438911e-01
-6.264863184771707338e-01
-7.010041293408304508e-01
-7.947678921059262436e-01
-9.067525370205695712e-01
-1.035667496935620102e+00
-1.179971163304146975e+00
-1.337889032672055389e+00
-1.507435334422228435e+00
-1.686437879017626429e+00
-1.872565817573240476e+00
-2.063359958992038834e+00
-2.256265250800038924e+00
-2.448664994825711538e+00
-2.637916339538803889e+00
-2.821386567669631695e+00
-2.996489681063849719e+00
-3.160722774894797915e+00
-3.311701690566302148e+00
-3.447195441006728256e+00
-3.565158913592447298e+00
-3.663763374559130703e+00
-3.741424324270401947e+00
-3.796826284830296938e+00
-3.828944139860685603e+00
-3.837060690343671254e+00
-3.820780139688428889e+00
-3.780037274982123385e+00
-3.715102169014544042e+00
-3.626580288354175785e+00
-3.515407955677285479e+00
-3.382843178849856525e+00
-3.230451924045803835e+00
-3.060089974548210634e+00
-2.873880579918086653e+00
-2.674188161028096200e+00
-2.463588394173994889e+00
-2.244835051254004288e+00
-2.020824022055795144e+00
-1.794554988277022867e+00
-1.569091256369202547e+00
-1.347518287049488617e+00
-1.132901482879536292e+00
-9.282438112639253003e-01
-7.364438482813824294e-01
-5.602548287395601179e-01
-4.022452796651012630e-01
-2.647617981426817479e-01
-1.498945101502797694e-01
-5.944571507025697699e-02
5.097818740499970858e-03
4.258848808104120920e-02
5.223705190599536863e-02
3.362708236506106729e-02
-1.327557611013352457e-02
-8.811851882380627998e-02
-1.901637731412511023e-01
-3.182941082134185251e-01
-4.710246259033525895e-01
-6.465195232600111641e-01
-8.426138442800878980e-01
-1.056839967963951299e+00
-1.286458511806668703e+00
-1.528493265840715098e+00
-1.779769713082508975e+00
-2.036956638601215008e+00
-2.296610282213507492e+00
-2.555220449728131005e+00
-2.809257965334545748e+00
-3.055222823667191445e+00
-3.289692384685323212e+00
-3.509368948075841210e+00
-3.711126046577495785e+00
-3.892052809480761155e+00
-4.049495768489935088e+00
-4.181097507929077750e+00
-4.284831599593329265e+00
-4.359033308930961859e+00
-4.402425613114200331e+00
-4.414140132234125602e+00
-4.393732641552792195e+00
-4.341192904589896706e+00
-4.256948642860045595e+00
-4.141863537291374797e+00
-3.997229237676989122e+00
-3.824751438829737005e+00
-3.626530164297445680e+00
-3.405034479412602622e+00
-3.163071933968801375e+00
-2.903753109831522572e+00
-2.630451719238343422e+00
-2.346760764414969724e+00
-2.056445327485438845e+00
-1.763392610635530433e+00
-1.471559889329015824e+00
-1.184921075428937209e+00
-9.074126117965868321e-01
-6.428794349188384771e-01
-3.950217470667691799e-01
-1.673433342694803372e-01
3.689784900828474434e-02
2.147361330359132126e-01
3.635409635914697013e-01
4.810554946632827900e-01
5.654303807796954295e-01
6.152522681906216206e-01
6.295665530063931925e-01
6.078940497447860025e-01
5.502412945575061443e-01
4.571042926298458653e-01
3.294656077308850683e-01
1.687847824422941123e-01
-2.301783102009258286e-02
-2.435836585074180327e-01
-4.901446499791344280e-01
-7.595578373150007057e-01
-1.048345275064624271e+00
-1.352738858320104320e+00
-1.668729441298736571e+00
-1.992119617019395772e+00
-2.318579463574571342e+00
-2.643704516751253841e+00
-2.963075192833628080e+00
-3.272316859890599616e+00
-3.567159741139342977e+00
-3.843497830356212397e+00
-4.097446006909910565e+00
-4.325394556792774736e+00
-4.524060335841235236e+00
-4.690533851837444423e+00
-4.822321592885804975e+00
-4.917382989736182708e+00
-4.974161468818643073e+00
-4.991609129773918241e+00
-4.969204665208094340e+00
-4.906964230162644824e+00
-4.805445063181687182e+00
-4.665741758611979151e+00
-4.489475189570472757e+00
-4.278774181503274043e+00
-4.036250136065448579e+00
-3.764964902799374791e+00
-3.468392290427400937e+00
-3.150373699183230514e+00
-2.815068439230970831e+00
-2.466899376668290067e+00
-2.110494616792519817e+00
-1.750625993231261779e+00
-1.392145180337254207e+00
-1.039918284184654151e+00
-6.987597939902661093e-01
-3.733667903808728372e-01
-6.825430936119980529e-02
2.123072490096027387e-01
4.643518002895254959e-01
6.842735107966779751e-01
8.688782010186946181e-01
1.015429486814831250e+00
1.121688995018387924e+00
1.185950066627253108e+00
1.207064445861177227e+00
1.184461545854709197e+00
1.118159980426174815e+00
1.008771154903144396e+00
8.574948160089395088e-01
6.661065698786354794e-01
4.369374868994153616e-01
1.728460207613911059e-01
-1.228174246300035577e-01
-4.462528443593072325e-01
-7.932593647512367063e-01
-1.159289735221245010e+00
-1.539509873862143330e+00
-1.928862687614877558e+00
-2.322135324768731302e+00
-2.714028965547520045e+00
-3.099230216435280738e+00
-3.472483146303091850e+00
-3.828660987766198787e+00
-4.162836525806898891e+00
-4.470350207641190288e+00
-4.746875033002746491e+00
-4.988477322199534214e+00
-5.191672510024902820e+00
-5.353475176252242562e+00
-5.471442597230980809e+00
-5.543711187084902292e+00
-5.569025290106345949e+00
-5.546757886924253533e+00
-5.476922884566361560e+00
-5.360178773206982328e+00
-5.197823548682745098e+00
-4.991780918203401640e+00
-4.744577925480053082e+00
-4.459314249118893514e+00
-4.139623542975284565e+00
-3.789627297645045356e+00
-3.413881806856691181e+00
-3.017318919758589235e+00
-2.605181348600985825e+00
-2.182953379836625629e+00
-1.756287904081807127e+00
-1.330930735701369327e+00
-9.126432351969608892e-01
-5.071242764240195822e-01
-1.199326154805151479e-01
2.435892813883206998e-01
5.783889074192360980e-01
8.797738672304729057e-01
1.143477537896453455e+00
1.365719321757571603e+00
1.543258641981013035e+00
1.673441912282981558e+00
1.754241803523981957e+00
1.784288230913857465e+00
1.762890594985274451e+00
1.690050925870496989e+00
1.566467702196197465e+00
1.393530241465378516e+00
1.173303686434369997e+00
9.085047399860219919e-01
6.024684276097689306e-01
2.591062900889880005e-01
-1.171434723299942249e-01
-5.213732707985441195e-01
-9.482700760729383394e-01
-1.392185211676411738e+00
-1.847209075734921324e+00
-2.307249803340836625e+00
-2.766114822496320347e+00
-3.217594211818732397e+00
-3.655544737936988309e+00
-4.073973435358954731e+00
-4.467119591828318192e+00
-4.829534017895726450e+00
-5.156154510463421659e+00
-5.442376466085273812e+00
-5.684117660268245942e+00
-5.877876283169051419e+00
-6.020781408982314176e+00
-6.110635174848951578e+00
-6.145946053997153768e+00
-6.125952725633435847e+00
-6.050638169269664246e+00
-5.920733742038267522e+00
-5.737713132359573365e+00
-5.503776220268528974e+00
-5.221823011930386116e+00
-4.895417951510657062e+00
-4.528745045761304766e+00
-4.126554363626684818e+00
-3.694100593107156882e+00
-3.237074448878554556e+00
-2.761527825197661823e+00
-2.273793678000201268e+00
-1.780401696547566859e+00
-1.287990887400930706e+00
-8.032202409713615765e-01
-3.326786827040282279e-01
1.172044734144130906e-01
5.402473521692980896e-01
9.306004257642563893e-01
1.282827338058382782e+00
1.591980528397173522e+00
1.853670604183132120e+00
2.064128491065006177e+00
2.220259482928596650e+00
2.319688419548922464e+00
2.360795336432433000e+00
2.342741057507044200e+00
2.265482335237432476e+00
2.129776282670121201e+00
1.937173985974965262e+00
1.690003332306821093e+00
1.391341234289006579e+00
1.044975577126596278e+00
6.553573553209610658e-01
2.275436012409883801e-01
-2.328681644488159730e-01
-7.198131120725617116e-01
-2.036643513495146163e+00
