1.887408309237575521e+00
1.917126251308662210e+00
1.946167618170365321e+00
1.974203705376928131e+00
2.000917186731195674e+00
2.026005705938280332e+00
2.049185298822525425e+00
2.070193607373437494e+00
2.088792849242429917e+00
2.104772509080169218e+00
2.117951721252632424e+00
2.128181316967134418e+00
2.135345512637949916e+00
2.139363220381767405e+00
2.140188965810159161e+00
2.137813402731031154e+00
2.132263418933411536e+00
2.123601831858258127e+00
2.111926677599824220e+00
2.097370101285022326e+00
2.080096861390009266e+00
2.060302464922880272e+00
2.038210954579379841e+00
2.014072372917696363e+00
1.988159932254048634e+00
1.960766922311578897e+00
1.932203390623298045e+00
1.902792633261913613e+00
1.872867535616181023e+00
1.842766804630669775e+00
1.812831135154302498e+00
1.783399353788816866e+00
1.754804583882967561e+00
1.727370475078941592e+00
1.701407540086840031e+00
1.677209640149400549e+00
1.655050658976204847e+00
1.635181402793411065e+00
1.617826761595772656e+00
1.603183163731284999e+00
1.591416352628721276e+00
1.582659510832147731e+00
1.577011752575512293e+00
1.574537001959094962e+00
1.575263269425159596e+00
1.579182334722020409e+00
1.586249839944884998e+00
1.596385791600395399e+00
1.609475466012252109e+00
1.625370707820097183e+00
1.643891606874608557e+00
1.664828534548882022e+00
1.687944516418133700e+00
1.712977914452560979e+00
1.739645388364997824e+00
1.767645102595366557e+00
1.796660142633711654e+00
1.826362102014185806e+00
1.856414799380639247e+00
1.886478083552227458e+00
1.916211683521449771e+00
1.945279059808440403e+00
1.973351213580000207e+00
2.000110410419887241e+00
2.025253776602907507e+00
2.048496727168407805e+00
2.069576186992556632e+00
2.088253568401732263e+00
2.104317471624927993e+00
2.117586077520131393e+00
2.127909205492622746e+00
2.135170013312667869e+00
2.139286319593226793e+00
2.140211533959233137e+00
2.137935184380330256e+00
2.132483035698450102e+00
2.123916798008685269e+00
2.112333428194141050e+00
2.097864032520339705e+00
2.080672382710148760e+00
2.060953062295032723e+00
2.038929264223126481e+00
2.014850264651891099e+00
1.988988601518197674e+00
1.961636989820179755e+00
1.933105008525195290e+00
1.903715596603114513e+00
1.873801397844532701e+00
1.843700995835063416e+00
1.813755081700117788e+00
1.784302597995508499e+00
1.755676902389226246e+00
1.728201994555715881e+00
1.702188848988521519e+00
1.677931895238316873e+00
1.655705685414724071e+00
1.635761786670767659e+00
1.618325933842347686e+00
1.603595474470561610e+00
1.591737135125360636e+00
1.582885134312389086e+00
1.577139663322054464e+00
1.574565752215320025e+00
1.575192533781555326e+00
1.579012913799323181e+00
1.585983651332262268e+00
1.596025848151229720e+00
1.609025841743187524e+00
1.624836491799319216e+00
1.643278845621272133e+00
1.664144163595641324e+00
1.687196281811375487e+00
1.712174285078853053e+00
1.738795460096071999e+00
1.766758495336576695e+00
1.795746891441223791e+00
1.825432543513287209e+00
1.855479454770738057e+00
1.885547539522753446e+00
1.915296472426507357e+00
1.944389540456453958e+00
1.972497453987636984e+00
1.999302073857300632e+00
2.024500012220102896e+00
2.047806066440672534e+00
2.068956447157033640e+00
2.087711763978093327e+00
2.103859735021596400e+00
2.117217589624674545e+00
2.127634137031921835e+00
2.134991477646584812e+00
2.139206337476068143e+00
2.140231010667862144e+00
2.138053899467798225e+00
2.132699645489122720e+00
2.124228850806623825e+00
2.112737392032600248e+00
2.098355335138300859e+00
2.081245463303415200e+00
2.061601434456139081e+00
2.039645589357686362e+00
2.015626435040406061e+00
1.989815832083210223e+00
1.962505917560089186e+00
1.934005798489309536e+00
1.904638053208445925e+00
1.874735080274412269e+00
1.844635336213431343e+00
1.814679504703929469e+00
1.785206640551433077e+00
1.756550332099845013e+00
1.729034925514822518e+00
1.702971853674657199e+00
1.678656111220088398e+00
1.656362915660151813e+00
1.636344592325317482e+00
1.618827718425538187e+00
1.604010558538167652e+00
1.592060820552151812e+00
1.583113757467816685e+00
1.577270636537020154e+00
1.574597593070686141e+00
1.575124881886890593e+00
1.578846534871980012e+00
1.585720428530611237e+00
1.595668760760148741e+00
1.608578931453053418e+00
1.624304816960171705e+00
1.642668423989925408e+00
1.663461904223757948e+00
1.686449906845429503e+00
1.711372242357083850e+00
1.737946827531706040e+00
1.765872878169547633e+00
1.794834313521353586e+00
1.824503333845432396e+00
1.854544130606042618e+00
1.884616687319239148e+00
1.914380628026343345e+00
1.943499069836125637e+00
1.971642435930731407e+00
1.998492185877891236e+00
2.023744421027892759e+00
2.047113324187673999e+00
2.068334394640114482e+00
2.087167441892988862e+00
2.103399304272859371e+00
2.116846261593530620e+00
2.127356114591303360e+00
2.134809907590947908e+00
2.139123274904430438e+00
2.140247395723182677e+00
2.138169546695977807e+00
2.132913245938064861e+00
2.124537986841596116e+00
2.113138564700213440e+00
2.098844003769377409e+00
2.081816096906514701e+00
2.062247574320033916e+00
2.040359922154223238e+00
2.016400875600348197e+00
1.990641614908146950e+00
1.963373696034655280e+00
1.934905750670760538e+00
1.905559992996229912e+00
1.875668572701456815e+00
1.845569815554221060e+00
1.815604394062574789e+00
1.786111471576168341e+00
1.757424863468977083e+00
1.729869258853030889e+00
1.703756545587669091e+00
1.679382280179648301e+00
1.657022342529518966e+00
1.636929813387489663e+00
1.619332109861264524e+00
1.604428411397586629e+00
1.592387405371487930e+00
1.583345377799773024e+00
1.577404670788983942e+00
1.574632524177199455e+00
1.575060314480543289e+00
1.578683199758371458e+00
1.585460174416734258e+00
1.595314533329815765e+00
1.608134740026201159e+00
1.623775689113411191e+00
1.642060348651960711e+00
1.662781763889751518e+00
1.685705399677544181e+00
1.710571795052904021e+00
1.737099499946737957e+00
1.764988260773328266e+00
1.793922418847807787e+00
1.823574483166099602e+00
1.853608837108859042e+00
1.883685537115115993e+00
1.913464160330367259e+00
1.942607657679548572e+00
1.970786168753911438e+00
1.997680755333053781e+00
2.022987011284253622e+00
2.046418507980503954e+00
2.067710036240311577e+00
2.086620608095403284e+00
2.102936184410837406e+00
2.116472097485003978e+00
2.127075141209318954e+00
2.134625305130165795e+00
2.139037132786117734e+00
2.037068580701439924e+00
2.035811701259982787e+00
2.032534906427139187e+00
2.027275284575317027e+00
2.020092366686439878e+00
2.011067452551073220e+00
2.000302690577484999e+00
1.987919921625821651e+00
1.974059299953440316e+00
1.958877706880232328e+00
1.942546975128828679e+00
1.925251943937504429e+00
1.907188366958941561e+00
1.888560696624302926e+00
1.869579770050249223e+00
1.850460422680967776e+00
1.831419056675148482e+00
1.812671191560134343e+00
1.794429024876112999e+00
1.776899030420196590e+00
1.760279621274633444e+00
1.744758904070149219e+00
1.730512549902759822e+00
1.717701806002080778e+00
1.706471670656023010e+00
1.696949252049001933e+00
1.689242329589107250e+00
1.683438134007858800e+00
1.679602360039965880e+00
1.677778422858074325e+00
1.677986966678529868e+00
1.680225631100004113e+00
1.684469077819675364e+00
1.690669277424578176e+00
1.698756053012075107e+00
1.708637874486489405e+00
1.720202894541655647e+00
1.733320214603637721e+00
1.747841366405037844e+00
1.763601992421731435e+00
1.780423706151997854e+00
1.798116111182519239e+00
1.816478956188438687e+00
1.835304401476160585e+00
1.854379371415018296e+00
1.873487966131863303e+00
1.892413905171799415e+00
1.910942975466547233e+00
1.928865455903093551e+00
1.945978491050200487e+00
1.962088387175750182e+00
1.977012804567486626e+00
1.990582821343377828e+00
2.002644845392403727e+00
2.013062352805458310e+00
2.021717433119970764e+00
2.028512123888397412e+00
2.033369519465293429e+00
2.036234641463156247e+00
2.037075061024803180e+00
2.035881265869097234e+00
2.032666767955611409e+00
2.027467950549640907e+00
2.020343656418542633e+00
2.011374521820417094e+00
2.000662063823345882e+00
1.988327531285396743e+00
1.974510532500519000e+00
1.959367455043347972e+00
1.943069695697868138e+00
1.925801720504477510e+00
1.907758976882793611e+00
1.889145681461817716e+00
1.870172508655883803e+00
1.851054206148223136e+00
1.832007164271270083e+00
1.813246966794665127e+00
1.794985950842313827e+00
1.777430803556604433e+00
1.760780222711855636e+00
1.745222667755389256e+00
1.730934226730977965e+00
1.718076623227945410e+00
1.706795385914185337e+00
1.697218201371266666e+00
1.689453468875025122e+00
1.683589073479348608e+00
1.679691391289998226e+00
1.677804538187257721e+00
1.677949870500749618e+00
1.680125743288009676e+00
1.684307528952755151e+00
1.690447895992107874e+00
1.698477344717777449e+00
1.708304993887649337e+00
1.719819609344293454e+00
1.732890863017760852e+00
1.747370808042652879e+00
1.763095553293367201e+00
1.779887118384307465e+00
1.797555448139253720e+00
1.815900563729134332e+00
1.834714826130590559e+00
1.853785286286348866e+00
1.872896095367202252e+00
1.891830947854994616e+00
1.910375529794666738e+00
1.928319944504795824e+00
1.945461088291268403e+00
1.961604949274588838e+00
1.976568803311566036e+00
1.990183282156861910e+00
2.002294290455928216e+00
2.012764749871872372e+00
2.021476150605361788e+00
2.028329892746704388e+00
2.033248402278030831e+00
2.036176009094101680e+00
2.037079577103891648e+00
2.035948879281128221e+00
2.032796713418798085e+00
2.027658757277444046e+00
2.020593164766756100e+00
2.011679907731077410e+00
2.001019870788812494e+00
1.988733709470795752e+00
1.974960484581766318e+00
1.959856088241918703e+00
1.943591479423363300e+00
1.926350748952564640e+00
1.908329035879991586e+00
1.889730318800572295e+00
1.870765107123812721e+00
1.851648058424974597e+00
1.832595548845270983e+00
1.813823224040484128e+00
1.795543558397575845e+00
1.777963450145281010e+00
1.761281879578397991e+00
1.745687656901129481e+00
1.731357285180515237e+00
1.718452962598079115e+00
1.707120746611190176e+00
1.697488900803062917e+00
1.689666443132564311e+00
1.683741912015441100e+00
1.679782364203067146e+00
1.677832615801217120e+00
1.677914735019381931e+00
1.680027792391940000e+00
1.684147871298306232e+00
1.690228338662984608e+00
1.698200372771604849e+00
1.707973742228872771e+00
1.719437827241788508e+00
1.732462871668770887e+00
1.746901451663353866e+00
1.762590144289654326e+00
1.779351377223377106e+00
1.796995438602544848e+00
1.815322624279478214e+00
1.834125498170370294e+00
1.853191240118707173e+00
1.872304054698261888e+00
1.891247613691664275e+00
1.909807504599351224e+00
1.927773657465484014e+00
1.944942722552827297e+00
1.961120371954897745e+00
1.976123499094596614e+00
1.989782291214328147e+00
2.001942151400154302e+00
2.012465448385546640e+00
2.021233074329625623e+00
2.028145792938166547e+00
2.033125362668693370e+00
2.036115422306661316e+00
2.037082128889348365e+00
2.036014540757121516e+00
2.032924741396512136e+00
2.027847702673381214e+00
2.020840889004177576e+00
2.011983606945462633e+00
2.001376107563376028e+00
1.989138451742855640e+00
1.975409151279611253e+00
1.960343601135624558e+00
1.944112320602692234e+00
1.926899023281381407e+00
1.908898537720310928e+00
1.890314602251011333e+00
1.871357558977469360e+00
1.852241973020953170e+00
1.833184203966637726e+00
1.814399956999617869e+00
1.796101841447744096e+00
1.778496964364876254e+00
1.761784586391594853e+00
1.746153866425450563e+00
1.731781720627716403e+00
1.718830819999423998e+00
1.707447749191130626e+00
1.697761347385882802e+00
1.689881250034102278e+00
1.683896647945742897e+00
1.679875277784917742e+00
1.677862655393088875e+00
1.677881560618427859e+00
1.679931779482314758e+00
1.683990106601251480e+00
1.690010607836783141e+00
1.697925140200626348e+00
1.707644123130459324e+00
1.719057552406697331e+00
1.732036245234251925e+00
1.746433302396812381e+00
1.762085770934291862e+00
1.778816488524410655e+00
1.796436088692832778e+00
1.814745144155867962e+00
1.833536424036370294e+00
1.852597239404526697e+00
1.871711850595562332e+00
1.890663909057178405e+00
1.909238906088654542e+00
1.927226600755630903e+00
1.944423399500195604e+00
1.960634660512718286e+00
1.975676896783394643e+00
1.989379852898287560e+00
2.001588432073680313e+00
2.012164451617608485e+00
2.020988206949393629e+00
2.027959826474849070e+00
2.033000401982008487e+00
2.036052881763000144e+00
2.037082716353283640e+00
2.036078249579448496e+00
2.033050850489506178e+00
2.028034784672425150e+00
2.021086826423371452e+00
2.012285616144373179e+00
2.001730770253641989e+00
1.989541753678053082e+00
1.975856527690468489e+00
1.960829988396317614e+00
1.944632213543452171e+00
1.927446537498702650e+00
1.909467476179521839e+00
1.890898525427354260e+00
1.883810967412332005e+00
1.849168502603519837e+00
1.814618641743782845e+00
1.780552437117907338e+00
1.747355466752018582e+00
1.715403470252214513e+00
1.685058095999237837e+00
1.656662807834605289e+00
1.630538997568234949e+00
1.606982347308187009e+00
1.586259482785425501e+00
1.568604955552906688e+00
1.554218588215972918e+00
1.543263212742023827e+00
1.535862827448364998e+00
1.532101193528398575e+00
1.532020887001315002e+00
1.535622816815807035e+00
1.542866214562146787e+00
1.553669095909052444e+00
1.567909188542601528e+00
1.585425316104292381e+00
1.606019222464192708e+00
1.629457815681135457e+00
1.655475806251721416e+00
1.683778709787151495e+00
1.714046180132092090e+00
1.745935635199692193e+00
1.779086134483840453e+00
1.813122464360964692e+00
1.847659384941999550e+00
1.882305990406582863e+00
1.916670133466987114e+00
1.950362863883635445e+00
1.983002830794831528e+00
2.014220599032999548e+00
2.043662830573270028e+00
2.070996283786685321e+00
2.095911585232519414e+00
2.118126731298772825e+00
2.137390280057458458e+00
2.153484197207768958e+00
2.166226323895336314e+00
2.175472438475545278e+00
2.181117888884912315e+00
2.183098777144506730e+00
2.181392682588642273e+00
2.176018915632977446e+00
2.167038299209751440e+00
2.154552480343983945e+00
2.138702779662544629e+00
2.119668591857930551e+00
2.097665355211083771e+00
2.072942113155155308e+00
2.045778695479706588e+00
2.016482551079767482e+00
1.985385268098333045e+00
1.952838820849000179e+00
1.919211585997899094e+00
1.884884173095765059e+00
1.850245116652220911e+00
1.815686478511461255e+00
1.781599410303852382e+00
1.748369726199791918e+00
1.716373536075507467e+00
1.685972988516881488e+00
1.657512171843991133e+00
1.631313219550573734e+00
1.607672664239041094e+00
1.586858081318912150e+00
1.569105060456987166e+00
1.554614539057858069e+00
1.543550527955720675e+00
1.536038255059250623e+00
1.532162747960660765e+00
1.531967871551673355e+00
1.535455831539145777e+00
1.542587149479793140e+00
1.553281109616597044e+00
1.567416672459352123e+00
1.584833844769042432e+00
1.605335490439853352e+00
1.628689561782380446e+00
1.654631725953293442e+00
1.682868356804206211e+00
1.713079858286551627e+00
1.744924281796551790e+00
1.778041196517365030e+00
1.812055768951979173e+00
1.846583005472766104e+00
1.881232109868292479e+00
1.915610906566713290e+00
1.949330279471383376e+00
1.982008576167841873e+00
2.013275927653195740e+00
2.042778434695043721e+00
2.070182173436706741e+00
2.095176974911359569e+00
2.117479935686646275e+00
2.136838619904593450e+00
2.153033916474575982e+00
2.165882519080180479e+00
2.175239000930090150e+00
2.180997460769885432e+00
2.183092721524428903e+00
2.181501068003994348e+00
2.176240515324423974e+00
2.167370605003208883e+00
2.154991731039360925e+00
2.139244003604853006e+00
2.120305663208923441e+00
2.098391063284485991e+00
2.073748244030766408e+00
2.046656124972565660e+00
2.017421348012164106e+00
1.986374806705762497e+00
1.953867901047763977e+00
1.920268560153155502e+00
1.885957077855196840e+00
1.851321808353094012e+00
1.816754770628581817e+00
1.782647211382652586e+00
1.749385176713318391e+00
1.717345142656388823e+00
1.686889754044908596e+00
1.658363719916898571e+00
1.632089911929271997e+00
1.608365709937929378e+00
1.587459636106570260e+00
1.569608315641045859e+00
1.555013798549108373e+00
1.543841272739254089e+00
1.536217194342890169e+00
1.532227856421757739e+00
1.531918412260704576e+00
1.535292364300643975e+00
1.542311524496207564e+00
1.552896446546785825e+00
1.566927325108760982e+00
1.584245351811192748e+00
1.604654512726916060e+00
1.627923806954385100e+00
1.653789861199274958e+00
1.681959910762693911e+00
1.712115113195776583e+00
1.743914157115022734e+00
1.776997125332061556e+00
1.810989568573089237e+00
1.845506743679539818e+00
1.880157968320017803e+00
1.914551042924705015e+00
1.948296689792593073e+00
1.981012959127617545e+00
2.012329552133919286e+00
2.041892012239391097e+00
2.069365737009153605e+00
2.094439765340161852e+00
2.116830297071602640e+00
2.136283905174440445e+00
2.152580404162923955e+00
2.165535342261988738e+00
2.175002089123007298e+00
2.180873495458037326e+00
2.183083105808066193e+00
2.181605910718514618e+00
2.176458629808520673e+00
2.167699522530083911e+00
2.155427728758986916e+00
2.139782146681025843e+00
2.120939860674143418e+00
2.099114136980528400e+00
2.074552009854604862e+00
2.047531485508055749e+00
2.018358395499081581e+00
1.987362935180675860e+00
1.954895926387548943e+00
1.921324846662391117e+00
1.887029669964660039e+00
1.852398565938783825e+00
1.817823506419601776e+00
1.783695828902701841e+00
1.750401807194562842e+00
1.718318279376014557e+00
1.687808382563831922e+00
1.659217442746612647e+00
1.632869066215720810e+00
1.609061476830430326e+00
1.588064140573907101e+00
1.570114715604919331e+00
1.555416362326149660e+00
1.544135443915028105e+00
1.536399643343627108e+00
1.532296518200107593e+00
1.531872509668956939e+00
1.535132416886864970e+00
1.542039342623739095e+00
1.552515110903667672e+00
1.566441151838989354e+00
1.583659843662484246e+00
1.603976296767907206e+00
1.627160559566221298e+00
1.652950221190546465e+00
1.681053381591178786e+00
1.711151955403628744e+00
1.742905272194917199e+00
1.775953932338762531e+00
1.809923874876974370e+00
1.844430611324977320e+00
1.879083577501245106e+00
1.913490554124388954e+00
1.947262106143545557e+00
1.980015990555427097e+00
2.011381482818270783e+00
2.041003572894180884e+00
2.068546983427004271e+00
2.093699964576013262e+00
2.116177822553654941e+00
2.135726141929572108e+00
2.152123665229324523e+00
2.165184797235116143e+00
2.174761705643545540e+00
2.180745994304206015e+00
2.183069930100510536e+00
2.181707209586360108e+00
2.176673256701456616e+00
2.168025048195581395e+00
2.155860468737774038e+00
2.140317203009598934e+00
2.121571177322329582e+00
2.099834568396613310e+00
2.075353401842174872e+00
2.048404767519220737e+00
2.019293683299365760e+00
1.988349642723648003e+00
1.955922885632889852e+00
1.922380433981255798e+00
1.888101937701610167e+00
1.853475377641234489e+00
1.818892674204122484e+00
1.784745251403482058e+00
1.751419606532610196e+00
1.719292935598802252e+00
1.688728864033802957e+00
1.660073331002650310e+00
1.633650673894407879e+00
1.609759957312396184e+00
1.588671588114188626e+00
1.570624254814075860e+00
1.555822225989293095e+00
1.544433038267991609e+00
1.616681390259478990e+00
1.613517486139790291e+00
1.613113399848168594e+00
1.615473705031617468e+00
1.620571686597461092e+00
1.628349643087878107e+00
1.638719539773321410e+00
1.651564005072805985e+00
1.666737659023076468e+00
1.684068758760386419e+00
1.703361142390546368e+00
1.724396449245527707e+00
1.746936591396681004e+00
1.770726448450800738e+00
1.795496755127959254e+00
1.820967148938109403e+00
1.846849343461388626e+00
1.872850391315318719e+00
1.898675999877083020e+00
1.924033862231891767e+00
1.948636965646133090e+00
1.972206840118365001e+00
1.994476710239507566e+00
2.015194514687852045e+00
2.034125759182846327e+00
2.051056170606471607e+00
2.065794122251550569e+00
2.078172802746907522e+00
2.088052104110340590e+00
2.095320207559535852e+00
2.099894849131942465e+00
2.101724250788677306e+00
2.100787706463786542e+00
2.097095816425662562e+00
2.090690367298004393e+00
2.081643859098301075e+00
2.070058684647038572e+00
2.056065970635506446e+00
2.039824093469526645e+00
2.021516886687559911e+00
2.001351560242472960e+00
1.979556355197580109e+00
1.956377960382249093e+00
1.932078720246648285e+00
1.906933665518464105e+00
1.881227400270132133e+00
1.855250880630238575e+00
1.829298121599229443e+00
1.803662869243327194e+00
1.778635275932338944e+00
1.754498616252719190e+00
1.731526080766756515e+00
1.709977683907669466e+00
1.690097321008630082e+00
1.672110007775658103e+00
1.656219333449406195e+00
1.642605156482196183e+00
1.631421568811775025e+00
1.622795151773112288e+00
1.616823543388727247e+00
1.613574333253611215e+00
1.613084297523023514e+00
1.615358982661908138e+00
1.620372642667282204e+00
1.628068530474136466e+00
1.638359540246569823e+00
1.651129193284402108e+00
1.666232956386276776e+00
1.683499877747380857e+00
1.702734521875888252e+00
1.723719181627792585e+00
1.746216342323218873e+00
1.769971370054179038e+00
1.794715393756111776e+00
1.820168348422591453e+00
1.846042145018551350e+00
1.872043931213366319e+00
1.897879406027318527e+00
1.923256150874536496e+00
1.947886939300080167e+00
1.971492987949969855e+00
1.993807111978020075e+00
2.014576749175085890e+00
2.033566818592124292e+00
2.050562381301761050e+00
2.065371073182591832e+00
2.077825282190728373e+00
2.087784045475180594e+00
2.095134644864612206e+00
2.099793882666924016e+00
2.101709023341577165e+00
2.100858390386325159e+00
2.097251611682507288e+00
2.090929510521964296e+00
2.081963643548976339e+00
2.070455490847047386e+00
2.056535307337492569e+00
2.040360648490310957e+00
2.022114587034038014e+00
2.002003640848728949e+00
1.980255435495221095e+00
1.957116127837312591e+00
1.932847619917528625e+00
1.907724594621254210e+00
1.882031406681001551e+00
1.856058864209960246e+00
1.830100937193038346e+00
1.804451430190248340e+00
1.779400656912489165e+00
1.755232154308469683e+00
1.732219473354312145e+00
1.710623082869354050e+00
1.690687421402189416e+00
1.672638130555173630e+00
1.656679501062016335e+00
1.642992160524981760e+00
1.631731028983008036e+00
1.623023565450669725e+00
1.616968325274482865e+00
1.613633844635113501e+00
1.613057864821244358e+00
1.615246905055141013e+00
1.620176188704897102e+00
1.627789923718512277e+00
1.638001934105726143e+00
1.650696635320183292e+00
1.665730342502051320e+00
1.682932896773809750e+00
1.702109591181948378e+00
1.723043374485834445e+00
1.745497307850213176e+00
1.769217246635242047e+00
1.793934716930281059e+00
1.819369954273401646e+00
1.845235070162882351e+00
1.871237310520609265e+00
1.897082369226425813e+00
1.922477719219257253e+00
1.947135923462003371e+00
1.970777888295003777e+00
1.993136022355082693e+00
2.013957265305951871e+00
2.033005952099307123e+00
2.050066480347542797e+00
2.064945750617398712e+00
2.077475352024127364e+00
2.087513468388571880e+00
2.094946483382281954e+00
2.099690266492891588e+00
2.101691125254562031e+00
2.100926412965661960e+00
2.097404785015253292e+00
2.091166100917150494e+00
2.082280973160375304e+00
2.070849967982346662e+00
2.057002467110836008e+00
2.040895203358071619e+00
2.022710486641822403e+00
2.002654140512262426e+00
1.980953172540007579e+00
1.957853204932973545e+00
1.933615694463681089e+00
1.908514973173161211e+00
1.882835143346237139e+00
1.856866861902414900e+00
1.830904050598204824e+00
1.805240569276380658e+00
1.780166889816046538e+00
1.755966808429320736e+00
1.732914233516495317e+00
1.711270085436320976e+00
1.691279343281288261e+00
1.673168272084016195e+00
1.657141861838551611e+00
1.643381507322979829e+00
1.632042954984286309e+00
1.623254540123631573e+00
1.617115734334399590e+00
1.613696019633887202e+00
1.613034102031718264e+00
1.615137473436231819e+00
1.619982326857383415e+00
1.627513825865946284e+00
1.637646725259135350e+00
1.650266335907651483e+00
1.665229822863552922e+00
1.682367822036307636e+00
1.701486357138696448e+00
1.722369035205665311e+00
1.744779495836114247e+00
1.768464086435943550e+00
1.793154733182627858e+00
1.818571975216315417e+00
1.844428127715041166e+00
1.870430538052747060e+00
1.896284898185346179e+00
1.921698575773667095e+00
1.946383926339882997e+00
1.970061548968913279e+00
1.992463448705148910e+00
2.013336069850887089e+00
2.032443165834202592e+00
2.049568473163603244e+00
2.064518159204388859e+00
2.077123016071555472e+00
2.087240375807701387e+00
2.094755725168993887e+00
2.099584001742283323e+00
2.101670556723243877e+00
2.100991773458367629e+00
2.097555334749843237e+00
2.091400135897826029e+00
2.082595844464345092e+00
2.071242111741628644e+00
2.057467444849873317e+00
2.041427752230567272e+00
2.023304578998224024e+00
2.003303052123659000e+00
1.981649558706243042e+00
1.958589183613580920e+00
1.934382935490684297e+00
1.909304792536002271e+00
1.883638601481659958e+00
1.857674864876854182e+00
1.831707453037368705e+00
1.806030277877087808e+00
1.780933966268707813e+00
1.756702570586114343e+00
1.733610353660161918e+00
1.711918684537365509e+00
1.691873080176710786e+00
1.673700426568184740e+00
1.657606410725789514e+00
1.643773192620949342e+00
1.632357343406517280e+00
1.623488073267635556e+00
1.617265768957420358e+00
1.613760857570411211e+00
1.613013009414153487e+00
1.615030689001176967e+00
1.619791059243492981e+00
1.627240239933963162e+00
1.637293917588932501e+00
1.649838299749622372e+00
1.664731402941049154e+00
1.681804659710668171e+00
1.700864826557563880e+00
1.721696171157254263e+00
1.744062914126015773e+00
1.771682103233376493e+00
