3.155896551431328412e+00
3.272270077332025018e+00
3.360985267683314515e+00
3.412039763868310871e+00
3.419633787874799769e+00
3.382839309340869960e+00
3.305724013754496315e+00
3.196912660927746064e+00
3.068631809589182691e+00
2.935342618732375897e+00
2.812113825994586591e+00
2.712917567335888069e+00
2.649040809483877101e+00
2.627793470006433374e+00
2.651661917376004762e+00
2.718006960170656239e+00
2.819344134230871823e+00
2.944177959363929453e+00
3.078298370482503099e+00
3.206394015248968277e+00
3.313799773883565614e+00
3.388179132299691254e+00
3.420948045166071871e+00
3.408275190277807454e+00
3.351541003784948458e+00
3.257199315098675996e+00
3.136053824372553311e+00
3.002029256055655626e+00
2.870575963055797430e+00
2.756890148090201720e+00
2.674154539042389978e+00
2.632003477726496676e+00
2.635391833289053576e+00
2.684001558493777306e+00
2.772258171262556026e+00
2.889958977947066465e+00
3.023443587440522329e+00
3.157173504886424897e+00
3.275538859918755819e+00
3.364682458606632398e+00
3.414127810248936967e+00
3.418019214136771566e+00
3.375826117702907858e+00
3.292425806282678113e+00
3.177550949385052004e+00
3.044663177614306715e+00
2.909381920948865385e+00
2.787651111818933991e+00
2.693858604308817295e+00
2.639130273983365083e+00
2.630001665526781718e+00
2.667626767236515040e+00
2.747620923406659976e+00
2.860560299754333347e+00
2.993082450549184870e+00
3.129460636001754725e+00
3.253467225910115612e+00
3.350305770096973390e+00
3.408381584364251093e+00
3.420698393609402199e+00
3.385711824495316602e+00
3.307534400609327463e+00
3.195463693097698954e+00
3.062886295584578367e+00
2.925685624967356624e+00
2.800342086404972175e+00
2.701952458767966192e+00
2.642406637688796689e+00
2.628942513938156367e+00
2.663255606494756123e+00
2.741274213556248451e+00
2.853631070001816816e+00
2.986778349844247948e+00
3.124614495680861470e+00
3.250428359416781543e+00
3.348926291653380183e+00
3.408096171921342066e+00
3.420680592660828800e+00
3.385077534585376302e+00
3.305555512213600000e+00
3.191753134474251574e+00
3.057520293502887121e+00
2.919239118963207869e+00
2.793827444959625872e+00
2.696667767965432283e+00
2.639715380790121024e+00
2.630018984219874234e+00
2.668837850731777817e+00
2.751467364095161017e+00
2.867798198722153469e+00
3.003544094762007788e+00
3.141990251707988513e+00
3.266049118039141330e+00
3.360371015789648919e+00
3.413248690767958671e+00
3.418078807942345421e+00
3.374196908393634509e+00
3.286979001653673738e+00
3.167193439394439203e+00
3.029679854143124462e+00
2.891516169620387267e+00
2.769899426735507930e+00
2.680003190356980536e+00
2.633078767399147146e+00
2.635038567059615033e+00
2.685701029625299441e+00
2.778794789910410401e+00
2.902725201109454645e+00
3.042010790003089049e+00
3.179212636631006728e+00
3.297116781974232858e+00
3.380896636166175639e+00
3.419983375372598111e+00
3.409407596704702392e+00
3.350440843725482232e+00
3.250452986615898432e+00
3.121999959254024404e+00
2.981253643026001043e+00
2.845969426066514263e+00
2.733246460201785855e+00
2.657363182069735874e+00
2.627962551834032823e+00
2.648818485591216465e+00
2.717342346310207102e+00
2.824895151178657304e+00
2.957869076197181979e+00
3.099403831443521273e+00
3.231522055041197383e+00
3.337413514703854389e+00
3.403577713451470643e+00
3.421551254082250360e+00
3.388998102697371451e+00
3.310021287880347440e+00
3.194653456810639280e+00
3.057588526722935018e+00
2.916314024083284107e+00
2.788881073593778126e+00
2.691596353070034198e+00
2.636931432810068365e+00
2.631918157091548416e+00
2.677237349509283604e+00
2.767119854729779060e+00
2.890074994160221511e+00
3.030355218008843554e+00
3.169970761145033844e+00
3.290996744568450705e+00
3.377876711699019818e+00
3.419426147617920186e+00
3.410277311469544603e+00
3.351577989562454007e+00
3.250852469137737177e+00
3.121040862956185880e+00
2.978838984288141756e+00
2.842551555534298391e+00
2.729734860965992382e+00
2.654932744283344359e+00
2.627798402917848275e+00
2.651845118123044021e+00
2.723988174183171296e+00
2.834938168281374349e+00
2.970395877157188114e+00
3.112895079775663820e+00
3.244055707641275266e+00
3.346956340821033216e+00
3.408319357695924534e+00
3.420226068598809288e+00
3.381139844551321438e+00
3.296104748934692630e+00
3.176093893769578624e+00
3.036591826771834590e+00
2.895594417918671226e+00
2.771285078537441215e+00
2.679687930342659286e+00
2.632601334674193438e+00
2.636078655984348540e+00
2.689652046664965823e+00
2.786398669766612102e+00
2.913839665391383171e+00
3.055554495807532245e+00
3.193301040202368046e+00
3.309366886027154120e+00
3.388848030896785879e+00
3.421561357097264722e+00
3.403345333119594418e+00
3.336583074180369479e+00
3.229882721334007112e+00
3.096958940198952348e+00
2.954862078837018569e+00
2.821784903215857288e+00
2.714730169512757918e+00
2.647338867518820749e+00
2.628156850657112464e+00
2.659559846040854492e+00
2.737471185051391309e+00
2.851904236686230831e+00
2.988255758490231173e+00
3.129180830974801708e+00
3.256806904447752782e+00
3.355002958409045721e+00
3.411414894194670477e+00
3.419010330091111438e+00
3.376940477502812676e+00
3.290615164127292935e+00
3.170987791547742241e+00
3.033147086937413750e+00
2.894399195738195374e+00
2.772086106093859303e+00
2.681416980350814772e+00
2.633584245686005243e+00
2.634397359265027383e+00
2.683599436065325250e+00
2.774944395417092480e+00
2.897016286870219837e+00
3.034680209033958409e+00
3.170977252174476124e+00
3.289223550746879887e+00
3.375051917003304869e+00
3.418145751356619577e+00
3.413456940988852217e+00
3.361766412777925872e+00
3.269529069658105858e+00
3.148033383778335637e+00
3.011988896708956531e+00
2.877722206939463234e+00
2.761205826219327975e+00
2.676159791667153787e+00
2.632451976488945800e+00
2.634982141290393098e+00
2.683172626764276369e+00
2.771113338624555666e+00
2.888329784463513406e+00
3.021069987427785541e+00
3.153947674685764202e+00
3.271741722256171769e+00
3.361139174430615384e+00
3.412221883682650336e+00
3.419532517794297455e+00
3.382609299913328815e+00
3.305943411834483481e+00
3.198380529314407639e+00
3.072050495088038513e+00
2.940959637816288996e+00
2.819413409908327672e+00
2.720449808329100883e+00
2.654455932269065510e+00
2.628112929133352704e+00
2.643772477039604940e+00
2.699316341697951316e+00
2.788495703017595861e+00
2.901695159413677505e+00
3.027023164014523537e+00
3.151600403897965474e+00
3.262902874415264165e+00
3.350017816381783753e+00
3.404687132497862034e+00
3.422041661748438823e+00
3.400966886609788187e+00
3.344081752537828578e+00
3.257352670852224463e+00
3.149400252310092352e+00
3.030583522499312732e+00
2.911963086864605810e+00
2.804250014406639124e+00
2.716841442886237967e+00
2.657028549732509237e+00
2.629439925213024498e+00
2.635756411195477877e+00
2.674705198568243070e+00
2.742314323347374128e+00
2.832386137343982924e+00
2.937131672031439766e+00
3.047898109128940103e+00
3.155919066074423185e+00
3.253021610869474500e+00
3.332233746272982522e+00
3.388250029978857825e+00
3.417729283023736020e+00
3.419415216590505846e+00
3.394086663851579200e+00
3.344357616849754855e+00
3.274357500580333813e+00
3.189328553823568502e+00
3.095179732682254325e+00
2.998035481867222352e+00
2.903813596755399296e+00
2.817859990025402439e+00
2.744660341681805615e+00
2.687640214880751888e+00
2.649057049104702077e+00
2.629980146012859343e+00
2.630348815345091129e+00
2.649094531810456843e+00
2.684310367243899265e+00
2.733450040689090699e+00
2.793539477884971589e+00
2.861385505991989486e+00
2.933768894809945849e+00
3.007612046071418188e+00
3.080117697591962855e+00
3.148882965446319293e+00
3.211962194968046802e+00
3.267884391469787708e+00
3.315636764367157152e+00
3.354622961822012250e+00
3.384604667584649285e+00
3.405634482847251565e+00
3.417986315088365146e+00
3.422091321351643955e+00
3.418492233519215162e+00
3.407807799930695936e+00
3.390703949256127725e+00
3.367871059222499852e+00
3.340006591095164623e+00
3.307802309539566110e+00
3.271935321229574978e+00
3.233062213588898448e+00
3.191815642076832216e+00
3.148802789649899125e+00
3.104605198158589818e+00
3.059779543867145346e+00
3.014858995393681074e+00
2.970354850959972204e+00
2.926758202700694422e+00
2.884541419351030811e+00
2.844159275760719030e+00
2.806049589454910453e+00
2.770633252073773978e+00
2.738313568191141467e+00
2.709474836918125629e+00
2.684480133939834534e+00
2.663668274193721874e+00
2.647349959113949325e+00
2.635803137900104343e+00
2.629267640079929080e+00
2.627939166952213412e+00
2.631962762279124401e+00
2.641425917515353383e+00
2.656351503258277180e+00
2.676690755478318362e+00
2.702316581084080127e+00
2.733017480780301156e+00
2.768492415944816099e+00
2.808346968052840342e+00
2.852091151474316355e+00
2.899139240617505830e+00
2.948811957783206150e+00
3.000341336329552799e+00
3.052878522839200137e+00
3.105504710574363614e+00
3.157245304110213979e+00
3.207087302262274342e+00
3.253999755173260677e+00
3.296957005067419733e+00
3.334964263633539705e+00
3.367084918728402432e+00
3.392468807002305464e+00
3.410380546224976328e+00
3.420226901422383392e+00
3.421582072587192158e+00
3.414209748033770531e+00
3.398080499458038251e+00
3.373382483186406766e+00
3.340525358285719726e+00
3.300137659006703306e+00
3.253057462234756780e+00
3.200316389668384165e+00
3.143117219231918114e+00
3.082805612320221211e+00
3.020836683526572308e+00
2.958737338491294278e+00
2.898065475124425472e+00
2.840367276500533666e+00
2.787133914433630899e+00
2.739759027045519435e+00
2.699498329354611315e+00
2.667432662821076050e+00
2.644435689653940269e+00
2.631147294176277018e+00
2.627953572034748220e+00
2.634974075385095205e+00
2.652056746407129406e+00
2.678780721437641787e+00
2.714466932926704601e+00
2.758196185634978814e+00
2.808834145972631369e+00
2.865062467418799663e+00
2.925415087833898919e+00
2.988318582201623386e+00
3.052135341469589314e+00
3.115208277664993641e+00
3.175905728670482375e+00
3.232665252648536658e+00
3.284035060245688253e+00
3.328711929120919510e+00
3.365574575532288559e+00
3.393711616189537317e+00
3.412443434099817985e+00
3.421337457981243446e+00
3.420216569069860491e+00
3.409160554926998543e+00
3.388500730588996479e+00
3.358808037024427318e+00
3.320875100002551150e+00
3.275692884594981091e+00
3.224422708034056839e+00
3.168364473939689674e+00
3.108922062425048871e+00
3.047566852727038089e+00
2.985800368155039575e+00
2.925117018556788739e+00
2.866967875170534086e+00
2.812726349316791108e+00
2.763656563035934877e+00
2.720885100020910219e+00
2.685376712774460106e+00
2.657914440676590662e+00
2.639084467384457788e+00
2.629265918359967813e+00
2.628625673741739277e+00
2.637118151333026628e+00
2.654489901863849699e+00
2.680288756169647346e+00
2.713877173318640867e+00
2.754449361356534176e+00
2.801051679101357550e+00
2.852605778751469590e+00
2.907933914996322589e+00
2.965785826500823674e+00
3.024866589406329354e+00
3.083864848919212420e+00
3.141480852986440198e+00
3.196453740171805169e+00
3.247587570716520489e+00
3.293775633908414768e+00
3.334022614793658246e+00
3.367464257472852829e+00
3.393384219323156703e+00
3.411227869170223137e+00
3.420612841509310442e+00
3.421336217294225879e+00
3.413378258679748090e+00
3.396902679680817272e+00
3.372253486426015634e+00
3.339948469119557117e+00
3.300669472724953035e+00
3.255249640848689285e+00
3.204658217113536711e+00
3.149982783249830387e+00
3.092408738166468218e+00
3.033196439058089666e+00
2.973656327334391669e+00
2.915122409198387832e+00
2.858924511918402356e+00
2.806359785602404067e+00
2.758663965160260467e+00
2.716982946576478763e+00
2.682345263965157489e+00
2.655636077434905928e+00
2.637573294835696469e+00
2.628686451310704442e+00
2.629298957648559032e+00
2.639514300300008554e+00
2.659206731393832346e+00
2.688016925270293012e+00
2.725352998437564178e+00
2.770397192395253949e+00
2.822118403935080178e+00
2.879290616393388902e+00
2.940517139614562847e+00
3.004260408503453217e+00
3.068876923129851608e+00
3.132656741249366661e+00
3.193866761368564955e+00
3.250796866296041809e+00
3.301807839226084784e+00
3.345379822976307427e+00
3.380159974494726161e+00
3.405007877700205299e+00
3.419037224507655015e+00
3.421652262495116670e+00
3.412577543378552569e+00
3.391879593560688466e+00
3.359979269493328591e+00
3.317653757803009640e+00
3.266027432538533670e+00
3.206551086807164719e+00
3.140969408412310759e+00
3.071276961330934085e+00
2.999663356871324904e+00
2.928448737540827906e+00
2.860011138127272812e+00
2.796707715350243539e+00
2.740792231199240980e+00
2.694331516299165230e+00
2.659123908619378529e+00
2.636622840444505567e+00
2.627868815140684156e+00
2.633432959802716411e+00
2.653375148846123022e+00
2.687219360105349786e+00
2.507698765698222587e+00
2.610922517178194902e+00
2.730698723776173509e+00
2.862656870733951031e+00
3.001807390451625146e+00
3.142717772175677826e+00
3.279717071512046722e+00
3.407121953926182556e+00
3.519475883327943588e+00
3.611791790048781259e+00
3.679787610117274621e+00
3.720103561371606915e+00
3.730489981622982398e+00
3.709955052929268859e+00
3.658862805252998562e+00
3.578973437124619128e+00
3.473420185099333146e+00
3.346619659989851225e+00
3.204115654939418079e+00
3.052359794862766762e+00
2.898435885765539677e+00
2.749738258912894917e+00
2.613617594858164583e+00
2.497010454528160395e+00
2.406070840957683643e+00
2.345823383699298326e+00
2.319858024898795890e+00
2.330085279474618076e+00
2.376569182998982566e+00
2.457451934205475919e+00
2.568980059370310709e+00
2.705636821817443582e+00
2.860379793109322666e+00
3.024976281830914715e+00
3.190423026019706843e+00
3.347430580874410033e+00
3.486947578006815984e+00
3.600695894075830239e+00
3.681685110006311046e+00
3.724673770631160341e+00
3.726546083244948182e+00
3.686575923836671542e+00
3.606555320974008438e+00
3.490771784474696826e+00
3.345827616972897989e+00
3.180304229409978589e+00
3.004284893329693951e+00
2.828759629060902281e+00
2.664945322994102916e+00
2.523561958905207625e+00
2.414111357013999815e+00
2.344207464742864566e+00
2.319006618162743560e+00
2.340782081554205973e+00
2.408679604336592561e+00
2.518680001675379199e+00
2.663781423178496865e+00
2.834398824309275700e+00
3.018962203616874174e+00
3.204679566109783106e+00
3.378416535528998565e+00
3.527633256946343998e+00
3.641311773558385312e+00
3.710804274669667446e+00
3.730535034074661915e+00
3.698496649170112338e+00
3.616494087799727808e+00
3.490107352869123769e+00
3.328364172586167680e+00
3.143136553700883074e+00
2.948297578267321750e+00
2.758695634996349177e+00
2.589020528419719636e+00
2.452647955003187885e+00
2.360554358884672244e+00
2.320392453837091473e+00
2.335808164999910730e+00
2.406062998024460775e+00
2.526003039585391630e+00
2.686388430160456142e+00
2.874567395404851844e+00
3.075449241967838088e+00
3.272703709646566317e+00
3.450092217622446444e+00
3.592822009669065064e+00
3.688808604973612848e+00
3.729736184302059776e+00
3.711819624898951453e+00
3.636194985427677828e+00
3.508895616520955940e+00
3.340406271302510444e+00
3.144824602760099008e+00
2.938694958903156795e+00
2.739610127165326592e+00
2.564699660917160617e+00
2.429136283151308362e+00
2.344793110495203337e+00
2.319173621191901624e+00
2.354714073292538679e+00
2.448526231939724074e+00
2.592609519476344992e+00
2.774519521799260424e+00
2.978438047831266644e+00
3.186552575910654550e+00
3.380623529959696505e+00
3.543599317359940049e+00
3.661133346202428029e+00
3.722865038832374296e+00
3.723347595321058634e+00
3.662537100658292744e+00
3.545797583287283672e+00
3.383421069926516811e+00
3.189706334032740731e+00
2.981680649045809872e+00
2.777581555311782413e+00
2.595237316903958202e+00
2.450493341353931598e+00
2.355826598859251941e+00
2.319271595774445416e+00
2.343751604280705170e+00
2.426870591226645946e+00
2.561178375186238920e+00
2.734878125849782737e+00
2.932905541693196394e+00
3.138276609971911046e+00
3.333578687369493476e+00
3.502469596568019927e+00
3.631052147324448587e+00
3.709006340691106018e+00
3.730386726869702851e+00
3.694025243505002276e+00
3.603517004226029385e+00
3.466804295054685348e+00
3.295408914450538074e+00
3.103391841344238955e+00
2.906139636778040991e+00
2.719087501927311745e+00
2.556488515859849819e+00
2.430330407023129080e+00
2.349485688527491511e+00
2.319150653396268247e+00
2.340601307711491774e+00
2.411266116434419793e+00
2.525089256047307718e+00
2.673136327579995530e+00
2.844378688014663759e+00
3.026583510995501936e+00
3.207234494279038284e+00
3.374412269799269115e+00
3.517573018172291732e+00
3.628177172312182286e+00
3.700135866664445050e+00
3.730059386876687810e+00
3.717307863784930166e+00
3.663858635851308776e+00
3.574016184086987735e+00
3.453998772600197942e+00
3.311440694395400897e+00
3.154850420502084418e+00
2.993063327904134763e+00
2.834723570186746588e+00
2.687823699384955578e+00
2.559323536477769778e+00
2.454862191147554107e+00
2.378569650660979917e+00
2.332977491515371149e+00
2.319022390213954843e+00
2.336131464338633279e+00
2.382375178462265986e+00
2.454671604814887331e+00
2.549025146194994207e+00
2.660783248591353622e+00
2.784895947613958533e+00
2.916165077329800681e+00
3.049472390733000804e+00
3.179978479582573403e+00
3.303287045076156225e+00
3.415571600705339605e+00
3.513663963084565633e+00
3.595105822062383272e+00
3.658166230438330224e+00
3.701829000335626230e+00
3.725754748339372924e+00
3.730222725936826134e+00
3.716057651002502737e+00
3.684546574168235278e+00
3.637350428725021345e+00
3.576414381595680148e+00
3.503880479617142552e+00
3.422005417665053617e+00
3.333085583470466684e+00
3.239390890728691463e+00
3.143108321620595724e+00
3.046295578861084152e+00
2.950844805694534667e+00
2.858455973825411167e+00
2.770619263260543974e+00
2.688605559910183018e+00
2.613464069353455432e+00
2.546025979532592576e+00
2.486913091514992846e+00
2.436550365859095457e+00
2.395181392849171420e+00
2.362885878935744977e+00
2.339598341090006972e+00
2.325127308520143821e+00
2.319174441533596642e+00
2.321353085648412584e+00
2.331205881835551885e+00
2.348221148484310739e+00
2.371847835666983872e+00
2.401508926620707030e+00
2.436613224753230611e+00
2.476565517086066315e+00
2.520775147401379535e+00
2.568663065247237753e+00
2.619667441331578583e+00
2.673247956744863707e+00
2.728888883972110158e+00
2.786101082850937605e+00
2.844423035517289033e+00
2.903421041900618338e+00
2.962688692343308450e+00
3.021845727191758701e+00
3.080536385414956779e+00
3.138427336035491955e+00
3.195205277911675523e+00
3.250574285621130599e+00
3.304252972235523167e+00
3.355971533959960507e+00
3.405468737223473763e+00
3.452488906091085497e+00
3.496778967056887399e+00
3.538085609579594504e+00
3.576152624340475317e+00
3.610718487327413850e+00
3.641514266653695486e+00
3.668261940653243514e+00
3.690673230362870427e+00
3.708449067039124802e+00
3.721279835788219525e+00
3.728846559473504296e+00
3.730823212330740990e+00
3.726880379365579810e+00
3.716690504381471083e+00
3.699934994550750034e+00
3.676313470191553634e+00
3.645555461274240905e+00
3.607434852379668211e+00
3.561787359153985033e+00
3.508531273858583877e+00
3.447691635627349260e+00
3.379427850760571950e+00
3.304064596113326147e+00
3.222125569083748697e+00
3.134369284715971204e+00
3.041825648339157695e+00
2.945831437982231016e+00
2.848062107522072228e+00
2.750556472821604981e+00
2.655729889742596495e+00
2.566370520942623745e+00
2.485612299273393333e+00
2.416878506796994674e+00
2.363790375443854508e+00
2.330009002540208041e+00
2.319011905982553134e+00
2.333812732792420075e+00
2.376632731737251536e+00
2.448541569541829332e+00
2.549095393451448199e+00
2.676010620733638490e+00
2.824921163164682447e+00
2.989272582282553437e+00
3.160406641905197933e+00
3.327881572515223763e+00
3.480055370583346352e+00
3.604931118092035813e+00
3.691225945459462920e+00
3.729582775863078847e+00
3.713789997981375990e+00
3.641841127195317718e+00
3.516694850229886260e+00
3.346595506522981101e+00
3.144842024829500371e+00
2.928946445907071094e+00
2.719194332486202459e+00
2.536701269055050112e+00
2.401141852165545654e+00
2.328397680472492404e+00
2.328416252922674179e+00
2.403582595979047110e+00
2.547873046581258905e+00
2.746984829556721408e+00
2.979521586783690168e+00
3.219176357297004465e+00
3.437707850043178581e+00
3.608374733227146969e+00
3.709397807207932551e+00
3.726979635481164621e+00
3.657436945225464697e+00
3.508094890271484800e+00
3.296745413127113444e+00
3.049665542567894683e+00
2.798398656374859073e+00
2.575691520007293178e+00
2.411121944696924313e+00
2.327021557788500061e+00
2.335280900108406055e+00
2.435518345823131092e+00
2.614912594731885420e+00
2.849765661684082740e+00
3.108613307904134704e+00
3.356470448792928885e+00
3.559625783021067136e+00
3.690310324986294965e+00
3.730573763945167709e+00
3.674810559902244034e+00
3.530569060439260110e+00
3.317523348871935784e+00
3.064752130486326109e+00
2.806712102276561538e+00
2.578478766723812932e+00
2.410928432268711674e+00
2.326537218720737599e+00
2.336377350906387651e+00
2.438713570566001909e+00
2.619370674690383538e+00
2.853791908135522526e+00
3.110473985529806917e+00
3.355280982791774225e+00
3.556030830649282937e+00
3.686727491758521769e+00
3.730878788331502438e+00
3.683481453865232069e+00
3.551448476255402387e+00
3.352470135666867801e+00
3.112508555453134207e+00
2.862298057531776685e+00
2.633338644978629794e+00
2.453915136150114140e+00
2.345647688612265469e+00
2.320988349652150617e+00
2.381938615737602127e+00
2.520095908203297430e+00
2.717965642337949461e+00
2.951322324701203481e+00
3.192286052704848665e+00
3.412712105512762495e+00
3.587476128509304196e+00
3.697273728315894736e+00
3.730632876755786587e+00
3.684947494111437294e+00
3.566465456304552362e+00
3.389288100388851532e+00
3.173546671074479963e+00
2.943002761891884145e+00
2.722367522403835505e+00
2.534645675524442865e+00
2.398787075912196087e+00
2.327876237329984832e+00
2.328017260178600001e+00
2.397987668370263670e+00
2.529649804369070942e+00
2.709031709684729172e+00
2.917928111800239588e+00
3.135831140659581795e+00
3.341981968756366772e+00
3.517338402305715928e+00
3.646277006481573491e+00
3.717887376374529484e+00
3.726765346055271433e+00
3.673265531246288074e+00
3.563226106267792126e+00
3.407225326798764442e+00
3.219466328060289761e+00
3.016411768254544157e+00
2.815301937148571021e+00
2.632689290027806717e+00
2.483110380420705088e+00
2.377995069277168749e+00
2.324885431969020644e+00
2.327005935637184386e+00
2.383195120129228961e+00
2.488179783211510010e+00
2.633147659031932708e+00
2.806555308056447817e+00
2.995095288191008009e+00
3.184740907763512929e+00
3.361787651364258167e+00
3.513816549976086279e+00
3.630517813134851668e+00
3.704327579396080594e+00
3.730844651681884283e+00
3.709011926578460461e+00
3.641064101636313666e+00
3.532258622346170718e+00
3.390419894720279714e+00
3.225336902889367252e+00
3.048061145857634102e+00
2.870155102455175467e+00
2.702941336961269592e+00
2.556799158350000489e+00
2.440549894230918504e+00
2.360963905626473736e+00
2.322413093138424589e+00
2.326682499417521477e+00
2.372944354259392874e+00
2.457888144173584255e+00
2.575991545044191255e+00
2.719909759373719815e+00
2.880955256742375958e+00
3.049636312448325004e+00
3.216221137328925561e+00
3.371294738937231639e+00
3.506277795773795614e+00
3.613880522174512500e+00
3.688469446549718089e+00
3.726330871112920828e+00
3.725821156402373546e+00
3.687400507425310447e+00
3.613553277291312593e+00
3.508603631039728832e+00
3.378440457887048609e+00
3.230169473668992097e+00
3.071713370792433562e+00
2.911382571580555911e+00
2.757439609561709748e+00
2.617679450964391918e+00
2.499046279405871207e+00
2.407304550543027943e+00
2.346778665940981057e+00
2.320171626477330218e+00
2.328468727672535543e+00
2.370927976024941319e+00
2.445154650873961888e+00
2.547253505800409101e+00
2.672048665633135478e+00
2.813358465472878489e+00
2.964310395471580595e+00
3.117680018928093766e+00
3.266237241611600783e+00
3.403083609185764580e+00
3.521965344416726040e+00
3.617548523385063941e+00
3.685645022202957755e+00
3.723380516203877555e+00
3.729298743759698720e+00
3.703399313207260235e+00
3.647109391716177207e+00
3.563192534767837039e+00
3.455600572699017548e+00
3.329276762480112062e+00
3.189920255564695495e+00
3.043723266730365751e+00
2.897093119501292779e+00
2.756371581052304620e+00
2.627563597448569599e+00
2.516086734808451908e+00
2.426551379071379522e+00
2.362580118199518964e+00
2.326672809870476755e+00
2.320121717241864889e+00
2.342978871416492748e+00
2.394075587869428645e+00
2.471091917307116415e+00
2.570671833587764521e+00
2.688578226147257055e+00
2.819880332438581938e+00
2.959165162867130050e+00
3.100763766232967455e+00
3.238982870960969151e+00
3.368332513424326269e+00
3.483740711152191860e+00
3.580747023520476358e+00
3.655667921566495338e+00
3.705728208116459754e+00
3.729154228617206357e+00
3.725226226672603502e+00
3.694288859362422350e+00
3.637720530018170528e+00
3.557863757769766710e+00
3.457920227096472399e+00
3.341815397674419597e+00
3.214038565020433502e+00
3.079465016047600034e+00
2.943167401855735665e+00
2.810223645192380548e+00
2.685528615289379584e+00
2.573616451769613622e+00
2.478499824955600506e+00
2.403531613210189377e+00
2.351293496494971436e+00
2.323514851651242719e+00
2.321024134616575640e+00
2.343733694833333381e+00
2.390657733968674314e+00
2.459961939106087847e+00
2.549042230494041217e+00
2.798509735049563574e+00
