-3.565341413759605338e+00
-3.330810278421238557e+00
-3.166644572334815777e+00
-3.093180277388558608e+00
-3.118065600915944646e+00
-3.235906877038730034e+00
-3.429628857286461940e+00
-3.673238366385153775e+00
-3.935528239785590632e+00
-4.184182245607479977e+00
-4.389742130969089828e+00
-4.528965766849100127e+00
-4.587223946123709872e+00
-4.559731890644654229e+00
-4.451568200661982999e+00
-4.276579027756541862e+00
-4.055382960703713735e+00
-3.812772169138599399e+00
-3.574843264867781922e+00
-3.366188107299127541e+00
-3.207435926636513113e+00
-3.113372409960164511e+00
-3.091779272806906675e+00
-3.143050110854813450e+00
-3.260554859841121367e+00
-3.431654011061445075e+00
-3.639210449829028082e+00
-3.863414399022362389e+00
-4.083725933033507616e+00
-4.280748179119104435e+00
-4.437869280484288304e+00
-4.542548024220626424e+00
-4.587161828963970400e+00
-4.569381699970682220e+00
-4.492082459463615507e+00
-4.362834538997100609e+00
-4.193053380087423676e+00
-3.996902602097455404e+00
-3.790057158977942819e+00
-3.588433209986712669e+00
-3.406983574337222986e+00
-3.258643122115176372e+00
-3.153489265185966062e+00
-3.098160884350187771e+00
-3.095555057290797940e+00
-3.144801444799805612e+00
-3.241496289215212379e+00
-3.378161430845131097e+00
-3.544881731564061056e+00
-3.730066520548250608e+00
-3.921277155018803029e+00
-4.106063279200649951e+00
-4.272754406855839626e+00
-4.411160423131263997e+00
-4.513143772800626508e+00
-4.573036700097613760e+00
-4.587888160522260783e+00
-4.557536215872754148e+00
-4.484512212271650533e+00
-4.373792297992679323e+00
-4.232419459379178406e+00
-4.069024967290265415e+00
-3.893281793047434824e+00
-3.715324155451315669e+00
-3.545166993651148069e+00
-3.392157012816030992e+00
-3.264483283040770623e+00
-3.168770502026954983e+00
-3.109772305842374518e+00
-3.090175787913277183e+00
-3.110522015599145540e+00
-3.169241144119908871e+00
-3.262795010405666218e+00
-3.385915088801512596e+00
-3.531919596655556326e+00
-3.693090482916962181e+00
-3.861089090425529058e+00
-4.027388468990195314e+00
-4.183700595086663476e+00
-4.322378041569238327e+00
-4.436771814243194889e+00
-4.521529977565696079e+00
-4.572825153314103552e+00
-4.588502805262200113e+00
-4.568146227502156265e+00
-4.513058146496038425e+00
-4.426162651934337333e+00
-4.311834632445611604e+00
-4.175666876537435179e+00
-4.024187402126758961e+00
-3.864541325306921848e+00
-3.704152627812600684e+00
-3.550381521572090637e+00
-3.410192756361358768e+00
-3.289849219011924841e+00
-3.194643600151025886e+00
-3.128678847404780861e+00
-3.094705688139922195e+00
-3.094022806398676106e+00
-3.126442419327043698e+00
-3.190321140117712506e+00
-3.282653254899603468e+00
-3.399220988961003442e+00
-3.534794089462293343e+00
-3.683369187889300456e+00
-3.838437988231985010e+00
-3.993272398703932247e+00
-4.141214307502416148e+00
-4.275957797656615433e+00
-4.391812183409554926e+00
-4.483935293227613528e+00
-4.548527868308991806e+00
-4.582981722328715257e+00
-4.585976339172106897e+00
-4.557520784051884100e+00
-4.498940079065636866e+00
-4.412807455760118458e+00
-4.302826056338813210e+00
-4.173665629612672845e+00
-4.030761484527113581e+00
-3.880084361534229753e+00
-3.727890912233276399e+00
-3.580465107650664613e+00
-3.443861108303893914e+00
-3.323657924066087510e+00
-3.224735584028251445e+00
-3.151081556302273601e+00
-3.105634848909264445e+00
-3.090173641188397546e+00
-3.105250505638129876e+00
-3.150177354735791635e+00
-3.223060262125005515e+00
-3.320882339845602438e+00
-3.439630978522402849e+00
-3.574464046631443903e+00
-3.719908162028173759e+00
-3.870080948360123063e+00
-4.018928313986036116e+00
-4.160467271971645786e+00
-4.289024673217081585e+00
-4.399462453097537917e+00
-4.487380583243949062e+00
-4.549289848671590697e+00
-4.582747798213491208e+00
-4.586452693905716416e+00
-4.560291954241502133e+00
-4.505343381814078896e+00
-4.423829318160885649e+00
-4.319025706204462800e+00
-4.195129793088961279e+00
-4.057091806543391854e+00
-3.910417325344338835e+00
-3.760948186523188852e+00
-3.614630586473069673e+00
-3.477279509710786254e+00
-3.354348740351961844e+00
-3.250715473561063273e+00
-3.170487957249261246e+00
-3.116843681329898086e+00
-3.091904428545166450e+00
-3.096653053951534673e+00
-3.130895225590170305e+00
-3.193267599831656867e+00
-3.281292089302526360e+00
-3.391474079295542232e+00
-3.519440729782687960e+00
-3.660113931106061536e+00
-3.807911122962106099e+00
-3.956966091257581919e+00
-4.101361068594316706e+00
-4.235361012618230170e+00
-4.353640840396226785e+00
-4.451496660838242470e+00
-4.525032661545243862e+00
-4.571316248336683152e+00
-4.588495269337216520e+00
-4.575872633694386238e+00
-4.533935300901282162e+00
-4.464336405937939567e+00
-4.369831128579684254e+00
-4.254168740398062809e+00
-4.121944998708173991e+00
-3.978420634638042408e+00
-3.829313040060614348e+00
-3.680569341061304733e+00
-3.538129810077363935e+00
-3.407690983219969993e+00
-3.294477895489727359e+00
-3.203034520868488055e+00
-3.137040817447664054e+00
-3.099163754934709747e+00
-3.090948381556233748e+00
-3.112753420023277151e+00
-3.163734128411655799e+00
-3.241873289901518795e+00
-3.344059278842571370e+00
-3.466208265398903254e+00
-3.603425842245786548e+00
-3.750201755957816019e+00
-3.900630067850557214e+00
-4.048646009974730120e+00
-4.188270086123425884e+00
-4.313849626188014597e+00
-4.420288051393396422e+00
-4.503252548786486287e+00
-4.559351671107542359e+00
-4.586275542876842692e+00
-4.582892821033198949e+00
-4.549300272063618422e+00
-4.486822720155403843e+00
-4.397963117552947665e+00
-4.286304509194617474e+00
-4.156367627299285772e+00
-4.013429677872238699e+00
-3.863311494904384080e+00
-3.712141572029478365e+00
-3.566106478962407955e+00
-3.431197787656655063e+00
-3.312965842303651876e+00
-3.216290495910852698e+00
-3.145178309125958194e+00
-3.102594686129663160e+00
-3.090338046029083685e+00
-3.108961449425572177e+00
-3.157745184827586371e+00
-3.234721744841218882e+00
-3.336752471477622883e+00
-3.459653011358338137e+00
-3.598362683408097062e+00
-3.747151008940720285e+00
-3.899853065263827911e+00
-4.050124067385362459e+00
-4.191702713419393156e+00
-4.318672387715023930e+00
-4.425709324117357291e+00
-4.508307294200604609e+00
-4.562969287018786346e+00
-4.587357954647520053e+00
-4.580398260965203860e+00
-4.542327723735930078e+00
-4.474691803237118570e+00
-4.380284275822329931e+00
-4.263034743190035947e+00
-4.127847670772800015e+00
-3.980399426412233765e+00
-3.826901614032881760e+00
-3.673840486745691081e+00
-3.527703313250030170e+00
-3.394703210264750304e+00
-3.280514110207425116e+00
-3.190027195745114508e+00
-3.127139310300408148e+00
-3.094582575989364592e+00
-3.093802767409474797e+00
-3.124891968687985688e+00
-3.186578764989113743e+00
-3.276276782916458519e+00
-3.390189899604064472e+00
-3.523469994158551444e+00
-3.670420823091806284e+00
-3.824739563722157953e+00
-3.979785876739903472e+00
-4.128867067983994055e+00
-4.265527139447039318e+00
-4.383827250028642375e+00
-4.478605374955488827e+00
-4.545703753335859076e+00
-4.582154017101734311e+00
-4.586311650464008238e+00
-4.557933565506415263e+00
-4.498195007735131590e+00
-4.409644622512447043e+00
-4.296099207029095979e+00
-4.162482325754310430e+00
-4.014613463403035709e+00
-3.858956617073728168e+00
-3.702339087445432497e+00
-3.551652631877598942e+00
-3.413550023016025836e+00
-3.294150370363453373e+00
-3.198766288999757457e+00
-3.131665144738920326e+00
-3.095875199829972502e+00
-3.093045584001413495e+00
-3.123366701030113823e+00
-3.185555049376064041e+00
-3.276903600420603802e+00
-3.393395963645532198e+00
-3.529879703972662597e+00
-3.680291491125739611e+00
-3.837924376581431041e+00
-3.995725520794676466e+00
-4.146611225190155459e+00
-4.283785231663488346e+00
-4.401045983743419931e+00
-4.493068917324945843e+00
-4.555650855424620005e+00
-4.585905182421854853e+00
-4.582398603012710403e+00
-4.545222859075789934e+00
-4.475997672237178371e+00
-4.377804273248410816e+00
-4.255052032798887218e+00
-4.113283778996051687e+00
-3.958928233341845182e+00
-3.799010486927242969e+00
-3.640833453705119460e+00
-3.491644680288397584e+00
-3.358303688988009128e+00
-3.246965138725974587e+00
-3.162792494169767821e+00
-3.109715616282477502e+00
-3.090243778584214951e+00
-3.105343153747311291e+00
-3.154384912207910840e+00
-3.235166857701778476e+00
-3.344008139682097536e+00
-3.475913184798170352e+00
-3.624797736943848658e+00
-3.783766941027168151e+00
-3.945432890817090588e+00
-4.102257108513976291e+00
-4.246902130861100133e+00
-4.372575811796294509e+00
-4.473352149684004075e+00
-4.544453407519375432e+00
-4.582479980737779179e+00
-4.585576808309856034e+00
-4.553528015762205783e+00
-4.487774793353711544e+00
-4.391355096954970172e+00
-4.268767446593701109e+00
-4.125764714483986850e+00
-3.991603853620348641e+00
-3.800378255502995462e+00
-3.610880384504102203e+00
-3.432135854090489602e+00
-3.272687783544537155e+00
-3.140186631210606816e+00
-3.041020235863283627e+00
-2.980002080778096918e+00
-2.960133159821697113e+00
-2.982449424130905413e+00
-3.045962776608920564e+00
-3.147699145841918345e+00
-3.282832520307878976e+00
-3.444909180165620644e+00
-3.626151952229351494e+00
-3.817830350344480816e+00
-4.010679145687864100e+00
-4.195345408070640048e+00
-4.362842501209308388e+00
-4.504988988844370823e+00
-4.614810951976404674e+00
-4.686887816029536857e+00
-4.717624374311764512e+00
-4.705435155293564264e+00
-4.650831456216501181e+00
-4.556406057515291153e+00
-4.426715616693111421e+00
-4.268065774577122440e+00
-4.088208843687693772e+00
-3.895968346765469992e+00
-3.700808410915060964e+00
-3.512368906833162274e+00
-3.339989100549336509e+00
-3.192243352377334809e+00
-3.076512003603594003e+00
-2.998609042242972755e+00
-2.962485499044133164e+00
-2.970023913167890051e+00
-3.020934793003961616e+00
-3.112760993147413835e+00
-3.240990577610197043e+00
-3.399273306363181923e+00
-3.579730639230068512e+00
-3.773344363816843572e+00
-3.970404868797368092e+00
-4.160996914430158178e+00
-4.335498669038443609e+00
-4.485068900943428361e+00
-4.602097598108725762e+00
-4.680596927380048733e+00
-4.716512272647394255e+00
-4.707936976209967206e+00
-4.655219164294748246e+00
-4.560954433493423998e+00
-4.429863941707981922e+00
-4.268563294558710197e+00
-4.085233247859497929e+00
-3.889208367855484738e+00
-3.690504135042808720e+00
-3.499306312689662413e+00
-3.325448544789714411e+00
-3.177904976335031328e+00
-3.064324144036239872e+00
-2.990628480677486767e+00
-2.960700594418228082e+00
-2.976173175962726347e+00
-3.036334162331487452e+00
-3.138152906897905048e+00
-3.276426869620814752e+00
-3.444042069529148709e+00
-3.632334559907024918e+00
-3.831534810620137677e+00
-4.031272399235721338e+00
-4.221115067480901040e+00
-4.391114180051999938e+00
-4.532328049515755630e+00
-4.637295510237861684e+00
-4.700434504203616193e+00
-4.718344173193117719e+00
-4.689993853326104301e+00
-4.616788193743142088e+00
-4.502504073462444190e+00
-4.353101734699733605e+00
-4.176419232988803465e+00
-3.981765569030221386e+00
-3.779433376850779513e+00
-3.580156496102532948e+00
-3.394540904261455161e+00
-3.232499144763138155e+00
-3.102718454634339373e+00
-3.012191248743030236e+00
-2.965833522392322674e+00
-2.966212238498443288e+00
-3.013397095918514790e+00
-3.104945523453780165e+00
-3.236022652571965530e+00
-3.399650767195976808e+00
-3.587075700659556166e+00
-3.788231230349772716e+00
-3.992277063611097354e+00
-4.188181820329807792e+00
-4.365319739318427317e+00
-4.514048829175534294e+00
-4.626238922749106308e+00
-4.695720556576082672e+00
-4.718629667343034129e+00
-4.693628571901443891e+00
-4.621990291816752361e+00
-4.507540649190787896e+00
-4.356460302396579110e+00
-4.176956587760373374e+00
-3.978822262793037634e+00
-3.772904605569386671e+00
-3.570513453593933573e+00
-3.382800367781271689e+00
-3.220142967526528288e+00
-3.091568479478120857e+00
-3.004248655497694820e+00
-2.963094528550199946e+00
-2.970474173982876387e+00
-3.026070004884439779e+00
-3.126884508818068120e+00
-3.267395143098888344e+00
-3.439850797585198627e+00
-3.634694270364612567e+00
-3.841088031747542875e+00
-4.047514585614909954e+00
-4.242418321838242967e+00
-4.414853153739510816e+00
-4.555099616044246957e+00
-4.655216517640699436e+00
-4.709495641673603572e+00
-4.714793192668865984e+00
-4.670718431840403362e+00
-4.579667852715516574e+00
-4.446701894346086092e+00
-4.279270086408869744e+00
-4.086799167110886977e+00
-3.880166616898049536e+00
-3.671088750874488049e+00
-3.471457615982608047e+00
-3.292664137178187733e+00
-3.144946047039646864e+00
-3.036798030625504019e+00
-2.974478261686678504e+00
-2.961640261261335283e+00
-2.999112055122247433e+00
-3.084836324032115940e+00
-3.213976092792826034e+00
-3.379181008539247522e+00
-3.570999959727869655e+00
-3.778417224008675301e+00
-3.989482008688446157e+00
-4.191995599039917586e+00
-4.374216702514786448e+00
-4.525544202922869630e+00
-4.637137521535857232e+00
-4.702438089579323410e+00
-4.717560900543672275e+00
-4.681532435198174191e+00
-4.596360028962855893e+00
-4.466927482440333108e+00
-4.300721841725833272e+00
-4.107406206156683837e+00
-3.898262572491224542e+00
-3.685536550136389700e+00
-3.481721807606649399e+00
-3.298825962031654235e+00
-3.147661051261106291e+00
-3.037200622224155655e+00
-2.974041868545155509e+00
-2.962005342046015066e+00
-3.001896872744677758e+00
-3.091446907808019340e+00
-3.225432065563079043e+00
-3.395972905317881541e+00
-3.592991376400836323e+00
-3.804801761562027540e+00
-4.018800756004735852e+00
-4.222216127787885576e+00
-4.402869579532869615e+00
-4.549908229148035943e+00
-4.654460648006023327e+00
-4.710177575563739616e+00
-4.713624045933285878e+00
-4.664498341209051269e+00
-4.565663426519246393e+00
-4.422987720839827830e+00
-4.245003548697335205e+00
-4.042402708733691341e+00
-3.827398609713508648e+00
-3.612992744433458636e+00
-3.412189374473674874e+00
-3.237205789985373450e+00
-3.098726149382016626e+00
-3.005244625569416073e+00
-2.962538497267420023e+00
-2.973304208061237297e+00
-3.036979711983933239e+00
-3.149765205524336587e+00
-3.304842284301483080e+00
-3.492779390008047269e+00
-3.702099876544278967e+00
-3.919978839868292209e+00
-4.133026665142696565e+00
-4.328111572744133717e+00
-4.493170667493753712e+00
-4.617959314185061004e+00
-4.694692088852695733e+00
-4.718534908449311338e+00
-4.687916857187715003e+00
-4.604641177917351058e+00
-4.473787221151534155e+00
-4.303408089295552408e+00
-4.104041478576799129e+00
-3.888063007670886861e+00
-3.668921383723739105e+00
-3.460302446583087832e+00
-3.275273945068960302e+00
-3.125464504302030821e+00
-3.020328507482167524e+00
-2.966543614622593417e+00
-2.967579656546083022e+00
-3.023467148052477071e+00
-3.130781296364944399e+00
-3.282843902009803916e+00
-3.470131800226622598e+00
-3.680867339376813874e+00
-3.901754677958607864e+00
-4.118816161256136255e+00
-4.318276338865562280e+00
-4.487437759411038840e+00
-4.615492779219735553e+00
-4.694219276112810313e+00
-4.718515169791049679e+00
-4.686736601893072951e+00
-4.600816914257526591e+00
-4.466157419601810119e+00
-4.291295511990466771e+00
-4.087369987962162554e+00
-3.867416620424056983e+00
-3.645538187822890297e+00
-3.436001572189492315e+00
-3.252319632187766096e+00
-3.106376970074746335e+00
-3.007656317230805953e+00
-2.962616179370131331e+00
-2.974260967747062168e+00
-3.041932674679969750e+00
-3.161338993657737184e+00
-3.324817536995358758e+00
-3.521820448967082129e+00
-3.739589248736322702e+00
-3.963977117061079358e+00
-4.180365905432552154e+00
-4.374618571288747759e+00
-4.534004990846926653e+00
-4.648040388989684857e+00
-4.709180907877995814e+00
-4.713329804072912133e+00
-4.660119863776841953e+00
-4.552952091118732447e+00
-4.398786624884039043e+00
-4.207698139787426683e+00
-3.992223616891032556e+00
-3.766544284698535527e+00
-3.545554800668850426e+00
-3.343880590839741096e+00
-3.174908140111980082e+00
-3.049892632727286390e+00
-2.977202667450752571e+00
-2.961753085683271891e+00
-3.004664794079632717e+00
-3.103175614320565323e+00
-3.250809617537358420e+00
-3.437795191094044966e+00
-3.651705386463913072e+00
-3.878279031985702119e+00
-4.102368688635935179e+00
-4.308952637979233558e+00
-4.484143349020978775e+00
-4.616124632125863769e+00
-4.695954011094928049e+00
-4.718175479474301603e+00
-4.681200211078419215e+00
-4.587428164104409234e+00
-4.443100840771023741e+00
-4.257893585165508199e+00
-4.044273500043865432e+00
-3.816665134084983535e+00
-3.590479428263713579e+00
-3.381071082032518493e+00
-3.202694815496495817e+00
-3.067531561339671864e+00
-2.984851339159025674e+00
-2.960370694064976327e+00
-2.995849686239588472e+00
-3.088957345077633754e+00
-3.233416323243662571e+00
-3.419418430210742876e+00
-3.634284091779472536e+00
-3.863321855674318961e+00
-4.090830022761389628e+00
-4.301172320705768826e+00
-4.479853986288998335e+00
-4.614524107259214247e+00
-4.695834673802128378e+00
-4.718096229827283494e+00
-4.679683683756053370e+00
-4.583162826841792103e+00
-4.435127264690085447e+00
-4.245755483350463599e+00
-4.028117261706150920e+00
-3.797276246873294792e+00
-3.569249987340040509e+00
-3.359899034334393964e+00
-3.183822120881366402e+00
-3.053334492103979780e+00
-2.977601140646409572e+00
-2.961986325186382274e+00
-3.007666002742834799e+00
-3.111531684697401712e+00
-3.266393975990810716e+00
-3.461473081746760716e+00
-3.683143334328491836e+00
-3.915880736207714818e+00
-4.143347919405235835e+00
-4.349540847315898517e+00
-4.519916776434877548e+00
-4.642423835225600648e+00
-4.708359050279517177e+00
-4.712993342136118535e+00
-4.655918137202339935e+00
-4.453389285974848733e+00
-4.309417519333397451e+00
-4.132093876561549806e+00
-3.933945685105117107e+00
-3.729004925315276164e+00
-3.531815953550430986e+00
-3.356402952877874935e+00
-3.215270452712799543e+00
-3.118508308992328448e+00
-3.073065475641095112e+00
-3.082245193957979801e+00
-3.145458683464349647e+00
-3.258256121829752772e+00
-3.412633945169546656e+00
-3.597597690939166704e+00
-3.799941166412618365e+00
-4.005186991507322603e+00
-4.198621686274665699e+00
-4.366351332462592438e+00
-4.496301981924579749e+00
-4.579092581708795962e+00
-4.608717013047083810e+00
-4.582985295945821491e+00
-4.503691150122104858e+00
-4.376492710356969518e+00
-4.210513865983190662e+00
-4.017693938973594392e+00
-3.811931762175111871e+00
-3.608085325442735414e+00
-3.420898905902357789e+00
-3.263935181869971558e+00
-3.148589811266718996e+00
-3.083260303155918258e+00
-3.072730104316063304e+00
-3.117813426447146430e+00
-3.215287551305758385e+00
-3.358118523161660374e+00
-3.535964780390911777e+00
-3.735922948680389322e+00
-3.943462209218294490e+00
-4.143479682572809075e+00
-4.321400175296388646e+00
-4.464240112254437065e+00
-4.561557810382713463e+00
-4.606220286053406276e+00
-4.594929936097361889e+00
-4.528471924600164122e+00
-4.411663457355388118e+00
-4.253007904682206686e+00
-4.064078383950610274e+00
-3.858675327563066748e+00
-3.651819269517515565e+00
-3.458652343822290920e+00
-3.293328883696670761e+00
-3.167976516348628646e+00
-3.091804171092409792e+00
-3.070422806331800203e+00
-3.105429177893068271e+00
-3.194283743531375119e+00
-3.330492232208871251e+00
-3.504078084962029660e+00
-3.702311540422568381e+00
-3.910642175227945661e+00
-4.113766622670367745e+00
-4.296753104721854122e+00
-4.446140079641444309e+00
-4.550928063178148797e+00
-4.603391410416041829e+00
-4.599649990377749909e+00
-4.539958287816406646e+00
-4.428690235681514764e+00
-4.274020489995516314e+00
-4.087325254209213554e+00
-3.882346487806138668e+00
-3.674180859181261916e+00
-3.478167824569667665e+00
-3.308758762589506741e+00
-3.178450600452425334e+00
-3.096862711703461724e+00
-3.070025380896368006e+00
-3.099932584200957297e+00
-3.184392368804025431e+00
-3.317186162303813468e+00
-3.488525526532308518e+00
-3.685772875275250993e+00
-3.894373130709090081e+00
-4.098927648406735180e+00
-4.284331158043721999e+00
-4.436887735670111077e+00
-4.545323300445433645e+00
-4.601619711534928214e+00
-4.601608674542813304e+00
-4.545281384728365737e+00
-4.436790829002934977e+00
-4.284146388921485027e+00
-4.098623151762264882e+00
-3.893929460617041372e+00
-3.685194151511990590e+00
-3.487848306491032169e+00
-3.316484201847303304e+00
-3.183775864839377689e+00
-3.099541137571471427e+00
-3.070014713519170435e+00
-3.097386029518054418e+00
-3.179636315104203526e+00
-3.310686970130256590e+00
-3.480848398651230191e+00
-3.677536178769733599e+00
-3.886201643059923327e+00
-4.091408050722184164e+00
-4.277972729920921147e+00
-4.432090659223815621e+00
-4.542356306659359078e+00
-4.600608055864109147e+00
-4.602532666645527293e+00
-4.547984971856151581e+00
-4.440999089629380947e+00
-4.289490269022923741e+00
-4.104669396231946266e+00
-3.900213470460772047e+00
-3.691253436209617433e+00
-3.493254292248871185e+00
-3.320870383567406048e+00
-3.186860628724128119e+00
-3.101144003856155962e+00
-3.070065223834384405e+00
-3.095924999336811201e+00
-3.176809658523687574e+00
-3.306732754673457730e+00
-3.476078178687655118e+00
-3.672311969186417890e+00
-3.880910116821332689e+00
-4.086433667134768299e+00
-4.273671522177807880e+00
-4.428766332481205659e+00
-4.540240128336515468e+00
-4.599843768930729659e+00
-4.603167338711058321e+00
-4.549966325151512336e+00
-4.444179458982330466e+00
-4.293636927758524457e+00
-4.109480595459763741e+00
-3.905339177254910421e+00
-3.696319451530031053e+00
-3.497888198811564209e+00
-3.324727632821233847e+00
-3.189649035995578252e+00
-3.102644987772029239e+00
-3.070150300538260435e+00
-3.094566317508910203e+00
-3.174083724863794309e+00
-3.302816931995501193e+00
-3.471240015119589017e+00
-3.666891907736715250e+00
-3.875298607525903716e+00
-4.081044126109588888e+00
-4.268910921622090626e+00
-4.425005435287401312e+00
-4.537785478857775168e+00
-4.598913504132881691e+00
-4.603872687558845378e+00
-4.552300325389487590e+00
-4.448013956993610130e+00
-4.298728366580515825e+00
-4.115484474658646086e+00
-3.911832429023766711e+00
-3.702829366488425311e+00
-3.503925999218860277e+00
-3.329824373661598447e+00
-3.193391252253705126e+00
-3.104707425842352819e+00
-3.070323187227495865e+00
-3.092774931383001302e+00
-3.170398526702349340e+00
-3.297453154288822574e+00
-3.464546362418135850e+00
-3.659328827569005238e+00
-3.867407396279768150e+00
-4.073408874180502792e+00
-4.262115918125356728e+00
-4.419591092668474275e+00
-4.534206061217513017e+00
-4.597499924505094704e+00
-4.604803370904268611e+00
-4.555582626881926167e+00
-4.453477909323881434e+00
-4.306033652822953250e+00
-4.124140546305542721e+00
-3.921230683654990390e+00
-3.712285342543720112e+00
-3.512728711825457761e+00
-3.337289273895811093e+00
-3.198912898564175045e+00
-3.107807849364891517e+00
-3.070692130235947559e+00
-3.090298635044773423e+00
-3.165174512205603197e+00
-3.289789429953129840e+00
-3.454944629570852577e+00
-3.648452466815958584e+00
-3.856036202441629701e+00
-4.062383580606637068e+00
-4.252276423319288234e+00
-4.411712900988154828e+00
-4.528939720577186634e+00
-4.595318156901699425e+00
-4.605960142359395881e+00
-4.560087615985672471e+00
-4.461088758709021107e+00
-4.316267099904909976e+00
-4.136302121332758652e+00
-3.934461239214497752e+00
-3.725621347944147121e+00
-3.525172112823030446e+00
-3.347881875245202199e+00
-3.206809746251644722e+00
-3.112344017573440702e+00
-3.071437671376429090e+00
-3.087097213626400549e+00
-3.158162367166431839e+00
-3.279392718641053861e+00
-3.441854799412029209e+00
-3.633580960753596489e+00
-3.840451406357917374e+00
-4.047234341409964742e+00
-4.238707592350712261e+00
-4.400779095857199508e+00
-4.521523783881591818e+00
-4.592060590009789500e+00
-4.607205110371483059e+00
-4.565849996855975590e+00
-4.471045220615240012e+00
-4.329772441227507151e+00
-4.152430224227757982e+00
-3.952068110932600131e+00
-3.743425996558527036e+00
-3.541849560423184329e+00
-3.362161567779510030e+00
-3.217572062975995628e+00
-3.118707567180930340e+00
-3.072830599067812418e+00
-3.083306804587363725e+00
-3.149358747689447569e+00
-3.266124321063685887e+00
-3.425015337084604816e+00
-3.614349801313384791e+00
-3.820211274819213187e+00
-4.027472072424438387e+00
-4.220905043164061787e+00
-4.386302214939707511e+00
-4.511518128221574386e+00
-4.587361262760174085e+00
-4.608268162268627677e+00
-4.572710858070339057e+00
-4.483307805493788933e+00
-4.346630333487837561e+00
-4.172718967299110737e+00
-3.974345274189630572e+00
-3.766073541066361496e+00
-3.563191253000943970e+00
-3.380586930054708450e+00
-3.231657696825011250e+00
-3.127326729037917197e+00
-3.075242612611767790e+00
-3.079219262348519504e+00
-3.138957366002717464e+00
-3.250067645217685541e+00
-3.404394076385967693e+00
-3.590613217368842314e+00
-3.795065553171302675e+00
-4.002757787327860584e+00
-4.198462508796260373e+00
-4.367834569268191025e+00
-4.498462328867252502e+00
-4.580776750875932279e+00
-4.608751790272092919e+00
-4.580344855200997323e+00
-4.497645197588743038e+00
-4.366719508198649180e+00
-4.197166181462069545e+00
-4.001411050195121888e+00
-3.793796307739060847e+00
-3.589529451449519293e+00
-3.403569292727305573e+00
-3.249530641011522558e+00
-3.138687852739465267e+00
-3.079150149618059551e+00
-3.075268991735693014e+00
-3.127320767994196782e+00
-3.231487888550281795e+00
-3.380139510695593152e+00
-3.562391201460810120e+00
-3.764902441849003356e+00
-3.972853500284477146e+00
-4.171030115559260842e+00
-4.344936586262404532e+00
-4.481855833946776002e+00
-4.571778934970581076e+00
-4.608136209070901934e+00
-4.588276505275616479e+00
-4.513659769716148240e+00
-4.389748963685204508e+00
-4.225609387827915953e+00
-4.033244851595700453e+00
-3.826719343559032982e+00
-3.621128505154333599e+00
-3.431496147317004475e+00
-3.271676480805974396e+00
-3.153342264406087558e+00
-3.085132749397441199e+00
-3.072023580481911154e+00
-3.114964563008166376e+00
-3.210811614328848318e+00
-3.352557716934123633e+00
-3.529845854170902797e+00
-3.729726330588086114e+00
-3.937603059685725881e+00
-4.138299640726888384e+00
-4.317167344555116415e+00
-4.461154117121220786e+00
-4.559756603874283165e+00
-4.605785782361627057e+00
-4.595890433387365803e+00
-4.530800383440168666e+00
-4.415271918106648208e+00
-4.257739502616252558e+00
-4.069699365037510397e+00
-3.864870038035153055e+00
-3.658191192997627628e+00
-3.464733854348529540e+00
-3.298601498537550025e+00
-3.171902158043610420e+00
-3.093866425466270442e+00
-2.900723779268633784e+00
