-5.754007062193192468e+00
-4.809284593032623789e+00
-3.801760578646590449e+00
-2.746005605785814208e+00
-1.661430126620312642e+00
-5.726923294716579349e-01
4.901176531568731676e-01
1.491602288718182123e+00
2.391577660376352554e+00
3.146073462861142644e+00
3.708878939084311099e+00
4.033673641356982031e+00
4.076739847307747411e+00
3.800197245336352836e+00
3.175631751237331102e+00
2.187912946592376784e+00
8.389151792006828146e-01
-8.492149791391057079e-01
-2.831656025683181976e+00
-5.039807172650911937e+00
-7.381894519175952851e+00
-9.745624121466784473e+00
-1.200310657531630198e+01
-1.401806065618673358e+01
-1.565485944964854959e+01
-1.678897566828093346e+01
-1.731812097468610290e+01
-1.717314513308595991e+01
-1.632761576214259236e+01
-1.480494693896228142e+01
-1.268200918413755041e+01
-1.008834876981883610e+01
-7.200471307717104530e+00
-4.231087048481979807e+00
-1.413739545382251883e+00
1.016204644371283550e+00
2.842702052235896559e+00
3.890384472074085664e+00
4.043926242419498607e+00
3.263194700117313829e+00
1.592165799295589323e+00
-8.399376835656280349e-01
-3.826117175709577101e+00
-7.097624035475003090e+00
-1.034751309441745093e+01
-1.325974974721294508e+01
-1.554109388512210899e+01
-1.695244029843234301e+01
-1.733610201234361625e+01
-1.663573549335709245e+01
-1.490623238197200706e+01
-1.231189615230842094e+01
-9.112487353409374435e+00
-5.638118815297338493e+00
-2.255346218870908359e+00
6.720433281836282191e-01
2.823248872990816949e+00
3.957073882760514749e+00
3.940577233933321821e+00
2.766169798100797550e+00
5.548194981792073932e-01
-2.455391016649638658e+00
-5.934383456801445078e+00
-9.496248968423190107e+00
-1.274244453289130163e+01
-1.530707902633379192e+01
-1.689900399043013124e+01
-1.733571964244076469e+01
-1.656501549868431411e+01
-1.467168328610548933e+01
-1.186839755279811648e+01
-8.471741783331328435e+00
-4.866132782093572473e+00
-1.459844040554614253e+00
1.361729046884564198e+00
3.280098097352272646e+00
4.079877750912897838e+00
3.672971828783959225e+00
2.108015143787151047e+00
-4.359089074360609217e-01
-3.670404172206288340e+00
-7.231157828914421160e+00
-1.071961396895049035e+01
-1.374804471114095605e+01
-1.598283036199307716e+01
-1.718106310277571680e+01
-1.721645193827114184e+01
-1.609181358416540064e+01
-1.393701899550355883e+01
-1.099293548637437468e+01
-7.583463908305503764e+00
-4.079043565146550421e+00
-8.558491591531804943e-01
1.744746802724376877e+00
3.452045655459588858e+00
4.093481841110605757e+00
3.610964827089786056e+00
2.064694734433015100e+00
-3.755614082010607646e-01
-3.450407959623029708e+00
-6.839511624241376708e+00
-1.019575989177031516e+01
-1.318116448632445525e+01
-1.550076223793122310e+01
-1.693113308488504032e+01
-1.734085413083669280e+01
-1.670114791152520439e+01
-1.508605099371306046e+01
-1.266250829459313110e+01
-9.671778316018517785e+00
-6.404321857967399723e+00
-3.170874827258999495e+00
-2.726385838644098669e-01
2.026544821156733178e+00
3.523503831028181210e+00
4.092566278341365660e+00
3.694649491088476623e+00
2.378141038054009115e+00
2.718796737261088836e-01
-2.428752301777524103e+00
-5.481050328572645292e+00
-8.617563514901760868e+00
-1.156988344024555282e+01
-1.409152395505452482e+01
-1.597797542986802455e+01
-1.708237521718063334e+01
-1.732570404518997265e+01
-1.670094639673176218e+01
-1.527119140726706625e+01
-1.316215278076157347e+01
-1.055001231669775308e+01
-7.645812508524986839e+00
-4.677821479665245086e+00
-1.873362315183250359e+00
5.584561480524268262e-01
2.441833962611053011e+00
3.646177719285319085e+00
4.094089158725847000e+00
3.765073599168252017e+00
2.694939693857685725e+00
9.711803407068453353e-01
-1.275103190850508383e+00
-3.879961787018829433e+00
-6.659133540833205522e+00
-9.421380845040808083e+00
-1.198166804911639360e+01
-1.417329520961776623e+01
-1.585823514822677893e+01
-1.693509335966659535e+01
-1.734430783642247320e+01
-1.707041298806479901e+01
-1.614139385848462993e+01
-1.462534095444516069e+01
-1.262477186706321319e+01
-1.026910607887186799e+01
-7.705859557580293284e+00
-5.091164600581670641e+00
-2.580219313057573238e+00
-3.182338174512331364e-01
1.567627622989334668e+00
2.974901079778772939e+00
3.830774466633890540e+00
4.095152928701969230e+00
3.761772463188046700e+00
2.857407998722880649e+00
1.439322728075232760e+00
-4.088097209218117811e-01
-2.582212814383256116e+00
-4.961201703936588103e+00
-7.417898269970257807e+00
-9.823096571703800350e+00
-1.205292411090008997e+01
-1.399497621119032154e+01
-1.555364614118424527e+01
-1.665442900339123611e+01
-1.724703936639306079e+01
-1.730724787259693898e+01
-1.683741279626836729e+01
-1.586574295943435331e+01
-1.444436462179579195e+01
-1.264632073762652631e+01
-1.056167546827127168e+01
-8.292929559289275332e+00
-5.949974781316566208e+00
-3.644827678045942321e+00
-1.486384365703523613e+00
4.245705160084352059e-01
1.999885632334635233e+00
3.167906833159239710e+00
3.876527665521965815e+00
4.095309828952279574e+00
3.816599334458416592e+00
3.055608522107799985e+00
1.849478631799534867e+00
2.553805537303075468e-01
-1.652248939951132201e+00
-3.785203252568194898e+00
-6.045573179859824897e+00
-8.330202317597528605e+00
-1.053533366231246582e+01
-1.256124463437917882e+01
-1.431667036239305446e+01
-1.572282586824276862e+01
-1.671685628095702469e+01
-1.725456959100480958e+01
-1.731233768090862313e+01
-1.688808715646778680e+01
-1.600134040429663429e+01
-1.469230774320433675e+01
-1.302007188389367798e+01
-1.105994452702981334e+01
-8.900110238564870713e+00
-6.637703290094257191e+00
-4.374487667377577438e+00
-2.212327889728274322e+00
-2.486478797362101645e-01
1.427923580771203405e+00
2.741529401471451521e+00
3.632506669881291117e+00
4.060101986475826763e+00
4.004356311331855878e+00
3.467071321843729237e+00
2.471808774465177549e+00
1.062916383658095931e+00
-6.963834873942840176e-01
-2.726764318140926679e+00
-4.936308276773943682e+00
-7.224610396318857930e+00
-9.487295051760362696e+00
-1.162074523302112183e+01
-1.352683319610308743e+01
-1.511743840995676713e+01
-1.631854559238002622e+01
-1.707373192207327861e+01
-1.734687768198238089e+01
-1.712396767781876150e+01
-1.641389045278146597e+01
-1.524818692233609596e+01
-1.367974765359411293e+01
-1.178050649891581259e+01
-9.638225454524800284e+00
-7.352509247418606897e+00
-5.030226158327250729e+00
-2.780542071475136545e+00
-7.097961106599219860e-01
1.083542732487861926e+00
2.513598602848482244e+00
3.511263402214520823e+00
4.027617415631670639e+00
4.036422972767606865e+00
3.535559718064520851e+00
2.547318721753205395e+00
1.117526251799861647e+00
-6.864759375971809519e-01
-2.778911130358090897e+00
-5.059573449455157856e+00
-7.418576138392420916e+00
-9.741620323721761565e+00
-1.191553322776197987e+01
-1.383380760678763721e+01
-1.540186995088454225e+01
-1.654181419413183818e+01
-1.719636018015930645e+01
-1.733183106549009267e+01
-1.693998972643428047e+01
-1.603862897555357847e+01
-1.467087139823496855e+01
-1.290319891234728900e+01
-1.082229651800152581e+01
-8.530855844719511083e+00
-6.142538815470865110e+00
-3.776347088202947511e+00
-1.550676385920973566e+00
4.226455665479962320e-01
2.044034285480753610e+00
3.231245280941672959e+00
3.923625222172502092e+00
4.085288658793796657e+00
3.707052387801503812e+00
2.807020365285646690e+00
1.429780211855820937e+00
-3.557562808231642393e-01
-2.459765997345165545e+00
-4.776012625685487123e+00
-7.187204834399335773e+00
-9.570943443066411760e+00
-1.180595451085121539e+01
-1.377828882752112527e+01
-1.538716838737594550e+01
-1.655017715182967564e+01
-1.720752597693375918e+01
-1.732516837427362333e+01
-1.689660240575152983e+01
-1.594326146787302889e+01
-1.451346950422787074e+01
-1.268001050604276969e+01
-1.053643413501743709e+01
-8.192285155461712876e+00
-5.767500629837829074e+00
-3.386262543507570388e+00
-1.170622363919815001e+00
7.657735336474091881e-01
2.323533308390109298e+00
3.422641243721402660e+00
4.006586085094626881e+00
4.045281893705531928e+00
3.536629538821671304e+00
2.506637248232967963e+00
1.008093211792909116e+00
-8.821418001065506331e-01
-3.067082390239102008e+00
-5.434603434118963072e+00
-7.863204664566448621e+00
-1.022825741043086190e+01
-1.240841113839966781e+01
-1.429182935259567699e+01
-1.578193344064408166e+01
-1.680235872588703927e+01
-1.730086793658031752e+01
-1.725202138464458557e+01
-1.665846753090926313e+01
-1.555078894378915422e+01
-1.398591322456342922e+01
-1.204417240728476202e+01
-9.825163820879907917e+00
-7.442626843552842431e+00
-5.018600231025465597e+00
-2.677161195910567226e+00
-5.380683114005266887e-01
1.289365422805964556e+00
2.711855549191701797e+00
3.656899987375725303e+00
4.076461774557492035e+00
4.250105899721861036e+00
3.564234682528129028e+00
2.358492222949346129e+00
6.946925710997966519e-01
-1.342046420349498170e+00
-3.647677730182564915e+00
-6.104557268996118502e+00
-8.587459106895881433e+00
-1.096996542257237905e+01
-1.313090456729430500e+01
-1.496050916660897734e+01
-1.636598144571931357e+01
-1.727618411133593668e+01
-1.764522049699120743e+01
-1.745472490717833836e+01
-1.671475021351692902e+01
-1.546321136163962784e+01
-1.376391687752859383e+01
-1.170329198001831017e+01
-9.385962892335534491e+00
-6.929429079870792485e+00
-4.458095570208259417e+00
-2.096968989136126282e+00
3.466305481114773102e-02
1.829249821706856238e+00
3.196389458623395186e+00
4.067363692912822515e+00
4.398568852047167965e+00
4.173673235074716104e+00
3.404395573346731041e+00
2.129869075681007473e+00
4.146268252519247355e-01
-1.654686505293158305e+00
-3.973707992204392525e+00
-6.425631268433650511e+00
-8.887095682912315553e+00
-1.123439271127560168e+01
-1.334967752892175952e+01
-1.512687434570148781e+01
-1.647698036554623258e+01
-1.733250419546600085e+01
-1.765081857961526168e+01
-1.741626225233174807e+01
-1.664088897675761558e+01
-1.536382935247194936e+01
-1.364929953665757800e+01
-1.158335879981756378e+01
-9.269580121243762960e+00
-6.823851903530832708e+00
-4.368571772613799808e+00
-2.026523224751470842e+00
8.525886500989798833e-02
1.861327870963464193e+00
3.213079422013551678e+00
4.073158705390628853e+00
4.398802602722057031e+00
4.173951592274489641e+00
3.410027863279820437e+00
2.145342640828838299e+00
4.431639975425465394e-01
-1.611456963008532917e+00
-3.915942030976992783e+00
-6.355310792827440380e+00
-8.807918444763959798e+00
-1.115152030002476380e+01
-1.326936088639460465e+01
-1.505598467330192491e+01
-1.642247966070387832e+01
-1.730089357860518362e+01
-1.764760385154229994e+01
-1.744547470495173869e+01
-1.670469522508727778e+01
-1.546225782265226734e+01
-1.378010413025790015e+01
-1.174203153084887319e+01
-9.449514988155366169e+00
-7.016652587297769195e+00
-4.564486537032564684e+00
-2.214982195866633141e+00
-8.496444674023084787e-02
1.719687358837719060e+00
3.109297717086747070e+00
4.014845716258552244e+00
4.391387633909561217e+00
4.220281982992977632e+00
3.510107141829056587e+00
2.296226652746771180e+00
6.390244108739979723e-01
-1.379102041419278279e+00
-3.657840318250860978e+00
-6.083950178541575049e+00
-8.536890809449726447e+00
-1.089480885535188648e+01
-1.304058986139394349e+01
-1.486767277240542562e+01
-1.628533899611956315e+01
-1.722321370928402828e+01
-1.763475625326299578e+01
-1.749956668558047213e+01
-1.682439433222376834e+01
-1.564279860603196681e+01
-1.401347922417360081e+01
-1.201735895743881422e+01
-9.753563904629341863e+00
-7.334500941518990125e+00
-4.880276738161525074e+00
-2.512735354970110357e+00
-3.494103025495762793e-01
1.502308850461449907e+00
2.950505919169268410e+00
3.923299222930975105e+00
4.372408152196033626e+00
4.275548302820864066e+00
3.637536419946245658e+00
2.490050399927335789e+00
8.900563171322373179e-01
-1.083019435184770174e+00
-3.331232552572719552e+00
-5.742982150663570096e+00
-8.198549809362646101e+00
-1.057604149608616950e+01
-1.275743754120931861e+01
-1.463445046833566465e+01
-1.611390000119416044e+01
-1.712233850714456196e+01
-1.760969730868158223e+01
-1.755177285698739809e+01
-1.695142930840342643e+01
-1.583845772271996921e+01
-1.426809875393299265e+01
-1.231830202404977825e+01
-1.008585806886887326e+01
-7.681594710588659503e+00
-5.224876167936518101e+00
-2.837677853672590622e+00
-6.385309107134142792e-01
1.263362948225261739e+00
2.773554133286161516e+00
3.817036140174755232e+00
4.341971791048889528e+00
4.322269604297797940e+00
3.758882187543184372e+00
2.679761964526884199e+00
1.138476190011987299e+00
-7.884502293630015757e-01
-3.005332410163452206e+00
-5.402075305785112747e+00
-7.859639977613264605e+00
-1.025595500715498609e+01
-1.247197955829818916e+01
-1.439761699138939832e+01
-1.593718527313765776e+01
-1.701417235920342463e+01
-1.757504016601152230e+01
-1.759188793991236466e+01
-1.706384243613159768e+01
-1.601710552930304488e+01
-1.450365655485048499e+01
-1.259867351544531644e+01
-1.039680095926921588e+01
-8.007449682440817895e+00
-5.549361575099187149e+00
-3.144709522263179124e+00
-9.130254636271750712e-01
1.034741647374173290e+00
2.601742601126694865e+00
3.710045061334849237e+00
4.304511405322724471e+00
4.355544224027054767e+00
3.860562655771877516e+00
2.844135777862305758e+00
1.356766023608809490e+00
-5.276172868182147369e-01
-2.715330052225338964e+00
-5.097588873675966248e+00
-7.555918684971348220e+00
-9.968043807490685637e+00
-1.221396956254048582e+01
-1.418195198630548859e+01
-1.577405864453927720e+01
-1.691104377264996117e+01
-1.753629497299312590e+01
-1.761865480032771103e+01
-1.715397647117061553e+01
-1.616533586681152457e+01
-1.470188883518030565e+01
-1.283643020986920824e+01
-1.066177560092135934e+01
-8.286145653279564982e+00
-5.827782193216692441e+00
-3.409064010929352850e+00
-1.150415044807134635e+00
8.356918128439838611e-01
2.450336705920356906e+00
3.613081523496342484e+00
4.265979661866952100e+00
4.376466834413868412e+00
3.938988566808632186e+00
2.975282874409952427e+00
1.533303567867585926e+00
-3.151626604806745391e-01
-2.478067125038655227e+00
-4.847680532880505488e+00
-7.305956969951065361e+00
-9.730413500425001416e+00
-1.200023258633874690e+01
-1.400228330624914008e+01
-1.563676126851274795e+01
-1.682216599014910230e+01
-1.749936741384687977e+01
-1.763455853149712027e+01
-1.722094652183352537e+01
-1.627909763441675040e+01
-1.485591813439789632e+01
-1.302232162010118444e+01
-1.086969854850984163e+01
-8.505363583513576131e+00
-6.047207433814151933e+00
-3.617819620651909762e+00
-1.338375119774680044e+00
6.774102723008414983e-01
2.328954292952351679e+00
3.533829074806696724e+00
4.231877778997469974e+00
4.388221271538407464e+00
3.995004408103623561e+00
3.071794321398726879e+00
1.664610337911815563e+00
-1.563665657196295911e-01
-2.300290929742931034e+00
-4.660182486737198815e+00
-7.118262613520911053e+00
-9.551831453386800064e+00
-1.183939249338320998e+01
-1.386671889835959703e+01
-1.553255867840758953e+01
-1.675369366934661031e+01
-1.746909945163473310e+01
-1.764299812428820502e+01
-1.726665105709963655e+01
-1.635880161507155606e+01
-1.496474524726540878e+01
-1.315407289377506750e+01
-1.101719996453779160e+01
-8.660853868262570643e+00
-6.202745181464582203e+00
-3.765688437422342272e+00
-1.471466133044165403e+00
5.652574897327573566e-01
2.242668688207213989e+00
3.476895852186258296e+00
4.206205789655339089e+00
4.394094578472769186e+00
4.031118072985007572e+00
3.135370101900008422e+00
1.751583970189638961e+00
-5.109829343842253735e-02
-2.182577862246763090e+00
-4.536300012467717302e+00
-6.994579268035525210e+00
-9.434482739156974773e+00
-1.173397757485033921e+01
-1.377803511740032150e+01
-1.546438638728563042e+01
-1.670864084671874750e+01
-1.744851213011077107e+01
-1.764693900999704113e+01
-1.729394506313823854e+01
-1.640714355693574333e+01
-1.503086183921442043e+01
-1.323392859559182000e+01
-1.110623428082623931e+01
-8.754236481530591973e+00
-6.295634848226076663e+00
-3.853481892987567381e+00
-1.550024293353858162e+00
4.994170522302576742e-01
2.192221796173623005e+00
3.443610488348221921e+00
4.190892906864620571e+00
4.396611358148403426e+00
4.050421195036101096e+00
3.169613989991701075e+00
1.798256752186569329e+00
4.989890212636183264e-03
-2.120406175327017806e+00
-4.471504121222702466e+00
-6.930557774918241876e+00
-9.374398424612824243e+00
-1.168060413673484099e+01
-1.373363305272359014e+01
-1.543061333951858494e+01
-1.668649957323638944e+01
-1.743833699258367176e+01
-1.764841968711749587e+01
-1.730618415388074993e+01
-1.642874299305607622e+01
-1.506003164705937181e+01
-1.326861060388249669e+01
-1.114423289950668305e+01
-8.793348684714967334e+00
-6.333771960939239776e+00
-3.888776659702671612e+00
-1.580917926660545980e+00
4.741116695814779902e-01
2.173282952328120743e+00
3.431397042197220415e+00
4.185359134932657099e+00
4.397344659283898949e+00
4.056698819951810364e+00
3.180474018953729498e+00
1.812577945546808067e+00
2.157480503809416916e-02
-2.102750275307893268e+00
-4.453891560395460303e+00
-6.913962193078457830e+00
-9.359605161198476964e+00
-1.166817933490861137e+01
-1.372391030902494791e+01
-1.542369749634782572e+01
-1.668228611251510785e+01
-1.743654451173029329e+01
-1.764863218192541083e+01
-1.730789933930814328e+01
-1.643142268561312491e+01
-1.506315031460862741e+01
-1.327169854367384971e+01
-1.114691107401039005e+01
-8.795352965654537059e+00
-6.334965608623529754e+00
-3.889150868011375106e+00
-1.580581193558290742e+00
4.749537548860676139e-01
2.408889138924811490e+00
3.700449449240695188e+00
4.474096810572872229e+00
4.691028415259406614e+00
4.340364845373777314e+00
3.439695543993687821e+00
2.034196261715971232e+00
1.943627979144464391e-01
-1.987525233085969845e+00
-4.402033181738035594e+00
-6.928060467275943601e+00
-9.438914645989857632e+00
-1.180866576178583927e+01
-1.391846226029767664e+01
-1.566249169753254478e+01
-1.695328729677176938e+01
-1.772611431848515906e+01
-1.794221633680944805e+01
-1.759075859317245261e+01
-1.668937099067350971e+01
-1.528326352765721197e+01
-1.344295856247271459e+01
-1.126075366673970279e+01
-8.846092483043001664e+00
-6.320075762597715752e+00
-3.809387873200968055e+00
-1.439943375913597556e+00
6.694276990178522624e-01
2.412939193761811651e+00
3.703153927318924232e+00
4.475368523416220157e+00
4.690858078721612756e+00
4.338817970286230619e+00
3.436905441243926163e+00
2.030353825133841994e+00
1.897038502140810934e-01
-1.992734183859001362e+00
-4.407509921338599312e+00
-6.933521977946531578e+00
-9.444091201153881343e+00
-1.181331358929256758e+01
-1.392237427545345163e+01
-1.566550593900663557e+01
-1.695529284308218010e+01
-1.772705451580633351e+01
-1.794208925048109649e+01
-1.758961478032792058e+01
-1.668730881931139010e+01
-1.528042237538640435e+01
-1.343951031513873318e+01
-1.125689300004405524e+01
-8.842026447235781461e+00
-6.316013200821851470e+00
-3.805529188857501577e+00
-1.436471125403990357e+00
6.723569716666268903e-01
2.415201540781101386e+00
3.704662749531703270e+00
4.476077338371677428e+00
4.690761252331711262e+00
4.337949458137170922e+00
3.435335677837898061e+00
2.028184981024049094e+00
1.870637449845569122e-01
-1.995699173072477350e+00
-4.410642582280309476e+00
-6.936662228021231336e+00
-9.447083909462879348e+00
-1.181601589198815461e+01
-1.392466205760578291e+01
-1.566727920689488052e+01
-1.695647977229606695e+01
-1.772761402955908139e+01
-1.794201205565486390e+01
-1.758892286256958926e+01
-1.668605346961575719e+01
-1.527868088595729645e+01
-1.343738153920457279e+01
-1.125449201648132558e+01
-8.839478604647435844e+00
-6.313447836050000816e+00
-3.803073321324017986e+00
-1.434243421340396729e+00
6.742516913762983677e-01
2.416677007459284710e+00
3.705654968588850906e+00
4.476547176379956028e+00
4.690695794747670178e+00
4.337362101313942730e+00
3.434264977427389454e+00
2.026692335048560167e+00
1.852300413663865442e-01
-1.997777770049401269e+00
-4.412859496041843244e+00
-6.938905747742073693e+00
-9.449242630480334526e+00
-1.181798406341915708e+01
-1.392634458987370571e+01
-1.566859611069392599e+01
-1.695736982931772019e+01
-1.772803753271863059e+01
-1.794195250084603543e+01
-1.758838752314736809e+01
-1.668507283665340779e+01
-1.527730700955472365e+01
-1.343568535642697803e+01
-1.125255979766644998e+01
-8.837407689812247114e+00
-6.311341865180462030e+00
-3.801037185039596977e+00
-1.432378170767827363e+00
6.758537352506053253e-01
2.417936714267423071e+00
3.706510218355926867e+00
4.476955857931329774e+00
4.690637840363713451e+00
4.336840460205188208e+00
3.433305480250426811e+00
2.025342453759938266e+00
1.835566008480089550e-01
-1.999691822365272209e+00
-4.414919111195803936e+00
-6.941008397238379146e+00
-9.451283309874661143e+00
-1.181986043857633817e+01
-1.392796203852608983e+01
-1.566987241514480189e+01
-1.695823929099417882e+01
-1.772845430516586518e+01
-1.794189297364539470e+01
-1.758785163349320158e+01
-1.668408423597298196e+01
-1.527591206725240625e+01
-1.343395103901685772e+01
-1.125057051655265994e+01
-8.835261262122244830e+00
-6.309144776830516221e+00
-3.798899381374160278e+00
-1.430407625761519697e+00
6.775564064628332162e-01
2.419283333745173792e+00
3.707429560757873332e+00
4.477397373674193659e+00
4.690574393356435223e+00
4.336269933092452789e+00
3.432251154081489730e+00
2.023852128333473388e+00
1.817004838249873799e-01
-2.001824368148330535e+00
-4.417223814974307494e+00
-6.943371123537776413e+00
-9.453585656852419916e+00
-1.182198561971066653e+01
-1.392980075800289441e+01
-1.567132844356408583e+01
-1.695923445883108371e+01
-1.772893265649573635e+01
-1.794182386093054049e+01
-1.758723158403874720e+01
-1.668293747969071461e+01
-1.527428968080758409e+01
-1.343192873010378818e+01
-1.124824514057275238e+01
-8.832746228459129156e+00
-6.306564559944510151e+00
-3.796383400026122068e+00
-1.428083789273215665e+00
6.795681649225508991e-01
2.420877211527631800e+00
3.708519413420154009e+00
4.477921328621262020e+00
4.690498303943835268e+00
4.335589482560173735e+00
3.430992484003013487e+00
2.022070938872849055e+00
1.794796294600677911e-01
-2.004378687473900023e+00
-4.419987094917487980e+00
-6.946206591525712071e+00
-9.456351012513714238e+00
-1.182454014891618144e+01
-1.393201246619126188e+01
-1.567308084794587941e+01
-1.696043269113590668e+01
-1.772950855782225688e+01
-1.794173979671166208e+01
-1.758648276805607935e+01
-1.668155266856288677e+01
-1.527233018094654149e+01
-1.342948574380762139e+01
-1.124543556245016518e+01
-8.829707083487532415e+00
-6.303446346007470780e+00
-3.793342656990304373e+00
-1.425275260380434617e+00
6.819993877977363894e-01
2.422803160958817870e+00
3.709835953903940720e+00
4.478553748036917526e+00
4.690405490395532340e+00
4.334766455674154528e+00
3.429471130094778886e+00
2.019918888492393094e+00
1.767973092532422186e-01
-2.007462703566620377e+00
-4.423322222107639590e+00
-6.949627566904056586e+00
-9.459686068078132948e+00
-1.182761962154234325e+01
-1.393467741366927015e+01
-1.567519123422042959e+01
-1.696187472001558660e+01
-1.773020077215646140e+01
-1.794163761771390142e+01
-1.758558122442506644e+01
-1.667988715371696884e+01
-1.526997517471881594e+01
-1.342655153747060126e+01
-1.124206312780794548e+01
-8.826061322779331419e+00
-6.299708044561675102e+00
-3.789699530484651024e+00
-1.421912539440830514e+00
6.849083639216910768e-01
2.425105864490795682e+00
3.711408644042863969e+00
4.479308085805479678e+00
4.690293440738830810e+00
4.333783207358271383e+00
3.427655861296114992e+00
2.017353313238055890e+00
1.736020517306560151e-01
-2.011133748998672033e+00
-4.427289283253559304e+00
-6.953693784405921896e+00
-9.463647255265827951e+00
-1.183127451005459996e+01
-1.393783787111094696e+01
-1.567769193555101204e+01
-1.696358177604592754e+01
-1.773101886571114960e+01
-1.794151526854989243e+01
-1.758451389460106640e+01
-1.667791801137764551e+01
-1.526719345098720737e+01
-1.342308853250734124e+01
-1.123808604198181982e+01
-8.821765201195344019e+00
-6.295306222104323446e+00
-3.785413044902820268e+00
-1.417959037500532204e+00
6.883256706774991684e-01
2.427808634267217158e+00
3.713252694292588529e+00
4.480191054634993009e+00
4.690160414490799567e+00
4.332630007389907334e+00
3.425529798367843881e+00
2.014351344272050426e+00
1.698664046970126407e-01
-2.015422287257151446e+00
-4.431920100932812190e+00
-6.958436779268552641e+00
-9.468264263141907833e+00
-1.183553125996192712e+01
-1.394151586707853419e+01
-1.568059966276110373e+01
-1.696556465698135696e+01
-1.773196744946571002e+01
-1.794137122074047141e+01
-1.758327346237594213e+01
-1.667563276266942296e+01
-1.526396822323650504e+01
-1.341907666680854305e+01
-1.123348211687657283e+01
-8.816795609109426834e+00
-6.290218044096659966e+00
-3.780461770041346092e+00
-1.413395737052829837e+00
6.922670705145783643e-01
2.430923336118649303e+00
3.715375656295742957e+00
4.481205709349140420e+00
4.690005020639695488e+00
4.331301290534256054e+00
3.423083670606457574e+00
2.010900638970753107e+00
1.655757127596819700e-01
-2.020344445524444588e+00
-4.437231397257068721e+00
-6.963873001506885707e+00
-9.473552455629567604e+00
-1.184040342673946000e+01
-1.394572255015360440e+01
-1.568392270759906282e+01
-1.696782851231039402e+01
-1.773304841672628740e+01
-1.794120416700022247e+01
-1.758185563450867761e+01
-1.667302448402520554e+01
-1.526029040981064355e+01
-1.341450526026995149e+01
-1.122823968864223332e+01
-8.811140535011743324e+00
-6.284431775563224853e+00
-3.774834828594145542e+00
-1.408213128947700454e+00
6.967402873356318693e-01
2.434455601973846584e+00
3.717780884218282011e+00
4.482353065414455884e+00
4.689825997219399412e+00
4.329793692075972089e+00
3.420312284440084838e+00
2.006994529349373835e+00
1.607222465567508252e-01
-2.025908566888930729e+00
-4.443231671451334464e+00
-6.970010663023010089e+00
-9.479519350221956131e+00
-1.184589748210152926e+01
-1.395046306619172327e+01
-1.568766469242849659e+01
-1.697037533206545135e+01
-1.773426210657603619e+01
-1.794101286371261139e+01
-1.758025773204707320e+01
-1.667008927608731383e+01
-1.525615515887286477e+01
-1.340936881279936443e+01
-1.122235293162008141e+01
-8.804794150827362387e+00
-6.277941892451448069e+00
-3.697209216247565600e+00
