2.174534091124168178e+00
2.326465669319948137e+00
2.471981478281993105e+00
2.608436783182128238e+00
2.733393511347954163e+00
2.844661492562787330e+00
2.940334066873555585e+00
3.018817561526805804e+00
3.078854271528750353e+00
3.119538712814996284e+00
3.140327050459330138e+00
3.141039734243634030e+00
3.121857497943744342e+00
3.083310994780326553e+00
3.026264447819741576e+00
2.951893789146713853e+00
2.861659844121509533e+00
2.757277186033172178e+00
2.640679341323263429e+00
2.513981065934729031e+00
2.379438439178049425e+00
2.239407533013136220e+00
2.096302412284018590e+00
1.952553205906426337e+00
1.810564961190701760e+00
1.672677954453505977e+00
1.541130082045419680e+00
1.418021898225885202e+00
1.305284801363460812e+00
1.204652799192377000e+00
1.117638208804018429e+00
1.045511569177870470e+00
9.892859648140281958e-01
9.497058798177948624e-01
9.272406239298269792e-01
9.220822967224804323e-01
9.341481846142665191e-01
9.630874184872175725e-01
1.008291658391665235e+00
1.068909516815776062e+00
1.143864383866548984e+00
1.231875276894081939e+00
1.331480303888411765e+00
1.441062304545500883e+00
1.558876215260500908e+00
1.683077694360872290e+00
1.811752541422138929e+00
1.942946449191720326e+00
2.074694638064652263e+00
2.205050940710362006e+00
2.332115927774848441e+00
2.454063693954894987e+00
2.569166956495235077e+00
2.675820154601478595e+00
2.772560277679765317e+00
2.858085191992353113e+00
2.931269278546849932e+00
2.991176239122251612e+00
3.037068971610343837e+00
3.068416459683376729e+00
3.084897664597165523e+00
3.086402448159261347e+00
3.073029595043643702e+00
3.045082039282010378e+00
3.003059433531606981e+00
2.947648230296031624e+00
2.879709471405006660e+00
2.800264505549245442e+00
2.710478873384605247e+00
2.611644615590574148e+00
2.505161271272023260e+00
2.392515842261729198e+00
2.275262003294540314e+00
2.154998838805505024e+00
2.033349384417061145e+00
1.911939245221596639e+00
1.792375553962609391e+00
1.676226520422104960e+00
1.565001809005101219e+00
1.460133964961161102e+00
1.362961091194256902e+00
1.274710957488778273e+00
1.196486702525683565e+00
1.129254266580358212e+00
1.073831669579177639e+00
1.030880225531851657e+00
1.000897760526562319e+00
9.842138777350470935e-01
9.809872894691644696e-01
9.912052134845066309e-01
1.014684808646236336e+00
1.051076603942574739e+00
1.099869854816055703e+00
1.160399742023980441e+00
1.231856310857865289e+00
1.313295032646361937e+00
1.403648856115409904e+00
1.501741603441706374e+00
1.606302554750271838e+00
1.715982055395638639e+00
1.829367972634003303e+00
1.945002822230685879e+00
2.061401381130002708e+00
2.177068599508279245e+00
2.290517624289378773e+00
2.400287746472506534e+00
2.504962086343342165e+00
2.603184833746341464e+00
2.693677865019084017e+00
2.775256563858271797e+00
2.846844680229767111e+00
2.907488069382143436e+00
2.956367162006253935e+00
2.992808026538412935e+00
3.016291895471598927e+00
3.026463039263575627e+00
3.023134883964170960e+00
3.006294281984581929e+00
2.976103859464337642e+00
2.932902378428476453e+00
2.877203067347391396e+00
2.809689889799708684e+00
2.731211737685586893e+00
2.642774552839397106e+00
2.545531398946105917e+00
2.440770524375659445e+00
2.329901475915235665e+00
2.214439343398229010e+00
2.095987235894670953e+00
1.976217111424370287e+00
1.856849104053778232e+00
1.739629514696057866e+00
1.626307654885872589e+00
1.518611756154635728e+00
1.418224181265375972e+00
1.326756197318242236e+00
1.245722594403347205e+00
1.176516456801431021e+00
1.120384416401670746e+00
1.078402739641621810e+00
1.051454619427322879e+00
1.040209061634113530e+00
1.045101771308733607e+00
1.066318455889919914e+00
1.103780970844443932e+00
1.157136736191157755e+00
1.225751849476939270e+00
1.308708310807234154e+00
1.404805757372713959e+00
1.512568077338720673e+00
1.630255234717704171e+00
1.755880586541597843e+00
1.887233470498689059e+00
2.021906613858714952e+00
2.157330811306171547e+00
2.290816342884068213e+00
2.419600674913735983e+00
2.540902033633301471e+00
2.651978213430790987e+00
2.750189737294876036e+00
2.833066232553428154e+00
2.898374627791024505e+00
2.944187526276267342e+00
2.968949878015497923e+00
2.971541868702558098e+00
2.951335782381214745e+00
2.908244489204583338e+00
2.842759173970744069e+00
2.755973968285441167e+00
2.649595291102585737e+00
2.525933948745020530e+00
2.387878403019660034e+00
2.238848087493389816e+00
2.082726235358887124e+00
1.923772369948398175e+00
1.766515386937005383e+00
1.615629004998709650e+00
1.475792251671874222e+00
1.351538549346607443e+00
1.247097832487579883e+00
1.166236916416266922e+00
1.112104001831504263e+00
1.087083688123378078e+00
1.092669134081312166e+00
1.129358002640779013e+00
1.196578520040517457e+00
1.292651343008754949e+00
1.414791948059942683e+00
1.559156939131440822e+00
1.720936037220260451e+00
1.894489612673208700e+00
2.073529512803130803e+00
2.251338710430498491e+00
2.421023056886987490e+00
2.575786284577278984e+00
2.709217497269937436e+00
2.815578841433965529e+00
2.890079994604549007e+00
2.929125648746806920e+00
2.930522397192104833e+00
2.893632411212299083e+00
2.819463036310403847e+00
2.710683923904415593e+00
2.571566468110274783e+00
2.407844017663655301e+00
2.226495411131470092e+00
2.035458630666211466e+00
1.843285546305926337e+00
1.658752572289825533e+00
1.490445320180511235e+00
1.346337767409870434e+00
1.233387854481038381e+00
1.157171620842548432e+00
1.121576896263545065e+00
1.128575167627798193e+00
1.178086612216225237e+00
1.267948586477313899e+00
1.393992324635717761e+00
1.550226545286301327e+00
1.729120450060349423e+00
1.921972619961688666e+00
2.119346968503744488e+00
2.311552567215818144e+00
2.489141135469011612e+00
2.643394520462295283e+00
2.766774914413721920e+00
2.853322691210105955e+00
2.898930622021276715e+00
2.901441386000408684e+00
2.860650039718424242e+00
2.778293594444243730e+00
2.658022849777566421e+00
2.505311324515770988e+00
2.327292513790840012e+00
2.132521040778243115e+00
1.930655755847891619e+00
1.732066448952543691e+00
1.547370545822667420e+00
1.386911811733850808e+00
1.260199417595175841e+00
1.175332320571889300e+00
1.138440221564903432e+00
1.153177702789765835e+00
1.220311745813877025e+00
1.337443875002394034e+00
1.498905903000938622e+00
1.695862064567916994e+00
1.916639870974674587e+00
2.147297341549968763e+00
2.372415898844971505e+00
2.576087041673681632e+00
2.743020907288563848e+00
2.859709603143448575e+00
2.915633015020181240e+00
2.904348978056752184e+00
2.824348992558685545e+00
2.679570332798926646e+00
2.479472768055817067e+00
2.238620539403801235e+00
1.975754639310071781e+00
1.712393313163837583e+00
1.471054723299452194e+00
1.273246691254799057e+00
1.137414168646407209e+00
1.077075282996444727e+00
1.099343168825003048e+00
1.204003253068115953e+00
1.383268265552331400e+00
1.622266712707381098e+00
1.900244609857161482e+00
2.192383389041935970e+00
2.472068003670425895e+00
2.713386581266504116e+00
2.893613039447976654e+00
2.995420798894976144e+00
3.008599906302157567e+00
2.931099082436162018e+00
2.769283041951901225e+00
2.537376207048795962e+00
2.256147626559455777e+00
1.950969244169022065e+00
1.649442231601384368e+00
1.378827356210666988e+00
1.163531292175734144e+00
1.022890360458383885e+00
9.694583018349736125e-01
1.007949871301118794e+00
1.134923792499290762e+00
1.339214576494027753e+00
1.603050770152949056e+00
1.903734639564980125e+00
2.215711244536302971e+00
2.512824782439072813e+00
2.770552746248063247e+00
2.968022166804730855e+00
3.089642348885111023e+00
3.126232089307001250e+00
3.075571051026843694e+00
2.942359263111772094e+00
2.737620384529183326e+00
2.477628923237760628e+00
2.182475667513699591e+00
1.874407108386612952e+00
1.576082920419977995e+00
1.308891203537238646e+00
1.091445815393663032e+00
9.383661667777263293e-01
8.594101978774948414e-01
8.589989298820706054e-01
9.361388791472988746e-01
1.084719238692820165e+00
1.294136042749068238e+00
1.550176872065192724e+00
1.836087715838969459e+00
2.133738451530002411e+00
2.424804578467083083e+00
2.691889473859310655e+00
2.919522377465179286e+00
3.094981251384230969e+00
3.208905274926196594e+00
3.255677768749340117e+00
3.233575701424059368e+00
3.144695729515383231e+00
2.994678311977663210e+00
2.792260417832643782e+00
2.548693539849776535e+00
2.277067165959215433e+00
1.991578739593295344e+00
1.706789778941329327e+00
1.436904623252741153e+00
1.195103673078345530e+00
9.929575786835318496e-01
8.399436754568416763e-01
7.430726798491680274e-01
7.066339151172127409e-01
7.320665187733745860e-01
8.179564803449945742e-01
9.601546565033485248e-01
1.152006727475449299e+00
1.384682400904893695e+00
1.647588099277792484e+00
1.928844930593338391e+00
2.215811970140590503e+00
2.495633791299790794e+00
2.755790779553471292e+00
2.984631038322921981e+00
3.171863627668740193e+00
3.308994435085746311e+00
3.389688117246339338e+00
3.410042216069498533e+00
3.368762673154863663e+00
3.267233462583330805e+00
3.109476840822199328e+00
2.902004670534723108e+00
2.653565299297002245e+00
2.374794443353704487e+00
2.077782313606968412e+00
1.775572696100612413e+00
1.481612732896939288e+00
1.209174616459306684e+00
9.707721953767307621e-01
7.775964891500377618e-01
6.389942412275635419e-01
5.620128428239254958e-01
5.510332043184755779e-01
6.075094384765766797e-01
7.298305895813619326e-01
9.133151736955915645e-01
1.150344107661388726e+00
1.430631858940453860e+00
1.741629544684222042e+00
2.069047480917697968e+00
2.397478594272264729e+00
2.711098442088705873e+00
2.994412633949610658e+00
3.233018497459759999e+00
3.414345154452794073e+00
3.528335008953911167e+00
3.568030184679941375e+00
3.530029812986654747e+00
3.414788308979280096e+00
3.226730840578937887e+00
2.974169950060828072e+00
2.669016483530238126e+00
2.326288271345584580e+00
1.963430935285785051e+00
1.599476246189718287e+00
1.254074024641414598e+00
9.464430348404011539e-01
6.942940299590116826e-01
5.127834588875255228e-01
4.135588031865420344e-01
4.039556555166234908e-01
4.864022052611760571e-01
6.580786800187274910e-01
9.108676363414978105e-01
1.231616167972931386e+00
1.602713714096636988e+00
2.002970044015555562e+00
2.408758212907397223e+00
2.795368030696616657e+00
3.138498166304200865e+00
3.415800748402237463e+00
3.608382480611911802e+00
3.702161960604669844e+00
3.688984915666580378e+00
3.567407927341160967e+00
3.343076970546108306e+00
3.028649307581177563e+00
2.643235010279363806e+00
2.211366183491389581e+00
1.761535920712530956e+00
1.324382859311335814e+00
9.306284009160916693e-01
6.088996319636958976e-01
3.835892517393453272e-01
2.729122533506287418e-01
2.873161114373734559e-01
4.283859479057721131e-01
6.883586037461666418e-01
1.050320764733700063e+00
1.489118319970748949e+00
1.972949995632865994e+00
2.465561852175433444e+00
2.928904908073140856e+00
3.326070684556726498e+00
3.624283483392936489e+00
3.797707827467052599e+00
3.829827887328861369e+00
3.715174733957704589e+00
3.460217104504275554e+00
3.083290406356778313e+00
2.613513382513823924e+00
2.088726908847943875e+00
1.552578009043591889e+00
1.050956579847575512e+00
6.280643802667418285e-01
3.224477951896544958e-01
1.633511466591239802e-01
1.677412369882236298e-01
3.383142995538548359e-01
6.627245995700312697e-01
1.114173838133542427e+00
1.653379716476059968e+00
2.231810705172029952e+00
2.795944402916328286e+00
3.292191949222806890e+00
3.672043516546702691e+00
3.896940981589369635e+00
3.942381460883328081e+00
3.800803321687796554e+00
3.482903407216551450e+00
3.017174100081696508e+00
2.447619948199980744e+00
1.829800050937735678e+00
1.225525459009775719e+00
6.967005541721351669e-01
2.989148002169834673e-01
7.545063770534454761e-02
5.236410660930412853e-02
2.352133648406573574e-01
6.078608205147124632e-01
1.133569319154920763e+00
1.758371180730201155e+00
2.416435886751961526e+00
3.036925971382551381e+00
3.551639279003854011e+00
3.902614008521568145e+00
4.048839161219754956e+00
3.971276267401430360e+00
3.675556790593631717e+00
3.191960128374156547e+00
2.572575724861092095e+00
1.885877106151136573e+00
1.209248226664941583e+00
6.202651911980712196e-01
1.877149326999989487e-01
-3.659905944655683641e-02
-2.426902941869535368e-02
2.259037436856707881e-01
6.872271917041357092e-01
1.307740195890847446e+00
2.015914378436064691e+00
2.728830081237706651e+00
3.361899480736182610e+00
3.838992499412057668e+00
4.101739138574845178e+00
4.116848627750637313e+00
3.880500223604393284e+00
3.419208923783548126e+00
2.786993533679928081e+00
2.059130290504229688e+00
1.323206193515367390e+00
6.685363752647019986e-01
1.752330236234134198e-01
-9.572148694999427221e-02
-1.101488909153323092e-01
1.348879530748454680e-01
6.104777277704924732e-01
1.259202222320738862e+00
2.002050907935529089e+00
2.748096862373545335e+00
3.405770086983034517e+00
3.894210701965136412e+00
4.153288084455006413e+00
4.151056980669124208e+00
3.887721271426666902e+00
3.395613064123392810e+00
2.735192995124093418e+00
1.987573877785541177e+00
1.244501774644672709e+00
5.970422830123782720e-01
1.243765639066116702e-01
-1.159073533822092550e-01
-9.483378387420815514e-02
1.844864129326970748e-01
6.873393523604203192e-01
1.351770950939822580e+00
2.096272600352420579e+00
2.829827417580704108e+00
3.463070825975618661e+00
3.919191064237944389e+00
4.143237201068636466e+00
4.108707490385063110e+00
3.820632515028397957e+00
3.314802152290383219e+00
2.653258681892325832e+00
1.916632019649325613e+00
1.194271933930930452e+00
5.733908952867059483e-01
1.285398873332133096e-01
-8.731328332840515571e-02
-4.903948348145448222e-02
2.377940858860694284e-01
7.377791611423489826e-01
1.390099982690883973e+00
2.115982136402118297e+00
2.828237775736012427e+00
3.441746656967754170e+00
3.883612336125897180e+00
4.101784441386651991e+00
4.071132975781337926e+00
3.796274003555091259e+00
3.310839039397624362e+00
2.673305362279312813e+00
1.959910625043111976e+00
1.255514833345846792e+00
6.435071635177460614e-01
1.959554485836947357e-01
-3.484321803751511126e-02
-2.242520144628246115e-02
2.308599365237460344e-01
6.942810047572451904e-01
1.312493198884897350e+00
2.012176809819844259e+00
2.710747846532380212e+00
3.326105034193894916e+00
3.786263934724060753e+00
4.037750458473341908e+00
4.051779117437853017e+00
3.827507055104697464e+00
3.392001287425096656e+00
2.796942708236106689e+00
2.112470990227044432e+00
1.418905312468734525e+00
7.973187750029635534e-01
3.200718339903110277e-01
4.240813571933044202e-02
-3.914106997291444401e-03
1.857754472099386600e-01
5.886278022055850823e-01
1.157048061849746290e+00
1.824335151407544986e+00
2.512518154173855045e+00
3.141468151335913284e+00
3.638221255435338364e+00
3.945429507814129266e+00
4.027962937303499302e+00
3.876905282916597528e+00
3.510491664196546235e+00
2.971892984175881214e+00
2.324117563874164905e+00
1.642633097316465562e+00
1.006573206382046948e+00
4.895528424644730592e-01
1.511575492158414580e-01
3.008904320056693393e-02
1.397538173028014530e-01
4.667956671853932260e-01
9.727306032255496060e-01
1.598483332052084149e+00
2.271289922231277902e+00
2.913159916689504580e+00
3.449914065789780437e+00
3.819751069241314134e+00
3.980355006587171562e+00
3.913727291780952910e+00
3.628192697765180164e+00
3.157357250389409842e+00
2.556148489713382155e+00
1.894404973300858552e+00
1.248763219148452563e+00
6.937843128992056130e-01
2.933470701082330212e-01
9.330056598530833689e-02
1.162203548838955935e-01
3.588673014640491044e-01
7.926342445930969483e-01
1.366920099200216843e+00
2.015033415925999272e+00
2.661936757098660511e+00
3.232932876108658427e+00
3.662287617992935562e+00
3.900794613600957916e+00
3.921411711748204354e+00
3.722323961353954935e+00
3.327086614554127131e+00
2.781839436205353344e+00
2.149921520230660299e+00
1.504514866334642154e+00
9.201707801474230397e-01
4.641998749929308055e-01
1.889197114901417507e-01
1.256526644496533951e-01
2.811624347970993476e-01
6.369345228735316944e-01
1.151376789395110123e+00
1.764679032030306738e+00
2.405764217202861932e+00
3.000523895452391621e+00
3.480383951669316467e+00
3.790210884223183641e+00
3.894647181007891312e+00
3.782147777811659672e+00
3.466256655080381499e+00
2.983982351809463918e+00
2.391466532667160028e+00
1.757451985942865225e+00
1.155309547006002857e+00
6.545483195522592279e-01
3.127913322547493102e-01
1.691429524813992114e-01
2.397116422145535442e-01
5.158009837980996881e-01
9.649724485999311430e-01
1.534850998046379811e+00
2.159227751221097336e+00
2.765749225654606569e+00
3.284300572497905080e+00
3.655111695646090730e+00
3.835649072153886507e+00
3.805498365607830280e+00
3.568676907647429175e+00
3.153113595286033188e+00
2.607362072873495862e+00
1.994933194763379269e+00
1.386907659065836240e+00
8.536876141140741225e-01
4.568441741113546950e-01
2.420049296507327252e-01
2.336033606815997032e-01
4.320948719935540083e-01
8.139572783773549869e-01
1.334470314014627235e+00
1.932946642881477883e+00
2.539803235403895521e+00
3.084649672992795466e+00
3.504453458904930763e+00
3.750835121657209115e+00
3.795648486398877086e+00
3.634201904263391292e+00
3.285751079702506683e+00
2.791211422787712060e+00
2.208360693099985728e+00
1.605093609871627969e+00
1.051515347376397180e+00
6.117943479702632192e-01
3.367212847675675746e-01
2.578373691900892606e-01
3.838113906002786901e-01
6.994823897052830919e-01
1.167674317642586335e+00
1.733566584095787899e+00
2.331107558159544624e+00
2.890721342175203823e+00
3.347408949860946059e+00
3.648300627934434992e+00
3.758781494320862837e+00
3.666480168361970549e+00
3.382660009460636275e+00
2.940855754613125761e+00
2.392919380068534885e+00
1.802940494347377687e+00
1.239753404136140436e+00
7.689064916847372366e-01
4.450307556983676971e-01
3.054962932546891885e-01
3.660938822070909371e-01
6.192414732003355127e-01
1.034920108297627817e+00
1.564225068316457135e+00
2.145113127526866226e+00
2.709671226774280850e+00
3.192055429436458702e+00
3.536172195116654482e+00
3.702205636052539717e+00
3.671230677355438843e+00
3.447376874097113575e+00
3.057294665123659883e+00
2.546991446084902577e+00
1.976412100871368205e+00
1.412401636590242315e+00
9.208756315416628535e-01
5.591154359142571639e-01
3.690889195657027777e-01
3.725760722138620196e-01
5.686662842793883677e-01
9.339156587706727297e-01
1.425140909484455598e+00
1.984517833790777397e+00
2.546383133039312963e+00
3.044939961408942519e+00
3.421963151495582167e+00
3.633601691954953417e+00
3.655483375825899994e+00
3.485526865164005006e+00
3.144136112915400627e+00
2.671759429845061984e+00
2.124104394011761876e+00
1.565574050384455296e+00
1.061697332672395966e+00
6.714431307990944564e-01
4.403194099368781256e-01
3.950650287599932753e-01
5.405535851735281394e-01
8.592679977217214660e-01
1.313402320798208400e+00
1.849339032148980433e+00
2.403971909491218195e+00
2.912129211230959136e+00
3.314224348451423552e+00
3.563236365909819181e+00
3.630203036017274343e+00
3.507585529932128132e+00
3.210114568384085487e+00
2.773024044828694024e+00
2.247884501619631159e+00
1.696529557772821217e+00
1.183790583599434676e+00
7.698927127001851112e-01
5.034068874143868833e-01
4.155938777745145085e-01
5.167374567346789682e-01
7.949184727657825356e-01
1.217396262716337496e+00
1.734436998800166885e+00
2.285144782228032412e+00
2.804614587905508216e+00
3.231568717479493813e+00
3.515579126359647866e+00
3.623024244535607785e+00
3.541075670233830852e+00
3.279240444092279994e+00
2.868271627779867661e+00
2.356569923415869905e+00
1.804495535801495132e+00
1.277257317751689492e+00
8.372159907992888783e-01
5.365095726774817830e-01
4.108733176315844116e-01
4.753873892201985196e-01
7.226592803424110034e-01
1.123661184452886541e+00
1.631128882483851239e+00
2.185125304916006872e+00
2.720114723905041387e+00
3.172713127627800223e+00
3.489198318092655349e+00
3.631889643880188423e+00
3.583639197875835958e+00
3.349898418536337186e+00
2.958110231662316458e+00
2.454493381762347326e+00
1.898594961541632875e+00
1.356252635170049015e+00
8.917980544418862010e-01
5.604247517282796576e-01
4.016262257719298567e-01
4.344848373187570889e-01
6.553740970144597000e-01
1.038351628104118518e+00
1.538201245181930465e+00
2.095767998741106641e+00
2.644957071172586272e+00
3.120568593457476503e+00
3.466039568147060379e+00
3.640173333941926437e+00
3.622055527699439281e+00
3.413569436637140964e+00
3.039207757766834384e+00
2.543198463703221002e+00
1.984281665106695680e+00
1.428754108309474358e+00
9.426049126226319075e-01
5.836755849186998635e-01
3.947760509437001630e-01
3.985763694597457274e-01
5.948841103605748692e-01
9.606346457090986224e-01
1.452599525786819168e+00
2.012495024928615539e+00
2.573887136679092968e+00
3.070074852960233081e+00
3.442016089153052683e+00
3.645354227098810185e+00
3.655708857722355098e+00
3.471599509696178920e+00
3.114651682369426133e+00
2.627057100489914365e+00
2.066586468993948156e+00
1.499744326316221787e+00
9.938771912131121322e-01
6.091716371484452441e-01
3.914931787613400438e-01
3.669180891817429568e-01
5.386100929488129019e-01
8.864159750205335975e-01
1.369231457507776639e+00
1.929859528323301321e+00
2.501786877682655064e+00
3.017075489346417783e+00
3.414432988188965901e+00
3.646503026714653650e+00
3.685508572774597535e+00
3.526575678523537594e+00
3.188340139100700021e+00
2.710761818725393013e+00
2.150403080519215582e+00
1.573729311058209346e+00
1.049225125197260855e+00
6.392614149649171740e-01
3.926790523667729182e-01
3.389710136968089316e-01
4.847558160087306334e-01
8.129637690287108143e-01
1.284835888612629651e+00
1.844501387273417281e+00
2.425593107907866308e+00
2.959117587699780394e+00
3.381646508887583114e+00
3.642857023686182139e+00
3.711524623812092027e+00
3.579254947459614478e+00
3.261508602681641555e+00
2.795794045683147822e+00
2.237239732034927542e+00
1.652068252904514978e+00
1.109744956377509473e+00
6.747318992382334013e-01
3.988259644366229928e-01
3.149917835313824632e-01
4.334236814851419872e-01
7.403070344600533037e-01
1.199429425081051548e+00
1.756453728055778152e+00
2.345348908327269832e+00
2.896217457959341601e+00
3.343591610991187402e+00
3.634213673135223921e+00
3.733375864536892408e+00
3.629065008775071099e+00
3.333417163767562030e+00
2.881306142665998937e+00
2.326230023047095141e+00
1.733980823157904361e+00
1.174846382080217744e+00
7.152687121363410228e-01
4.099487782220847532e-01
2.953358643914336668e-01
3.852764185785189088e-01
6.693417728032486913e-01
1.114036645280333637e+00
1.666748469135919342e+00
2.261971927420227235e+00
2.829072300326159084e+00
3.300667572164445396e+00
3.620634621687325083e+00
3.750788227722503976e+00
3.675438054922823383e+00
3.403279805228166310e+00
2.966392636805154748e+00
2.416458327155349473e+00
1.818647746252283648e+00
1.243897791128870223e+00
7.604939834713404512e-01
4.259575313628281013e-01
2.802007410549192112e-01
3.407652325853691710e-01
6.007110674995381761e-01
1.029410773073768048e+00
1.576157566748277450e+00
2.176162744390578219e+00
2.758232917415019969e+00
3.253217392071586556e+00
3.602223384501948900e+00
3.763623090596040832e+00
3.718018902972197282e+00
3.470574536579540403e+00
3.050431934938694134e+00
2.507279600281320242e+00
1.905476397637151820e+00
1.316425723016347860e+00
8.101035959123059627e-01
4.467458490257711912e-01
2.696819402444701197e-01
3.001679501016312202e-01
5.348349352311543292e-01
9.460589353469941454e-01
1.485212291558673181e+00
2.088413654197885716e+00
2.684096799419390944e+00
3.201501499883984803e+00
3.579079066358318073e+00
3.771814067173644425e+00
3.756591234316794647e+00
3.534967681551811403e+00
3.133017967991172270e+00
2.598266820191115212e+00
1.994070275700873474e+00
1.392109536087358101e+00
8.638868109916877369e-01
4.722320734023186528e-01
2.638295881154808509e-01
2.636531790408556120e-01
4.719735605590158478e-01
8.642963462941968267e-01
1.394241664122831015e+00
1.999026897165217864e+00
2.606904440961099745e+00
3.145673346858108843e+00
3.551255085519636978e+00
3.775314821188648473e+00
3.791021734057918202e+00
3.596261890492230329e+00
3.213918939601005054e+00
2.689185761790673368e+00
2.084222850212003930e+00
1.470794767722217511e+00
9.217569636341123029e-01
5.024028464245937631e-01
2.626988178490163861e-01
2.313307211148543097e-01
4.122710792591504081e-01
7.842778992745513822e-01
1.303388063833950561e+00
1.908112678089369352e+00
2.526720424140165733e+00
3.085746211445636433e+00
3.518715835517908896e+00
3.774050503131651801e+00
3.821211281896465195e+00
3.654351502962719600e+00
3.293040314272637659e+00
2.779967986893288057e+00
2.175902010721896040e+00
1.552489911754832752e+00
9.837612111929017189e-01
5.373364753536136185e-01
2.663873807190988430e-01
2.033037269196296126e-01
3.558216798322701990e-01
7.060760390469289494e-01
1.212692520352253389e+00
1.815675057580152130e+00
2.443510824738821974e+00
3.021651566982430204e+00
3.481365360999651326e+00
3.767907754768432316e+00
3.847040867403803244e+00
3.709124147143113781e+00
3.370288044893934298e+00
2.870547809842171283e+00
2.269077924574143701e+00
1.637205232486600437e+00
1.049950444663226623e+00
5.771211038322454634e-01
2.750135196521867886e-01
1.797100692559385759e-01
3.027698838155916672e-01
6.298275578283210052e-01
1.122269676515963432e+00
1.721793550611152579e+00
2.357309958919587611e+00
2.953372648573237669e+00
3.439135050927794701e+00
3.756770901889143310e+00
3.868357919235104969e+00
3.760405110357190495e+00
3.445483247146019501e+00
2.018991894760566286e+00
