-1.548258850924514984e+00
-1.081713111565145269e+00
-6.243725733087548413e-01
-1.811941112427406519e-01
2.430055497413921017e-01
6.436022963059198077e-01
1.016215177305169082e+00
1.356754489448676271e+00
1.661466868150213827e+00
1.926976884002859158e+00
2.150324681164070384e+00
2.328999234982026323e+00
2.460966852026020391e+00
2.544694585825046929e+00
2.579168295546062417e+00
2.563905131988214237e+00
2.498960295024951428e+00
2.384927968353205863e+00
2.222936400443942695e+00
2.014637164248556545e+00
1.762188691808247221e+00
1.468234242741904172e+00
1.135874526960606090e+00
7.686352611935469703e-01
3.704299953509986310e-01
-5.448140223848185748e-02
-5.015381626958883565e-01
-9.659274551465377723e-01
-1.442636124242908657e+00
-1.926504771189681664e+00
-2.412283595010329851e+00
-2.894689389286763781e+00
-3.368463074649945099e+00
-3.828427139096180376e+00
-4.269542356873438749e+00
-4.686963162271814198e+00
-5.076091067132641577e+00
-5.432625530156060201e+00
-5.752611711955287532e+00
-6.032484582021642616e+00
-6.269108881999610361e+00
-6.459814493529717261e+00
-6.602426807937933795e+00
-6.695291748712713265e+00
-6.737295155440320649e+00
-6.727876299041926522e+00
-6.667035362108206797e+00
-6.555334784159702721e+00
-6.393894439048638745e+00
-6.184380679716499074e+00
-5.928989353376936222e+00
-5.630422957149368024e+00
-5.291862169475367139e+00
-4.916932055572991622e+00
-4.509663305012376000e+00
-4.074448915549518269e+00
-3.615996788994156663e+00
-3.139278751518160604e+00
-2.649476551893177323e+00
-2.151925426200992586e+00
-1.652055846172876485e+00
-1.155334090141768799e+00
-6.672022903661667392e-01
-1.930186180161879150e-01
2.620017327077803770e-01
6.928441070514224087e-01
1.094749859025407446e+00
1.463269109515765720e+00
1.794310203796813497e+00
2.084185314379946696e+00
2.329651676736244958e+00
2.527947992869413518e+00
2.676825590470072846e+00
2.774573982874756872e+00
2.820040536648285467e+00
2.812644018623533526e+00
2.752381861944479091e+00
2.639831060309933974e+00
2.476142670425827141e+00
2.263029973847400456e+00
2.002750420126412578e+00
1.698081542673391731e+00
1.352291106212987426e+00
9.691018093861094584e-01
5.526509271985187155e-01
1.074453349349790976e-01
-3.616875928011302754e-01
-8.496526676965105995e-01
-1.351142577203272133e+00
-1.860695963022273247e+00
-2.372757246532487763e+00
-2.881737539090831302e+00
-3.382075962540180392e+00
-3.868300700251731783e+00
-4.335089101658258670e+00
-4.777326173482077110e+00
-5.190160808616829158e+00
-5.569059128687896987e+00
-5.909854348413269065e+00
-6.208792608652351497e+00
-6.462574270028247803e+00
-6.668390209727868445e+00
-6.823952719950272972e+00
-6.927520666850059072e+00
-6.977918633023989514e+00
-6.974549833883653349e+00
-6.917402667878446820e+00
-6.807050831688691517e+00
-6.644647003387285977e+00
-6.431910168351447687e+00
-6.171106733576898762e+00
-5.865025645198730153e+00
-5.516947790671130392e+00
-5.130610030445140524e+00
-4.710164263392918826e+00
-4.260131984986529119e+00
-3.785354846733043122e+00
-3.290941767298497744e+00
-2.782213120206717960e+00
-2.264642660558174203e+00
-1.743797952438941090e+00
-1.225279895074767644e+00
-7.146620105111067822e-01
-2.174301607459561136e-01
2.610766453125017428e-01
7.157237096046475955e-01
1.141635743987257090e+00
1.534249016095818874e+00
1.889359982845636665e+00
2.203169893795843493e+00
2.472324893491256503e+00
2.693951203730553523e+00
2.865685022865469556e+00
2.985696839051847462e+00
3.052709917150621344e+00
3.066012783989727097e+00
3.025465603202651899e+00
2.931500398101850813e+00
2.785115148271518848e+00
2.587861852026921206e+00
2.341828711855888479e+00
2.049616662725754601e+00
1.714310523031070232e+00
1.339445104338431669e+00
9.289666683653283741e-01
4.871901672719913812e-01
1.875274586963326939e-02
-4.714359786642707828e-01
-9.782463128731799795e-01
-1.496382987293227718e+00
-2.020441170745628234e+00
-2.544963396463010064e+00
-3.064496792425411176e+00
-3.573650009424503615e+00
-4.067149248015937246e+00
-4.539892799510028887e+00
-4.987003536273080684e+00
-5.403878812582891378e+00
-5.786237268760034524e+00
-6.130162067884285193e+00
-6.432140135654335289e+00
-6.689097019364527164e+00
-6.898427031024873202e+00
-7.058018391773464906e+00
-7.166273149334677406e+00
-7.222121696752782150e+00
-7.225031778356885148e+00
-7.175011927263852840e+00
-7.072609337075521196e+00
-6.918902228159002910e+00
-6.715486825412549265e+00
-6.464459119134281728e+00
-6.168391632973126093e+00
-5.830305472431003722e+00
-5.453637973517805548e+00
-5.042206313497944237e+00
-4.600167483810738922e+00
-4.131975058856075300e+00
-3.642333223115350904e+00
-3.136148542790644811e+00
-2.618479986610062760e+00
-2.094487713540599483e+00
-1.569381152806157198e+00
-1.048366903818302776e+00
-5.365969804391386155e-01
-3.911791551424692592e-02
4.391787720077404700e-01
8.936042636031875652e-01
1.319717820810767162e+00
1.713369425045062400e+00
2.070739276295234355e+00
2.388373784723783366e+00
2.663217727740823548e+00
2.892642286512206340e+00
3.074468719609013689e+00
3.206987477147663412e+00
3.288972605821739670e+00
3.319691343195549926e+00
3.298908848024876050e+00
3.226888061701935762e+00
3.104384743710055794e+00
2.932637770751133743e+00
2.713354834526453097e+00
2.448693716581008317e+00
2.141239359761549998e+00
1.793976994316967222e+00
1.410261612145058852e+00
9.937841148604631414e-01
5.485344899541595431e-01
7.876239411177055061e-02
-4.110644564322996075e-01
-9.163036719477328784e-01
-1.432182922661155100e+00
-1.953845582440386863e+00
-2.476396841683095484e+00
-2.994949848799586256e+00
-3.504671444303334660e+00
-4.000827060245986999e+00
-4.478824370409462574e+00
-4.934255293115155538e+00
-5.362935968514118912e+00
-5.760944355537970907e+00
-6.124655120043843048e+00
-6.450771514782807081e+00
-6.736353983339977702e+00
-6.978845253801737591e+00
-7.176091723250647370e+00
-7.326360970912871196e+00
-7.428355275518528700e+00
-7.481221050813962492e+00
-7.484554151816844580e+00
-7.438401042965193000e+00
-7.343255857422837707e+00
-7.200053414119095940e+00
-7.010158295286339936e+00
-6.775350121999492714e+00
-6.497805198218321365e+00
-6.180074724810586950e+00
-5.825059813741294334e+00
-5.435983558820677963e+00
-5.016360442915792639e+00
-4.569963382173177990e+00
-4.100788725434390436e+00
-3.613019541539203239e+00
-3.110987538523527718e+00
-2.599133966780056593e+00
-2.081969863040024293e+00
-1.564035993565012106e+00
-1.049862853248221928e+00
-5.439310724838586353e-01
-5.063257576539448301e-02
4.257671748584188620e-01
8.811655319632123451e-01
1.311657307302726228e+00
1.713567424154129881e+00
2.083481313780965571e+00
2.418272815254882246e+00
2.715129362565216198e+00
2.971574269156874060e+00
3.185485947520561467e+00
3.355113929948763563e+00
3.479091585805658582e+00
3.556445460367261724e+00
3.586601190208244638e+00
3.569385979978066281e+00
3.505027654965934047e+00
3.394150332851396890e+00
3.237766786235718008e+00
3.037267594719742725e+00
2.794407211222517340e+00
2.511287091720373787e+00
2.190336060445434718e+00
1.834288103649149182e+00
1.446157804161753546e+00
1.029213646035520568e+00
5.869494334387215240e-01
1.230540805814270833e-01
-3.586199602635713468e-01
-8.540893576773385121e-01
-1.359273366479754497e+00
-1.870027816019573130e+00
-2.382179337103150552e+00
-2.891559544948139937e+00
-3.394038899500970707e+00
-3.885559970640963368e+00
-4.362169844111616790e+00
-4.820051414377512167e+00
-5.255553322869077171e+00
-5.665218314126516219e+00
-6.045809798033577209e+00
-6.394336423490694976e+00
-6.708074487348671511e+00
-6.984588022035053356e+00
-7.221746425879973508e+00
-7.417739521501443889e+00
-7.571089949557691767e+00
-7.680662827530698955e+00
-7.745672625782773046e+00
-7.765687235744795913e+00
-7.740629227569031379e+00
-7.670774316735332832e+00
-7.556747080767904912e+00
-7.399513988237549356e+00
-7.200373822437462046e+00
-6.960945601384790571e+00
-6.683154113980547706e+00
-6.369213209134487741e+00
-6.021606990317376784e+00
-5.643069082243353130e+00
-5.236560149121969765e+00
-4.805243855083769944e+00
-4.352461466913039700e+00
-3.881705307074891920e+00
-3.396591271168694970e+00
-2.900830628357891072e+00
-2.398201326016910606e+00
-1.892519020805965013e+00
-1.387608057657675031e+00
-8.872726157723154206e-01
-3.952682367147739573e-01
8.472605585115244864e-02
5.491348423030832926e-01
9.945124050404148264e-01
1.417567654046910874e+00
1.815187706776884458e+00
2.184459961230333924e+00
2.522692514216282156e+00
2.827432790836821752e+00
3.096484266035782085e+00
3.327921174523696735e+00
3.520101121389833665e+00
3.671675522116942147e+00
3.781597817396537664e+00
3.849129424978261937e+00
3.873843407649563808e+00
3.855625853209475373e+00
3.794674978853580072e+00
3.691497988610956682e+00
3.546905728256353640e+00
3.362005197357963659e+00
3.138189992711923892e+00
2.877128771267861929e+00
2.580751833677937590e+00
2.251235941728491063e+00
1.890987494066564967e+00
1.502624194752275599e+00
1.088955358198181678e+00
6.529610019547082977e-01
1.977698855265006550e-01
-2.733633410619151771e-01
-7.570817109181817717e-01
-1.249950065026966151e+00
-1.748479555096382754e+00
-2.249152350866845396e+00
-2.748446378797468892e+00
-3.242859920779294747e+00
-3.728935904402945756e+00
-4.203285720301870754e+00
-4.662612407142903592e+00
-5.103733050904025959e+00
-5.523600252101596553e+00
-5.919322522542124432e+00
-6.288183481914694006e+00
-6.627659734032911309e+00
-6.935437312706847379e+00
-7.209426597997865116e+00
-7.447775614898981544e+00
-7.648881638212798428e+00
-7.811401039477297026e+00
-7.934257324139593059e+00
-8.016647319707402630e+00
-8.058045488238320786e+00
-8.058206349171175731e+00
-8.017165011081061721e+00
-7.935235823369677810e+00
-7.813009171107626827e+00
-7.651346448150371238e+00
-7.451373255183332489e+00
-7.214470880445527534e+00
-6.942266131472503154e+00
-6.636619596226862150e+00
-6.299612421395043071e+00
-5.933531704370763826e+00
-5.540854603474697271e+00
-5.124231278235184206e+00
-4.686466778043376635e+00
-4.230502003167764258e+00
-3.759393866943783191e+00
-3.276294791927601757e+00
-2.784431675906735126e+00
-2.287084465881815021e+00
-1.787564479482568025e+00
-1.289192613749003291e+00
-7.952775808115981615e-01
-3.090943087565896086e-01
1.661373561232011298e-01
6.272735123847281713e-01
1.071266502167871337e+00
1.495184520403718409e+00
1.896230414439239897e+00
2.271759559839076736e+00
2.619296704577279478e+00
2.936551680872940828e+00
3.221433891502468505e+00
3.472065485491403258e+00
3.686793146592631132e+00
3.864198426846527923e+00
4.003106566732249405e+00
4.102593752904486912e+00
4.161992774207187828e+00
4.180897046509728376e+00
4.159162986861863587e+00
4.096910727456501533e+00
3.994523169865795253e+00
3.852643389921305506e+00
3.672170413388144539e+00
3.454253392183114890e+00
3.200284220256605749e+00
2.911888637347233022e+00
2.590915877580963311e+00
2.239426928275676687e+00
1.859681472287276982e+00
1.454123594754236137e+00
1.025366342124792496e+00
5.761752278561069751e-01
1.094507851201207416e-01
-3.717897277865749306e-01
-8.644313588753116395e-01
-1.365281116163605812e+00
-1.871088125584039474e+00
-2.378564172230575480e+00
-2.884404501927504860e+00
-3.385308758638366555e+00
-3.878001932452979972e+00
-4.359255192794167399e+00
-4.825906482069184378e+00
-5.274880746254488884e+00
-5.703209680828372541e+00
-6.108050873052365048e+00
-6.486706224823392652e+00
-6.836639544166588145e+00
-7.155493197886418244e+00
-7.441103722920433761e+00
-7.691516299520711364e+00
-7.904997995493190821e+00
-8.080049697326828095e+00
-8.215416651107835477e+00
-8.310097543609135329e+00
-8.363352061831431428e+00
-8.374706877517336778e+00
-8.343960011721250680e+00
-8.271183543358548107e+00
-8.156724634735027735e+00
-8.001204856331112225e+00
-7.805517802541747763e+00
-7.570824999609492068e+00
-7.298550116591802528e+00
-6.990371499828403223e+00
-6.648213060979969669e+00
-6.274233558246664622e+00
-5.870814319805528925e+00
-5.440545467778996169e+00
-4.986210710125497769e+00
-4.510770776679574823e+00
-4.017345584119345503e+00
-3.509195222865238328e+00
-2.989699866766846625e+00
-2.462338713876274454e+00
-1.930668073591494949e+00
-1.398298721942090816e+00
-8.688726527332693017e-01
-3.460393576272102756e-01
1.665682270289252642e-01
6.653579647652332341e-01
1.146802809748253438e+00
1.607464995990096845e+00
2.044019975540742884e+00
2.453279955363131037e+00
2.832216882719824191e+00
3.177984730051429452e+00
3.487940932591828691e+00
3.759666835427234233e+00
3.990987011465562340e+00
4.179987317956816106e+00
4.325031566915797043e+00
4.424776694186998149e+00
4.478186323114409007e+00
4.484542632002082918e+00
4.443456449958429033e+00
4.354875523496655632e+00
4.219090916610529263e+00
4.036741530146587209e+00
3.808816752323040511e+00
3.536657281336931469e+00
3.221954193230184949e+00
2.866746363534383057e+00
2.473416389529156767e+00
2.044685205435397890e+00
1.583605878649433141e+00
1.093556822823563479e+00
5.782415083074323725e-01
4.175459590186969550e-02
-5.115554421174044464e-01
-1.077223309056400957e+00
-1.650692620808828837e+00
-2.227341285961747630e+00
-2.802508965729195722e+00
-3.371526408606430270e+00
-3.929746418657006579e+00
-4.472576187516096979e+00
-4.995510697105712161e+00
-5.494166881640016875e+00
-5.964318222967223804e+00
-6.401929442079334009e+00
-6.803190941356419330e+00
-7.164552646550276904e+00
-7.482756894543902249e+00
-7.754870012500034271e+00
-7.978312236165284510e+00
-8.150885619891948153e+00
-8.270799598471363367e+00
-8.336693871250023591e+00
-8.347658292333523633e+00
-8.303249467075968226e+00
-8.203503774591830222e+00
-8.048946558778190763e+00
-7.840597256333367682e+00
-7.579970259506152885e+00
-7.269071343771355664e+00
-6.910389526225866774e+00
-6.506884259109597224e+00
-6.061967904313152467e+00
-5.579483478812433006e+00
-5.063677707409544482e+00
-4.519169467634434056e+00
-3.950913761803827029e+00
-3.364161402628178976e+00
-2.764414650930554274e+00
-2.157379096487810788e+00
-1.548912125162218878e+00
-9.449683667729660286e-01
-3.515425679310224538e-01
2.253896183271697495e-01
7.799323895010310537e-01
1.306331519337733393e+00
1.799036437444216485e+00
2.252762015876268897e+00
2.662549389324519566e+00
3.023825115345030845e+00
3.332457967827311407e+00
3.584812651146508600e+00
3.777799724747031185e+00
3.908921038723014441e+00
3.976310000691548829e+00
3.978766023205500879e+00
3.915782539328051648e+00
3.787568021890615810e+00
3.595059499354801957e+00
3.339928127946850900e+00
3.024576455541426512e+00
2.652127097209279860e+00
2.226402634833735128e+00
1.751896653013715000e+00
1.233735929725556790e+00
6.776339118862884092e-01
8.983572186529587000e-02
-5.229449401828289989e-01
-1.153596512990996414e+00
-1.794687304482756041e+00
-2.438549511885687693e+00
-3.077368692924078886e+00
-3.703277739789896827e+00
-4.308454305249363792e+00
-4.885220537007623598e+00
-5.426143894211765684e+00
-5.924137750564868909e+00
-6.372560433720994233e+00
-6.765311312103293062e+00
-7.096922519565358911e+00
-7.362644906757529029e+00
-7.558526826821712952e+00
-7.681484403029932295e+00
-7.729361987847597426e+00
-7.700981606981344818e+00
-7.596180288272080361e+00
-7.415834303474444944e+00
-7.161869500307185277e+00
-6.837257071559270649e+00
-6.445994295994642798e+00
-5.993069990408258718e+00
-5.484414631154816533e+00
-4.926835334109494369e+00
-4.327936121282613513e+00
-3.696024146806915489e+00
-3.040002801049420000e+00
-2.369252855224246002e+00
-1.693503045922437167e+00
-1.022691725127275131e+00
-3.668214121364850033e-01
2.641917250313632337e-01
8.606712640653073620e-01
1.413334465076593105e+00
1.913444309381791442e+00
2.352957129288486549e+00
2.724663286012992458e+00
3.022318362800610281e+00
3.240762394135021651e+00
3.376024751067291163e+00
3.425412447880763267e+00
3.387579826449385045e+00
3.262577810796396527e+00
3.051881203679331911e+00
2.758392816754967392e+00
2.386423582326170134e+00
1.941648183238840364e+00
1.431036152684052709e+00
8.627588311442200286e-01
2.460730163956101890e-01
-4.088174034235723120e-01
-1.090920092500260008e+00
-1.788631005131108065e+00
-2.489926619227732729e+00
-3.182568677379624233e+00
-3.854318097575306190e+00
-4.493154413859894447e+00
-5.087496861709265517e+00
-5.626423041481748655e+00
-6.099880982860720557e+00
-6.498890399562151643e+00
-6.815728971333514963e+00
-7.044099622573411601e+00
-7.179274985332168235e+00
-7.218215538875195847e+00
-7.159658306444838693e+00
-7.004173458498912375e+00
-6.754186714768811939e+00
-6.413966047287050110e+00
-5.989571853545182734e+00
-5.488770481853700645e+00
-4.920911736867997988e+00
-4.296771757768075517e+00
-3.628363429200904378e+00
-2.928717239361652069e+00
-2.211636223469459761e+00
-1.491429307105842206e+00
-7.826279753016989194e-01
-9.969172330489706191e-02
5.432918219851905484e-01
1.132905899089619695e+00
1.656696318503288357e+00
2.103449405381086379e+00
2.463449782221381668e+00
2.728711818929009603e+00
2.893178949061022465e+00
2.952885568577777953e+00
2.906076891701404818e+00
2.753282928567330146e+00
2.497343658688224721e+00
2.143383486792075132e+00
1.698734164010716974e+00
1.172806515352299073e+00
5.769125089570636966e-01
-7.595959325408885299e-02
-7.714130788971709229e-01
-1.493948561370422645e+00
-2.227301570007960585e+00
-2.954804884827352485e+00
-3.659767731926436340e+00
-4.325863302520117415e+00
-4.937515590166544399e+00
-5.480276276346096154e+00
-5.941182349402854612e+00
-6.309085326154499462e+00
-6.574943364043632776e+00
-6.732068203491937020e+00
-6.776319757977635305e+00
-6.706242259900200509e+00
-6.523137153941977573e+00
-6.231069380830369653e+00
-5.836805282003028950e+00
-5.349682043523568353e+00
-4.781410345238668924e+00
-4.145813644782216478e+00
-3.458509259433268035e+00
-2.736538064654604696e+00
-1.997951159064491611e+00
-1.261363205715514635e+00
-5.454833056564911686e-01
1.313648472595949634e-01
7.517211752671779657e-01
1.299453142202760869e+00
1.760192790169145205e+00
2.121734668088068432e+00
2.374383165446648292e+00
2.511238835463617036e+00
2.528414683263723539e+00
2.425175078662777928e+00
2.203991892580174472e+00
1.870514604828197758e+00
1.433453435165509493e+00
9.043769485313575274e-01
2.974280136990272716e-01
-3.710356167559114571e-01
-1.082867558684367015e+00
-1.818615235566487076e+00
-2.558046007662784671e+00
-3.280702951421519131e+00
-3.966475071189341506e+00
-4.596165957780970146e+00
-5.152044587423359800e+00
-5.618362103501663540e+00
-5.981819052488972055e+00
-6.231968650312198932e+00
-6.361543217398253347e+00
-6.366692906342898084e+00
-6.247128207978476233e+00
-6.006160398831273284e+00
-5.650637013025562538e+00
-5.190772502157939172e+00
-4.639877397409597037e+00
-4.013992413968264117e+00
-3.331436941239122262e+00
-2.612284146673884422e+00
-1.877777393599113109e+00
-1.149704748478431071e+00
-4.497499549505816763e-01
2.011606820646156812e-01
7.834955764215534302e-01
1.279719510317579800e+00
1.674840614703005492e+00
1.956885014023888480e+00
2.117283428260562594e+00
2.151156523208583415e+00
2.057488768729469619e+00
1.839183919337794126e+00
1.502998872113174400e+00
1.059356471635343855e+00
5.220416999104049438e-01
-9.221051426003867846e-02
-7.642240334001952906e-01
-1.472971685727281876e+00
-2.196228921585108296e+00
-2.911270692997478093e+00
-3.595589618024114920e+00
-4.227612505747342375e+00
-4.787392071595762744e+00
-5.257251188464900693e+00
-5.622358293459322809e+00
-5.871214573867761466e+00
-5.996036234495331740e+00
-5.993018422788294330e+00
-5.862471157379507858e+00
-5.608821749841956361e+00
-5.240482593470227712e+00
-4.769587670939632318e+00
-4.211605552979392542e+00
-3.584840870364659260e+00
-2.909840093941885364e+00
-2.208720814469381288e+00
-1.504446453329893796e+00
-8.200703539554985433e-01
-1.779744231833244594e-01
4.008721402001862444e-01
8.976089983816142315e-01
1.296112049469858807e+00
1.583530564191909296e+00
1.750715581893892647e+00
1.792524683562662258e+00
1.707992421006435002e+00
1.500360242335319061e+00
1.176964557038124415e+00
7.489864616077732684e-01
2.310714269530214082e-01
-3.591682381276071201e-01
-1.001751248993849597e+00
-1.675005126496012187e+00
-2.356300687683394735e+00
-3.022818114274194556e+00
-3.652318281812292788e+00
-4.223892464699442684e+00
-4.718664786085724927e+00
-5.120423375546243605e+00
-5.416158685859786104e+00
-5.596490696970697343e+00
-5.655970650602518468e+00
-5.593247371994989336e+00
-5.411092986949180172e+00
-5.116287761866699313e+00
-4.719368705163969224e+00
-4.234251294586233172e+00
-3.677738068139635885e+00
-3.068931681741527306e+00
-2.428573258590958073e+00
-1.778329322143673563e+00
-1.140052232989830605e+00
-5.350397874586487745e-01
1.668053727850971057e-02
4.970182769174518178e-01
8.904151275209146732e-01
1.184348813528547151e+00
1.369728906395821344e+00
1.441172102849506143e+00
1.397149010640914124e+00
1.239998874152056896e+00
9.758132796501532980e-01
6.141943902475874850e-01
1.678975110731606435e-01
-3.476283704744949077e-01
-9.147851152761299343e-01
-1.514435413063975000e+00
-2.126556650546691962e+00
-2.730915942788228357e+00
-3.307743247553797783e+00
-3.838379928969725796e+00
-4.305881354479449641e+00
-4.695554039489335807e+00
-4.995410415203193288e+00
-5.196527384526607563e+00
-5.293298330014389208e+00
-5.283572016566052909e+00
-5.168675753298995090e+00
-4.953324105561995871e+00
-4.645418244595512114e+00
-4.255744562161305033e+00
-3.797584346103513475e+00
-3.286249011765514982e+00
-2.738557533908474007e+00
-2.172274265814960970e+00
-1.605526230710649038e+00
-1.056219212639872396e+00
-5.414715694127640866e-01
-7.708367081671618770e-02
3.229407175458858248e-01
6.468068617042783686e-01
8.852635432267912385e-01
1.031850649411425458e+00
1.083053938468360400e+00
1.038364175595869909e+00
9.002409653271792322e-01
6.739846347899982604e-01
3.675223558937941171e-01
-8.882753937734744198e-03
-4.429886166327008379e-01
-9.209845465155581667e-01
-1.427940930832799049e+00
-1.948283359154484584e+00
-2.466275980812738577e+00
-2.966499016849605930e+00
-3.434305968089065075e+00
-3.856247107986768619e+00
-4.220447279431533971e+00
-4.516927769899181655e+00
-4.737864052455979191e+00
-4.877773378734293175e+00
-4.933628518811657315e+00
-4.904896286170696840e+00
-4.793501789845473482e+00
-4.603721550995313549e+00
-4.342010644289505450e+00
-4.016770820435549005e+00
-3.638068089104419478e+00
-3.217309455948445418e+00
-2.766889388918877479e+00
-2.299817124481626784e+00
-1.829336111536416398e+00
-1.368546738483260805e+00
-9.300430154483816381e-01
-5.255731165353201284e-01
-1.657326610465874595e-01
1.403016309976252707e-01
3.849916893387281824e-01
5.626065692155255427e-01
6.693365838611282648e-01
7.033516609482255433e-01
6.648041011047824966e-01
5.557774576500404962e-01
3.801846868658520506e-01
1.436200016545470248e-01
-1.468300314481421065e-01
-4.828097045020156575e-01
-8.549445508762691937e-01
-1.253111293849509700e+00
-1.666719518721496485e+00
-2.084997212344401163e+00
-2.497272514200331361e+00
-2.893244421726540061e+00
-3.263235769186318080e+00
-3.598422529796151181e+00
-3.891034347829505080e+00
-4.134522161753506175e+00
-4.323689800718762299e+00
-4.454787494290221694e+00
-4.525566299208998444e+00
-4.535293488668124873e+00
-4.484729942663973290e+00
-4.376071498777452717e+00
-4.212857050792260694e+00
-3.999846901001832489e+00
-3.742875467850306670e+00
-3.448682914606619576e+00
-3.124730591951925263e+00
-2.779005376394345639e+00
-2.419818039696957079e+00
-2.055600707770564473e+00
-1.694708269518657717e+00
-1.345228288301050235e+00
-1.014803564530681879e+00
-7.104710126162474548e-01
-4.385199653626896676e-01
-2.043724210657973384e-01
-1.248712011174557546e-02
1.337113041261397406e-01
2.318774946042827523e-01
2.807648759864074250e-01
2.802201013835783350e-01
2.311535910427124918e-01
1.354878042017553241e-01
-3.914687210020417751e-03
-1.833408965444853767e-01
-3.983321818682596938e-01
-6.438011493726112366e-01
-9.141576528833534887e-01
-1.203440786662885564e+00
-1.505453786133394756e+00
-1.813898836349657984e+00
-2.122508935142080944e+00
-2.425174159885256753e+00
-2.716059936064509905e+00
-2.989715193863780041e+00
-3.241168617177079270e+00
-3.466011528934322961e+00
-3.660466308692548409e+00
-3.821439594621351965e+00
-3.946559874320098693e+00
-4.034199409949529525e+00
-4.083480766297208575e+00
-4.094268509798503430e+00
-4.067146917288270380e+00
-4.003384771394371100e+00
-3.904888522005746765e+00
-3.774145258124408819e+00
-3.614157060556779655e+00
-3.428368393123404800e+00
-3.220588239019452459e+00
-2.994908701052389155e+00
-2.755621761804333492e+00
-2.507135844991339013e+00
-2.253893735569371337e+00
-2.000293307004506360e+00
-1.750612373393324983e+00
-1.508938835778547816e+00
-1.279107130119881308e+00
-1.064641813010990923e+00
-8.687089443424531598e-01
-6.940757474903243018e-01
-5.430788508240498302e-01
-4.176012426435193881e-01
-3.190579080132032175e-01
-2.483899629310557522e-01
-2.060669610306020694e-01
-1.920969223396120640e-01
-2.060435238763576038e-01
-2.470497990126974130e-01
-3.138676171437437823e-01
-4.048921574724368977e-01
-5.182005504927416073e-01
-6.515938375698968610e-01
-8.026413921173467525e-01
-9.687269542614049822e-01
-1.147095453355267747e+00
-1.334899827884969081e+00
-1.529247098687860573e+00
-1.727243007393410190e+00
-1.926034595936087612e+00
-2.122850173224508197e+00
-2.315036189914309261e+00
-2.500090620122774610e+00
-2.675692528290558592e+00
-2.839727578796900076e+00
-2.990309324021025006e+00
-3.125796182109915389e+00
-3.244804087670783765e+00
-3.346214866036771873e+00
-3.429180443863117045e+00
-3.493123064973226555e+00
-3.537731730105771355e+00
-3.562955122180538226e+00
-3.568991314704308415e+00
-3.556274589916359030e+00
-3.525459715279956718e+00
-3.477404042130312067e+00
-3.413147798954897283e+00
-3.333892954259368047e+00
-3.240981020684359670e+00
-3.135870163467288307e+00
-3.020111963015437162e+00
-2.895328163836114577e+00
-2.763187720934616287e+00
-2.625384430638756594e+00
-2.018966565605286867e+00
