4.249088906973901736e+00
4.305372545564385867e+00
4.359714746850706035e+00
4.411190075248325293e+00
4.458922434977258931e+00
4.502099956686147486e+00
4.539988775908705421e+00
4.571945470047184656e+00
4.597427943739935685e+00
4.616004579171982591e+00
4.627361497668187162e+00
4.631307811255470419e+00
4.627778777239009322e+00
4.616836804619179446e+00
4.598670297770381943e+00
4.573590359586174436e+00
4.542025412641844895e+00
4.504513832218901115e+00
4.461694718678323568e+00
4.414296968092370932e+00
4.363126828718796091e+00
4.309054156344672926e+00
4.252997603313762198e+00
4.195908993818365573e+00
4.138757151489843800e+00
4.082511454241144477e+00
4.028125395556741317e+00
3.976520430926978822e+00
3.928570382902087044e+00
3.885086668393094467e+00
3.846804597547969884e+00
3.814370975031780020e+00
3.788333212160533758e+00
3.769130132465673189e+00
3.757084624344269486e+00
3.752398262973926535e+00
3.755147990178521411e+00
3.765284905991499453e+00
3.782635189871125014e+00
3.806903133483686474e+00
3.837676231295914953e+00
3.874432240509185110e+00
3.916548088710162023e+00
3.963310476562955209e+00
4.013927994447074710e+00
4.067544546628848678e+00
4.123253854763219373e+00
4.180114794619466778e+00
4.237167306203401651e+00
4.293448608134002420e+00
4.348009442373272471e+00
4.399930075276406782e+00
4.448335785418856325e+00
4.492411577683573576e+00
4.531415876495109352e+00
4.564692968633575987e+00
4.591683987447540360e+00
4.611936255143530339e+00
4.625110827736004460e+00
4.630988117720009178e+00
4.629471502061531574e+00
4.620588857136528560e+00
4.604491997213374432e+00
4.581454028375042675e+00
4.551864664822497630e+00
4.516223588700599478e+00
4.475131967368899844e+00
4.429282272853633629e+00
4.379446576549756109e+00
4.326463517621386146e+00
4.271224165554768248e+00
4.214657015586124267e+00
4.157712369957836884e+00
4.101346367918400126e+00
4.046504932915342856e+00
3.994107906450730106e+00
3.945033634567010061e+00
3.900104264973917267e+00
3.860072000556013627e+00
3.825606538629097830e+00
3.797283905123620684e+00
3.775576869209795738e+00
3.760847097144931261e+00
3.753339174771908482e+00
3.753176596625010575e+00
3.760359786536145332e+00
3.774766180537247440e+00
3.796152368295776292e+00
3.824158254878787577e+00
3.858313170893045374e+00
3.898043826557162639e+00
3.942683974567957161e+00
3.991485618236885635e+00
4.043631575764067954e+00
4.098249189109754553e+00
4.154424947085101572e+00
4.211219777323773172e+00
4.267684750956342477e+00
4.322876937264313213e+00
4.375875143441345649e+00
4.425795276864185723e+00
4.471805073928958763e+00
4.513137950421088007e+00
4.549105743369838528e+00
4.579110133134026484e+00
4.602652556753925595e+00
4.619342449008152940e+00
4.628903675704387766e+00
4.631179054036646647e+00
4.626132886850653492e+00
4.613851470836746849e+00
4.594541572462133239e+00
4.568526899297730814e+00
4.536242627725801668e+00
4.498228080279615959e+00
4.455117676530376158e+00
4.407630309992597972e+00
4.356557329495706732e+00
4.302749326439664124e+00
4.247101948939099536e+00
4.190540979744416639e+00
4.134006926751909283e+00
4.078439382687027326e+00
4.024761414043620533e+00
3.973864238536517934e+00
3.926592445196362302e+00
3.883730001896740891e+00
3.845987281716430228e+00
3.813989322333178666e+00
3.788265511911653505e+00
3.769240871036950047e+00
3.757229073558121968e+00
3.752427320190760973e+00
3.754913147868351952e+00
3.764643225643546476e+00
3.781454154957972769e+00
3.805065258870351297e+00
3.835083311908143333e+00
3.871009130132244458e+00
3.912245910306823671e+00
3.958109178252916749e+00
4.007838180008469031e+00
4.060608525752670950e+00
4.115545875965517908e+00
4.171740442317965147e+00
4.228262062598470372e+00
4.284175599790128963e+00
4.338556410364095228e+00
4.390505626026112829e+00
4.439164996550727160e+00
4.483731048898853544e+00
4.523468329407411836e+00
4.557721511266577430e+00
4.585926168500329858e+00
4.607618039919732844e+00
4.622440631653851106e+00
4.630151034460788573e+00
4.630623861622342297e+00
4.623853244338775426e+00
4.609952853650113092e+00
4.589153950486380751e+00
4.561801497953835494e+00
4.528348401862293926e+00
4.489347976265564810e+00
4.445444759918089517e+00
4.397363836569033069e+00
4.345898836478930605e+00
4.291898818054833420e+00
4.236254246708505811e+00
4.179882302654046811e+00
4.123711760141548943e+00
4.068667687400618682e+00
4.015656219236608315e+00
3.965549652745188780e+00
3.919172111018371041e+00
3.877286010104979308e+00
3.840579551024832394e+00
3.809655441545392485e+00
3.785021031998208052e+00
3.767080025980566127e+00
3.756125900744248902e+00
3.752337143849376222e+00
3.755774382723235938e+00
3.766379452605230327e+00
3.783976416492488948e+00
3.808274518649743090e+00
3.838873021537476671e+00
3.875267845163460123e+00
3.916859898378863392e+00
3.962964964002428481e+00
4.012824974314930238e+00
4.065620490833232736e+00
4.120484182715670407e+00
4.176515081984237376e+00
4.232793381234453811e+00
4.288395530840507064e+00
4.342409387988260150e+00
4.393949169253313691e+00
4.442169961889928409e+00
4.486281556448361130e+00
4.525561374665330483e+00
4.559366281585521818e+00
4.587143089320901979e+00
4.608437581433471486e+00
4.622901911279797105e+00
4.630300254380606439e+00
4.630512623536989558e+00
4.623536785535823590e+00
4.609488249377427849e+00
4.588598327509600061e+00
4.561210303048550685e+00
4.527773766894852336e+00
4.488837218507613080e+00
4.445039052396470680e+00
4.397097078669272463e+00
4.345796749806732251e+00
4.291978286838205925e+00
4.236522915925368338e+00
4.180338440735771321e+00
4.124344386675065977e+00
4.069456959874826474e+00
4.016574066694766465e+00
3.966560638350916879e+00
3.920234500147698586e+00
3.878353015758604805e+00
3.841600724218566132e+00
3.810578170971821166e+00
3.785792114731378000e+00
3.767647269371115382e+00
3.756439714958509146e+00
3.752352084755402828e+00
3.755450606011561554e+00
3.765684042124020525e+00
3.782884552727140193e+00
3.806770457018584963e+00
3.836950854623319529e+00
3.872932028054967724e+00
3.914125521842345190e+00
3.959857766118918487e+00
4.009381087366353569e+00
4.061885926466608510e+00
4.116514064614865021e+00
4.172372641294507467e+00
4.228548735679464876e+00
4.284124273714675191e+00
4.338191017878945566e+00
4.389865395339183962e+00
4.438302922880245305e+00
4.482711993595870581e+00
4.522366800744340942e+00
4.556619188237998941e+00
4.584909234718702820e+00
4.606774398787865543e+00
4.621857076374373818e+00
4.629910447056609257e+00
4.630802513986481905e+00
4.624518271442608963e+00
4.611159964490141761e+00
4.590945436252699352e+00
4.564204589404597279e+00
4.531374019165234301e+00
4.492989904825008374e+00
4.449679275171723347e+00
4.402149789658881041e+00
4.351178201333520512e+00
4.297597689029459822e+00
4.242284264783570791e+00
4.186142477548223439e+00
4.130090645806931526e+00
4.075045859464418108e+00
4.021908995249744656e+00
3.971549989777672263e+00
3.924793610358633167e+00
3.882405955695248156e+00
3.845081906880033262e+00
3.813433733801601111e+00
3.787981043421668748e+00
3.769142234700751715e+00
3.757227600576243720e+00
3.752434190723935359e+00
3.754842520293090402e+00
3.764415179855715721e+00
3.780997370935744062e+00
3.804319360182107257e+00
3.834000814026790049e+00
3.869556945030100614e+00
3.910406371556639726e+00
3.955880564426355051e+00
4.005234728200120387e+00
4.057659941211704258e+00
4.112296357731750618e+00
4.168247258083847662e+00
4.224593718416795873e+00
4.280409661404441124e+00
4.334777042569760042e+00
4.386800924326117901e+00
4.435624191245090664e+00
4.480441665481166069e+00
4.520513390629480099e+00
4.555176865419592325e+00
4.583858025352226306e+00
4.606080790403902725e+00
4.621475019940215923e+00
4.629782741626748077e+00
4.630862548998470274e+00
4.624692091998546140e+00
4.611368615750546240e+00
4.591107534586716277e+00
4.564239060407423665e+00
4.531202936275333215e+00
4.492541357236460975e+00
4.448890190203679929e+00
4.400968632849408202e+00
4.349567477372905167e+00
4.295536168306626656e+00
4.239768863819662670e+00
4.183189726925434115e+00
4.126737686318896259e+00
4.071350916026927891e+00
4.017951288486145245e+00
3.967429056962099576e+00
3.920628020354850474e+00
3.878331416427967415e+00
3.841248778447528878e+00
3.810003975286218925e+00
3.785124636460589720e+00
3.767033141611751734e+00
3.756039328951898515e+00
3.752335049572359083e+00
3.755990664678888979e+00
3.766953551260129096e+00
3.785048648909240754e+00
3.809981047033103696e+00
3.841340578038545228e+00
3.878608348827158103e+00
3.921165110602350179e+00
3.968301336126085932e+00
4.019228844669177292e+00
4.073093788460834475e+00
4.128990790906387431e+00
4.185978006609267332e+00
4.243092856655501954e+00
4.299368179992273831e+00
4.353848533288923406e+00
4.405606367577584059e+00
4.453757810329322275e+00
4.497477786457992899e+00
4.536014221012912628e+00
4.568701079074290128e+00
4.594970013203700354e+00
4.614360432392284217e+00
4.626527808907738404e+00
4.631250063030238451e+00
4.628431903624103505e+00
4.618107035864367660e+00
4.600438182586241709e+00
4.575714902162935083e+00
4.544349222952145162e+00
4.506869151571475385e+00
4.463910148944855827e+00
4.416204703581332325e+00
4.364570165289672232e+00
4.309895033901959494e+00
4.253123926012101208e+00
4.195241467706211758e+00
4.137255382296976869e+00
4.080179058756903565e+00
4.025013898527680212e+00
3.972731745389888935e+00
3.924257704914868139e+00
3.880453656580013178e+00
3.842102752889974049e+00
3.809895185880213475e+00
3.784415482348588267e+00
3.766131565318102226e+00
3.755385790920958922e+00
3.752388137535350943e+00
3.757211688105499547e+00
3.769790507706313409e+00
3.789919977213636493e+00
3.817259601098504262e+00
3.851338263610071699e+00
3.891561863707220237e+00
3.937223215820417455e+00
3.987514061653500974e+00
4.041538998539518701e+00
4.098331093091033495e+00
4.156868915740322024e+00
4.216094702904275238e+00
4.274933329522955461e+00
4.332311756124010316e+00
4.387178601783801923e+00
4.438523487719707283e+00
4.485395795980540612e+00
4.526922493916154977e+00
4.562324687799369727e+00
4.590932588021367167e+00
4.612198593445066663e+00
4.625708233421283566e+00
4.631188742179337403e+00
4.628515081219108041e+00
4.617713270279358184e+00
4.598960935673244599e+00
4.572585035426137701e+00
4.539056772821410846e+00
4.498983762708451017e+00
4.453099567275902615e+00
4.402250768952366222e+00
4.347381796683030153e+00
4.289517767085923694e+00
4.229745643001241895e+00
4.169194047859242858e+00
4.109012104334263782e+00
4.050347689248090965e+00
3.994325513070456246e+00
3.942025441197477331e+00
3.894461475166413500e+00
3.852561804927138844e+00
3.817150328229624634e+00
3.788930010248397373e+00
3.768468426051474474e+00
3.756185790887854203e+00
3.752345739116704326e+00
3.757049062674972628e+00
3.770230565148521951e+00
3.791659128758421815e+00
3.820941029979889159e+00
3.857526476235392021e+00
3.900719272361167000e+00
3.949689462588085842e+00
4.003488732863149657e+00
4.061068300712434187e+00
4.121298966715357004e+00
4.182992954164376442e+00
4.244927122675095532e+00
4.305867108328321535e+00
4.364591918173072571e+00
4.419918491250394155e+00
4.470725732194217983e+00
4.515977527226332278e+00
4.554744266093400107e+00
4.586222417099153681e+00
4.609751735566625541e+00
4.624829728323714306e+00
4.631123047444662966e+00
4.628475544618335213e+00
4.616912782097189805e+00
4.596642865999733374e+00
4.568053541451984501e+00
4.531705565209950493e+00
4.488322448473976323e+00
4.438776739005655614e+00
4.384073085787793644e+00
4.325328399741398044e+00
4.263749488892146999e+00
4.200608604404292734e+00
4.137217383729311138e+00
4.074899717549869571e+00
4.014964097211844773e+00
3.958676018101102478e+00
3.907231021332608467e+00
3.861728950810976890e+00
3.823149985080464663e+00
3.792332973556285403e+00
3.769956565128922854e+00
3.756523564431156093e+00
3.752348888178344666e+00
3.757551422098963645e+00
3.772049999446229762e+00
3.795563636498079596e+00
3.827616070551199012e+00
3.867544553564429943e+00
3.914512761769040061e+00
3.967527590250381042e+00
4.025459513739088280e+00
4.087066112614080815e+00
4.151018288320574179e+00
4.215928626823351344e+00
4.280381313963543377e+00
4.342962964074253307e+00
4.402293694102271893e+00
4.457057760672738844e+00
4.506033077613768256e+00
4.548118946701835696e+00
4.582361364735615616e+00
4.607975315096835445e+00
4.624363510972911762e+00
4.631131129330559482e+00
4.628096158161775442e+00
4.615295072804708632e+00
4.592983658345477060e+00
4.561632902087088937e+00
4.521919990506868103e+00
4.474714556566133261e+00
4.421060433163974679e+00
4.362153274402140291e+00
4.299314505652612972e+00
4.233962153794470495e+00
4.167579188171004034e+00
4.101680068781472066e+00
4.096851844411728116e+00
4.059593267092332702e+00
4.025337505858321840e+00
3.994884056883635459e+00
3.968948779745286259e+00
3.948146679394958003e+00
3.932976867318884739e+00
3.923810078269578838e+00
3.920879064380243140e+00
3.924272125463495353e+00
3.933929964182404149e+00
3.949645979091557457e+00
3.971070028969884369e+00
3.997715620223346811e+00
4.028970387328401515e+00
4.064109656263481973e+00
4.102312804579137051e+00
4.142682061081840672e+00
4.184263324849146315e+00
4.226068529109540783e+00
4.267099031878789361e+00
4.306369483389889119e+00
4.342931601269929054e+00
4.375897278797285850e+00
4.404460459797189920e+00
4.427917235851579036e+00
4.445683657222414098e+00
4.457310797587931361e+00
4.462496673409569681e+00
4.461094690209861824e+00
4.453118368683811390e+00
4.438742191565538064e+00
4.418298505487122441e+00
4.392270508483154146e+00
4.361281450977117835e+00
4.326080273632372908e+00
4.287523996952562477e+00
4.246557262617423945e+00
4.204189502997723871e+00
4.161470281036142360e+00
4.119463395868100619e+00
4.079220388623705063e+00
4.041754106563833382e+00
4.008012991185521123e+00
3.978856746706924241e+00
3.955034019346196139e+00
3.937162675404840328e+00
3.925713208142885158e+00
3.920995730995002759e+00
3.923150929420451405e+00
3.932145247564077017e+00
3.947770481206976712e+00
3.969647837746932417e+00
3.997236409919720401e+00
4.029845895541987133e+00
4.066653283680777164e+00
4.106723121282727540e+00
4.149030876290129122e+00
4.192488826332969154e+00
4.235973828680153375e+00
4.278356269418241986e+00
4.318529449590617020e+00
4.355438644638388368e+00
4.388109071829630281e+00
4.415672018836259483e+00
4.437388425081214116e+00
4.452669265264969312e+00
4.461092160393453021e+00
4.462413733967688145e+00
4.456577337585536647e+00
4.443715888450499030e+00
4.424149688221713284e+00
4.398379225021861849e+00
4.367073094784698739e+00
4.331051310889598049e+00
4.291264398588938711e+00
4.248768789547763269e+00
4.204699138516106771e+00
4.160238275636767291e+00
4.116585581406369876e+00
4.074924624540355644e+00
4.036390934140792197e+00
4.002040785395716505e+00
3.972821861933245380e+00
3.949546617942315319e+00
3.932869099943530067e+00
3.923265902991318388e+00
3.921021831086846543e+00
3.926220709243531282e+00
3.938741658068604323e+00
3.958260994455172543e+00
3.984259767936391583e+00
4.016036785617717264e+00
4.052726823708347581e+00
4.093323574886464478e+00
4.136706742334443909e+00
4.181672567338019064e+00
4.226966971596174183e+00
4.271320411130843375e+00
4.313483478666902293e+00
4.352262257686335900e+00
4.386552425449927739e+00
4.415371124765384181e+00
4.437885675003052199e+00
4.453438270850155867e+00
4.461565920781594308e+00
4.462015003674641100e+00
4.454749968162011520e+00
4.439955861328737541e+00
4.418034546808087271e+00
4.389594652401399344e+00
4.355435468934000909e+00
4.316525199922185863e+00
4.273974130532095295e+00
4.229003439190239355e+00
4.182910511302917911e+00
4.137031727562721528e+00
4.092703785567472607e+00
4.051224669969493597e+00
4.013815410951488971e+00
3.981583762231180934e+00
3.955490887728643656e+00
3.936322071172809078e+00
3.924662356947748787e+00
3.920877896011951691e+00
3.925103611289963101e+00
3.937237616871653856e+00
3.956942629693411817e+00
3.983654406712595186e+00
4.016597030920538103e+00
4.054804662101133772e+00
4.097149169310662309e+00
4.142372877769270545e+00
4.189125499024503263e+00
4.236004175170084984e+00
4.281595460191315539e+00
4.324517987937145591e+00
4.363464539590736102e+00
4.397242225553190664e+00
4.424809537943390048e+00
4.445309109834619576e+00
4.458095134079904653e+00
4.462754545142161078e+00
4.459121247662864107e+00
4.447282880500787350e+00
4.427579828720202393e+00
4.400596431885396065e+00
4.367144577906874936e+00
4.328240110178969147e+00
4.285072704383405373e+00
4.238970082813501961e+00
4.191357621508863929e+00
4.143714562617884845e+00
4.097528165799817934e+00
4.054247213741433598e+00
4.015236324781051636e+00
3.981732518302750101e+00
3.954805425480926839e+00
3.935322440056829407e+00
3.923919963491967700e+00
3.920981719840741508e+00
3.926624903089279695e+00
3.940694679758683705e+00
3.962767309495997647e+00
3.992161874179476655e+00
4.027960330284453327e+00
4.069035328700486787e+00
4.114084989658776337e+00
4.161673586425496119e+00
4.210276887871409635e+00
4.258330744024793724e+00
4.304281376246485102e+00
4.346635759415164557e+00
4.384010460674295118e+00
4.415177329441024590e+00
4.439104516379930310e+00
4.454991433031361581e+00
4.462296445178157711e+00
4.460756316633874619e+00
4.450396679253319832e+00
4.431533091621756348e+00
4.404762554037982447e+00
4.370945661258424764e+00
4.331179886739715990e+00
4.286764792400483692e+00
4.239160236026648043e+00
4.189938894735308672e+00
4.140734628648933047e+00
4.093188366576864468e+00
4.048893298998128998e+00
4.009341208645797572e+00
3.975871753059964320e+00
3.949626436170460941e+00
3.931508868925920552e+00
3.922152725892420921e+00
3.921898561260203309e+00
3.930780361293863212e+00
3.948522390008702310e+00
3.974546541138905820e+00
4.007990053654674867e+00
4.047733092174008895e+00
4.092435349806156530e+00
4.140580511262490937e+00
4.190527129864888067e+00
4.240564233735157451e+00
4.288969792923408519e+00
4.334070057749128679e+00
4.374297724381798425e+00
4.408246899626605320e+00
4.434722923561861485e+00
4.452785264194837112e+00
4.461781918318729723e+00
4.461374030585742112e+00
4.451549769633933451e+00
4.432626865214005285e+00
4.405243601415050669e+00
4.370338464908768650e+00
4.329119049559141175e+00
4.283021205520149977e+00
4.233659778111815264e+00
4.182772596176167923e+00
4.132159629409698276e+00
4.083619429229065290e+00
4.038885090066137273e+00
3.999562012085215112e+00
3.967069709355764751e+00
3.942589789547064960e+00
3.927022035202431649e+00
3.920950248432045093e+00
3.924619188977824358e+00
3.937923551048681858e+00
3.960409500200424482e+00
3.991288842609835186e+00
4.029465441297806372e+00
4.073573043726043785e+00
4.122023259271485607e+00
4.173062039323239603e+00
4.224832681908205601e+00
4.275443119837264661e+00
4.323035067107295681e+00
4.365852500719427987e+00
4.402306949146809423e+00
4.431037146068327104e+00
4.450960786914921030e+00
4.461316391057798647e+00
4.461693615608294472e+00
4.452050776250742636e+00
4.432718792069173297e+00
4.404391268533748516e+00
4.368100947636686548e+00
4.325183267583105007e+00
4.277228267141398810e+00
4.226022522869905096e+00
4.173483203253746332e+00
4.121586646450895230e+00
4.072294104493717981e+00
4.027477436100824981e+00
3.988847565900997427e+00
3.957888456858604354e+00
3.935799166036628716e+00
3.923446276610381478e+00
3.921328630264195425e+00
3.929555836446475325e+00
3.947841524362494692e+00
3.975511748691185954e+00
4.011528381502220242e+00
4.054526742682860174e+00
4.102866161774525899e+00
4.154691647474199279e+00
4.208004387913923061e+00
4.260738433829262206e+00
4.310840643630275970e+00
4.356350806421179556e+00
4.395478814309615068e+00
4.426675832546889566e+00
4.448696614067487509e+00
4.460650417998441419e+00
4.462038409198465061e+00
4.452775923062915808e+00
4.433198558078466966e+00
4.404051686166359225e+00
4.366463623601413602e+00
4.321903357685837221e+00
4.272124350397080050e+00
4.219096514505316975e+00
4.164928956368286528e+00
4.111786481556842787e+00
4.061803146942346565e+00
4.016996302468967883e+00
3.979184589031544039e+00
3.949913242526740920e+00
3.930389800671413525e+00
3.921432926618101611e+00
3.923436565161095402e+00
3.936351051784460875e+00
3.959682124624253508e+00
3.992508070731324299e+00
4.033514499422721222e+00
4.081045506934041889e+00
4.133169308107695450e+00
4.187755791452720366e+00
4.242562930260207033e+00
4.295328577763127598e+00
4.343863907309216010e+00
4.386144642531252025e+00
4.420396264886552906e+00
4.445169587583351678e+00
4.459403440077720049e+00
4.462471703755843677e+00
4.454212558715879844e+00
4.434938519837340998e+00
4.405426629072885625e+00
4.366888998111997822e+00
4.320924727014806344e+00
4.269455025035918005e+00
4.214644095228563536e+00
4.158808982227127693e+00
4.104322094067325288e+00
4.053510470062613891e+00
4.008556059610580036e+00
3.971401290198507628e+00
3.943664033129413937e+00
3.926565726703033388e+00
3.920875900644488876e+00
3.926875681792246997e+00
3.944342075514707169e+00
3.972553941874829242e+00
4.010319656582974623e+00
4.056025503688429623e+00
4.107702930572883382e+00
4.163111946581123490e+00
4.219837202883188532e+00
4.275392687381267542e+00
4.327330533676204460e+00
4.373349199469028115e+00
4.411396231493900366e+00
4.439761006582785718e+00
4.457153217956862257e+00
4.462763449280015671e+00
4.456302924466875481e+00
4.438020408676306872e+00
4.408695228351639628e+00
4.369606433143571778e+00
4.322479193938602471e+00
4.269410571184678815e+00
4.212777748837394753e+00
4.155132666683274856e+00
4.099087657311379473e+00
4.047197169951529894e+00
4.001840916374245438e+00
3.965113788252156546e+00
3.938727665552375079e+00
3.923929767439818583e+00
3.921441507627431378e+00
3.931420932445718552e+00
3.953450778978883307e+00
3.986553037346939110e+00
4.029229686702446855e+00
4.079528053828739509e+00
4.135128072961570922e+00
4.193447661121266989e+00
4.251761516665769847e+00
4.307327945588747653e+00
4.357517857439489717e+00
4.399939877339742900e+00
4.432555607166860590e+00
4.453779439352168801e+00
4.462557969324558726e+00
4.458424942655668133e+00
4.441528773340000846e+00
4.412630932379225435e+00
4.373074874046875671e+00
4.324726577587276743e+00
4.269889167797385809e+00
4.211195371661740516e+00
4.151482705455741495e+00
4.093657208973413120e+00
4.040552201213465366e+00
3.994788887028371427e+00
3.958645672743369204e+00
3.933942741764623996e+00
3.921947806096375277e+00
3.923308010149899161e+00
3.938011758518463967e+00
3.965382822884424119e+00
4.004107520163602274e+00
4.052294118614593543e+00
4.107562000748986364e+00
4.167156573035084577e+00
4.228084541895132276e+00
4.287263046362943975e+00
4.341675312858446212e+00
4.388525026094662884e+00
4.425381524893328589e+00
4.450308246701188075e+00
4.461967553954631072e+00
4.459696152929127244e+00
4.443546715533854830e+00
4.414292973005365717e+00
4.373397388780824180e+00
4.322942445555448820e+00
4.265528500908752463e+00
4.204142976696083167e+00
4.142007252066232326e+00
4.082408938720216263e+00
4.028528152882127067e+00
3.983266901666183912e+00
3.949090733328137315e+00
3.927891346264126948e+00
3.920877920916345349e+00
3.928503568022119641e+00
3.950431536660615084e+00
3.985543779401790498e+00
4.031992231318089814e+00
4.087290840334839359e+00
4.148444112166291831e+00
4.212105829441628480e+00
4.274759792065377262e+00
4.332913007855700549e+00
4.383290835689225950e+00
4.423023295948349976e+00
4.449811906049765398e+00
4.462067213569690161e+00
4.459008612137195016e+00
4.440719945068463126e+00
4.408156749679886133e+00
4.363103652455138537e+00
4.308083250355462468e+00
4.246220649785773738e+00
4.181070518285471493e+00
4.116415873315101948e+00
4.056049737696043600e+00
4.003552103534278928e+00
3.962075266658433570e+00
3.934150459463288563e+00
3.921527801634393295e+00
3.925059931106949396e+00
3.944637343459976186e+00
3.979180572391504356e+00
4.026691041590559017e+00
4.084358895253212829e+00
4.148722578201725852e+00
4.215871604279270990e+00
4.281681037330235640e+00
4.342063909765927932e+00
4.393226286642415879e+00
4.431909073612422922e+00
4.455601038463931296e+00
4.462708882590818327e+00
4.452672512194822296e+00
4.426016808062320784e+00
4.384335007509380766e+00
4.330203072156645128e+00
4.267028861579918342e+00
4.198844283030688018e+00
4.130052552662734300e+00
4.065146008027308966e+00
4.008412310616465746e+00
3.963648176024607839e+00
3.933899837930013188e+00
3.921248237568643269e+00
3.926654463993080935e+00
3.949877369817622164e+00
3.989470752526702135e+00
4.042862295802703620e+00
4.106510939347136180e+00
4.176133857471096889e+00
4.246989158166385891e+00
4.314196134930230464e+00
4.373071743839657799e+00
4.419460204547353221e+00
4.450032415976763467e+00
4.462533312092698878e+00
4.455958322792081816e+00
4.430644595369832572e+00
4.388268307357956033e+00
4.331745898366119008e+00
4.265043927540849822e+00
4.192909037712398757e+00
4.120535676710157524e+00
4.053194312783142017e+00
3.995846465899034250e+00
3.952774634697241662e+00
3.927254927254400840e+00
3.921297843500846092e+00
3.935478304197841393e+00
3.968869927350817228e+00
4.019091113017964290e+00
4.082462227228078611e+00
4.154264677062597499e+00
4.229084587674005746e+00
4.301216769594714329e+00
4.365099287933212224e+00
4.415745697318960161e+00
4.449141224551644846e+00
4.462571021357388368e+00
4.454853027607383886e+00
4.426454728566312724e+00
4.379481708950752505e+00
4.382769100651424665e+00
