1.351077346348992791e-01
2.606121060883324625e-01
3.812101575648278451e-01
4.938656668048062581e-01
5.955974401557622144e-01
6.835654212093682514e-01
7.551600639624859168e-01
8.080922745535180640e-01
8.404808788484012805e-01
8.509343084525178291e-01
8.386230393644110714e-01
8.033392880576779582e-01
7.455405886680667171e-01
6.663741567465243376e-01
5.676793978791646600e-01
4.519665436610277309e-01
3.223701842407309393e-01
1.825771246386933555e-01
3.672850682178162990e-02
-1.106997279323482519e-01
-2.550349338774470787e-01
-3.915606217764328600e-01
-5.156791163173127801e-01
-6.230783003341967552e-01
-7.098961875743633465e-01
-7.728767477307064704e-01
-8.095103516046713299e-01
-8.181524321771220798e-01
-7.981144788301435256e-01
-7.497222935665907029e-01
-6.743375223791741035e-01
-5.743398003054567269e-01
-4.530683699170562906e-01
-3.147236924413274739e-01
-1.642313004946985011e-01
-7.071865980878865206e-03
1.509169038346817870e-01
3.037594553046334966e-01
4.455743449017878777e-01
5.708097279107611222e-01
6.744725978727627025e-01
7.523418648891593286e-01
8.011556722490952298e-01
8.187641101752767270e-01
8.042396775821125665e-01
7.579394307633006145e-01
6.815146841729984306e-01
5.778663162985068213e-01
4.510460904433620799e-01
3.061068214198838233e-01
1.489065927581460780e-01
-1.412555885835337088e-02
-1.762531349336782516e-01
-3.307139178444602479e-01
-4.710079322100713672e-01
-5.911790101186925606e-01
-6.860773325911323495e-01
-7.515908931297903273e-01
-7.848349776695925373e-01
-7.842904390705448536e-01
-7.498836965893234119e-01
-6.830039200371932351e-01
-5.864556523831283563e-01
-4.643480556167964290e-01
-3.219248954056020406e-01
-1.653421702162883311e-01
-1.402803922844629049e-03
1.627400677752103286e-01
3.198980854043167454e-01
4.631667897783705024e-01
5.862343885468231930e-01
6.836659943271067297e-01
7.511501570686498486e-01
7.856961381445535242e-01
7.857725588730329891e-01
7.513807026523298127e-01
6.840587350613811513e-01
5.868162899115899611e-01
4.640021002919346715e-01
3.211104776881411604e-01
1.645353090708011057e-01
1.282712934510049294e-03
-1.613445492570659834e-01
-3.160764651792167257e-01
-4.560038584463651512e-01
-5.748901033670311689e-01
-6.674521517860008135e-01
-7.295979802424988891e-01
-7.586095949206708156e-01
-7.532632690292403455e-01
-7.138816107551195778e-01
-6.423152299298576784e-01
-5.418550367845371696e-01
-4.170794114635367200e-01
-2.736434767857510719e-01
-1.180203485552722836e-01
4.279359523458586140e-02
2.015957918745558686e-01
3.513023355293762306e-01
4.852657368457887199e-01
5.975711822155292952e-01
6.832979670932274319e-01
7.387344780288798152e-01
7.615373201587635199e-01
7.508278214639289017e-01
7.072220646898234042e-01
6.327936631882126184e-01
5.309715638956868933e-01
4.063780869771122517e-01
2.646150638056385396e-01
1.120081942625062860e-01
-4.467848762088172387e-02
-1.985449478322380557e-01
-3.428606033279436027e-01
-4.713592444404903770e-01
-5.785104378796972480e-01
-6.597556502975666648e-01
-7.116990734670850527e-01
-7.322452951984100844e-01
-7.206784393871815686e-01
-6.776800760157756232e-01
-6.052859529499299285e-01
-5.067843008029445651e-01
-3.865609899242466452e-01
-2.498990651583398170e-01
-1.027420551023246892e-01
4.856812700773922853e-02
1.975669570561227328e-01
3.379446312053308032e-01
4.638129914985592572e-01
5.699507557446205075e-01
6.520169109921781780e-01
7.067236942400118016e-01
7.319624847941214041e-01
7.268780787702676660e-01
6.918891083218546845e-01
6.286547033330300849e-01
5.399897697050854983e-01
4.297333796369886549e-01
3.025766486656186194e-01
1.638580379258497699e-01
1.933521016607898241e-02
-1.250566556385829808e-01
-2.634498449092729233e-01
-3.902822328269855978e-01
-5.005189199919662935e-01
-5.898486464885335234e-01
-6.548474924385411233e-01
-6.931038888596161573e-01
-7.033006829657754144e-01
-6.852518496308920293e-01
-6.398933355749066854e-01
-5.692293857005034097e-01
-4.762374567323107155e-01
-3.647364037506195533e-01
-2.392239718121459136e-01
-1.046906906908163515e-01
3.358197795848835709e-02
1.702309748416795387e-01
3.000201156305459249e-01
4.180396137237326060e-01
5.198891302103509915e-01
6.018376708697659172e-01
6.609547276699430096e-01
6.952083243233451171e-01
7.035270162944332606e-01
6.858243565851884771e-01
6.429858105459418383e-01
5.768195286431146984e-01
4.899737123886281354e-01
3.858244882784315211e-01
2.683391979145821615e-01
1.419207885559369831e-01
1.123952576764889952e-02
-1.189414628189530282e-01
-2.439402678619205789e-01
-3.593235657645826864e-01
-4.610613706269929279e-01
-5.456639045047310121e-01
-6.102961270751283696e-01
-6.528664078133115112e-01
-6.720868608949345235e-01
-6.675039538578042553e-01
-6.394991039617996531e-01
-5.892600509198752112e-01
-5.187248037199158057e-01
-4.305008690924226333e-01
-3.277632512879715687e-01
-2.141353444938901285e-01
-9.355730405498027813e-02
2.985322911208996427e-02
1.519430680566390135e-01
2.686631684622673988e-01
3.762013869037137415e-01
4.711040170673165828e-01
5.503823336581231684e-01
6.116010055899891995e-01
6.529459568078130882e-01
6.732700273449149231e-01
6.721155908622745700e-01
6.497140309903307598e-01
6.069556060437428791e-01
5.453428052688447103e-01
4.669494106471041572e-01
3.743496652600062924e-01
2.705308925616073390e-01
1.587946394335989775e-01
4.264976005712364793e-02
-7.429897944061024384e-02
-1.884631563244912045e-01
-2.963802671874277150e-01
-3.948172759936532938e-01
-4.808650764711803749e-01
-5.520211878765969304e-01
-6.062584502027617006e-01
-6.420779850374549458e-01
-6.585452235512775365e-01
-6.553083553557443874e-01
-6.325991034708230432e-01
-5.912162645255282234e-01
-5.324929541071276029e-01
-4.582489511620846945e-01
-3.707299309091946493e-01
-2.725357035500274860e-01
-1.665398293289181431e-01
-5.580315492797023602e-02
5.651608995615960140e-02
1.672529830002823792e-01
2.733247965844545768e-01
3.718156265984423059e-01
4.600545066074399059e-01
5.356850069290242100e-01
5.967246204923134512e-01
6.416125757857108480e-01
6.692450807049342698e-01
6.789973784685304770e-01
6.707323769098039179e-01
6.447959847748903073e-01
6.019996432802329211e-01
5.435908691982241914e-01
4.712129193975356234e-01
3.868549396264934215e-01
2.927941673732412098e-01
1.915319163225114307e-01
8.572517620677518047e-02
-2.188428386131458306e-02
-1.285414173632143109e-01
-2.315481623525813826e-01
-3.283307097659237672e-01
-4.165021574114082248e-01
-4.939190981843252226e-01
-5.587308905723494812e-01
-6.094205829757948223e-01
-6.448367041155830259e-01
-6.642153830603785281e-01
-6.671925174663647651e-01
-6.538059610125773746e-01
-6.244879446375251053e-01
-5.800481754583017846e-01
-5.216482672243326624e-01
-4.507683425788883702e-01
-3.691668068045986795e-01
-2.788344224647953951e-01
-1.819439126109397009e-01
-8.079638603314411027e-02
2.223408877301906450e-02
1.247564330507285463e-01
2.244177322298513688e-01
3.189563951228777672e-01
4.062521419063563899e-01
4.843717723395850050e-01
5.516097928050720522e-01
6.065231239226279714e-01
6.479592658216944967e-01
6.750774617000917521e-01
6.873625681022139666e-01
6.846315085619556484e-01
6.670323521936928346e-01
6.350362170436032461e-01
5.894223464050235561e-01
5.312568420853625017e-01
4.618656594171499097e-01
3.828025726886461477e-01
2.958129051332276660e-01
2.027938836185367855e-01
1.057525241253717829e-01
6.761979851789739863e-03
-9.208271041096909026e-02
-1.887085494453951962e-01
-2.811072918443398572e-01
-3.673760934699180636e-01
-4.457553202082126798e-01
-5.146628134661300757e-01
-5.727239986546600603e-01
-6.187973209661088436e-01
-6.519945978395851327e-01
-6.716959873391672442e-01
-6.775593839722610090e-01
-6.695241660322629462e-01
-6.478093292303936934e-01
-6.129061481824944480e-01
-5.655656083895141961e-01
-5.067809450290156059e-01
-4.377657096963593619e-01
-3.599278609540240703e-01
-2.748404381531885932e-01
-1.842094297072824904e-01
-8.983948628652786705e-02
6.401844033059433080e-03
1.026206678608233697e-01
1.969333938846256349e-01
2.875027947712678889e-01
3.725728256446309006e-01
4.505015750684555065e-01
5.197917684239461433e-01
5.791182966233698881e-01
6.273523041096019659e-01
6.635814378384148338e-01
6.871259321407614529e-01
6.975502816866950839e-01
6.946703352604530757e-01
6.785557474109756848e-01
6.495278310703227476e-01
6.081528307640113873e-01
5.552307248215692104e-01
4.917797701896219897e-01
4.190170769873784451e-01
3.383355679440994135e-01
2.512777399487843843e-01
1.595067001323761113e-01
6.477499629510358181e-02
-3.110819970021680772e-02
-1.263109673876864070e-01
-2.190129640480369677e-01
-3.074395843689259333e-01
-3.898953366187579150e-01
-4.647958297949860706e-01
-5.306977878552132655e-01
-5.863265389252043658e-01
-6.306004688871877928e-01
-6.626519794074845482e-01
-6.818445495321634464e-01
-6.877855665804448737e-01
-6.803346651780530774e-01
-6.596073917502551787e-01
-6.259740943797761359e-01
-5.800540232775153182e-01
-5.227047137893650053e-01
-4.550068103927167873e-01
-3.782445750142106045e-01
-2.938824047120330851e-01
-2.035377608191961119e-01
-1.089509825882744032e-01
-1.195252183844428343e-02
8.557181020004593630e-02
1.817169478760494450e-01
2.745953581360910389e-01
3.623738177028715812e-01
4.433094789126602597e-01
5.157845259553321959e-01
5.783387396068209174e-01
6.296993179840626453e-01
6.688073431381299505e-01
6.948403379397001256e-01
7.072304239651650004e-01
7.056776679881858749e-01
6.901582910161495610e-01
6.609275081685054287e-01
6.185168684628045144e-01
5.637260689738466946e-01
4.976093259377156186e-01
4.214564941524179820e-01
3.367692333714422670e-01
2.452326241520368377e-01
1.486827336659099774e-01
4.907072221591147337e-02
-5.157583837488309564e-02
-1.511936945886405426e-01
-2.477258939608004140e-01
-3.391641849141963094e-01
-4.235909733475122230e-01
-4.992199681193409955e-01
-5.644346576093786094e-01
-6.178237873974382621e-01
-6.582130546640336810e-01
-6.846922976933781380e-01
-6.966375379782495658e-01
-6.937273266389105686e-01
-6.759529545644620274e-01
-6.436222049127731104e-01
-5.973564551032116698e-01
-5.380810706734264759e-01
-4.670091725945500483e-01
-3.856189999307566563e-01
-2.956252280701243684e-01
-1.989447360942529219e-01
-9.765744218773118879e-02
6.037059568054229525e-03
1.098662267994921088e-01
2.115337417213246640e-01
3.087703551984303796e-01
3.993919933483781048e-01
4.813581389358161378e-01
5.528162327497841977e-01
6.121434633302111905e-01
6.579840003210828403e-01
6.892806335657553074e-01
7.053000633542398923e-01
7.056512085748524177e-01
6.902960391512128480e-01
6.595525942513476014e-01
6.140900150583965544e-01
5.549155967127434863e-01
4.833540443783963525e-01
4.010192990322516415e-01
3.097794751786389078e-01
2.117156208844950815e-01
1.090751660321350458e-01
4.221063404464502414e-03
-1.004222546367139896e-01
-2.024248869371173265e-01
-2.994080122553666734e-01
-3.890981048705746681e-01
-4.693810268754789461e-01
-5.383557005751001823e-01
-5.943840563117263054e-01
-6.361355648009178188e-01
-6.626247509869749308e-01
-6.732402048526789917e-01
-6.677637977609476305e-01
-6.463790790556575017e-01
-6.096681607904028688e-01
-5.585967881319279238e-01
-4.944877244633407720e-01
-4.189830349477940974e-01
-3.339962162507083554e-01
-2.416530629057686286e-01
-1.442247858836040453e-01
-4.406025400488076255e-02
5.648159703505795798e-02
1.550969226389993239e-01
2.495975445818953142e-01
3.379651001433627289e-01
4.183972862942003101e-01
4.893451213482717943e-01
5.495405624576011894e-01
5.980142274357395094e-01
6.341033552755619418e-01
6.574504860471012124e-01
6.679936358291940213e-01
6.659489779459251135e-01
6.517872138337281740e-01
6.262049247036879374e-01
5.900922412920882598e-01
5.444981585442966177e-01
4.905947622088511206e-01
4.296415335720499273e-01
3.629507662443853255e-01
2.918549745143171337e-01
2.176770054989021486e-01
1.417033956148456564e-01
6.516134321932338935e-02
-1.080049014802518179e-02
-8.512728275430547775e-02
-1.568695202922421317e-01
-2.251907961464712227e-01
-2.893721989420122709e-01
-3.488136076038219069e-01
-4.030322595769785798e-01
-4.516589846256209850e-01
-4.944325067660345630e-01
-5.311921682628943930e-01
-5.618691048232243856e-01
-5.864773107466678681e-01
-6.051048499476524567e-01
-6.179048887119644728e-01
-6.250867342003305627e-01
-6.269070438296360237e-01
-6.236613425532270272e-01
-6.156759584280384612e-01
-6.033004620884991898e-01
-5.869006731150570033e-01
-5.668522759543195289e-01
-5.435350700942009894e-01
-5.173278636244044160e-01
-4.886040060624284864e-01
-4.577275452952228041e-01
-4.250499845378987729e-01
-3.909076081811975745e-01
-3.556193401096047757e-01
-3.194850943364031526e-01
-2.827845754316500870e-01
-2.457764850286774383e-01
-2.086980905073818893e-01
-1.717651125980994842e-01
-1.351718899749565772e-01
-9.909178076789233736e-02
-6.367776319063764290e-02
-2.906320004512201113e-02
4.637265379772423368e-03
3.732671162938704101e-02
6.892486633332119139e-02
9.936698221029652278e-02
1.286026828419831736e-01
1.565947965272855569e-01
1.833181939654925652e-01
2.087586431137174181e-01
2.329116923366424674e-01
2.557815909224263606e-01
2.773802541829698542e-01
2.977262786866059496e-01
3.168440116861977462e-01
3.347626774962768059e-01
3.515155624319605265e-01
3.671392589411948681e-01
3.816729687267579330e-01
3.951578639569846008e-01
4.076365050899394826e-01
4.191523133748813468e-01
4.297490957344463069e-01
4.394706194605243477e-01
4.483602339654362834e-01
4.564605367074676123e-01
4.638130803469402430e-01
4.704581181770262632e-01
4.764343849041747236e-01
4.817789099198660496e-01
4.865268603005927228e-01
4.907114108924595652e-01
4.943636389735405756e-01
4.975124411381323664e-01
5.001844702073602322e-01
5.024040901374000612e-01
5.041933470663111372e-01
5.055719548114586681e-01
5.065572932987282284e-01
5.071644185710867392e-01
5.074060831857851728e-01
5.072927659654283827e-01
5.068327102172996979e-01
5.060319696771067299e-01
5.048944615667344538e-01
5.034220262805617629e-01
5.016144933307083997e-01
4.994697532881141600e-01
4.969838355534553220e-01
4.941509918789151468e-01
4.909637856394007405e-01
4.874131869188523813e-01
4.834886735346976550e-01
4.791783381700426836e-01
4.744690018198896020e-01
4.693463337834288818e-01
4.637949784498111572e-01
4.577986891292958327e-01
4.513404691751032871e-01
4.444027206240337979e-01
4.369674005551184015e-01
4.290161853256169167e-01
4.205306427925452062e-01
4.114924125650681330e-01
4.018833942590142039e-01
3.916859436390987548e-01
3.808830764378507983e-01
3.694586795319433903e-01
3.573977290378169136e-01
3.446865147593296541e-01
3.313128702801054759e-01
3.172664078446434943e-01
3.025387570141710447e-01
2.871238059172318557e-01
2.710179437421831317e-01
2.542203029399559000e-01
2.367329994218609346e-01
2.185613688508389330e-01
1.997141969363744329e-01
1.802039414559045150e-01
1.600469435399285989e-01
1.392636255779231835e-01
1.178786729282799428e-01
9.592119645217615787e-02
7.342487274049369628e-02
5.042805876788926389e-02
2.697387759333971791e-02
3.110271634856756964e-03
-2.110998001748166236e-02
-4.562928381674238865e-02
-7.038529706107712891e-02
-9.531103978875979377e-02
-1.203350566684099759e-01
-1.453816321217963892e-01
-1.703710616830483859e-01
-1.952199822830833764e-01
-2.198417637396546942e-01
-2.441469632154067981e-01
-2.680438437618202774e-01
-2.914389572733148137e-01
-3.142377912092512160e-01
-3.363454772726742759e-01
-3.576675588280422979e-01
-3.781094913552187076e-01
-3.975651341772927228e-01
-4.159204616865312953e-01
-4.330607834337115714e-01
-4.488717930105002307e-01
-4.632405538089058861e-01
-4.760564946264974617e-01
-4.872124131106692624e-01
-4.966054837783171472e-01
-5.041382661916935515e-01
-5.097197078174002804e-01
-5.132661351474068212e-01
-5.147022258221368718e-01
-5.139619537720796494e-01
-5.109894987915474251e-01
-5.057401114828889988e-01
-4.981809241678348821e-01
-4.882916981608899643e-01
-4.760654977433972368e-01
-4.615092812704201242e-01
-4.446444000898553406e-01
-4.255069963557056023e-01
-4.041482913760118811e-01
-3.806347568488462341e-01
-3.550481622035268070e-01
-3.274854922730737194e-01
-2.980587306700848149e-01
-2.668945055107720954e-01
-2.341335955189172702e-01
-1.999302960271502061e-01
-1.644516459605437075e-01
-1.278765185174340901e-01
-9.039457993316980799e-02
-5.220512240192384107e-02
-1.351577891455875424e-02
2.545887057758969632e-02
6.449879066864386279e-02
1.033800671583447878e-01
1.418765549489091338e-01
1.797615819939623050e-01
2.168096930052540172e-01
2.527984156955572770e-01
2.875100316080975715e-01
3.207333330754491563e-01
3.522653475750995300e-01
3.819130107194833590e-01
4.094947693399915156e-01
4.348420966031467105e-01
4.578009018307092060e-01
4.782328186801920178e-01
4.960163565682231268e-01
5.110479016733996405e-01
5.232425555198925160e-01
5.325348009966942575e-01
5.388789876844359839e-01
5.422496305142202599e-01
5.426415180391311877e-01
5.400696289256499139e-01
5.345688576339194809e-01
5.261935526162104804e-01
5.150168726855226531e-01
5.011299694545480188e-01
4.846410058838100943e-01
4.656740229732518888e-01
4.443676684520337927e-01
4.208738029389617608e-01
3.953560004354336743e-01
3.679879611535798456e-01
3.389518555572390013e-01
3.084366190917293693e-01
2.766362173920481893e-01
2.437479017872956344e-01
2.099704746645600639e-01
1.755025837264298783e-01
1.405410633858222846e-01
1.052793405073924882e-01
6.990592044775059688e-02
3.460296789232854275e-02
-4.550046370888670769e-04
-3.510232949243193706e-02
-6.918324858399073352e-02
-1.025528427380304614e-01
-1.350778204058100673e-01
-1.666371623874873253e-01
-1.971226211912247284e-01
-2.264390755450600423e-01
-2.545047423876720671e-01
-2.812512503559657651e-01
-3.066235803402751481e-01
-3.305798800693781070e-01
-3.530911609015905395e-01
-3.741408860212763199e-01
-3.937244600626259583e-01
-4.118486307986490846e-01
-4.285308139418193552e-01
-4.437983523044820577e-01
-4.576877205678843707e-01
-4.702436867161168821e-01
-4.815184408166071073e-01
-4.915707012852421065e-01
-5.004648080772085006e-01
-5.082698114107911946e-01
-5.150585636794557942e-01
-5.209068211558056660e-01
-5.258923609598991078e-01
-5.300941175730313759e-01
-5.335913419471450814e-01
-5.364627850089155325e-01
-5.387859061066266886e-01
-5.406361057169982720e-01
-5.420859805384253827e-01
-5.432045979675061975e-01
-5.440567859091256508e-01
-5.447024329302226908e-01
-5.451957929597207597e-01
-5.455847880910642544e-01
-5.459103025930971409e-01
-5.462054610186198866e-01
-5.464948833638180181e-01
-5.467939106297944329e-01
-5.471077949331423218e-01
-5.474308495800330743e-01
-5.477455563437305663e-01
-5.480216296675161081e-01
-5.482150407653578750e-01
-5.482670087354584165e-01
-5.481029709720706133e-01
-5.476315515015844904e-01
-5.467435535254993040e-01
-5.453110115662753721e-01
-5.431863493071488191e-01
-5.402017015878406436e-01
-5.361684731075737620e-01
-5.308772221608509811e-01
-5.240979750455658781e-01
-5.155810953416635201e-01
-5.050588515658027688e-01
-4.922478460084088181e-01
-4.768524857750580104e-01
-4.585696927062388184e-01
-4.370950599870500053e-01
-4.121306673786340746e-01
-3.833947609890284713e-01
-3.506334835732854982e-01
-3.136348030604382275e-01
-2.722447252742221102e-01
-2.263857860759710128e-01
-1.760776925911372581e-01
-1.214598171113769470e-01
-6.281533673897050918e-02
-5.975862968162987468e-04
6.454536660241029511e-02
1.317493915183502728e-01
1.999175217685648376e-01
2.677100995174183096e-01
3.335445309366837363e-01
3.956075798067922311e-01
4.518832160677424548e-01
5.001989085910883981e-01
5.382928361011418694e-01
5.639037136035500719e-01
5.748837286716267370e-01
5.693334063927351085e-01
5.457550606271530658e-01
5.032188785045469404e-01
4.415327267516427345e-01
3.614036460455442024e-01
2.645759896702054026e-01
1.539286384485482051e-01
3.351214634602012882e-02
-9.149343575727778011e-02
-2.149174055425170926e-01
-3.298468636375367358e-01
-4.289904558744507268e-01
-5.051528657099160213e-01
-5.518026044139620057e-01
-5.637007575141569360e-01
-5.375427451801365608e-01
-4.725506598710121353e-01
-3.709426613457881272e-01
-2.382008504702341767e-01
-8.306263035943815820e-02
8.282499506327266336e-02
2.456221541658298313e-01
3.903793035674684164e-01
5.024339579973718939e-01
5.690142411269998313e-01
5.808900080722975146e-01
5.338695352849199827e-01
4.299162897724395638e-01
2.776651190277180659e-01
9.215714365031321686e-02
-1.063097190513679624e-01
-2.942057005605430153e-01
-4.475249001685537853e-01
-5.449851496795574679e-01
-5.712608139392901796e-01
-5.197563640138517238e-01
-3.944158248957668200e-01
-2.101361687357662655e-01
8.483634274869198896e-03
2.300735180693259940e-01
4.208433746539088638e-01
5.498328719119348618e-01
5.942448579548543774e-01
5.439208646386852752e-01
4.040517534438965996e-01
1.954227473630282264e-01
-4.813169631187071140e-02
-2.848918956009124925e-01
-4.723325801614501884e-01
-5.749520250835487012e-01
-5.713984560393109424e-01
-4.594185749041105882e-01
-2.574353425060353362e-01
-2.130494484247516356e-03
2.578241186340892721e-01
4.709163996750218018e-01
5.931477516355448953e-01
5.974968866384492427e-01
4.804022824514304069e-01
2.636404546687032835e-01
-9.143541280846965297e-03
-2.808655213245492832e-01
-4.928563337496867369e-01
-5.977090184553108809e-01
-5.702769029812942980e-01
-4.141998464602872354e-01
-1.621901460328256661e-01
1.303497700272246707e-01
3.972609507222818470e-01
5.766055551378839183e-01
6.252978137444060724e-01
5.298780188590626050e-01
3.106506653182109501e-01
1.787044879079205395e-02
-2.794605874169611148e-01
-5.097688667495978709e-01
-6.162862346235582489e-01
-5.713726398901598502e-01
-3.840946782327435138e-01
-9.890211895994167890e-02
2.145958245238803186e-01
4.784885239602667539e-01
6.260029463819711815e-01
6.186492207325740011e-01
4.566053906114336813e-01
1.794605660982714068e-01
-1.431617624106737152e-01
-4.289580296292717088e-01
-6.039800165268052190e-01
-6.219569892245384590e-01
-4.768013275722725042e-01
-2.048481320297918795e-01
1.239985684864219895e-01
4.241198470986377589e-01
6.164986693609871837e-01
6.496660548849604311e-01
5.136784159135459049e-01
2.432729605705590548e-01
-9.082937542350150162e-02
-4.003416763197084616e-01
-6.027652614048809587e-01
-6.434851086291789590e-01
-5.106508849303809106e-01
-2.387452861763651735e-01
1.002599606732313686e-01
4.159178620705802354e-01
6.234672269390677535e-01
6.666675367576557765e-01
5.331256703426254795e-01
2.579083951608011627e-01
-8.562605028477056346e-02
-4.053864785071471522e-01
-6.152720472002607410e-01
-6.584019117912814911e-01
-5.225616530064861598e-01
-2.436573152470478121e-01
1.037992228310734844e-01
4.266410005958568008e-01
6.380700656619378019e-01
6.810115243798664508e-01
5.434995492829116648e-01
2.619474325276925364e-01
-8.857642057958933779e-02
-4.144431418378456966e-01
-6.285200013764166149e-01
-6.734609974634431229e-01
-5.369992693432280584e-01
-2.551764753862879598e-01
9.731032554919298583e-02
4.270191964898594761e-01
6.465869883519813621e-01
6.978489152112665739e-01
5.671358859142554554e-01
2.887512327103676224e-01
-6.421249320334530830e-02
-3.992078217670770868e-01
-6.285598149532872769e-01
-6.923684734956832010e-01
-5.740086584335830633e-01
-3.042508165279969590e-01
4.696180555121549915e-02
3.888230216767447067e-01
6.332175586330128780e-01
7.173839169528849480e-01
6.198649383358287857e-01
3.657325592391898472e-01
1.988043321864592025e-02
-3.297558563672376986e-01
-5.946560013338492157e-01
-7.080849513914283522e-01
-6.417291214670870492e-01
-4.124942482115007691e-01
-7.790376306050322830e-02
2.785820837547635098e-01
5.685169583861451326e-01
7.203940757832708597e-01
6.971132758142223329e-01
5.047634513987661053e-01
1.907132771391780446e-01
-1.683393026086719979e-01
-4.852752193583955154e-01
-6.837144306775465585e-01
-7.162816987589161188e-01
-5.756436183389966876e-01
-2.958138873656171453e-01
5.639580278304504729e-02
3.975577804355273082e-01
6.474698440736491589e-01
7.479180946448272804e-01
6.759935284550310231e-01
4.489755653452177087e-01
1.198305165657703730e-01
-2.354330929426595997e-01
-5.354700015664897172e-01
-7.122059974575373209e-01
-7.260966286795466074e-01
-5.746613196452915462e-01
-2.925279521755982937e-01
5.682221552485663962e-02
3.955718544934691550e-01
6.489776048924059682e-01
7.617626974144176000e-01
7.099212808456748514e-01
5.054735473211702246e-01
1.933181004047850038e-01
-1.589366729919266807e-01
-4.757975374571922211e-01
-6.900808447206137064e-01
-7.570021769888600760e-01
-6.632430314804976801e-01
-4.292269775415661903e-01
-1.043154248328140438e-01
2.438850693323808272e-01
5.437342722206905954e-01
7.342750613326246567e-01
7.774407204470793475e-01
6.653504914233431267e-01
4.213654319818634364e-01
9.487484902060379366e-02
-2.489649542542614613e-01
-5.423604427125620076e-01
-7.282124565172987118e-01
-7.710392428774991425e-01
-6.634436157531505840e-01
-4.270131428319213773e-01
-1.076526112196833085e-01
2.335891332853978486e-01
5.323209802924216971e-01
7.329382561928641238e-01
7.988026180232704609e-01
7.186467297565036771e-01
5.081450329406137500e-01
2.065201161267141150e-01
-1.310356276691268529e-01
-4.436161195840652716e-01
-6.756064006457150883e-01
-7.864499618271874049e-01
-7.574914710629485626e-01
-5.947910709406004637e-01
-3.275561370756396307e-01
-2.612472486941822165e-03
3.239968739644497053e-01
5.967496247285871691e-01
7.700198217172185000e-01
8.155237641050163688e-01
7.266586780380904775e-01
5.191237072041146039e-01
2.278534799631146968e-01
-9.910142602010259261e-02
-4.086424248541514759e-01
-6.512669757573614771e-01
-7.888834062849697792e-01
-8.005845796485406840e-01
-6.855445394826437111e-01
-4.626909348247237874e-01
-1.673240347533842542e-01
1.546819754690420823e-01
7.707741582165350373e-03
