2.670063733461735200e+00
2.789535773036107003e+00
2.900921434459843073e+00
3.000550235029983970e+00
3.085147288934952492e+00
3.151940210476201987e+00
3.198749059354372370e+00
3.224056443265439498e+00
3.227055561702974806e+00
3.207674712082948965e+00
3.166577560379788547e+00
3.105139277438401901e+00
3.025399432689978241e+00
2.929993293329581139e+00
2.822063874627051661e+00
2.705157703578933592e+00
2.583107774039882010e+00
2.459907570711242553e+00
2.339580309759135446e+00
2.226047677522516199e+00
2.123002342397399822e+00
2.033788369763368742e+00
1.961293391459972835e+00
1.907855979794677248e+00
1.875191165244086022e+00
1.864336434187664704e+00
1.875619868308822324e+00
1.908651362987792810e+00
1.962337111789084876e+00
2.034916792352702952e+00
2.124022159830037726e+00
2.226755070742544529e+00
2.339782344410465953e+00
2.459444340195116929e+00
2.581873703090213024e+00
2.703120420630096277e+00
2.819279149794221340e+00
2.926614718651875169e+00
3.021681784792028314e+00
3.101434837820171264e+00
3.163325059033217812e+00
3.205380986684376765e+00
3.226270465507917962e+00
3.225341966967586682e+00
3.202644032267651042e+00
3.158922292076537630e+00
3.095594232712195026e+00
3.014702585490898645e+00
2.918848891742116258e+00
2.811109419463408976e+00
2.694936159336561943e+00
2.574046090832576628e+00
2.452302269275563606e+00
2.333590531205115948e+00
2.221695740993174351e+00
2.120181503082271490e+00
2.032277141970757928e+00
1.960775510593481430e+00
1.907944835149845808e+00
1.875457352255512466e+00
1.864336957124287819e+00
1.874927476481079047e+00
1.906882526249926268e+00
1.959177232358558340e+00
2.030141404633723834e+00
2.117513080221787636e+00
2.218510715195779248e+00
2.329921720746594538e+00
2.448204531547970575e+00
2.569600974136187599e+00
2.690255385250199360e+00
2.806336723638641395e+00
2.914159829988228534e+00
3.010302020847847704e+00
3.091711352491113285e+00
3.155803154696385615e+00
3.200541804050641037e+00
3.224505169996804366e+00
3.226929709972819360e+00
3.207734795748219625e+00
3.167525502668481874e+00
3.107573766867662179e+00
3.029778491799129725e+00
2.936605843784760417e+00
2.831011596379424233e+00
2.716347946053779605e+00
2.596257709636179190e+00
2.474559212029549649e+00
2.355125468577837999e+00
2.241761450859125038e+00
2.138083291783872131e+00
2.047403233405136636e+00
1.972623950176352503e+00
1.916145596502785597e+00
1.879788538770238659e+00
1.864734250259126647e+00
1.871486286995465598e+00
1.899852640624747568e+00
1.948950099729577889e+00
2.017230563930799914e+00
2.102528566667153154e+00
2.202128593931772738e+00
2.312850158148756829e+00
2.431148018371051212e+00
2.553224447926939256e+00
2.675150054128657473e+00
2.792989364529164575e+00
2.902927220168819211e+00
3.001391964525254252e+00
3.085171490022615703e+00
3.151518400741632142e+00
3.198240865391015930e+00
3.223776159979848011e+00
3.227244422857475037e+00
3.208480750638013745e+00
3.168044434090123040e+00
3.107204848258603658e+00
3.027904249200300324e+00
2.932698468100550127e+00
2.824677209224813801e+00
2.707366328575847803e+00
2.584615073762997817e+00
2.460471793233225402e+00
2.339052102735831529e+00
2.224403536838592821e+00
2.120371012265086730e+00
2.030467573440450479e+00
1.957754737535961187e+00
1.904736513513207941e+00
1.873270790279297104e+00
1.864501281300324553e+00
1.878812590175281017e+00
1.915810241149903614e+00
1.974326721444925603e+00
2.052453732819141674e+00
2.147599974678511714e+00
2.256572908646685693e+00
2.375682113999587841e+00
2.500861063771529391e+00
2.627803460590901530e+00
2.752109695245230636e+00
2.869438552423658972e+00
2.975659005938548596e+00
3.066996834176649145e+00
3.140170854390136768e+00
3.192513824638353537e+00
3.222073491447646987e+00
3.227689859938689843e+00
3.209045515389793657e+00
3.166686709123395449e+00
3.102013909968027505e+00
3.017241583440343877e+00
2.915328058575076042e+00
2.799877438778076932e+00
2.675016568641793935e+00
2.545251043852285733e+00
2.415305108135199053e+00
2.289950984580503501e+00
2.173833707948687355e+00
2.071297834654270087e+00
1.986222489830522964e+00
1.921871055775223436e+00
1.880761411235417846e+00
1.864562003413340330e+00
1.874018190307410681e+00
1.908912254891107274e+00
1.968059297756953763e+00
2.049339901599393610e+00
2.149769075725444623e+00
2.265599582630826614e+00
2.392456375255797241e+00
2.525497587279468270e+00
2.659596372808057829e+00
2.789536935637727311e+00
2.910217365885377827e+00
3.016851449534800444e+00
3.105161461315862237e+00
3.171554109435628099e+00
3.213272276157897789e+00
3.228515982581996902e+00
3.216527077868045925e+00
3.177633478753055574e+00
3.113250319010903322e+00
3.025837054775260881e+00
2.918811346222815128e+00
2.796422328781254407e+00
2.663587624157678135e+00
2.525700048996048164e+00
2.388411385429238365e+00
2.257401717531704932e+00
2.138143653851560355e+00
2.035671203558932607e+00
1.954363121071001075e+00
1.897750166040092168e+00
1.868354944336137358e+00
1.867571821046600578e+00
1.895592866268065890e+00
1.951383963157786283e+00
2.032713145103383301e+00
2.136231017424478296e+00
2.309493928400981666e+00
2.419480062308617008e+00
2.535171953331635475e+00
2.651562756730416748e+00
2.763569486029484157e+00
2.866255512917743609e+00
2.955050256610245007e+00
3.025956230558443760e+00
3.075733945798599045e+00
3.102055939824826414e+00
3.103622386427393298e+00
3.080232304299190815e+00
3.032806260446814672e+00
2.963358581882952425e+00
2.874919355265160625e+00
2.771408808542051183e+00
2.657468924998743098e+00
2.538259231158768170e+00
2.419225522727329381e+00
2.305851753271046523e+00
2.203406328773730660e+00
2.116694566125098209e+00
2.049829045562925778e+00
2.006029001430388092e+00
1.987458764039774062e+00
1.995113626442073018e+00
2.028759427849277763e+00
2.086929708357679214e+00
2.166981605662979593e+00
2.265208857383330443e+00
2.377007476132739772e+00
2.497087016017385253e+00
2.619717983127253458e+00
2.739003983369888928e+00
2.849165756699629348e+00
2.944823403045448540e+00
3.021262920118216844e+00
3.074673673476798985e+00
3.102344597658696301e+00
3.102808742204963721e+00
3.075928152871578281e+00
3.022913910306761931e+00
2.946279303786899284e+00
2.849727443752611222e+00
2.737977948349412216e+00
2.616540505593434318e+00
2.491445947674757022e+00
2.368947823497281391e+00
2.255209187182882324e+00
2.155990330004933231e+00
2.076353402159189177e+00
2.020399269700873468e+00
1.991050543996017552e+00
1.989892562110994412e+00
2.017081283690896676e+00
2.071323737024622247e+00
2.149932958923543858e+00
2.248955517274396687e+00
2.363365882574733678e+00
2.487318361621405849e+00
2.614444129647449877e+00
2.738178185242653662e+00
2.852099436779811814e+00
2.950266218873975888e+00
3.027529555519962390e+00
3.079807453130865014e+00
3.104305376230067193e+00
3.099670743919084259e+00
3.066072653909375223e+00
3.005201921355165950e+00
2.920190710181627125e+00
2.815455313552848615e+00
2.696469778085022195e+00
2.569481838339731539e+00
2.441185825785698871e+00
2.318369659973062102e+00
2.207554577962662634e+00
2.114646816856804890e+00
2.044619992071327275e+00
2.001245424947198703e+00
1.986885237236972301e+00
2.002359769240233511e+00
2.046896961670583437e+00
2.118166975217253167e+00
2.212400739550482331e+00
2.324586572854226318e+00
2.448734742339703008e+00
2.578196081261435513e+00
2.706017748443228399e+00
2.825317084171956594e+00
2.929653405839914182e+00
3.013377567244647892e+00
3.071940186983792564e+00
3.102141583448911000e+00
3.102309527829927305e+00
3.072394780834908801e+00
3.013978807751116040e+00
2.930192830956269479e+00
2.825552219605103055e+00
2.705714867361635800e+00
2.577176413603002203e+00
2.446918687154844285e+00
2.322030395951279580e+00
2.209320699876456295e+00
2.114946792211886528e+00
2.044075943976512377e+00
2.000600665307126658e+00
1.986922801851366938e+00
2.003818662812225426e+00
2.050392871578563092e+00
2.124123779652956845e+00
2.220998255676926547e+00
2.335728730942611353e+00
2.462040824072538658e+00
2.593015934548154711e+00
2.721470108045485059e+00
2.840348410782595145e+00
2.943113124149427495e+00
3.024104340891541565e+00
3.078853000000685292e+00
3.104328963250627460e+00
3.099110274027932821e+00
3.063464056174835193e+00
2.999334370308468056e+00
2.910237479726787146e+00
2.801070103464711636e+00
2.677841065690566680e+00
2.547341019123579020e+00
2.416768386595360862e+00
2.293332134190680272e+00
2.183853321372290601e+00
2.094387490784694439e+00
2.029888853109155455e+00
1.993934948649073391e+00
1.988527150643165875e+00
2.013978197467891196e+00
2.068893132213942110e+00
2.150244854676082618e+00
2.253540239662741307e+00
2.373067738828380513e+00
2.502212841818983513e+00
2.633823980290320499e+00
2.760608627996092412e+00
2.875537641152646540e+00
2.972235392969091450e+00
3.045334014110910203e+00
3.090772016907610720e+00
3.106020647816743363e+00
3.090225310928251368e+00
3.044254113783255722e+00
2.970650744153258138e+00
2.873494205884823849e+00
2.758173127188598528e+00
2.631087116625508759e+00
2.499291714526082231e+00
2.370106642796857788e+00
2.250709117044734420e+00
2.147734835559678146e+00
2.066908851227417188e+00
2.012726886396596360e+00
1.988204857693552707e+00
1.994710592457533460e+00
2.031887151083076493e+00
2.097672074162177491e+00
2.188411533658083385e+00
2.299063081015070065e+00
2.423475746959512289e+00
2.554731933399329247e+00
2.685532088268684170e+00
2.808600762266765916e+00
2.917091446162104695e+00
3.004967646204381282e+00
3.067338970500782303e+00
3.100733498150689105e+00
3.103291246593501196e+00
3.074867943762323641e+00
3.017043305651263552e+00
2.933033338485193209e+00
2.827511531335255235e+00
2.706348881624275116e+00
2.576287219395496209e+00
2.444564014050358391e+00
2.318509550711541412e+00
2.205138910168197963e+00
2.110761476682812887e+00
2.040629717830642953e+00
1.998646794808308425e+00
1.987149284874791588e+00
2.006777113837147297e+00
2.056437939083321620e+00
2.133367963358085095e+00
2.233285789431111112e+00
2.350630745218700302e+00
2.478872406354082791e+00
2.610874080501398797e+00
2.739290015421020463e+00
2.856974217895500878e+00
2.957378127241765853e+00
3.034915010769473565e+00
3.085270804133423361e+00
3.159743780210801489e+00
3.147962379513068232e+00
3.102711593059468864e+00
3.026510036463085473e+00
2.923598339517887279e+00
2.799703094277946391e+00
2.661718149118643240e+00
2.517320990088001142e+00
2.374545558962160463e+00
2.241335277131231152e+00
2.125101141544792682e+00
2.032309472822141583e+00
1.968122242602870386e+00
1.936109979586223551e+00
1.938053214612841746e+00
1.973843499430266490e+00
2.041489495499455575e+00
2.137227786336563184e+00
2.255732244255570063e+00
2.390410303567823025e+00
2.533769661687478969e+00
2.677835015474462566e+00
2.814591659825851799e+00
2.936431283284334004e+00
3.036575173979283004e+00
3.109451305128289711e+00
3.151004332699904875e+00
3.158921266189157251e+00
3.132760259649518098e+00
3.073975353873597882e+00
2.985835782939280758e+00
2.873244318152636811e+00
2.742464739279157460e+00
2.600773578393580365e+00
2.456055454881666211e+00
2.316364485348160862e+00
2.189476150891626283e+00
2.082454543501179867e+00
2.001259069388962253e+00
1.950412504131227465e+00
1.932748892899837756e+00
1.949255356986389520e+00
1.999016650852314392e+00
2.079265601536870900e+00
2.185536671701814981e+00
2.311914146390342761e+00
2.451361171261816185e+00
2.596111360416084146e+00
2.738101196606548715e+00
2.869419161148357933e+00
2.982746583523800066e+00
3.071765645579540127e+00
3.131511788848783784e+00
3.158650856204380464e+00
3.151665480238855732e+00
3.110940278550066829e+00
3.038741049998646471e+00
2.939089072507596434e+00
2.817537453039454576e+00
2.680861947715147409e+00
2.536683449295171311e+00
2.393043163117647421e+00
2.257954146760666081e+00
2.138954223880321859e+00
2.042685223034230280e+00
1.974522039786561045e+00
1.938272254744273226e+00
1.935963114573713062e+00
1.967727815648672607e+00
2.031797491816876189e+00
2.124599407665877848e+00
2.240955926022047962e+00
2.374373184808451942e+00
2.517403399036541423e+00
2.662060579807426386e+00
2.800266465147912331e+00
2.924301755886492327e+00
3.027237439843494027e+00
3.103322087820634234e+00
3.148303454761808950e+00
3.159666382921433758e+00
3.136773676742375727e+00
3.080902040519674312e+00
2.995171036769190387e+00
2.884369007289437015e+00
2.754685665136989314e+00
2.613366291031171684e+00
2.468306859058707392e+00
2.327612727520713687e+00
2.199145575331830749e+00
2.090083927436580336e+00
2.006521856557025973e+00
1.953128315127082848e+00
1.932886159676287630e+00
1.946925470011381609e+00
1.994460487123852710e+00
2.072833692645648540e+00
2.177664554105720907e+00
2.303094600568913020e+00
2.442115101070693850e+00
2.586958995975626063e+00
2.729535138141427453e+00
2.861880537926922319e+00
2.976605305893630149e+00
3.067305405224879600e+00
3.128920138471169121e+00
3.158014397970801745e+00
3.152969931413855065e+00
3.114074976065496436e+00
3.043507310408041011e+00
2.945211740530912170e+00
2.824678945504994321e+00
2.688638119964754214e+00
2.544680664292852335e+00
2.400836013978631112e+00
2.265123355545418882e+00
2.145104299372137202e+00
2.047461497266175101e+00
1.977626711296685436e+00
1.939479045223982734e+00
1.935130099560944394e+00
1.964807929165089062e+00
2.026846143814201362e+00
2.117778621952129736e+00
2.232534401010080494e+00
2.364721677255082088e+00
2.506984919092450248e+00
2.651415060615559316e+00
2.789989829016568113e+00
2.915019635210214233e+00
3.019574208061916565e+00
3.097866288188074080e+00
3.145571149194462457e+00
3.160064340948672612e+00
3.140564644535952521e+00
3.088174532254767790e+00
3.005816140306751816e+00
2.898066567106273972e+00
2.770901883145143962e+00
2.631364270295525110e+00
2.487170922079644075e+00
2.346286501365010047e+00
2.216482897144246067e+00
2.104910645082362919e+00
2.017705648795005580e+00
1.959652806827147931e+00
1.933924932523919171e+00
1.941911133936715661e+00
1.983143836569289720e+00
2.055328162077041387e+00
2.154471725201124954e+00
2.275107391756810316e+00
2.410596455897198620e+00
2.553495322919583366e+00
2.695965361487625334e+00
2.830203299563389674e+00
2.948868501439740442e+00
3.045483729325137112e+00
3.114787540380398401e+00
3.153019207168260341e+00
3.158120819700788839e+00
3.129845818559836790e+00
3.069768365187014680e+00
2.981193392336292103e+00
2.868972596279776965e+00
2.739236736987193499e+00
2.599059126532791808e+00
2.456068866795067418e+00
2.318035049468647468e+00
2.192444616182420702e+00
2.086096820214145886e+00
2.004736227975425056e+00
1.952744009971090211e+00
1.932904023087104406e+00
1.946256061222954692e+00
1.992043878144494240e+00
2.067760427232538945e+00
2.169287498882321419e+00
2.291121852746134557e+00
2.426675312180295307e+00
2.568632359156060474e+00
2.709345747019535455e+00
2.841248692952294430e+00
2.957261420452712564e+00
3.051170229975710413e+00
3.117958853667717634e+00
3.154074505913256665e+00
3.157614625962777755e+00
3.128424624283708599e+00
3.068101754755099275e+00
2.979905279858425793e+00
2.868578104351213742e+00
2.740089757175726781e+00
2.601314752316263856e+00
2.459663739027978302e+00
2.322687285034816806e+00
2.197673499312942980e+00
2.091260928150709741e+00
2.009087244391221994e+00
1.955492250856517344e+00
2.171951874932627202e+00
2.178264956292109922e+00
2.204095222736937920e+00
2.248053500005354088e+00
2.307793433679154571e+00
2.380137985217903651e+00
2.461249426695137910e+00
2.546833685845862227e+00
2.632368123409811744e+00
2.713340640249477520e+00
2.785487471088657241e+00
2.845017149423672009e+00
2.888808913374222520e+00
2.914575219673423589e+00
2.920979965542784829e+00
2.907706381226496717e+00
2.875471223004484767e+00
2.825984726049966866e+00
2.761858619495422218e+00
2.686467213779725416e+00
2.603769002100861041e+00
2.518098248268804351e+00
2.433937558885041597e+00
2.355683381997576653e+00
2.287416691403115543e+00
2.232690792724477458e+00
2.194347244769145888e+00
2.174369380009355979e+00
2.173780912937532506e+00
2.192594750816548199e+00
2.229814493204717696e+00
2.283488362190297494e+00
2.350812587273759302e+00
2.428278717790003594e+00
2.511857082676456354e+00
2.597206777098715502e+00
2.679901220782984872e+00
2.755657570098410059e+00
2.820558111354791730e+00
2.871252221286977768e+00
2.905128525574249387e+00
2.920448460796686074e+00
2.916434465876016624e+00
2.893308389772498046e+00
2.852278280137861444e+00
2.795474379416104327e+00
2.725837763616267839e+00
2.646967481168468694e+00
2.562934161666241994e+00
2.478069760110684694e+00
2.396744296539405905e+00
2.323141084705410364e+00
2.261041986712752472e+00
2.213633683415279663e+00
2.183344843227511767e+00
2.171722463453181984e+00
2.179353632239666272e+00
2.205836620620439614e+00
2.249802683071115528e+00
2.308987351116947639e+00
2.380347480003499161e+00
2.460217981456625402e+00
2.544500163785294866e+00
2.628872005284957236e+00
2.709009587876179737e+00
2.780808369555071824e+00
2.840593002868001093e+00
2.885305009306291524e+00
2.912658764267953782e+00
2.921257874762366313e+00
2.910666058809047829e+00
2.881428958020371134e+00
2.835045814990940993e+00
2.773892497978145855e+00
2.701099827790766295e+00
2.620393430854736749e+00
2.535903293622292498e+00
2.451952728564859019e+00
2.372837503781762170e+00
2.302606384550807572e+00
2.244854261258363071e+00
2.202538398113873086e+00
2.177827163413022848e+00
2.171988954230258173e+00
2.185326989505051110e+00
2.217163318401517813e+00
2.265872892935479666e+00
2.328966011165004346e+00
2.403214978035423055e+00
2.484818579457083842e+00
2.569596035251523691e+00
2.653200586076024603e+00
2.731341855231638860e+00
2.800005660461902135e+00
2.855660058078305585e+00
2.895437077876681364e+00
2.917280819603579545e+00
2.920054270421347020e+00
2.903599284011035397e+00
2.868746531746436013e+00
2.817274776002048231e+00
2.751821397367458566e+00
2.675748600944133582e+00
2.592972005490743914e+00
2.507760266680988170e+00
2.424515901959988451e+00
2.347548490444869795e+00
2.280851863294085291e+00
2.227896752360696730e+00
2.191449631709723178e+00
2.173427201253181895e+00
2.174794185967852123e+00
2.195509944760347221e+00
2.234526907935884932e+00
2.289841215131549035e+00
2.358593239949795084e+00
2.437213099950484629e+00
2.521603893989510237e+00
2.607353405549627023e+00
2.689963466401641856e+00
2.765085173152582065e+00
2.828747746791408169e+00
2.877569049180941363e+00
2.908936615928751745e+00
2.921149495803657459e+00
2.913513136117299229e+00
2.886381927156109306e+00
2.841146699730236591e+00
2.780167323712737559e+00
2.706653436764174803e+00
2.624499092360172092e+00
2.538079609778335577e+00
2.452021002257289251e+00
2.370953937938321765e+00
2.299265160905902938e+00
2.240859605878905647e+00
2.198946052544193730e+00
2.175858092376719011e+00
2.172920466115168203e+00
2.190368552271505287e+00
2.227326055615720612e+00
2.281842895068880939e+00
2.350992078114290340e+00
2.431021141044760636e+00
2.517550702121575945e+00
2.605809983877885205e+00
2.690896961763742823e+00
2.768049152627174436e+00
2.832910405055642400e+00
2.881779074918765726e+00
2.911823307119026705e+00
2.921250743409773865e+00
2.909422238899438629e+00
2.876902068335321694e+00
2.825440509071556860e+00
2.757888426222756983e+00
2.678047356330548467e+00
2.590462372547909009e+00
2.500168496343890379e+00
2.412404385913718308e+00
2.332309288873283037e+00
2.264620638838801270e+00
2.213390088876920903e+00
2.181735149511094818e+00
2.171641934333914836e+00
2.183831873988591799e+00
2.217701762650133190e+00
2.271342330556102240e+00
2.341635920780029245e+00
2.424429054448570486e+00
2.514770984315294999e+00
2.607205055583079023e+00
2.696096095676954185e+00
2.775974390500310474e+00
2.841875274036486765e+00
2.889653097636241785e+00
2.916249416031762909e+00
2.919897607103620452e+00
2.900249724402407914e+00
2.858415975913065843e+00
2.796912566678650069e+00
2.719519414566805793e+00
2.631055085147720796e+00
2.537081812903999811e+00
2.443558308203223284e+00
2.356461851352718906e+00
2.281403662140574884e+00
2.223262499525149316e+00
2.185860781232808581e+00
2.171705213635484188e+00
2.181810096431304302e+00
2.215616330425209668e+00
2.271013023185604052e+00
2.344461848240920521e+00
2.431217414387625730e+00
2.525630312592358262e+00
2.621513690829734955e+00
2.712549582866232267e+00
2.792708133990167596e+00
2.856651574030142360e+00
2.965050131159213453e+00
2.988731241224012791e+00
2.983029579773625262e+00
2.948261719591215968e+00
2.886690248175320939e+00
2.802380628175739297e+00
2.700934830973143352e+00
2.589119112105287446e+00
2.474410793738991643e+00
2.364494741900339481e+00
2.266743938711740736e+00
2.187719864050178042e+00
2.132727199718270406e+00
2.105453717718643869e+00
2.107720357745210826e+00
2.139358846425717164e+00
2.198225305780135308e+00
2.280348779608454279e+00
2.380204160858642837e+00
2.491090313869918305e+00
2.605586881393207044e+00
2.716057873874005324e+00
2.815167042043885015e+00
2.896369446886142729e+00
2.954345590373425701e+00
2.985348794981195208e+00
2.987442884214738914e+00
2.960615136731065355e+00
2.906758369713416723e+00
2.829525195925133296e+00
2.734066323265871290e+00
2.626672593585169135e+00
2.514346742155739278e+00
2.404335178891883640e+00
2.303652179968127101e+00
2.218628638082797533e+00
2.154515029679202609e+00
2.115163760171017593e+00
2.102809926488208081e+00
2.117962280310500045e+00
2.159408342199143238e+00
2.224329785838538687e+00
2.308516939917983013e+00
2.406665036666497226e+00
2.512730066704164766e+00
2.620319052401375526e+00
2.723088361016412051e+00
2.815124337796953036e+00
2.891282907621091525e+00
2.947468615276821691e+00
2.980838502431101045e+00
2.989921845645414855e+00
2.974652236541014627e+00
2.936313365293335309e+00
2.877408097395136366e+00
2.801464891420434533e+00
2.712797643040852247e+00
2.616236511682592969e+00
2.516847474325241585e+00
2.419657374513251469e+00
2.329399301047143656e+00
2.250290489113079495e+00
2.185851852190115352e+00
2.138774984987274141e+00
2.110839260130428219e+00
2.102878670330976085e+00
2.114795492952092015e+00
2.145615775382561985e+00
2.193580109293073122e+00
2.256262187892872362e+00
2.330707194300302820e+00
2.413582094425364311e+00
2.501330328275728654e+00
2.590324122408283802e+00
2.677008593182813367e+00
2.758032888466796617e+00
2.830364745407381921e+00
2.891385947223188868e+00
2.938966684135587926e+00
2.971519867069689180e+00
2.988037372168102390e+00
2.988106568326526435e+00
2.971907472885317425e+00
2.940191483586924281e+00
2.894243008241283110e+00
2.835825645340380063e+00
2.767114860325985415e+00
2.690619353628089350e+00
2.609093527253917522e+00
2.525443624930089115e+00
2.442630244023158870e+00
2.363569992419106036e+00
2.291039086519708334e+00
2.227581653648280202e+00
2.175425409796508447e+00
2.136407228716110218e+00
2.111910898785158697e+00
2.102819079169714556e+00
2.109481117639391723e+00
2.131697982189750817e+00
2.168725092988166736e+00
2.219293328324588810e+00
2.281647929162459398e+00
2.353604455194910017e+00
2.432620367199935796e+00
2.515880244361845097e+00
2.600392111236449644e+00
2.683091868447196493e+00
2.760952415595841369e+00
2.831093745243928872e+00
2.890890092544381673e+00
2.938070162844627742e+00
2.970806542213831225e+00
2.987790631384598328e+00
2.988289834266182332e+00
2.972184273648346142e+00
2.939980987565305348e+00
2.892804361337055319e+00
2.832362446730495531e+00
2.760889778588067500e+00
2.681068282648109147e+00
2.595928833889213472e+00
2.508736733904167959e+00
2.422865112580416813e+00
2.341662505513574910e+00
2.268319747287550037e+00
2.205741482026711608e+00
2.156427630449147870e+00
2.122369821801565859e+00
2.104967248968010463e+00
2.104965656005600039e+00
2.122422248837772862e+00
2.156698269283649161e+00
2.206479833878244090e+00
2.269826460401018764e+00
2.344245537411469460e+00
2.426789886227235016e+00
2.514174569326380837e+00
2.602908258365554950e+00
2.689433826708806041e+00
2.770272405207842237e+00
2.842164956054811231e+00
2.902205487405577600e+00
2.947960349711360006e+00
2.977568610868043475e+00
2.989819278494049826e+00
2.984202091487738073e+00
2.960929699036485729e+00
2.920930236708215055e+00
2.865810545191082248e+00
2.797791504728274870e+00
2.719618124762990252e+00
2.634448083884096015e+00
2.545723314835034223e+00
2.457029934931691972e+00
2.371952304016542001e+00
2.293927230078886659e+00
2.226104327473673816e+00
2.171218265762261179e+00
2.131478140845341596e+00
2.108478476698508963e+00
2.103135457226601446e+00
2.115650932787576544e+00
2.145505590007254160e+00
2.191481465765608316e+00
2.251712777638500640e+00
2.323762884187300592e+00
2.404724127317568350e+00
2.491336388929461521e+00
2.580119452354238341e+00
2.667513724861127589e+00
2.750023571085239205e+00
2.824357439097997080e+00
2.887559131508791399e+00
2.937124974007368383e+00
2.971102244305781070e+00
2.988165018215522828e+00
2.987664532092539904e+00
2.969652211927797936e+00
2.934874634865809906e+00
2.884740822779356506e+00
2.821263373498352323e+00
2.746975968967228621e+00
2.664830720164880429e+00
2.578079580434211593e+00
2.490144652864812347e+00
2.404482612107206929e+00
2.324448643374359857e+00
2.253165267048218290e+00
2.193401170637916398e+00
2.147464723623545346e+00
2.117116225487701175e+00
2.103502160278015065e+00
2.107113835195636220e+00
2.127771802942083568e+00
2.164636447446814049e+00
2.216244090683337831e+00
2.280566994470938358e+00
2.355094723168273063e+00
2.406587305672889698e+00
