-1.311514621041829143e+00
2.330295984325121417e-01
1.469054881165080317e+00
2.282172571546349005e+00
2.598467850767630871e+00
2.390924942594709002e+00
1.681397468661371519e+00
5.380215648226940317e-01
-9.316068428168384763e-01
-2.590785482663668038e+00
-4.286575368586664325e+00
-5.863963318696596261e+00
-7.180002253312506078e+00
-8.116644417745117579e+00
-8.591128831969736979e+00
-8.563029839575367674e+00
-8.037393647604773150e+00
-7.063753322036644633e+00
-5.731185991037720306e+00
-4.159925362751427436e+00
-2.490337633472666568e+00
-8.702847895671417255e-01
5.579806786877306024e-01
1.670229395067828193e+00
2.370902806920368810e+00
2.601098568647466358e+00
2.343248666241717793e+00
1.622146509070209852e+00
5.023025108510239534e-01
-9.180754605985312899e-01
-2.515897070977389127e+00
-4.153993832307722123e+00
-5.692954834264382313e+00
-7.002969602123836346e+00
-7.974675983142470947e+00
-8.528117291007989209e+00
-8.619091988031989615e+00
-8.242413789415437009e+00
-7.431868959431435329e+00
-6.256937285627492962e+00
-4.816610174367628616e+00
-3.230871748277161615e+00
-1.630588550576816065e+00
-1.466672234549566411e-01
1.100620065506330292e+00
2.011276764685654861e+00
2.513427572778610397e+00
2.568769152147926782e+00
2.175233310048453994e+00
1.366702999720389222e+00
2.098611246600037283e-01
-1.201520951343499899e+00
-2.754351798831744080e+00
-4.325390484489879839e+00
-5.791068988162130893e+00
-7.037182230767842661e+00
-7.967689994151603727e+00
-8.511961881328403479e+00
-8.629933133576802362e+00
-8.314813453178500069e+00
-7.593188324661051425e+00
-6.522556744302583809e+00
-5.186544812254108905e+00
-3.688206590830773735e+00
-2.141959569522541074e+00
-6.647927547331859977e-01
6.325746720045049010e-01
1.653918470711866817e+00
2.324514549201312619e+00
2.596426051442141336e+00
2.451713880589983852e+00
1.903374785054068319e+00
9.939837597758511833e-01
-2.078128852002611993e-01
-1.612653257556224906e+00
-3.117235960418594409e+00
-4.611994920969092249e+00
-5.989098723552425341e+00
-7.150190587798624264e+00
-8.013317904674543968e+00
-8.518571710092569305e+00
-8.632060291490997628e+00
-8.347968846748994309e+00
-7.688598895675085032e+00
-6.702426477838869801e+00
-5.460356671175201626e+00
-4.050474097426072895e+00
-2.571686795823444616e+00
-1.126728094413750103e+00
1.849858202006449126e-01
1.274147239727620118e+00
2.067538172540815289e+00
2.512809353083734543e+00
2.581756685049350963e+00
2.271904419329938030e+00
1.606323814285159912e+00
6.317368665801956773e-01
-5.849312693359700610e-01
-1.961287785207409984e+00
-3.405152969856280798e+00
-4.820789347586308615e+00
-6.115256050201642424e+00
-7.204467691392694384e+00
-8.018567050624524128e+00
-8.506275646486791686e+00
-8.637961387090125953e+00
-8.407252359459857161e+00
-7.831124135675893605e+00
-6.948488090650035254e+00
-5.817403633446950550e+00
-4.511121983489785769e+00
-3.113238113222843051e+00
-1.712276861493368552e+00
-3.960665201721029760e-01
7.537425746019796868e-01
1.666675247568887741e+00
2.287644272880602792e+00
2.580135042864350581e+00
2.528188342288816060e+00
2.137086015857108556e+00
1.432726374632153465e+00
4.597565807641186275e-01
-7.213968831610104715e-01
-2.038395492536803744e+00
-3.411500741954993199e+00
-4.758445952350555785e+00
-5.999368797894000238e+00
-7.061509837125301559e+00
-7.883404055906269470e+00
-8.418329672573477751e+00
-8.636828475814919415e+00
-8.528171370156620412e+00
-8.100707777132125642e+00
-7.381104087420387927e+00
-6.412540548447357658e+00
-5.251994161132319761e+00
-3.966784196293160925e+00
-2.630594324895392688e+00
-1.319209354029764247e+00
-1.062142740329812263e-01
9.411012965736160751e-01
1.765408364650000728e+00
2.322378852934372517e+00
2.582946441933455795e+00
2.534680989155623898e+00
2.182221493208418295e+00
1.546765905429806409e+00
6.646678275282194015e-01
-4.147625152123484149e-01
-1.632115102476717317e+00
-2.921225074191444726e+00
-4.212814571724793566e+00
-5.438229641653021140e+00
-6.533070950700717638e+00
-7.440528351348181246e+00
-8.114250355312098151e+00
-8.520608845997109881e+00
-8.640255041706573991e+00
-8.468902695979309669e+00
-8.017316537037046942e+00
-7.310525737169159655e+00
-6.386321601808607085e+00
-5.293133726877589318e+00
-4.087407946288797334e+00
-2.830631210051752777e+00
-1.586162252619698343e+00
-4.160321349469455754e-01
6.221244752867556294e-01
1.477857604837461203e+00
2.110278466477025994e+00
2.489916964629631302e+00
2.599981751311003286e+00
2.436975988068670773e+00
2.010654827550258261e+00
1.343343065449860596e+00
4.686618612216002511e-01
-5.702595210635688083e-01
-1.722988522484138141e+00
-2.934295226428476067e+00
-4.146833095366742050e+00
-5.303863651701374415e+00
-6.351896066449160827e+00
-7.243120455257245460e+00
-7.937526932007723524e+00
-8.404620304975825462e+00
-8.624661708672626048e+00
-8.589392312167777987e+00
-8.302219333410359781e+00
-7.777869714828383962e+00
-7.041540824843108837e+00
-6.127599390865604789e+00
-5.077898634784556720e+00
-3.939798544366518218e+00
-2.763984849884500328e+00
-1.602188279146078198e+00
-5.049069516441138106e-01
4.807685261437444346e-01
1.313135259027098378e+00
1.957582862397619472e+00
2.387956593478820722e+00
2.587529326776908611e+00
2.549551202851541021e+00
2.277364779704628361e+00
1.784092355897705318e+00
1.091920015011329070e+00
2.310191402876791145e-01
-7.618399515336196082e-01
-1.844916499436703550e+00
-2.973296187568982063e+00
-4.100778094758107173e+00
-5.181772149274014971e+00
-6.173129632588862492e+00
-7.035834465197077670e+00
-7.736490947763581261e+00
-8.248553884782049650e+00
-8.553259073950618685e+00
-8.640225441255617866e+00
-8.507714053653993247e+00
-8.162543263285220618e+00
-7.619672768635675553e+00
-6.901481903912846327e+00
-6.036778536825988972e+00
-5.059584194343888619e+00
-4.007748162462316799e+00
-2.921448132117536289e+00
-1.841637400017687609e+00
-8.084986879674147531e-01
1.400375836951801567e-01
9.696570616678115151e-01
1.650859933377643252e+00
2.159954489479816608e+00
2.479815048083263918e+00
2.600383204126396564e+00
2.518901462067272945e+00
2.239878418801417581e+00
1.774794414428951583e+00
1.141565620195158282e+00
3.637925867139246705e-01
-5.301739166054604269e-01
-1.508311568975570838e+00
-2.536107665917958442e+00
-3.577798609447008893e+00
-4.597623010493107287e+00
-5.561044746258358096e+00
-6.435904846719002315e+00
-7.193464940868560475e+00
-7.809309981895985686e+00
-8.264083868654363840e+00
-8.544038145255910877e+00
-8.641380937165020981e+00
-8.554420414956247498e+00
-8.287504117473861953e+00
-7.850762181506046211e+00
-7.259668704894541413e+00
-6.534440932400147339e+00
-5.699300549915903069e+00
-4.781624990348048776e+00
-3.811019219338796837e+00
-2.818339945101923316e+00
-1.834704585620646533e+00
-8.905166653428584489e-01
-1.453767153889140573e-02
7.669671249610217068e-01
1.430984668035184981e+00
1.958391628680127283e+00
2.334457510349081666e+00
2.549202122675329640e+00
2.597601048131933155e+00
2.479637570610550235e+00
2.200204225800390212e+00
1.768861534192439855e+00
1.199465468077392849e+00
5.096786824144432515e-01
-2.796165748370946780e-01
-1.144983723010124743e+00
-2.061153582716971577e+00
-3.001780040327215460e+00
-3.940206946044528813e+00
-4.850224059318721359e+00
-5.706790983907361614e+00
-6.486709719370126415e+00
-7.169228621143812319e+00
-7.736563122619111610e+00
-8.174321437914674249e+00
-8.471826537562957782e+00
-8.622328874481064886e+00
-8.623107539763775975e+00
-8.475460656949561411e+00
-8.184588796277724398e+00
-7.759377932702274272e+00
-7.212090919074207740e+00
-6.557978546544061871e+00
-5.814822977811615168e+00
-5.002427638033510426e+00
-4.142068518394014021e+00
-3.255922286317100234e+00
-2.366486613523063998e+00
-1.496007748821098549e+00
-6.659296064455033637e-01
1.036224491487116595e-01
7.943113201739380180e-01
1.390001210718728508e+00
1.877105601588968220e+00
2.244863721876642515e+00
2.485541085775005321e+00
2.594551695937511226e+00
2.570501516943425102e+00
2.415154745979627648e+00
2.133326209099981163e+00
1.732704852274949303e+00
1.223614744881356131e+00
6.187212438063864894e-01
-6.730903978378810493e-02
-8.181850836661643811e-01
-1.616395228973721787e+00
-2.443627768222799368e+00
-3.281198236172751415e+00
-4.110473532528449603e+00
-4.913283460935351954e+00
-5.672310918356236797e+00
-6.371452787997435863e+00
-6.996144550166419229e+00
-7.533642699764143913e+00
-7.973260216568244019e+00
-8.306551544874656301e+00
-8.527444772776441084e+00
-8.632319929886318022e+00
-8.620033518887343149e+00
-8.491890536418321034e+00
-8.251566300587477087e+00
-7.904981366964122458e+00
-7.460133666523218743e+00
-6.926892725361859071e+00
-6.316761418125080851e+00
-5.642611159417214139e+00
-4.918396747761210719e+00
-4.158857245779559619e+00
-3.379209311973654817e+00
-2.594839300213529487e+00
-1.821000221579387679e+00
-1.072519330299930740e+00
-3.635216636508613597e-01
2.928256514715674719e-01
8.845441003535916558e-01
1.401045908854194444e+00
1.833304699720598840e+00
2.173992485930323681e+00
2.417581527635856098e+00
2.560410292242620400e+00
2.600713452250291269e+00
2.538616520539635601e+00
2.376096346866705566e+00
2.116909272937922637e+00
1.766489258584829081e+00
1.331818741804235096e+00
8.212753759254902697e-01
2.444580946325269899e-01
-3.880038117495727690e-01
-1.064654767683281600e+00
-1.773426206922079640e+00
-2.501855153475515348e+00
-3.237304208616361922e+00
-3.967179183393817254e+00
-4.679140794366111855e+00
-5.361307070836521582e+00
-6.002443398215534742e+00
-6.592137437242048037e+00
-7.120956505479002274e+00
-7.580585378416902387e+00
-7.963942855377429630e+00
-8.265275833067462941e+00
-8.480230030193592228e+00
-8.605896903494050676e+00
-8.640836682785842271e+00
-8.585077824599938623e+00
-8.440093535685637249e+00
-8.208756344728620036e+00
-7.895271999306370247e+00
-7.505094232324769798e+00
-7.044822175524083185e+00
-6.522082395361033846e+00
-5.945397687543191978e+00
-5.324044950389412278e+00
-4.667905327756635359e+00
-3.987308050520370628e+00
-3.292869524480869003e+00
-2.595330537983763453e+00
-1.905393959944565507e+00
-1.233565231498642722e+00
-5.899978735290929421e-01
1.565387614205304700e-02
5.743733161944408749e-01
1.077908603718428893e+00
1.518887501048449273e+00
1.890918101088651326e+00
2.188674297536063129e+00
2.407964992068413856e+00
2.545786266038355450e+00
2.600355986411241105e+00
2.571130561478346621e+00
2.458803808139085945e+00
2.265288136173199796e+00
1.993678492886693299e+00
1.648199740875510244e+00
1.234138359610214231e+00
7.577595654630853161e-01
2.262111322309738881e-01
-3.525846370686798181e-01
-9.700491883179536146e-01
-1.617074519889614370e+00
-2.284156685455872804e+00
-2.961534092900772297e+00
-3.639328645118216521e+00
-4.307687743612003572e+00
-4.956925177347978106e+00
-5.577658947059557448e+00
-6.160944128684658239e+00
-6.698398957981382296e+00
-7.182322420511354721e+00
-7.605801755652409568e+00
-7.962808428410492745e+00
-8.248281286566182757e+00
-8.458195800931338937e+00
-8.589618480782515775e+00
-8.640745762316390355e+00
-8.610926882499635227e+00
-8.500670471131581252e+00
-8.311634817390249452e+00
-8.046601990640578350e+00
-7.709436215898605838e+00
-7.305027119151750625e+00
-6.839218663895070272e+00
-6.318724795024754926e+00
-5.751032987046442280e+00
-5.144297058011026103e+00
-4.507220756475742718e+00
-3.848933754163859078e+00
-3.178861780162236972e+00
-2.506592712061606498e+00
-1.841740494313771626e+00
-1.193808783489214598e+00
-5.720562236374040488e-01
1.463476750953729422e-02
5.578838689313450061e-01
1.049931624053793477e+00
1.483749444047512966e+00
1.853139305309491114e+00
2.152821741474767236e+00
2.378510891497294111e+00
2.526975543852812756e+00
2.596085310368668964e+00
2.584841268979522155e+00
2.493390630072163994e+00
2.323025203098127989e+00
2.076163665781098011e+00
1.756317864441384380e+00
1.368043597598230576e+00
9.168765529999545194e-01
4.092542775507053143e-01
-1.475747426740721124e-01
-7.456536317883002418e-01
-1.376429875920409884e+00
-2.030876703576106390e+00
-2.699621395067369534e+00
-3.373078719318369334e+00
-4.041587618984387120e+00
-4.695549213499976560e+00
-5.325564165228807489e+00
-5.922567456816739906e+00
-6.477958658224840960e+00
-6.983725819475591123e+00
-7.432561209200768459e+00
-7.817967228605790631e+00
-8.134350964051664690e+00
-8.377105997356451894e+00
-8.542680269061012410e+00
-8.628628983913952055e+00
-8.633651757071813648e+00
-8.557613421112218788e+00
-8.401548144851313182e+00
-8.167646751928732129e+00
-7.859227366844736551e+00
-7.480689755217624359e+00
-7.037453960071084147e+00
-6.535884063588772719e+00
-5.983198120702375888e+00
-5.387365513936350325e+00
-4.756993165149778768e+00
-4.101202206399811701e+00
-3.429496856615680045e+00
-2.751627370890612490e+00
-2.077449023097562630e+00
-1.416779148694143453e+00
-7.792543118726626972e-01
-1.741896689025601574e-01
3.895574226893261383e-01
9.037175514433606338e-01
1.360731239341681942e+00
1.753860962227310694e+00
2.077291532556685638e+00
6.947503300002319193e+00
7.265750813046176759e+00
7.433333423727821909e+00
7.447634296951287425e+00
7.308280789766733676e+00
7.017155560887987420e+00
6.578374630195011008e+00
5.998232573818910396e+00
5.285115523258847148e+00
4.449383112904513382e+00
3.503220982318876686e+00
2.460465880782851222e+00
1.336405835301877509e+00
1.475582232333492172e-01
-1.088571068909262252e+00
-2.353743923392822790e+00
-3.629257982861386456e+00
-4.896222440066332560e+00
-6.135837574483170798e+00
-7.329673908042288133e+00
-8.459946836380570545e+00
-9.509782637601816191e+00
-1.046347186726957723e+01
-1.130670631509220314e+01
-1.202679592345638859e+01
-1.261286234767806569e+01
-1.305600616880466092e+01
-1.334944514743417265e+01
-1.348862132601527897e+01
-1.347127524148593558e+01
-1.329748599334028114e+01
-1.296967641725430198e+01
-1.249258313382371988e+01
-1.187319176807224785e+01
-1.112063816031592012e+01
-1.024607690480050337e+01
-9.262519051435926798e+00
-8.184641280275158692e+00
-7.028569300798007902e+00
-5.811638631635786645e+00
-4.552136274730588461e+00
-3.269027105316555382e+00
-1.981669050503950702e+00
-7.095213204268042695e-01
5.281499164312948302e-01
1.712563960433067578e+00
2.825711662831087878e+00
3.850630788379682201e+00
4.771666424705306220e+00
5.574712410539680363e+00
6.247430023562696277e+00
6.779440496332002297e+00
7.162488310956899085e+00
7.390572654362904004e+00
7.460044889885676156e+00
7.369670410563490037e+00
7.120653777271295226e+00
6.716626602676019075e+00
6.163598211434152319e+00
5.469869679395717554e+00
4.645912421010730320e+00
3.704213045858392839e+00
2.659086733595948715e+00
1.526461873332340069e+00
3.236391705295202925e-01
-9.309711653085859240e-01
-2.218130182380006588e+00
-3.518064631001955433e+00
-4.810770591515552752e+00
-6.076321622645254550e+00
-7.295176675068306693e+00
-8.448482996211037488e+00
-9.518369307857804884e+00
-1.048822466760336170e+01
-1.134295862696577828e+01
-1.206923857040817616e+01
-1.265570045676983213e+01
-1.309312958280427175e+01
-1.337460844179966912e+01
-1.349562925181199091e+01
-1.345416927029090992e+01
-1.325072758652378546e+01
-1.288832268149589133e+01
-1.237245065716845360e+01
-1.171100465421784520e+01
-1.091415658922689325e+01
-9.994202939458030954e+00
-8.965376876117197469e+00
-7.843629586215645766e+00
-6.646384119999698470e+00
-5.392265547319242458e+00
-4.100811594844160801e+00
-2.792168260242605893e+00
-1.486775153748470801e+00
-2.050454975708482230e-01
1.032954183960935524e+00
2.207819649940200968e+00
3.301114941916692302e+00
4.295663579232956941e+00
5.175820309472111802e+00
5.927719203279346871e+00
6.539494124815050213e+00
7.001468037581707549e+00
7.306308092438564827e+00
7.449143981383365087e+00
7.427647618676163077e+00
7.242072820943080913e+00
6.895254290350905535e+00
6.392565849718607751e+00
5.741838525249924885e+00
4.953239711099986842e+00
4.039115270007298086e+00
3.013797015797606171e+00
1.893378577190342860e+00
6.954631491095324414e-01
-5.611129105581276200e-01
-1.856576291395648504e+00
-3.170528079948049527e+00
-4.482265333244749961e+00
-5.771107792330550268e+00
-7.016724563533096592e+00
-8.199455589171918746e+00
-9.300622805860847109e+00
-1.030282604630819243e+01
-1.119021897721817282e+01
-1.194876067780945839e+01
-1.256643884572710768e+01
-1.303346106371145297e+01
-1.334241106423562151e+01
-1.348836748246029060e+01
-1.346898318150399909e+01
-1.328452385875970165e+01
-1.293786528786473866e+01
-1.243444920767392325e+01
-1.178219852672285306e+01
-1.099139315872927725e+01
-1.007450843132795271e+01
-9.046018606467331580e+00
-7.922168607184068456e+00
-6.720717552905739467e+00
-5.460658155909470679e+00
-4.161916417834169657e+00
-2.845036381038223094e+00
-1.530854930011605219e+00
-2.401717991222169779e-01
1.006579977911454371e+00
2.189657945584993826e+00
3.290323287377985295e+00
4.291138095189779733e+00
5.176242121437972799e+00
5.931604611669209604e+00
6.545247209569533098e+00
7.007434384245694758e+00
7.310828344307919835e+00
7.450605966439162842e+00
7.424535868839974739e+00
7.233014392603099196e+00
6.879059906634887867e+00
6.368265513814970191e+00
5.708710897134391615e+00
4.910834694045779436e+00
3.987269414859843764e+00
2.952641516729666016e+00
1.823339799083803392e+00
6.172557904830804354e-01
-6.464997572701105533e-01
-1.947899771433886595e+00
-3.266318351629354577e+00
-4.580857816001515204e+00
-5.870680109437537375e+00
-7.115337312885508858e+00
-8.295096006301166724e+00
-9.391250334640201203e+00
-1.038641880512485116e+01
-1.126482010185008420e+01
-1.201252353660345840e+01
-1.261767015724880459e+01
-1.307066100075862103e+01
-1.336430949958781689e+01
-1.349395561925138587e+01
-1.345753991265801019e+01
-1.325563631329466752e+01
-1.289144314463084839e+01
-1.237073248670006187e+01
-1.170175870216224645e+01
-1.089512757274865962e+01
-9.963628122522777630e+00
-8.922029796919064282e+00
-7.786848216626114372e+00
-6.576083224324626997e+00
-5.308933382148842917e+00
-4.005491451515347023e+00
-2.686425688750166074e+00
-1.372652014915164864e+00
-8.500226286245737839e-02
1.156106233479041734e+00
2.330994464238809627e+00
3.421033844722101591e+00
4.408941640576579779e+00
5.279055030191793563e+00
6.017579457017752986e+00
6.612807332976558428e+00
7.055303625112035348e+00
7.338055383586873148e+00
7.456582841726666189e+00
7.409010328934199308e+00
7.196095875243031514e+00
6.821219041929845517e+00
6.290327175531066572e+00
5.611840942292348089e+00
4.796520646044347913e+00
3.857295454493635312e+00
2.809058247070951531e+00
1.668429342473725541e+00
4.534928572170366934e-01
-8.164901199306338064e-01
-2.121386985677180093e+00
-3.440512865384714569e+00
-4.752958577154657860e+00
-6.037922114863571998e+00
-7.275038393318085994e+00
-8.444702027234320951e+00
-9.528378027203167733e+00
-1.050889548839587739e+01
-1.137071961842186774e+01
-1.210019779513280191e+01
-1.268577575783014666e+01
-1.311818050966599536e+01
-1.339056703752976674e+01
-1.349862652995283696e+01
-1.344065438444783922e+01
-1.321757693350876295e+01
-1.283293647312194175e+01
-1.229283483868635862e+01
-1.160583643023259093e+01
-1.078283223134535973e+01
-9.836866984058529439e+00
-8.782932265407067618e+00
-7.637728751057238696e+00
-6.419401438959737582e+00
-5.147252033541522387e+00
-3.841433051854752367e+00
-2.522628501603687123e+00
-1.211726192536563662e+00
7.051312599902814782e-02
1.303784559552914502e+00
2.468560587406538609e+00
3.546400214603861123e+00
4.520240863228682571e+00
5.374668383632252855e+00
6.096160914069155723e+00
6.673302732499385215e+00
7.096964720569918228e+00
7.360448589433833178e+00
7.459592591681527551e+00
7.392837054142862740e+00
7.161248702978241454e+00
6.768503405224199909e+00
6.220827609451760054e+00
5.526899422001516626e+00
4.697710894031864370e+00
3.746393708240307596e+00
2.688011032897101416e+00
1.539318845602630326e+00
3.185005115021390942e-01
-9.551211770406036194e-01
-2.261389936792652211e+00
-3.579635060289760862e+00
-4.888998560623184275e+00
-6.168765215836905291e+00
-7.398690289997320590e+00
-8.559319746253997607e+00
-9.632297887508546097e+00
-1.060065756067929144e+01
-1.144908833781861901e+01
-1.216417843709280078e+01
-1.273462656326914555e+01
-1.315142032432074792e+01
-1.340797841041868566e+01
-1.350025429558171908e+01
-1.342679983148249789e+01
-1.318878773770832069e+01
-1.278999264310974660e+01
-1.223673098843762475e+01
-1.153776075090416420e+01
-1.070414258632287030e+01
-9.749064594046433996e+00
-8.687633484405967721e+00
-7.536635458691770317e+00
-6.314270589528589994e+00
-5.039864907266712990e+00
-3.733564749141713435e+00
-2.416018206943770785e+00
-1.108048711365812844e+00
1.696740860408962881e-01
1.396960931266961303e+00
2.554421925654184911e+00
3.623772784819588644e+00
4.588123562624944363e+00
5.432245282688482391e+00
6.142810270422554453e+00
6.708602395407396557e+00
7.120693910475964117e+00
7.372586102624291371e+00
7.460311543409448021e+00
7.382496333783933551e+00
7.140381370736545108e+00
6.737802310666323180e+00
6.181128556868753066e+00
5.479162245562303468e+00
4.642998836305193500e+00
3.685851518482845535e+00
2.622842216231613399e+00
1.470762500712674559e+00
2.478081927347361990e-01
-1.026708147056128784e+00
-2.332662295440979694e+00
-3.649436190460762397e+00
-4.956243481241830118e+00
-6.232457662881323301e+00
-7.457937616281070881e+00
-8.613345415439074060e+00
-9.680451388382294908e+00
-1.064242162069441555e+01
-1.148408336921285766e+01
-1.219216420351100716e+01
-1.275550110869665943e+01
-1.316521625824316466e+01
-1.341485669252770307e+01
-1.350049570910732122e+01
-1.342079437553885235e+01
-1.317702220516374112e+01
-1.277303668079820831e+01
-1.221522196051810560e+01
-1.151238774346728277e+01
-1.067562990168605808e+01
-9.718155086467142212e+00
-8.655072085193479481e+00
-7.503153228080094550e+00
-6.280569615463704736e+00
-5.006604347897336993e+00
-3.701348286788459951e+00
-2.385383147310180085e+00
-1.079456923473041785e+00
1.958432354837817968e-01
1.420415539708476338e+00
2.574960349486090649e+00
3.641284250666909195e+00
4.602586625362470762e+00
5.443724205961155249e+00
6.151449448980830681e+00
6.714618979237323870e+00
7.124368827688583039e+00
7.374253710667456829e+00
7.460348165733703851e+00
7.381307961101880366e+00
7.138390822053926499e+00
6.735436159022215818e+00
6.178804128036302856e+00
5.477274994781948791e+00
4.641910398529700998e+00
3.685878711821546361e+00
2.624247256622628477e+00
1.473744658759541970e+00
2.524970917078079857e-01
-1.020257429233371038e+00
-2.324472197036721255e+00
-3.639607628754770730e+00
-4.944954770604183203e+00
-6.219961396460796266e+00
-7.444555564725599872e+00
-8.599461540238072743e+00
-9.666503109775433700e+00
-1.062888951976400342e+01
-1.147147953995638936e+01
-1.218101950261525346e+01
-1.274635157773690253e+01
-1.315858901453459318e+01
-1.341125560037722941e+01
-1.350038715241218945e+01
-1.342459345530251902e+01
-1.318507968144951725e+01
-1.278562696793798814e+01
-1.223253246719317033e+01
-1.153450982585055762e+01
-1.070255166860732743e+01
-9.749756261029215665e+00
-8.691121088082418567e+00
-7.543306604685390049e+00
-6.324373882670668578e+00
-5.053500287912669364e+00
-3.750677665531795490e+00
-2.436397784722758697e+00
-1.131329993533650047e+00
1.440038452018455040e-01
1.369552024507655119e+00
2.526048197523668826e+00
3.595314161502165540e+00
4.560545464567219653e+00
5.406575349896188598e+00
6.120112894003673532e+00
6.689951602858053903e+00
7.107145195164063622e+00
7.365147818987640704e+00
7.459916507835064436e+00
7.389974276489256866e+00
7.156432876018646638e+00
6.762974861657918169e+00
6.215795266743054270e+00
5.523503810513139101e+00
4.696989187408084021e+00
3.749247580741692509e+00
2.695178104998982249e+00
1.551348399666972355e+00
3.357340653477285386e-01
-9.325639574233370865e-01
-2.233619621114856457e+00
-3.546994895193183339e+00
-4.852060859576232232e+00
-6.128321722414414197e+00
-7.355736672811269194e+00
-8.515034514785858377e+00
-9.588016143813298697e+00
-1.055784011980990300e+01
-1.140928685742020399e+01
-1.212899729166693241e+01
-1.270568227913165238e+01
-1.313029945549739708e+01
-1.339619478225138494e+01
-1.349920657055105089e+01
-1.343773035997133825e+01
-1.321274364480547625e+01
-1.282779007111629177e+01
-1.228892336393508522e+01
-1.160461187588949805e+01
-1.078560526619568094e+01
-9.844765412693078588e+00
-8.796864220120273359e+00
-7.658351506347686133e+00
-6.447096616684509840e+00
-5.182107827337991246e+00
-3.883233946184738272e+00
-2.570852796826423869e+00
-1.265551476092419136e+00
1.219659743409451380e-02
1.242352777631276162e+00
2.405627392362730710e+00
3.483782126659979106e+00
4.459915848879501432e+00
5.318729402362173175e+00
6.046765216452120839e+00
6.632617986919250086e+00
7.067113130697178391e+00
7.343450226165330719e+00
7.457309200072495869e+00
7.406917606946382904e+00
7.193077957282467239e+00
6.819154677389091646e+00
6.291020916638698779e+00
5.616966047130073747e+00
4.807565316528768840e+00
3.875513707499648852e+00
2.835426617365941482e+00
1.703610490698624247e+00
4.978070073106777294e-01
-7.630851587225646604e-01
-2.059306643317980967e+00
-3.370547112679181723e+00
-4.676263543754257235e+00
-5.956002076514634425e+00
-7.189718395405390261e+00
-8.358091622050668690e+00
-9.442826804581603284e+00
-1.042694126921100484e+01
-1.129503035397497790e+01
-1.203350836894644615e+01
-1.263082101655225387e+01
-1.307762595378030213e+01
-1.336693867800241264e+01
-1.349424146201731745e+01
-1.345755364318790370e+01
-1.325746217714172026e+01
-1.289711198891519928e+01
-1.238215628391184531e+01
-1.172066760774612426e+01
-1.092301105816050821e+01
-1.000168164411363847e+01
-8.971108347601756350e+00
-7.847427964025150082e+00
-6.648232268832829917e+00
-5.392292474393988400e+00
-4.099265295079558058e+00
-2.789385224870361668e+00
-1.483147846002806913e+00
-2.009891258611014031e-01
1.037034279544702287e+00
2.211558714613496512e+00
3.304216300416986662e+00
4.297922065261918334e+00
-1.534847213112654263e+00
