1.272805182060584350e+00
3.531021888355495797e+00
5.065552498180800001e+00
5.650097187201497562e+00
5.198457765751091308e+00
3.777246781360216410e+00
1.596061227054393239e+00
-1.023429268355973365e+00
-3.694920630684294327e+00
-6.024442986916895393e+00
-7.668458780753591775e+00
-8.384523126094469703e+00
-8.067036167206033781e+00
-6.762815635386418833e+00
-4.664193442303576020e+00
-2.080654276914459366e+00
6.068018487528186178e-01
3.001843794164600787e+00
4.751255708065658112e+00
5.597027380268505325e+00
5.414407186314600828e+00
4.230305810792791554e+00
2.219335412684143805e+00
-3.219336148291993549e-01
-3.018704005248201483e+00
-5.473223781662406751e+00
-7.323449173655487421e+00
-8.296447045893945216e+00
-8.248660069646142290e+00
-7.187094071560403030e+00
-5.268299665362016881e+00
-2.775294837541695259e+00
-7.582881860348100744e-02
2.431859528951313187e+00
4.377789589173925577e+00
5.474827380580306269e+00
5.561060270142654360e+00
4.623703707627707438e+00
2.801008736352250672e+00
3.618838859387671913e-01
-2.333766834745435226e+00
-4.888141849621018054e+00
-6.924243511745433288e+00
-8.141521609985415964e+00
-8.360245951977773871e+00
-7.548055936327735083e+00
-5.824763483725386770e+00
-3.444694254740251704e+00
-7.591674308815539174e-01
1.835352832789720168e+00
3.955783957178316435e+00
5.288990487628386639e+00
5.638035999198327097e+00
4.951288456116497372e+00
3.330075461214947019e+00
1.013751794847058019e+00
-1.655622959707931052e+00
-4.283786559455254661e+00
-6.482501635812228713e+00
-7.926910011755108343e+00
-8.403540582128698588e+00
-7.841874723647812573e+00
-6.324799433117637371e+00
-4.076395806995119386e+00
-1.428858859403586701e+00
1.226570611336822214e+00
3.497416359529520236e+00
5.047978074569986262e+00
5.648968976796171937e+00
5.211438602675757537e+00
3.799959443896183231e+00
1.623119421869353651e+00
-9.972833059769856678e-01
-3.673796804577758035e+00
-6.010597287894525742e+00
-7.662028929300255697e+00
-8.383743695906694882e+00
-8.068873550753576041e+00
-6.763877637195869319e+00
-4.661711178487447427e+00
-2.073316888149411064e+00
6.183523218836992630e-01
3.014983408430141232e+00
4.761847097798370676e+00
5.600312758785645606e+00
5.406158326521605773e+00
4.207997893100689168e+00
2.183089875333183105e+00
-3.688639790085959103e-01
-3.070059390094412866e+00
-5.520512595747566031e+00
-7.357289286461344169e+00
-8.308268886932250297e+00
-8.232478189931118351e+00
-7.141013383956543947e+00
-5.195441848008451657e+00
-2.683909828544375209e+00
2.151448254516363789e-02
2.519950396910982882e+00
4.441105665829616633e+00
5.500167200310453808e+00
5.540043372401722621e+00
4.554689982627409428e+00
2.690052698227049177e+00
2.224753877299612270e-01
-2.482235074054094603e+00
-5.023026706221511262e+00
-7.023068863010512253e+00
-8.185649974418655717e+00
-8.338213583902261306e+00
-7.457994465031052123e+00
-5.675442535223231388e+00
-3.254915672020451289e+00
-5.554951309997384623e-01
2.022271351754442836e+00
4.095801848969854220e+00
5.357269835319562468e+00
5.619320137642576540e+00
4.842919271587609487e+00
3.143196633628741132e+00
7.723984588986878563e-01
-1.917525518705072596e+00
-4.527156678920599475e+00
-6.668912937209875658e+00
-8.024619783859099797e+00
-8.392794277314189699e+00
-7.718612598437379013e+00
-6.102100431410081072e+00
-3.783318611769275197e+00
-1.106734226907161389e+00
1.529938113835464186e+00
3.734828978567671598e+00
5.180161285104760260e+00
5.650993122180095973e+00
5.077205416048365727e+00
3.543970625840771049e+00
1.279135611009480478e+00
-1.380616134280358231e+00
-4.039800782658861777e+00
-6.302934900955571074e+00
-7.833358697860581366e+00
-8.403331666364694641e+00
-7.927944025993094890e+00
-6.477791141665545815e+00
-4.268515238484068774e+00
-1.628759971849174759e+00
1.048703184110086895e+00
3.365410634987771488e+00
4.976511184818200206e+00
5.642112114173364112e+00
5.263019600957294486e+00
3.895545579292964078e+00
1.743167163589830704e+00
-8.737296469277648914e-01
-3.565526023534538069e+00
-5.931373548993229328e+00
-7.618890299098331376e+00
-8.376658866284184768e+00
-8.091703172253883025e+00
-6.806354766656896871e+00
-4.711987202229746430e+00
-2.120542424999817044e+00
5.819172512520054408e-01
2.992717422509859837e+00
4.752574320052256773e+00
5.599150324727255601e+00
5.406177366146627250e+00
4.202310869823061346e+00
2.166895857350139121e+00
-3.967324565197256625e-01
-3.106441469303141023e+00
-5.558256079011927753e+00
-7.386587472616557903e+00
-8.318755719751127486e+00
-8.215673207216708462e+00
-7.092616526959826473e+00
-5.116981764033512015e+00
-2.583350067618595425e+00
1.304248137135071151e-01
2.619562709725459015e+00
4.512735042577480371e+00
5.527468010524617448e+00
5.512303135006322741e+00
4.469420289220758846e+00
2.554341485513005772e+00
5.275276688769858779e-02
-2.662103549613538789e+00
-5.185113014937408060e+00
-7.139742457221133876e+00
-8.234240935237941983e+00
-8.305198379495291050e+00
-7.341956640420812086e+00
-5.488224099332278172e+00
-3.020647198642691933e+00
-3.075324292839474172e-01
2.246123201869576036e+00
4.259089269563872904e+00
5.430821115147971057e+00
5.586341640763071936e+00
4.702381653550527396e+00
2.910871803829945925e+00
4.792604966668068123e-01
-2.229407141079078780e+00
-4.810690974744774806e+00
-6.879146027579990275e+00
-8.125883111624409239e+00
-8.364702976391747313e+00
-7.559912282768509684e+00
-5.831664720545880698e+00
-3.438026984572758238e+00
-7.364458038249694916e-01
1.869630570346588527e+00
3.991004861105266421e+00
5.310858125072190461e+00
5.632069543288539037e+00
4.906660008764205827e+00
3.242960791419439381e+00
8.894357841168276657e-01
-1.802426705452542910e+00
-4.430610000753415711e+00
-6.602611643190842372e+00
-7.994063969409703319e+00
-8.397176723620569661e+00
-7.751766404704832247e+00
-6.154238520326776651e+00
-3.843182477606756020e+00
-1.163732362567337919e+00
1.483981607035377071e+00
3.704590416513795503e+00
5.166526685620445924e+00
5.651530810832739782e+00
5.087230787239304775e+00
3.557932901047444751e+00
1.292015519378466593e+00
-1.372187344737096470e+00
-4.036914182005406637e+00
-6.304367789733361427e+00
-7.836101034236509832e+00
-8.403530193284495908e+00
-7.922036805954837391e+00
-6.463571546049554861e+00
-4.245884809362565626e+00
-1.599998637064726115e+00
1.079217943202475549e+00
3.391987850290728801e+00
4.993279764082941163e+00
5.644274471257576309e+00
5.247967214244781076e+00
3.863600381874205070e+00
1.697782236149659063e+00
-9.263730992463045100e-01
-3.617470928365489335e+00
-5.974225196363956769e+00
-7.645298364212222531e+00
-8.381667530382461706e+00
-8.073712488812308408e+00
-6.767504626021049852e+00
-4.657880376390024502e+00
-2.059345631140810706e+00
6.408386327565724905e-01
3.040386635324042075e+00
4.781924620286267746e+00
5.606202897739317237e+00
5.390661023895738424e+00
4.167612682710160499e+00
2.119357459626581175e+00
-4.490346681792802830e-01
-3.155196357329284940e+00
-5.596409359503311975e+00
-7.409539118865544616e+00
-8.325036093672155246e+00
-8.206974648183882337e+00
-7.073186381554874558e+00
-5.092512433393487470e+00
-2.559605787173104385e+00
1.489475475179873332e-01
2.630646734382567686e+00
4.516895581127631232e+00
5.527730822648511122e+00
5.513334800780471667e+00
4.476182180180762415e+00
2.570554988815157316e+00
7.952534812737588332e-02
-2.627149924850531448e+00
-5.147950756114165749e+00
-7.109167057705220394e+00
-8.220282152676206877e+00
-8.316960209673080584e+00
-7.385282824973033122e+00
-5.563669917385621666e+00
-3.122233124547305394e+00
-4.226536426312865746e-01
2.135444660231949232e+00
4.173667439842770222e+00
5.390802093988397381e+00
5.607278009374343952e+00
4.791579052893910173e+00
3.064734577338260380e+00
6.822638440876436228e-01
-2.003717945778709986e+00
-4.596598876120841837e+00
-6.713856182963218622e+00
-8.043469847482491275e+00
-8.389845400224299254e+00
-7.702494233048508221e+00
-6.083278715600407338e+00
-3.771200190818045694e+00
-1.107019127547785420e+00
1.517039104298331331e+00
3.715057733609130608e+00
5.164165731217435606e+00
5.651898663845084769e+00
5.107244874440816318e+00
3.610855428514036625e+00
1.382969399196283700e+00
-1.249118391169009357e+00
-3.899223782675577343e+00
-6.178972050973100316e+00
-7.754698061534678999e+00
-8.396212853153386391e+00
-8.010318576563598469e+00
-6.654208251734257118e+00
-4.526844736140136050e+00
-1.939638979609593861e+00
7.292316614836673594e-01
3.090149091196392028e+00
4.798922587910779747e+00
5.606899806831682653e+00
5.397034314275788169e+00
4.200694634605536493e+00
2.192822707095904100e+00
-3.337903553992296324e-01
-3.011307715200127966e+00
-5.450455787786395057e+00
-7.297116819310969227e+00
-8.283677506556511361e+00
-8.267696672443141992e+00
-7.252321428282376026e+00
-5.385547727693584363e+00
-2.938497421013885447e+00
-2.659222426091751856e-01
2.245294114854810896e+00
4.232149793418663819e+00
5.407943216529189634e+00
5.603534580358340733e+00
4.791528034404199943e+00
3.089939130575731774e+00
7.448837964809071899e-01
-1.905149319737409197e+00
-4.478237983871899530e+00
-6.604089550115851637e+00
-7.977286537675011502e+00
-8.401064575773931509e+00
-7.815362438560955027e+00
-6.305166660878121832e+00
-4.088016823896015950e+00
-1.482531251467600564e+00
1.137473404021352330e+00
3.396648807241391843e+00
4.971858537803623079e+00
5.638308020495840900e+00
5.301488608487423981e+00
4.010416434066385705e+00
1.950335832731635133e+00
-5.840043778306263089e-01
-3.230626200870242215e+00
-5.612071378555476997e+00
-7.389219391667696257e+00
-8.309503759646045040e+00
-8.242682469412450530e+00
-7.199114756857746045e+00
-5.328002429488810421e+00
-2.895909911901166645e+00
-2.486760109117809314e-01
2.237824773422313562e+00
4.211052937824250719e+00
5.391729041733367644e+00
5.613252031822680621e+00
4.845063472922167769e+00
3.196702316524883791e+00
9.020372050217018156e-01
-1.714033597282758059e+00
-4.281656834466945227e+00
-6.438329907542870600e+00
-7.880038821410333405e+00
-8.404021163563070829e+00
-7.937152963771876735e+00
-6.546004432519515248e+00
-4.427203872757258907e+00
-1.879524088598717002e+00
7.383295088170114262e-01
3.058254504310936817e+00
4.754487817227652791e+00
5.589275714077055923e+00
5.446086296539558447e+00
4.345741729837629741e+00
2.443256814603956606e+00
5.880534172659768188e-03
-2.624532644051202013e+00
-5.079512210166338804e+00
-7.015580218562393888e+00
-8.162252972686346197e+00
-8.359736441643239147e+00
-7.581076325241263625e+00
-5.935709897529395818e+00
-3.653971102855543940e+00
-1.054758167100513955e+00
1.499086276649995053e+00
3.651433589308111571e+00
5.102493927382846017e+00
5.650499151794366348e+00
5.219659920323325153e+00
3.870538126397636169e+00
1.791431276011786089e+00
-7.279917438854054401e-01
-3.337101320661913562e+00
-5.673120556591933372e+00
-7.411545251636113996e+00
-8.311167667375823243e+00
-8.247466469127727962e+00
-7.229753007381456875e+00
-5.399726364272247281e+00
-3.011671222686932659e+00
-3.970753510474461789e-01
2.081404386274585683e+00
4.080233695828903606e+00
5.322579472559603175e+00
5.636593124647009567e+00
4.979114156235877608e+00
3.441535166692299974e+00
1.237041377585514468e+00
-1.328986239254771995e+00
-3.901291020999464010e+00
-6.123918589023215731e+00
-7.689448130229689760e+00
-8.381473839227250977e+00
-8.104473792696184731e+00
-6.896951660697358655e+00
-4.926050231783126065e+00
-2.464394986688676070e+00
1.476221829948787256e-01
2.548902324062217506e+00
4.407539558316190487e+00
5.466671833006087944e+00
5.579954470880913675e+00
4.731763124887653049e+00
3.039341071590327736e+00
7.365972584457103345e-01
-1.858207171805543290e+00
-4.386423686107224995e+00
-6.498564743411864519e+00
-7.902596777295494590e+00
-8.404310251943496013e+00
-7.934190027706171655e+00
-6.557069464249562607e+00
-4.463225458174125748e+00
-1.942132252296535189e+00
6.575133281898315474e-01
2.975983771525491761e+00
4.692278003043948154e+00
5.568567901642843765e+00
5.483183184833778867e+00
4.447558757643604643e+00
2.604778273084033646e+00
2.098881737931692637e-01
-2.405322070927594424e+00
-4.878223607369967851e+00
-6.865597221831373886e+00
-8.091273713390494393e+00
-8.384556597073911988e+00
-7.704078859295331760e+00
-6.143750487357440448e+00
-3.919927831706631061e+00
-1.341538681954772105e+00
1.232731748232830160e+00
3.444278414862131044e+00
4.984526080219016997e+00
5.638039426240297303e+00
5.312767949914293908e+00
4.053167742019251563e+00
2.034310509639254416e+00
-4.622672618387243526e-01
-3.087671507476893229e+00
-5.474307638201232784e+00
-7.287321208975900966e+00
-8.271633624973638632e+00
-8.287964261018091250e+00
-7.332738176613434966e+00
-5.539009808075255670e+00
-3.158180532399228468e+00
-5.249840992022077879e-01
1.989418939415278587e+00
4.029693207764123208e+00
5.306587115320344772e+00
5.638090776758823530e+00
4.975622150168252489e+00
3.411445008768319020e+00
1.166150559236068585e+00
-1.442149749504977096e+00
-4.042665737061646780e+00
-3.407424365355028240e+00
-4.041188270213563527e+00
-4.294216843729098620e+00
-4.129471239611557820e+00
-3.569674369169672623e+00
-2.694354536255682220e+00
-1.628712838295671705e+00
-5.258464249662351264e-01
4.551706031908304695e-01
1.172225526299786935e+00
1.520822253264240143e+00
1.449445885227425901e+00
9.673616664052042680e-01
1.436444428609771062e-01
-9.025058340799361201e-01
-2.018838935722786943e+00
-3.042103098776379078e+00
-3.821895457003742891e+00
-4.242838642495093460e+00
-4.241808944917289992e+00
-3.817625653834164634e+00
-3.031687488430086397e+00
-1.999355099475109920e+00
-8.732416987945703646e-01
1.792073402994434073e-01
1.000579105556260728e+00
1.467120288761599056e+00
1.507572749955863767e+00
1.114325888764755135e+00
3.451035931520085587e-01
-6.851975330764853434e-01
-1.821418429708742348e+00
-2.891350840179378601e+00
-3.731808622788912011e+00
-4.213618585776016445e+00
-4.261691487293743030e+00
-3.867023949990517018e+00
-3.088670323856765876e+00
-2.045237940931134979e+00
-8.970727443123400757e-01
1.782333321301921014e-01
1.013298072085311752e+00
1.477127396499109846e+00
1.495904446673750776e+00
1.065053786567965677e+00
2.505620957178509300e-01
-8.208019762310434508e-01
-1.980976099904073084e+00
-3.046845491899193625e+00
-3.849160060709991615e+00
-4.259558284024228314e+00
-4.211358549293327869e+00
-3.710709142837643970e+00
-2.836183866622671079e+00
-1.726741465284568955e+00
-5.598438985177348615e-01
4.768528740590014525e-01
1.215730141916879337e+00
1.536477756678524376e+00
1.385937540187152095e+00
7.872022446625632774e-01
-1.636333403658192243e-01
-1.312669773780153371e+00
-2.472982550876695385e+00
-3.455012370707222225e+00
-4.097622936473433342e+00
-4.294716506468524209e+00
-4.012975855076371445e+00
-3.297724313370872906e+00
-2.265836253542641732e+00
-1.086771412531801984e+00
4.520802950394964270e-02
9.430835320027233237e-01
1.458087343608622799e+00
1.504501807030738991e+00
1.074083021066158494e+00
2.376498025911417677e-01
-8.664866563338973204e-01
-2.055373786478096765e+00
-3.131770404562167265e+00
-3.916948491582787462e+00
-4.280462959699508296e+00
-4.161902397587789793e+00
-3.580970192221543336e+00
-2.634200478330182449e+00
-1.478857130628902672e+00
-3.067165398331426207e-01
6.878687288893026164e-01
1.340275401147927870e+00
1.542885010262769363e+00
1.262791160807644975e+00
5.470218458748115076e-01
-4.855353687203820545e-01
-1.664088740513466780e+00
-2.794386247376760224e+00
-3.690865070622509236e+00
-4.207146810323939334e+00
-4.259844324466430798e+00
-3.841809339374891774e+00
-3.022744716426183587e+00
-1.937221721634290184e+00
-7.622216852577148316e-01
3.119836137834122169e-01
1.112763302459388370e+00
1.512804957276946638e+00
1.450094840018772757e+00
9.370959397620737263e-01
5.783623994268127788e-02
-1.046395499413419472e+00
-2.200226892759170383e+00
-3.222366322677683748e+00
-3.954168043832075874e+00
-4.284068943302614230e+00
-4.164149401262495331e+00
-3.616425124772493671e+00
-2.728165851974574618e+00
-1.637277593954992394e+00
-5.102983714288513717e-01
4.833871527533033507e-01
1.197057709072693044e+00
1.528030418493326437e+00
1.431823865840078813e+00
9.272475197818028647e-01
9.200594494098290888e-02
-9.501457386491927171e-01
-2.048460017091734198e+00
-3.047433903921262122e+00
-3.808884259723183341e+00
-4.230723384824825573e+00
-4.259942031877356428e+00
-3.898269568436240284e+00
-3.200098302319064558e+00
-2.263358966958769258e+00
-1.214961944377352054e+00
-1.930569255829179820e-01
6.713532498503576029e-01
1.270990618282011653e+00
1.535022661865094840e+00
1.436521055843848149e+00
9.940320895717094096e-01
2.674282216194951989e-01
-6.510814599089334020e-01
-1.649366846230061912e+00
-2.609489669917883781e+00
-3.421712493317928150e+00
-3.996757116746099125e+00
-4.275005102832906800e+00
-4.231797315402234361e+00
-3.878509594296615681e+00
-3.259590203806704167e+00
-2.446183046159487340e+00
-1.527285585332290418e+00
-5.995772066562059521e-01
2.429034290784819472e-01
9.181431991177491092e-01
1.363709997781463290e+00
1.541858537192798639e+00
1.441873495807930450e+00
1.079643922107685672e+00
4.947373189796944182e-01
-2.545402776595508954e-01
-1.097465801133401531e+00
-1.957901221368606226e+00
-2.761281207786439484e+00
-3.440962163052911915e+00
-3.943428915259818535e+00
-4.232007959560544208e+00
-4.288902577994203824e+00
-4.115528468580878396e+00
-3.731274431006583292e+00
-3.170930580750497718e+00
-2.481109953698299897e+00
-1.716035698658993525e+00
-9.330764248621558066e-01
-1.883906972870290630e-01
4.670057191428040877e-01
9.905021179318058699e-01
1.350313419177872287e+00
1.526967674756221527e+00
1.513845664794025048e+00
1.316825686258457750e+00
9.531421942679383363e-01
4.496078555748903582e-01
-1.596260136879703584e-01
-8.355852879384789711e-01
-1.537083038430273607e+00
-2.223256228537388690e+00
-2.855885031435081878e+00
-3.401380082288476103e+00
-3.832355566444990203e+00
-4.128739322174683757e+00
-4.278402943839413552e+00
-4.277323497623884307e+00
-4.129312675664264631e+00
-3.845368258388386362e+00
-3.442716309603305991e+00
-2.943620653703644230e+00
-2.374039245424662603e+00
-1.762205634658551068e+00
-1.137208598352288824e+00
-5.276349846400820720e-01
3.966926513325486070e-02
5.406762729820977498e-01
9.550597434199699087e-01
1.266864724515359697e+00
1.464954531579403696e+00
1.543235741498548474e+00
1.500670818739430867e+00
1.341095084291875850e+00
1.072860426672598511e+00
7.083349799832898697e-01
2.632875913674923574e-01
-2.438193717581533804e-01
-7.926002845559166898e-01
-1.361550770996267756e+00
-1.928858541662961779e+00
-2.473194195396039241e+00
-2.974457720212907663e+00
-3.414458997248002614e+00
-3.777513555434607539e+00
-4.050938059712663630e+00
-4.225433461586099781e+00
-4.295347321954499975e+00
-4.258810459882643507e+00
-4.117746717903123965e+00
-3.877758197549006081e+00
-3.547891743120791030e+00
-3.140295674159174766e+00
-2.669778726649598255e+00
-2.153285800910916148e+00
-1.609307374681692160e+00
-1.057241271282856943e+00
-5.167268281191824686e-01
-6.972349873848759927e-03
4.539029787883819278e-01
8.494918270421116802e-01
1.165666067788395655e+00
1.391070157733892643e+00
1.517523971451279596e+00
1.540321056355568263e+00
1.458411304107491091e+00
1.274460483074657979e+00
9.947828645893141974e-01
6.291472054194549024e-01
1.904605083168102730e-01
-3.056618522069096677e-01
-8.414270136995330995e-01
-1.397480121816473186e+00
-1.953584674555633782e+00
-2.489345125346104748e+00
-2.984946998501054605e+00
-3.421888393528477845e+00
-3.783676249646607204e+00
-4.056461174626200261e+00
-4.229586048312841129e+00
-4.296025991802364885e+00
-4.252700611583845713e+00
-4.100643608053276878e+00
-3.845019764245346749e+00
-3.494984850226831252e+00
-3.063389903780895374e+00
-2.566337462210467102e+00
-2.022603384878046473e+00
-1.452943670031018097e+00
-8.793108782585377092e-01
-3.240091827490094722e-01
1.911795523102428618e-01
6.458641029744396356e-01
1.021871274188127288e+00
1.303997671750547482e+00
1.480653366059685894e+00
1.544368612243044669e+00
1.492139820765474578e+00
1.325597206098066305e+00
1.050983744511580387e+00
6.789429545013985212e-01
2.241212380831254514e-01
-2.954012797607132867e-01
-8.588296852338828113e-01
-1.443494250430053194e+00
-2.025776851291865022e+00
-2.582084819144191634e+00
-3.089830535251219423e+00
-3.528377383002430090e+00
-3.879905228173924581e+00
-4.130144496460863124e+00
-4.268956524136873654e+00
-4.290738788880997134e+00
-4.194640577461036912e+00
-3.984583015787002136e+00
-3.669085668383207821e+00
-3.260909745466317844e+00
-2.776535052604970133e+00
-2.235498518129007905e+00
-1.659624045071937726e+00
-1.072156912421136976e+00
-4.968377754161313886e-01
4.304713281692706950e-02
5.256023802535418898e-01
9.312090855457975103e-01
1.243324291883658006e+00
1.449161128495453532e+00
1.540221210104036675e+00
1.512656260753125981e+00
1.367442547737782732e+00
1.110359134804972392e+00
7.517689264970774943e-01
3.062096569551617797e-01
-2.081899670199995889e-01
-7.704461797322815775e-01
-1.357578581730592093e+00
-1.945555918405208917e+00
-2.510289867052143631e+00
-3.028634951510285944e+00
-3.479351975417427134e+00
-3.843993521830332494e+00
-4.107673098304388759e+00
-4.259684312372964854e+00
-4.293942854057437586e+00
-4.209231768672407448e+00
-4.009239182617081454e+00
-3.702386898903974544e+00
-3.301457672605349281e+00
-2.823038058507070236e+00
-2.286801631883457642e+00
-1.714660605786389347e+00
-1.129830622203842783e+00
-5.558557868202166352e-01
-1.563539370967781394e-02
4.695055935613670073e-01
8.806633338003591049e-01
1.202085026484571273e+00
1.421754015893773815e+00
1.531809370533187220e+00
1.528787092422040583e+00
1.413678212876502638e+00
1.191806984062707908e+00
8.725398231206979993e-01
4.688422986838631790e-01
-3.292982863748683542e-03
-5.255204166342813954e-01
-1.077887236199430276e+00
-1.639619475804203974e+00
-2.189916226212343275e+00
-2.708721495997265194e+00
-3.177445301873661698e+00
-3.579608917009417191e+00
-3.901393301337147790e+00
-4.132074401623810900e+00
-4.264334014687483077e+00
-4.294440032611931635e+00
-4.222294926134718906e+00
-4.051356085151725850e+00
-3.788435964523343191e+00
-3.443393751420310345e+00
-3.028733383073548335e+00
-2.559125140558466072e+00
-2.050869697374874789e+00
-1.521324413557311184e+00
-9.883118662181678005e-01
-4.695301477983587768e-01
1.801658587668875100e-02
4.585503908239267901e-01
8.379996753694838318e-01
1.144414533837288861e+00
1.368307107895891939e+00
1.502909443430447745e+00
1.544343984054966423e+00
1.491704476755086439e+00
1.347047592159951179e+00
1.115297924237457661e+00
8.040711860727136617e-01
4.234223256470603935e-01
-1.447307498194350117e-02
-4.956943949749320621e-01
-1.004997768426294735e+00
-1.526272487630871311e+00
-2.043019905549130044e+00
-2.538842462457062688e+00
-2.997930436321559533e+00
-3.405534210895375224e+00
-3.748410250196930082e+00
-4.015229544090107794e+00
-4.196938030133745556e+00
-4.287059387397654575e+00
-4.281931627506123661e+00
-4.180870069313256110e+00
-3.986250572617843435e+00
-3.703508322973863898e+00
-3.341049006800129284e+00
-2.910070898754050894e+00
-2.424298207994408649e+00
-1.899628002483661593e+00
-1.353695154737474038e+00
-8.053620279447124553e-01
-2.741420408133059539e-01
2.204312042785441239e-01
6.594749023817887412e-01
1.025451115936497182e+00
1.302864236732000247e+00
1.478939572922624013e+00
1.544258446862771361e+00
1.493323210202296636e+00
1.325024434430373432e+00
1.042986506266347480e+00
6.557636550317820223e-01
1.768492183080019320e-01
-3.755305566368847270e-01
-9.788596622721253970e-01
-1.607025306303845547e+00
-2.231262264638730120e+00
-2.821336236170772782e+00
-3.346937637303622814e+00
-3.779239445217721372e+00
-4.092554144883487233e+00
-4.266006780538362797e+00
-4.285125069759446959e+00
-4.143235251463302404e+00
-3.842545688909756674e+00
-3.394801113544051230e+00
-2.821400469757580964e+00
-2.152891896830589680e+00
-1.427790111092364089e+00
-6.907040884495901922e-01
1.018485553765247076e-02
6.261953578513659302e-01
1.111607338560890224e+00
1.427291201714955715e+00
1.544232456151018784e+00
1.446643475549719948e+00
1.134340640982243187e+00
6.240801004155720477e-01
-5.040674995322391716e-02
-8.398544481010424834e-01
-1.682442314222948543e+00
-2.508229654007944731e+00
-3.244807177663426856e+00
-3.823763800684614633e+00
-4.187423472823599724e+00
-4.295198242370606323e+00
-4.128851012844066304e+00
-3.695981047552900911e+00
-3.031148047531930345e+00
-2.194238808386273387e+00
-1.265945540558951699e+00
-3.405465501887587898e-01
4.834737104404496222e-01
1.114098331692581212e+00
1.476611405921815390e+00
1.523298920962421032e+00
1.240713679223076404e+00
6.533611941390344846e-01
-1.770013108817485303e-01
-1.156772334848750194e+00
-2.170345755298974222e+00
-3.093480335974817308e+00
-3.808721086867555172e+00
-4.220963183027210519e+00
-4.271044920848907189e+00
-3.945337963597394193e+00
-3.279692879832577734e+00
-2.356771752034395817e+00
-1.296685032509604651e+00
-2.418314946855526504e-01
6.622265065083179358e-01
1.287288222340229549e+00
1.541481651415172127e+00
1.383752183409378222e+00
8.314542446498673911e-01
-4.045017368424863591e-02
-1.108857975786092798e+00
-2.219582207687506692e+00
-3.209673307765013472e+00
-3.931734007711265910e+00
-4.276500382701036607e+00
-4.190070904745420322e+00
-3.682927767257358820e+00
-2.829173050743768236e+00
-1.755922287917883295e+00
-6.243680547872897391e-01
3.946223642389692365e-01
1.146606323410237938e+00
1.517289044127696052e+00
1.450148334544301587e+00
9.551891479647154348e-01
1.074523706626777653e-01
-9.644841734748785811e-01
-2.098205286327039953e+00
-3.122278446795527351e+00
-3.882338251517019501e+00
-4.264416947634985355e+00
-4.211970569701513512e+00
-3.734063291123437267e+00
-2.903561771193619023e+00
-1.845732378979104915e+00
-7.190854506129937818e-01
3.085485406868249125e-01
1.085061872998384302e+00
1.496482625901830232e+00
6.399076157955077448e+00
