-2.961637618477948930e+00
-2.497833559348483501e+00
-2.071698560322071891e+00
-1.700748466332319131e+00
-1.400695162389246295e+00
-1.184717288260729529e+00
-1.062802917461210583e+00
-1.041198297089244829e+00
-1.121994406929078369e+00
-1.302879014713584471e+00
-1.577076112776941041e+00
-1.933487246152344685e+00
-2.357040507815021169e+00
-2.829243204501024955e+00
-3.328923798175283721e+00
-3.833138193728355958e+00
-4.318205322345534114e+00
-4.760827846822914822e+00
-5.139246280033242797e+00
-5.434369422793643878e+00
-5.630821290351873287e+00
-5.717845004456550306e+00
-5.690007741424148335e+00
-5.547657839797944135e+00
-5.297095486977140055e+00
-4.950431719037734268e+00
-4.525126267922068735e+00
-4.043212359822958568e+00
-3.530235014000849603e+00
-3.013947677242040601e+00
-2.522829030047281318e+00
-2.084496363061543622e+00
-1.724102936939067243e+00
-1.462813217721946168e+00
-1.316451033815258853e+00
-1.294411012727110233e+00
-1.398912943562769406e+00
-1.624662173720000435e+00
-1.958957390663660370e+00
-2.382261173280354694e+00
-2.869219909909809907e+00
-3.390089776701947333e+00
-3.912496384063111066e+00
-4.403429478197811164e+00
-4.831352755423995227e+00
-5.168294266061110420e+00
-5.391776588936828318e+00
-5.486449020303655111e+00
-5.445296929313307110e+00
-5.270325995812057407e+00
-4.972650348460601499e+00
-4.571952021236447727e+00
-4.095322337696272186e+00
-3.575540958950882420e+00
-3.048892158715186707e+00
-2.552657022111399776e+00
-2.122451400719812753e+00
-1.789599651945579684e+00
-1.578741129868606929e+00
-1.505858627774761205e+00
-1.576895108255114364e+00
-1.787087884250701197e+00
-2.121099938364789939e+00
-2.553969444606768668e+00
-3.052834927761830297e+00
-3.579329720944937510e+00
-4.092480688978334058e+00
-4.551897753866936291e+00
-4.921007273705901852e+00
-5.170067534318466329e+00
-5.278710922524678217e+00
-5.237785517048410000e+00
-5.050317766248122453e+00
-4.731484637606834909e+00
-4.307563369458186742e+00
-3.813913502963341973e+00
-3.292131972939455586e+00
-2.786600004908053485e+00
-2.340702954989836826e+00
-1.993044533326661982e+00
-1.773990178889734759e+00
-1.702857998036863885e+00
-1.786029528934166777e+00
-2.016179320933995989e+00
-2.372727314206209748e+00
-2.823509049264326887e+00
-3.327545403022342363e+00
-3.838686396264577638e+00
-4.309813221539237738e+00
-4.697218551699865685e+00
-4.964754924328195429e+00
-5.087349160951988303e+00
-5.053528421969689433e+00
-4.866687787641446050e+00
-4.544943531410128301e+00
-4.119550471747138509e+00
-3.632003357871618654e+00
-3.130077165407376683e+00
-2.663175420744031907e+00
-2.277436637869990399e+00
-2.011086871216998695e+00
-1.890515514750476411e+00
-1.927490912517411781e+00
-2.117826396950832191e+00
-2.441665367416365306e+00
-2.865389570161810617e+00
-3.344984473951761572e+00
-3.830537551921964212e+00
-4.271416843165145139e+00
-4.621593358468017776e+00
-4.844542436398974417e+00
-4.917191120246243941e+00
-4.832469604303292421e+00
-4.600166762314398916e+00
-4.245968683542492350e+00
-3.808756279493072938e+00
-3.336431905857285773e+00
-2.880713669441104852e+00
-2.491459835728295769e+00
-2.211149143335945588e+00
-2.070136894932464777e+00
-2.083230153722205102e+00
-2.247985089879519727e+00
-2.544939984103956832e+00
-2.939779298430015064e+00
-3.387202232482263931e+00
-3.836069170002676110e+00
-4.235245479672271607e+00
-4.539472135007312836e+00
-4.714581396910365818e+00
-4.741445049807103018e+00
-4.618184558772268744e+00
-4.360372345184143406e+00
-3.999188135270976385e+00
-3.577736456842893986e+00
-3.145951854470914189e+00
-2.754690350171584257e+00
-2.449707600285165654e+00
-2.266242761459099864e+00
-2.224858919295752191e+00
-2.329043264121824830e+00
-2.564860105088528019e+00
-2.902702312490241354e+00
-3.300931843177841607e+00
-3.710968919003688971e+00
-4.083210907236801468e+00
-4.373058515127636880e+00
-4.546311980942141062e+00
-4.583276043268639910e+00
-4.481070769053040692e+00
-4.253866614123927192e+00
-3.931019106392173779e+00
-3.553339304935432708e+00
-3.167968018287563581e+00
-2.822495417739552259e+00
-2.559061090611735256e+00
-2.409170721719383845e+00
-2.389874094063974219e+00
-2.501776360106676922e+00
-2.729122335982182790e+00
-3.041931346562345428e+00
-3.399901244307038883e+00
-3.757577627154573996e+00
-4.070126374681410475e+00
-4.298974516410789093e+00
-4.416605359629286909e+00
-4.409905851991747561e+00
-4.281652707355248388e+00
-4.049964395296359321e+00
-3.745807518576787842e+00
-3.408894584009178885e+00
-3.082513689405231183e+00
-2.807963124278754385e+00
-2.619308569771291673e+00
-2.539132235275491922e+00
-2.575808783054562401e+00
-2.722640362536593805e+00
-2.958939373463531641e+00
-3.252894777021359207e+00
-3.565828911393213563e+00
-3.857276483402614531e+00
-4.090218063623495937e+00
-4.235789195342466229e+00
-4.276863619436564790e+00
-4.210063929830004881e+00
-4.045963940133619374e+00
-3.807485734380557041e+00
-3.526729058418760943e+00
-3.240670598617450882e+00
-2.986310045035567740e+00
-2.795901308787351436e+00
-2.692884127416321327e+00
-2.689028168385613871e+00
-2.783133802110227872e+00
-2.961424470103450002e+00
-3.199543547520371511e+00
-3.465863390928878296e+00
-3.725652513862263593e+00
-3.945548681304226424e+00
-4.097762205379949840e+00
-4.163485122058974142e+00
-4.135047392992865944e+00
-4.016686476352218982e+00
-3.824085684330592816e+00
-3.582424068484771240e+00
-3.323194539698371308e+00
-3.080190181479938172e+00
-2.885161674164328449e+00
-2.763700814710304154e+00
-2.731885611855337626e+00
-2.794132115495698176e+00
-2.942547363004280658e+00
-3.157885377962205808e+00
-3.411998871167823744e+00
-3.671480791730811877e+00
-3.902028862352436178e+00
-4.072964847091308904e+00
-4.161313030401081470e+00
-4.154893979131789372e+00
-4.054014323190413549e+00
-3.871515324202417396e+00
-3.631158776105139374e+00
-3.364549826483066663e+00
-3.106993091067320023e+00
-2.892824334589532143e+00
-2.750834921035588465e+00
-2.700399421481747275e+00
-2.748828300664937441e+00
-2.890308543769739558e+00
-3.106586080250086201e+00
-3.369312461538036096e+00
-3.643755263631812458e+00
-3.893387067794416900e+00
-4.084746685188981985e+00
-4.191925292769855815e+00
-4.200075470908866571e+00
-4.107467374935843907e+00
-3.925807129570569654e+00
-3.678762910795936314e+00
-3.398883491068052987e+00
-3.123310269460009891e+00
-2.888847856340825082e+00
-2.727047801335840127e+00
-2.659962557024265983e+00
-2.697141357680098217e+00
-2.834277241117423074e+00
-3.053696225107459306e+00
-3.326634544108964864e+00
-3.617010509000306406e+00
-3.886196042821126628e+00
-4.098156455745255222e+00
-4.224274183756191015e+00
-4.247210560523440037e+00
-4.163284587337531484e+00
-3.983042870101929367e+00
-3.729934672432250853e+00
-3.437258564531490812e+00
-3.143778741752147443e+00
-2.888588695465687195e+00
-2.705903296677314884e+00
-2.620473331289842722e+00
-2.644236951701417038e+00
-2.774660582947529264e+00
-2.994998784790360080e+00
-3.276447913837153614e+00
-3.581915983230114175e+00
-3.870914553829214455e+00
-4.104926827933692124e+00
-4.252539829052100373e+00
-4.293656809094931859e+00
-4.222225431556184461e+00
-4.047112284390784964e+00
-3.790999205680776196e+00
-3.487439351052148861e+00
-3.176456047447943298e+00
-2.899262609278076219e+00
-2.692800330638401185e+00
-2.584818737819468470e+00
-2.590153017138977720e+00
-2.708697199460220695e+00
-2.925348660902706399e+00
-3.211939175534316959e+00
-3.530904546200495542e+00
-3.840213633567093776e+00
-4.098909136228153116e+00
-4.272529242498907642e+00
-4.337692534895598584e+00
-4.285236786005761189e+00
-4.121491464510849134e+00
-3.867509057798559802e+00
-3.556349422983009045e+00
-3.228768794580595181e+00
-2.927876770679646690e+00
-2.693462509572208674e+00
-2.556737124317513654e+00
-2.536186621934693797e+00
-2.635085425555690808e+00
-2.841003370492930280e+00
-3.127377539740543888e+00
-3.456948754489209463e+00
-3.786616687731172437e+00
-4.073079821062111527e+00
-4.278521616001503602e+00
-4.375596253764635790e+00
-4.351057334308215729e+00
-4.207549358645273685e+00
-3.963321630331318790e+00
-3.649896039489007649e+00
-3.307988437405405158e+00
-2.982212805024848645e+00
-2.715258040687951180e+00
-2.542297810207114761e+00
-2.486365149527125062e+00
-2.555299016258504974e+00
-2.740665906340405300e+00
-3.018802557840625678e+00
-3.353849173665282013e+00
-3.702382595981804414e+00
-4.019049402170359109e+00
-4.262467337133950984e+00
-4.400627078436685657e+00
-4.415089887984754213e+00
-4.303432055940934475e+00
-4.079614054802385148e+00
-3.772221527971891586e+00
-3.420801674553976657e+00
-3.070766347095020166e+00
-2.767520054829150311e+00
-2.550572762006617200e+00
-2.448400637935079782e+00
-2.474722264809859684e+00
-2.626675575041988342e+00
-2.885135522780879480e+00
-3.217135907530696670e+00
-3.580086626512207104e+00
-3.927245125424001948e+00
-4.213738007295888544e+00
-4.402356701732518474e+00
-4.468379127261096428e+00
-4.402793816249769066e+00
-4.213507988592916753e+00
-3.924380161896241948e+00
-3.572197717866708366e+00
-3.201984394643068832e+00
-2.861237909662043499e+00
-2.593836158860060692e+00
-2.434393913677541654e+00
-2.403795055393048052e+00
-2.506475439853987464e+00
-2.729807703223426252e+00
-3.045670385729565055e+00
-3.414004119351643052e+00
-3.787903099575437693e+00
-4.119593207410997771e+00
-4.366534133736982071e+00
-4.496866244344888131e+00
-4.493505817224241028e+00
-4.356364083471570225e+00
-4.102404273183458905e+00
-3.763526148889167366e+00
-3.382544215221626960e+00
-3.007768687794680318e+00
-2.686876486010804310e+00
-2.460850344706037252e+00
-2.358756106815663500e+00
-2.394022425336685966e+00
-2.562696947301030370e+00
-2.843902741002567680e+00
-3.202440028612600020e+00
-3.593206529637455127e+00
-3.966879315572581000e+00
-4.276141155422420681e+00
-4.481665074994331199e+00
-4.557100950962172270e+00
-4.492433539584876456e+00
-4.295286474714590241e+00
-3.990005519114013577e+00
-3.614634053056913210e+00
-3.216159180451366950e+00
-2.844624528743950886e+00
-2.546848477245804876e+00
-2.360536317562782926e+00
-2.309525586253041496e+00
-2.400761822272166945e+00
-2.623385226387878966e+00
-2.950044417652647244e+00
-3.340274870328445278e+00
-3.745521568975491711e+00
-4.115180175111467165e+00
-4.402904101482474353e+00
-4.572392019278384900e+00
-4.601935365815522871e+00
-4.487160025445655620e+00
-4.241621030153345018e+00
-3.895175710907690103e+00
-3.490335960180876107e+00
-3.077049941681802014e+00
-2.706556845817569723e+00
-2.425071448278774078e+00
-2.268074673694633780e+00
-2.255911873356112096e+00
-2.391268723437749433e+00
-2.658719364526730189e+00
-3.026405997815973414e+00
-3.449792620399867005e+00
-3.877024070340980177e+00
-4.255246499780272806e+00
-4.537120229964902052e+00
-4.686722601992418191e+00
-4.684104423995004041e+00
-4.527921906297729393e+00
-4.235797898450582188e+00
-3.842343707025013266e+00
-3.395061712490656358e+00
-2.948613585599529241e+00
-2.558146001246159429e+00
-2.272489098636325977e+00
-2.128066473947420878e+00
-2.144275422448215451e+00
-2.320921512987237811e+00
-2.638043221286222817e+00
-3.058170404900145911e+00
-3.530760623638383056e+00
-3.998286668797371934e+00
-4.403240790380870351e+00
-4.695202106139245934e+00
-4.837098848017280517e+00
-4.809889012694518406e+00
-4.615071061733489799e+00
-4.274698088127635742e+00
-3.828872653456111053e+00
-3.331008273808690578e+00
-2.841419433690750562e+00
-2.420010991191619887e+00
-2.118953872840710240e+00
-1.976242254280562882e+00
-2.010926304446906787e+00
-2.220615735434836147e+00
-2.581576556076346840e+00
-3.051429449631826607e+00
-3.574141152934990018e+00
-4.086718743608949822e+00
-4.526805341234132030e+00
-4.840260532749852018e+00
-4.987804395890649722e+00
-4.949911469777654283e+00
-4.729347964269799753e+00
-4.351027323677290504e+00
-3.859182175488189870e+00
-3.312175768945519128e+00
-2.775563868701367731e+00
-2.314233670442650492e+00
-1.984563191439180363e+00
-1.827548124330537593e+00
-1.863732327774479058e+00
-2.090565770388461253e+00
-2.482524963293488263e+00
-2.994000154831510052e+00
-3.564620467086239142e+00
-4.126392822395816395e+00
-4.611808654083066727e+00
-4.961951042113754262e+00
-5.133629113583763726e+00
-5.104677532621877845e+00
-4.876773893921489744e+00
-4.475420522377625332e+00
-3.947074729947404936e+00
-3.353752763629700873e+00
-2.765736680898504662e+00
-2.253243690432277013e+00
-1.878046250312105370e+00
-1.686042605344609369e+00
-1.701669606082535813e+00
-1.924834938983936983e+00
-2.330749451482889256e+00
-2.872697047245013291e+00
-3.487430317085898235e+00
-4.102566190078199782e+00
-4.645114898784560076e+00
-5.050136380914992174e+00
-5.268497822542585141e+00
-5.272807284224974467e+00
-5.060809720878535423e+00
-4.655828596550303011e+00
-4.104183882168788600e+00
-3.469874568020485661e+00
-2.827138695336766538e+00
-2.251757787317310466e+00
-1.812125177745299798e+00
-1.561130693011286708e+00
-1.529823100281233028e+00
-1.723606959350903356e+00
-2.121435712758628522e+00
-2.678112399423404622e+00
-3.329444319136793506e+00
-3.999661191080887690e+00
-4.610237528971553367e+00
-5.089090924199572541e+00
-5.379078891839360388e+00
-5.444794078296730788e+00
-5.276852360479844961e+00
-4.893158284518683843e+00
-4.336983781171758423e+00
-3.672068232072009053e+00
-2.975297286533860497e+00
-2.327803422873755412e+00
-1.805519518487148867e+00
-1.470285314403786625e+00
-1.362547207618446166e+00
-1.496510768012988990e+00
-1.858323438945730155e+00
-2.407514540347791332e+00
-3.081541508082640490e+00
-3.802929188396720228e+00
-4.488185133660404169e+00
-5.057463738085521854e+00
-5.443860440674314738e+00
-5.601255149778167741e+00
-5.509787550131795442e+00
-5.178317502634542713e+00
-4.643570340804752838e+00
-3.966049607294115376e+00
-3.223174460296370558e+00
-2.500422219126462675e+00
-1.881490742864472043e+00
-1.438613160987917361e+00
-1.224144886979219748e+00
-1.264400853061829810e+00
-1.556465455458582836e+00
-2.068357880557589290e+00
-2.742550193329786445e+00
-3.502449065619107849e+00
-4.261108829272948206e+00
-4.931183327978869713e+00
-5.434977050279231392e+00
-5.713439558985008659e+00
-5.733063638085216240e+00
-5.489883943081201423e+00
-5.010102531503100032e+00
-4.347252948782266202e+00
-3.576211523814624815e+00
-2.784727685541599218e+00
-2.063432680091837668e+00
-1.495464812924614417e+00
-1.146898388883474951e+00
-1.059076786727372266e+00
-1.243737017206817619e+00
-1.681497595001109957e+00
-2.323899316900397416e+00
-3.098783038019869984e+00
-3.918406033537540800e+00
-4.689382810733979667e+00
-5.323323589144497880e+00
-5.746958931507384349e+00
-5.910592002284429824e+00
-5.793905259778981076e+00
-5.408445685741023468e+00
-4.796488312031174317e+00
-4.026389347901313975e+00
-3.184940897544499716e+00
-2.367583395016565895e+00
-1.667580043018686231e+00
-1.165381064699878788e+00
-9.193898754086080594e-01
-9.591895475348457545e-01
-1.282013074205802905e+00
-1.852875677302952218e+00
-2.608372894169324496e+00
-3.463731324042541804e+00
-4.322327088120051286e+00
-5.086602706455050971e+00
-5.669148913002851842e+00
-6.002693101539344767e+00
-6.047854064797105522e+00
-5.797770707995320905e+00
-5.279062923460936751e+00
-4.548996494865676254e+00
-3.689154108904920015e+00
-2.796312560397936409e+00
-1.971546750608069942e+00
-1.308787388480362246e+00
-8.841274811246582210e-01
-7.470943605080448968e-01
-9.148873191940105620e-01
-1.370249810632611531e+00
-2.063236575317677346e+00
-2.916695897877000121e+00
-3.834865188483507659e+00
-4.714122105409180641e+00
-5.454684141265514263e+00
-5.971935754945585373e+00
-6.206097329406236263e+00
-6.129131260989392871e+00
-5.748087612401352686e+00
-5.104490894399997813e+00
-4.269815999032408271e+00
-3.337544814979114260e+00
-2.412685394980934817e+00
-1.599928227062534569e+00
-9.917754799332705318e-01
-6.579864586962282935e-01
-6.375205553199991826e-01
-9.339971804669509048e-01
-1.515181399691048814e+00
-2.316516265867421875e+00
-3.248322645306317202e+00
-4.205860417422744746e+00
-5.081120084670963877e+00
-5.775016331428323824e+00
-6.208607128405537523e+00
-6.332069188669992243e+00
-6.130411090957320397e+00
-5.625271205437293531e+00
-4.872587679904972546e+00
-3.956392736423391288e+00
-2.979421071503426166e+00
-2.051582921758696720e+00
-1.277595571267275076e+00
-7.451651033588069239e-01
-5.150516858564619938e-01
-6.141428635008057135e-01
-1.032323379252673590e+00
-1.723504479686322810e+00
-2.610708169631298148e+00
-3.594644985865249165e+00
-4.564829008488828777e+00
-5.411985612932677547e+00
-6.040358586852619283e+00
-6.378530799551799468e+00
-6.387536164233150515e+00
-6.065342172657848252e+00
-5.447188236624288749e+00
-4.601730038685828639e+00
-3.623411918481658667e+00
-2.621914937764513454e+00
-1.709859672830676303e+00
-9.901424446975379823e-01
-5.443288010848514880e-01
-4.234131189891394698e-01
-6.419906971636932802e-01
-1.176507777098590335e+00
-1.967798089582184717e+00
-2.927632943995474690e+00
-3.948559652597031455e+00
-4.915931152242392521e+00
-5.720780101643271109e+00
-6.272091901975839434e+00
-6.507094547739777468e+00
-6.398402282188647483e+00
-5.957200510946437433e+00
-5.232102278798039130e+00
-4.303792302958084015e+00
-3.276048590782838055e+00
-2.264140717112456791e+00
-1.381901718472627216e+00
-7.289234680357123963e-01
-3.793157197831464877e-01
-3.732973745264827059e-01
-7.125737565078820168e-01
-1.360030774485871508e+00
-2.243793011817469374e+00
-3.265202266363364192e+00
-4.309830972091175383e+00
-5.260301123050945549e+00
-6.009472725620454980e+00
-6.472520052111867983e+00
-6.596534670241494425e+00
-6.366568294385395177e+00
-5.807425581809058102e+00
-4.980992799102979873e+00
-3.979389550102217399e+00
-2.914701207187067489e+00
-1.906436342801566042e+00
-1.068112601682146057e+00
-4.944765773235073603e-01
-2.507964147296544155e-01
-3.654370716233192873e-01
-8.265626754450439151e-01
-1.583348900531311276e+00
-2.551582360941160310e+00
-3.623030418090371629e+00
-4.677539069310080677e+00
-5.596506779735173076e+00
-6.276223421097025579e+00
-6.639574178805998983e+00
-6.644787684275200945e+00
-6.290236054874244864e+00
-5.614735496721828589e+00
-4.693300399980337545e+00
-3.628814921856171161e+00
-2.540546465712083091e+00
-1.550783305178243143e+00
-7.710933270412225760e-01
-2.897479036623180626e-01
-1.617284640519187633e-01
-4.024471114748231493e-01
-9.858983416679105716e-01
-1.847462753801914159e+00
-2.891061166066706711e+00
-3.999867426160280459e+00
-5.049385658994975934e+00
-5.921428252801221426e+00
-6.517425251775419426e+00
-6.769566370049918014e+00
-6.648516162700200738e+00
-6.166824575195212432e+00
-5.377636641721045052e+00
-4.368832653135364730e+00
-3.253244467811777785e+00
-2.156036899413583896e+00
-1.200665212032747231e+00
-4.949840899309090325e-01
-1.190710663007927828e-01
-1.161391548079269143e-01
-4.875699765329075674e-01
-1.192638183890240455e+00
-2.152971905481237513e+00
-3.261261259712140870e+00
-4.393247619716627916e+00
-5.421654350845432901e+00
-6.230497357683164594e+00
-6.728166441411982390e+00
-6.857802032595232689e+00
-6.603791843713478826e+00
-5.993645124767413179e+00
-5.095020163377180999e+00
-4.008225415868787778e+00
-2.855024965057189501e+00
-1.764997340657568747e+00
-8.609757522685486109e-01
-2.452056525213990312e-01
1.222038477250819710e-02
-1.186577752780508810e-01
-6.241823412992890674e-01
-1.448491509497408902e+00
-2.499687808232501585e+00
-3.660080292763519871e+00
-4.799359427191673078e+00
-5.789230011272850973e+00
-6.517859057177316728e+00
-6.902511554571202801e+00
-6.898946328475918932e+00
-6.506504805650489942e+00
-5.768307340861928978e+00
-4.766520922059130250e+00
-3.613216935809355324e+00
-2.437835766321968300e+00
-1.372660062046909601e+00
-5.379268315232508257e-01
-2.825394257836766343e-02
9.808656414375338528e-02
-1.741678868521630008e-01
-8.154319564655270192e-01
-1.754479995689298022e+00
-2.886352826098443458e+00
-4.084086479938132008e+00
-5.212952606455606208e+00
-6.145613512831764602e+00
-6.776487148254011217e+00
-7.033701420708116991e+00
-6.887284155168762467e+00
-6.352655228149077793e+00
-5.489014052626915330e+00
-4.392789612340099126e+00
-3.186877110572860161e+00
-2.006862200007330621e+00
-9.857767133818149397e-01
-2.390997692348029169e-01
1.483045873428188166e-01
1.318354459729285111e-01
-2.877083743197865751e-01
-1.064094976684665017e+00
-2.110747479369121216e+00
-3.310394422951072446e+00
-4.528207380552908390e+00
-5.626954371373723340e+00
-6.482466126473523715e+00
-6.997672045953283515e+00
-7.113618930129167239e+00
-6.816221239574504764e+00
-6.137969430019449391e+00
-5.154389366109564108e+00
-3.975637325494500995e+00
-2.734165020315506123e+00
-1.569835226864141786e+00
-6.141603710687419948e-01
2.455963295870322582e-02
2.735201756960994324e-01
1.037213619933528008e-01
-4.666456247219121778e-01
-1.374131891625260504e+00
-2.517081078379584724e+00
-3.767015005446705533e+00
-4.983080989117632420e+00
-6.027937023123164373e+00
-6.783283216459867759e+00
-7.163281937918609898e+00
-7.124341965185308823e+00
-6.670148040220571062e+00
-5.851351405768744129e+00
-4.759943182907376169e+00
-3.518906174101069873e+00
-2.268267227428236499e+00
-1.149251609447844658e+00
-2.883115757919592070e-01
2.171766542644775200e-01
3.099308106717932887e-01
-2.074941806797614419e-02
-7.377569263324001980e-01
-1.760352402355098711e+00
-2.973268490860816460e+00
-4.239714806429294214e+00
-5.416815476494559078e+00
-6.371736435705683377e+00
-6.996681908327195387e+00
-7.221067142205709999e+00
-7.019493083515524035e+00
-6.414622363592849652e+00
-5.474631284381463736e+00
-4.305524551790281151e+00
-3.039179280500816649e+00
-1.818466874500774155e+00
-7.811313759144664637e-01
-4.424351451605623708e-02
3.090149251594467295e-01
2.387444297997003417e-01
-2.471621570254391997e-01
-1.093902833997215218e+00
-2.205944379863669980e+00
-3.457798854560616419e+00
-4.708183269942775695e+00
-5.815964853924523226e+00
-6.656092365682944489e+00
-7.133715026386458824e+00
-7.194894753640037166e+00
-6.832701556183598868e+00
-6.088002852495520756e+00
-5.044856362927228943e+00
-3.821025502306844679e+00
-2.554687080006954325e+00
-1.388831373723873330e+00
-4.551156520261585570e-01
1.410055588426888384e-01
3.321938381151161579e-01
9.683765018467838104e-02
-5.385001015083097364e-01
-1.502075445024098954e+00
-2.685060825604877799e+00
-3.953833227614455659e+00
-5.165065781264407185e+00
-6.181918578725947633e+00
-6.889499738029788212e+00
-7.207849667603216659e+00
-7.100980825223617288e+00
-6.580950546379378707e+00
-5.706505487063938453e+00
-4.576449537566213088e+00
-3.318483425970219614e+00
-2.074776236521488126e+00
-9.858988162788948628e-01
-1.749346844101071774e-01
2.664354654207206075e-01
2.883021428246568263e-01
-1.118246835085074942e-01
-8.887271777455896249e-01
-1.954585012528472276e+00
-3.188898625170080603e+00
-4.452109516172079395e+00
-5.601378365871154230e+00
-6.506737271271346046e+00
-7.065789560663682245e+00
-7.215294355297519502e+00
-6.938324882822482387e+00
-6.266189787937838318e+00
-5.274898808772089609e+00
-4.076571250773533883e+00
-2.806757899273051748e+00
-1.609109615684711780e+00
-6.191264793930040256e-01
5.117411005650218669e-02
3.259353772691171436e-01
1.740499461210003318e-01
-3.873134789151051471e-01
-1.294645893939912806e+00
-2.445278538729684037e+00
-3.708996850785332811e+00
-4.942774448365369722e+00
-6.006960210299609138e+00
-6.781086531242696225e+00
-7.177509156747528429e+00
-7.151333936320890317e+00
-6.705505727890665568e+00
-5.890482075874473367e+00
-4.798527242119932090e+00
-3.553271316381453548e+00
-2.295715492054447360e+00
-1.168267395705740341e+00
-2.986139344184679523e-01
2.147419210637018239e-01
3.136418976363182232e-01
-1.313424118595740708e-02
-7.285907741237522828e-01
-1.751699626931391585e+00
-2.966572956402416583e+00
-4.235586824481944568e+00
-5.414970115837913767e+00
-6.371093081863548946e+00
-6.995610079965269179e+00
-7.217740345476268971e+00
-7.012294422180929132e+00
-6.402535573128643520e+00
-5.457550570306848314e+00
-4.284426451772695543e+00
-3.016118632612738271e+00
-1.796384408393366661e+00
-7.634889642282916000e-01
-3.453067746873417221e-02
3.078371370448071964e-01
2.247820345271129838e-01
-2.742982131793341161e-01
-1.132833952673653499e+00
-2.253491056505342982e+00
-3.509202190256790033e+00
-4.757572144746172071e+00
-5.857024405352390772e+00
-6.682858145097196001e+00
-7.141394423183582418e+00
-7.180606543767851235e+00
-6.796027845379402521e+00
-6.031265540712887230e+00
-4.973060933849311027e+00
-3.741455040453109948e+00
-2.476174133665722810e+00
-1.320778979946722220e+00
-4.063757572347359570e-01
1.632630585139609458e-01
3.234789850726134119e-01
5.607130333157828161e-02
-6.086302972939701128e-01
-1.595200791646510075e+00
-2.791674125395980255e+00
-4.062247062990040902e+00
-5.262691542180535365e+00
-6.256726577210368845e+00
-6.931491274924065138e+00
-7.210362007531383455e+00
-7.061657788145835113e+00
-6.502244325635247790e+00
-5.595626198092809034e+00
-4.444742379854223380e+00
-3.180281936560829692e+00
-1.945845734369400448e+00
-8.816386402935387778e-01
-1.085441239632074506e-01
2.856096913379619906e-01
2.560318571963726697e-01
-1.939366023198187960e-01
-1.013194985334361586e+00
-2.108681407312154477e+00
-3.355940072218378312e+00
-4.613257838498700636e+00
-5.737764643448368673e+00
-6.601668684022143907e+00
-7.106781370387068364e+00
-7.195680861961686325e+00
-6.858244526082406978e+00
-6.132806639710099539e+00
-5.101808358161339818e+00
-3.882433016274982496e+00
-2.613290045061266831e+00
-1.438660332031437061e+00
-4.920935662858374471e-01
1.187776567963823027e-01
3.244799672649292255e-01
1.016047826187316261e-01
-5.245228026049435499e-01
-1.482716658648339347e+00
-2.664018521527697025e+00
-3.934084515007204796e+00
-5.148461559303513013e+00
-6.169016782269306276e+00
-6.879651353001754899e+00
-7.199510979973343439e+00
-7.092189549870870025e+00
-6.569877776816571924e+00
-5.691983543007687274e+00
-4.558379487563406052e+00
-3.298044804394436369e+00
-2.054392560665277756e+00
-9.689514373149150650e-01
-1.652585888057203078e-01
2.652031318396028681e-01
2.734224535056246630e-01
-1.415552072328138955e-01
-9.325118149428908154e-01
-2.009424564557256154e+00
-3.249707833406016544e+00
-4.512164458961516189e+00
-5.653058879124506220e+00
-3.444557439475050664e+00
