3.910969208959944043e-01
3.978961430153358236e-01
4.043269052308692824e-01
4.102245125239023515e-01
4.154393131139008100e-01
4.198403785034066082e-01
4.233186481821084590e-01
4.257894690277173044e-01
4.271944765939125199e-01
4.275027834508726698e-01
4.267114580511946476e-01
4.248452957563543242e-01
4.219559012246822394e-01
4.181201179152989056e-01
4.134378556322873544e-01
4.080293804998407770e-01
4.020321432592650068e-01
3.955972311097772920e-01
3.888855353361201361e-01
3.820637315979883986e-01
3.753001719802609437e-01
3.687607877573816362e-01
3.626050994013398920e-01
3.569824257998074346e-01
3.520283781302068205e-01
3.478617155732187660e-01
3.445816302902529049e-01
3.422655180997030699e-01
3.409672793465717278e-01
3.407161818567005507e-01
3.415163048885407338e-01
3.433465699248966496e-01
3.461613512562511374e-01
3.498916468522341727e-01
3.544467782347071605e-01
3.597165771676322787e-01
3.655740071521772494e-01
3.718781591192151237e-01
3.784775534751556592e-01
3.852136748807963862e-01
3.919246618968216800e-01
3.984490709548473286e-01
4.046296330226700766e-01
4.103169218132983742e-01
4.153728544014237412e-01
4.196739485976271888e-01
4.231142663088365841e-01
4.256079782843371628e-01
4.270914929952922545e-01
4.275251007941839321e-01
4.268940938096495441e-01
4.252093321036374274e-01
4.225072372963181166e-01
4.188492059890716601e-01
4.143204467225901078e-01
4.090282557285920828e-01
4.030997582012898484e-01
3.966791530594147575e-01
3.899245100222561988e-01
3.830041781153983305e-01
3.760928742863843266e-01
3.693675294816093357e-01
3.630029771495176805e-01
3.571675755302321509e-01
3.520188665008690543e-01
3.476993735798916685e-01
3.443325835446783834e-01
3.420192415414755049e-01
3.408340774743713331e-01
3.408230688215763138e-01
3.420013391757452670e-01
3.443517827914033269e-01
3.478244931211444957e-01
3.523370576948257060e-01
3.577757628066073892e-01
3.639977295039144578e-01
3.708339776288366862e-01
3.780933875916385190e-01
3.855675007449572700e-01
3.930360694044440217e-01
4.002732375911253748e-01
4.070542044398438031e-01
4.131621950175397018e-01
4.183955391920131106e-01
4.225746393947908408e-01
4.255485938385725753e-01
4.272012341380352907e-01
4.274563363948625239e-01
4.262817735314354262e-01
4.236923946541532038e-01
4.197514448708498103e-01
4.145703763058498081e-01
4.083069476828836142e-01
4.011615649749936674e-01
3.933718779822953371e-01
3.852057155508734065e-01
3.769525132869049888e-01
3.689134594238288600e-01
3.613906539816941210e-01
3.546756402623341686e-01
3.490377226464044247e-01
3.447125271858090256e-01
3.418912883627210908e-01
3.407113536991334124e-01
3.412483852642145266e-01
3.435107018780908517e-01
3.474361471899032328e-01
3.528917871158157582e-01
3.596766368443338191e-01
3.675274954981877507e-01
3.761278296094314744e-01
3.851195000705767701e-01
3.941169775236521566e-01
4.027235454889480648e-01
4.105488567706603864e-01
4.172270949085558622e-01
4.224349065960948946e-01
4.259082203310535220e-01
4.274570572373162514e-01
4.269774764961318247e-01
4.244598825630909178e-01
4.199930542586450821e-01
4.137634340794275611e-01
4.060494339483697868e-01
3.972107624691588179e-01
3.876730472396992533e-01
3.779083002662588231e-01
3.684120396404699793e-01
3.596781200788362054e-01
3.521725223317878628e-01
3.463074915000925458e-01
3.424174836885566786e-01
3.407383690720212077e-01
3.413912413699582982e-01
3.443719978864961395e-01
3.495475851361863895e-01
3.566594628520516341e-01
3.653344396928861482e-01
3.751025981574319101e-01
3.854215791572461747e-01
3.957060663139277401e-01
4.053609254216781199e-01
4.138161440167867355e-01
4.205615052224410677e-01
4.251788397994625823e-01
4.273697447787896952e-01
4.269768421116412194e-01
4.239969730741600107e-01
4.185851705264161948e-01
4.110487987549411582e-01
4.018318680311204760e-01
3.914901796560710800e-01
3.806585938654988288e-01
3.700122923882763759e-01
3.602243858828059753e-01
3.519225546251552594e-01
3.456475703252769316e-01
3.418165609998202736e-01
3.406936504559571754e-01
3.423701125603764717e-01
3.467556135944842022e-01
3.535814006530628162e-01
3.624154942784000855e-01
3.726891163987248734e-01
3.837327885172080455e-01
3.948198279403973832e-01
4.052144048851705760e-01
4.142209449688594169e-01
4.212315018700696911e-01
4.257678007067771664e-01
4.275149639632327969e-01
4.263444614115090570e-01
4.223245398339615653e-01
4.157172396116985413e-01
4.069620345405090545e-01
3.966470728516582889e-01
3.854698835348580599e-01
3.741901777803089968e-01
3.635779635615163929e-01
3.543605571169552437e-01
3.471721890842887071e-01
3.425097540923970341e-01
3.406978486469334766e-01
3.418656098331853133e-01
3.459370503549530351e-01
3.526356412717734368e-01
3.615028897762784799e-01
3.719296675924815276e-01
3.831981377318802173e-01
3.945313693132546096e-01
4.051471771799587951e-01
4.143124156232584898e-01
4.213939163538918398e-01
4.259024931953096504e-01
4.275269233165923111e-01
4.261555221884316125e-01
4.218838059174483401e-01
4.150077171148747746e-01
4.060029083901006142e-01
3.954915579960566197e-01
3.841990651505151066e-01
3.729036762391916282e-01
3.623825781107692934e-01
3.533582276484168450e-01
3.464486527000237848e-01
3.421251624644181533e-01
3.406803685219914613e-01
3.422086807510084649e-01
3.466005591515705642e-01
3.535508367388747741e-01
3.625804489853661772e-01
3.730699808077275192e-01
3.843026371009086173e-01
3.955136123659920844e-01
4.059424210876208527e-01
4.148845794090234573e-01
4.217391091336388231e-01
4.260486582061463467e-01
4.275295718271246437e-01
4.260899647566773751e-01
4.218346860789033426e-01
4.150569729025589405e-01
4.062174959170852806e-01
3.959123452151493971e-01
3.848322324941177430e-01
3.737157480004125176e-01
3.632998720002446058e-01
3.542710802113802626e-01
3.472202951369198765e-01
3.426046307974041083e-01
3.407183816622926797e-01
3.416750548096761930e-01
3.454014843066999241e-01
3.516442515384550771e-01
3.599878202335519695e-01
3.698830344237410417e-01
3.806839707781661253e-01
3.916906248087749787e-01
4.021945738558356798e-01
4.115246166629406566e-01
4.190894446431733256e-01
4.244146453524628160e-01
4.271717537083327132e-01
4.271976200748122121e-01
4.245030172487555542e-01
4.192701160333383026e-01
4.118391745797105874e-01
4.026854639493070431e-01
3.923880491089958844e-01
3.815925249202742897e-01
3.700037478398102708e-01
3.594889315400243701e-01
3.505058462558983678e-01
3.435976643590843982e-01
3.391759866038031590e-01
3.374972644661023979e-01
3.386490571644256153e-01
3.425467765240735041e-01
3.489409175801420626e-01
3.574341346620769078e-01
3.675069402751645065e-01
3.785503112979488605e-01
3.899031111398354454e-01
4.008919967904372994e-01
4.108713864546562067e-01
4.192611177976584558e-01
4.255796208767314570e-01
4.294707476461211426e-01
4.307228186736144493e-01
4.292789393803476128e-01
4.252381713536972363e-01
4.188476864009046396e-01
4.104865499827592967e-01
4.006422469934892150e-01
3.898814511976864683e-01
3.788168301381589775e-01
3.680718565437748890e-01
3.582456586785257024e-01
3.498798861876329935e-01
3.434294020173832007e-01
3.392383481190359706e-01
3.375227910932692144e-01
3.383607556334243815e-01
3.416900228646806426e-01
3.473136325992295381e-01
3.549126076948972974e-01
3.640650377401714044e-01
3.742703377024372280e-01
3.849772504193351708e-01
3.956140006031274581e-01
4.056189379708692311e-01
4.144700286258942712e-01
4.217116623384322693e-01
4.269774298418637648e-01
4.300077758060419919e-01
4.306617339615815832e-01
4.289222831650733592e-01
4.248952083347238839e-01
4.188016895881225832e-01
4.109651591134213522e-01
4.017932428004938328e-01
3.917558296309711086e-01
3.813604766810109736e-01
3.711264553018646661e-01
3.615587722925237557e-01
3.531234599956819542e-01
3.462253259656759008e-01
3.411891939028895981e-01
3.382454631080146212e-01
3.375205757869706447e-01
3.390327232663283841e-01
3.426928571070195217e-01
3.483108124973514075e-01
3.556061115068920309e-01
3.642228036461363505e-01
3.737475296142748760e-01
3.837298677592835272e-01
3.937039457646384633e-01
4.032102739987976636e-01
4.118167808963762444e-01
4.191381014315577747e-01
4.248522818873462503e-01
4.287142107149287673e-01
4.305652580342986813e-01
4.303387961478688517e-01
4.280614708677271674e-01
4.238502891447991083e-01
4.179057736174868198e-01
4.105016013615561676e-01
4.019712856390329492e-01
3.926925705912091558e-01
3.830702859995555598e-01
3.735184505438978175e-01
3.644424172037026288e-01
3.562218249666009307e-01
3.491950596757205649e-01
3.436458377628561212e-01
3.397924148785262943e-01
3.377797928668065386e-01
3.376751593967626808e-01
3.394666512427709781e-01
3.430653909452641148e-01
3.483106132170488700e-01
3.549775771916356404e-01
3.627878578249658648e-01
3.714215278906515816e-01
3.805306834357696788e-01
3.897537315884487263e-01
3.987298504515388586e-01
4.071130456754341598e-01
4.145852654415688732e-01
4.208680924621560626e-01
4.257326050090599612e-01
4.290070852326297590e-01
4.305823481136746844e-01
4.304145641669885336e-01
4.285255493790451897e-01
4.250005929089440415e-01
4.199839832431185860e-01
4.136724736621086862e-01
4.063069954956673446e-01
3.981629807726942971e-01
3.895396932331602335e-01
3.807489876440711685e-01
3.721039219837063983e-01
3.639076359697960839e-01
3.564428837977726139e-01
3.499625704850489183e-01
3.446815919265071027e-01
3.407702209767071722e-01
3.383492180861720211e-01
3.374867778094549076e-01
3.381973544266229093e-01
3.404423434194415732e-01
3.441325328674084694e-01
3.491321819632058343e-01
3.552645344621197521e-01
3.623185342898190275e-01
3.700564796721858007e-01
3.782223315657844420e-01
3.865503820209599817e-01
3.947739881998454936e-01
4.026340875623077853e-01
4.098872283924293591e-01
4.163128762866324939e-01
4.217197901859074394e-01
4.259512995920140543e-01
4.288893562595496589e-01
4.304572773716350831e-01
4.306211414786925151e-01
4.293898418703864794e-01
4.268138432361364143e-01
4.229827252743083021e-01
4.180216303354695184e-01
4.120867604295079811e-01
4.053600913982295939e-01
3.980434883774700561e-01
3.903524166814381080e-01
3.825094459765680521e-01
3.747377433010453673e-01
3.672547425278707145e-01
3.602661648080337509e-01
3.539605470306226853e-01
3.485044141545782792e-01
3.440382072215361076e-01
3.406730528041292394e-01
3.384884324392963828e-01
3.375307830822629751e-01
3.378130325919826982e-01
3.393150484579390835e-01
3.419849540560871981e-01
3.457412452395735025e-01
3.504756214855057617e-01
3.560564304809099023e-01
3.623326131757207413e-01
3.691380280839916539e-01
3.762960289955044613e-01
3.836241691875248994e-01
3.909389075287409421e-01
3.980601972924198151e-01
4.048158467241578240e-01
4.110455510673434731e-01
4.166045084224493933e-01
4.213665460636233928e-01
4.252266992037052606e-01
4.281032002328504227e-01
4.299388527138485738e-01
4.307017804792032112e-01
4.303855576528436977e-01
4.290087399643754407e-01
4.266138310329833372e-01
4.232657291186145421e-01
4.190497099699764805e-01
4.140690096964863565e-01
4.084420779630216769e-01
4.022995762129898401e-01
3.957811980773824345e-01
3.890323896817675098e-01
3.822010463172742512e-01
3.754342590294615922e-01
3.688751802646387246e-01
3.626600719848960264e-01
3.569155928271639522e-01
3.517563731561881846e-01
3.472829184705064631e-01
3.435798727888550452e-01
3.407146645915327121e-01
3.387365488273134662e-01
3.376760496181237525e-01
3.375447997805010591e-01
3.383357652946515914e-01
3.400238355266876900e-01
3.425667534619348253e-01
3.459063545275242180e-01
3.499700778369173038e-01
3.546727099196734234e-01
3.599183182255566438e-01
3.656023299101466839e-01
3.716137105962642462e-01
3.778371979204409592e-01
3.841555456589618722e-01
3.904517360125599468e-01
3.966111201303993972e-01
4.025234500815976779e-01
4.080847691388290732e-01
4.131991313226681672e-01
4.177801255645319789e-01
4.217521844785185325e-01
4.250516624886400141e-01
4.276276728429229124e-01
4.294426777702526343e-01
4.304728306176393571e-01
4.307080731706957599e-01
4.301519954435621962e-01
4.288214689706730809e-01
4.267460679959036440e-01
4.239672958989342821e-01
4.205376366981223857e-01
4.165194535073878379e-01
4.119837573942945474e-01
4.070088711890200717e-01
4.016790134384990441e-01
3.960828279030585430e-01
3.903118837772528993e-01
3.844591712103677117e-01
3.786176157382148966e-01
3.728786339526591886e-01
3.673307511681905280e-01
3.620583000367769699e-01
3.571402170555547650e-01
3.526489517490263292e-01
3.486495010304968001e-01
3.451985788974814562e-01
3.423439292321486804e-01
3.401237870976849820e-01
3.385664915795383312e-01
3.376902509483898362e-01
3.375030587481215316e-01
3.380027573620128512e-01
3.391772437056577716e-01
3.257908757830496604e-01
3.291054345690058724e-01
3.332085637044274185e-01
3.380363137263220352e-01
3.435151505027633778e-01
3.495631208764818920e-01
3.560911082243529147e-01
3.630041591117509348e-01
3.702028619689867184e-01
3.775847587118102977e-01
3.850457704555486638e-01
3.924816189169942904e-01
3.997892257424096041e-01
4.068680728252767054e-01
4.136215076640527566e-01
4.199579789382225647e-01
4.257921887298339869e-01
4.310461491670956047e-01
4.356501326965717680e-01
4.395435066811851921e-01
4.426754445540895810e-01
4.450055073153678653e-01
4.465040907226097699e-01
4.471527350820755919e-01
4.469442960797955222e-01
4.458829765885460872e-01
4.439842208353476094e-01
4.412744785187505125e-01
4.377908629901560711e-01
4.335806876177408786e-01
4.287008737350236354e-01
4.232172359713053389e-01
4.172036513656702805e-01
4.107411202684627116e-01
4.039167286331373230e-01
3.968225228698620821e-01
3.895543099407797749e-01
3.822103967947896863e-01
3.748902845350362001e-01
3.676933338530734008e-01
3.607174192180868655e-01
3.540575900471748527e-01
3.478047575752055698e-01
3.420444263643812599e-01
3.368554893228595803e-01
3.323091047210712801e-01
3.284676729919930871e-01
3.253839300715753446e-01
3.231001726786242867e-01
3.216476292574400042e-01
3.210459883268542702e-01
3.213030937187797420e-01
3.224148136785622842e-01
3.243650880760691191e-01
3.271261550852837541e-01
3.306589556821140086e-01
3.349137123519622672e-01
3.398306994042483709e-01
3.453411833310562895e-01
3.513684825608595075e-01
3.578291372316219077e-01
3.646341691874920854e-01
3.716904106269327546e-01
3.789018790798985847e-01
3.861711760637331348e-01
3.934008868557627436e-01
4.004949593109474182e-01
4.073600405230658472e-01
4.139067513492328820e-01
4.200508803549212744e-01
4.257144805503441098e-01
4.308268543352437030e-01
4.353254143013048361e-01
4.391564099112529873e-01
4.422755125323448722e-01
4.446482538010622099e-01
4.462503147882511678e-01
4.470676658751900900e-01
4.470965595994175201e-01
4.463433809469211644e-01
4.448243616210559859e-01
4.425651666796745487e-01
4.396003635769147877e-01
4.359727850566105234e-01
4.317327985074594365e-01
4.269374952981924709e-01
4.216498142614906741e-01
4.159376138905228060e-01
4.098727079585118838e-01
4.035298791804554641e-01
3.969858852215200073e-01
3.903184708362202882e-01
3.836053992163323545e-01
3.769235147558495647e-01
3.703478484314832730e-01
3.639507758721817199e-01
3.578012369752520683e-01
3.519640246454200927e-01
3.464991489102395850e-01
3.414612813246372114e-01
3.368992832407214921e-01
3.328558202071677519e-01
3.293670634939714903e-01
3.264624785300218046e-01
3.241646989071322871e-01
3.224894835572572616e-01
3.214457537595571957e-01
3.210357057883786447e-01
3.212549942776425360e-01
3.220929807547807111e-01
3.235330412895570662e-01
3.255529268091896800e-01
3.281251693487995946e-01
3.312175273314837964e-01
3.347934628999236217e-01
3.388126443450945602e-01
3.432314667898445082e-01
3.480035844779095222e-01
3.530804482835272484e-01
3.584118423842848067e-01
3.639464144208824914e-01
3.696321938929170159e-01
3.754170940004544765e-01
3.812493926281084744e-01
3.870781886731818333e-01
3.928538304340212228e-01
3.985283132915262150e-01
4.040556444290369087e-01
4.093921728370910618e-01
4.144968833345106796e-01
4.193316538008723948e-01
4.238614752537149810e-01
4.280546348132682755e-01
4.318828619754195297e-01
4.353214389579797561e-01
4.383492761946331528e-01
4.409489543244411447e-01
4.431067342621164973e-01
4.448125371357034563e-01
4.460598960444480121e-01
4.468458817215874013e-01
4.471710042858712542e-01
4.470390933335824935e-01
4.464571586615316834e-01
4.454352339230603919e-01
4.439862055057587353e-01
4.421256288837008830e-01
4.398715346409236560e-01
4.372442262890529618e-01
4.342660719127506841e-01
4.309612915744558959e-01
4.273557422969038178e-01
4.234767023203944714e-01
4.193526562038078498e-01
4.150130822058164526e-01
4.104882432475508991e-01
4.058089826217360363e-01
4.010065254775615484e-01
3.961122869766727228e-01
3.911576878849027938e-01
3.861739782377512920e-01
3.811920695961195649e-01
3.762423762931530469e-01
3.713546659640038494e-01
3.665579195482524533e-01
3.618802008602598486e-01
3.573485357358748282e-01
3.529888006852507920e-01
3.488256209107866157e-01
3.448822774867531527e-01
3.411806234427000040e-01
3.377410084464440576e-01
3.345822117438822518e-01
3.317213829821600846e-01
3.291739905194340787e-01
3.269537768085041818e-01
3.250727204325973840e-01
3.235410043694451621e-01
3.223669900640616093e-01
3.215571969012549491e-01
3.211162866854460063e-01
3.210470527577249933e-01
3.213504134079411823e-01
3.220254092728169204e-01
3.230692044493927995e-01
3.244770910963674093e-01
3.262424973439373432e-01
3.283569983853972252e-01
3.308103306808931054e-01
3.335904092651837960e-01
3.366833482169490077e-01
3.400734844168359916e-01
3.437434047950361227e-01
3.476739773463681793e-01
3.518443862714825676e-01
3.562321716865167187e-01
3.608132744299678563e-01
3.655620865842331146e-01
3.704515084195278973e-01
3.754530125591095113e-01
3.805367162557994898e-01
3.856714627597805922e-01
3.908249128450169141e-01
3.959636476448141207e-01
4.010532840240332852e-01
4.060586037839919449e-01
4.109436980532568673e-01
4.156721282603885181e-01
4.202071051092416965e-01
4.245116869797750381e-01
4.285489991522576370e-01
4.322824751952369371e-01
4.356761217611719306e-01
4.386948078917886629e-01
4.413045797403336579e-01
4.434730013620613032e-01
4.451695218987279379e-01
4.463658690785254901e-01
4.470364684601766947e-01
4.471588872591663599e-01
4.467143008957168426e-01
4.456879795888906703e-01
4.440697913808275832e-01
4.418547169026216248e-01
4.390433699838311443e-01
4.356425168590665753e-01
4.316655852392479731e-01
4.271331528987327153e-01
4.220734036954245649e-01
4.165225371099077201e-01
4.105251154914154044e-01
4.041343312742370353e-01
3.974121745319906807e-01
3.904294794380813172e-01
3.832658265849242518e-01
3.760092767866671792e-01
3.687559110758881209e-01
3.616091512507161321e-01
3.546788357041219530e-01
3.480800265621960543e-01
3.419315265833872131e-01
3.363540880523300802e-01
3.314683012769472081e-01
3.273921575047795685e-01
3.242382903430285346e-01
3.221109113001341950e-01
3.211024690229513090e-01
3.212900779935122797e-01
3.227317572129213552e-01
3.254625009800879432e-01
3.349473806801629427e-01
3.397198946821883281e-01
3.455885337546981129e-01
3.524692128177616124e-01
3.602430417742684687e-01
3.687555742440769557e-01
3.778172440821551681e-01
3.872052010085877960e-01
3.966667329433333777e-01
4.059244225408317752e-01
4.146831271915908945e-01
4.226387944056282375e-01
4.294890281062850867e-01
4.349452074353589159e-01
4.387458313977963265e-01
4.406706252021658776e-01
4.405548047312950466e-01
4.383027635726430837e-01
4.339003337623500434e-01
4.274246897052204619e-01
4.190509283553191522e-01
4.090543813335009715e-01
3.978078085717347556e-01
3.857727978939467506e-01
3.734849558572097550e-01
3.615328213077911301e-01
3.505308559619539910e-01
3.410873485717131337e-01
3.337685840413490701e-01
3.290611399892562905e-01
3.273346362029143641e-01
3.288076267444683398e-01
3.335195372427035565e-01
3.413115605933475516e-01
3.518191903856993652e-01
3.644785647736979439e-01
3.785480068430259193e-01
3.931450997659178270e-01
4.072983755128890548e-01
4.200113058114255393e-01
4.303348746905891198e-01
4.374437189659778902e-01
4.407097964833314174e-01
4.397669325022396936e-01
4.345595364547881201e-01
4.253693734328348741e-01
4.128155624327502493e-01
3.978249324965917322e-01
3.815723945724823207e-01
3.653938951668995183e-01
3.506775470315171006e-01
3.387413653929492452e-01
3.307083317279807533e-01
3.273909278504743003e-01
3.291975523321559738e-01
3.360721680626731489e-01
3.474760889206733872e-01
3.624171118469332042e-01
3.795265252420838564e-01
3.971793198412775228e-01
4.136477588528922889e-01
4.272739571749859522e-01
4.366438891465233008e-01
4.407438089095902511e-01
4.390807692254626304e-01
4.317518640542490904e-01
4.194518172709331139e-01
4.034151301240179177e-01
3.852964710578095087e-01
3.670004583540222298e-01
3.504784409129258482e-01
3.375146635305849019e-01
3.295268414352154895e-01
3.274044165810715001e-01
3.314038163624908884e-01
3.411137011737423452e-01
3.554951206823795395e-01
3.729927346165535229e-01
3.917048728008306058e-01
4.095932479249097535e-01
4.247084510514775868e-01
4.354055229830469664e-01
4.405251133713304901e-01
4.395198410662707333e-01
4.325119273079996995e-01
4.202761815933719336e-01
4.041509996202835575e-01
3.858881587329331952e-01
3.674589255072751026e-01
3.508385735396154503e-01
3.377933761463800533e-01
3.296933412143619457e-01
3.273705740187780044e-01
3.310376600277246117e-01
3.402735473734396221e-01
3.540769021891021495e-01
3.709796626773677053e-01
3.892073130180315199e-01
4.068678652235038773e-01
4.221490896077982891e-01
4.335033384254710076e-01
4.398012776077847574e-01
4.404396681405463032e-01
4.353935338454186788e-01
4.252090145206705585e-01
4.109392875956707769e-01
3.940315289036643853e-01
3.761774425630889929e-01
3.591430260251964324e-01
3.445947644777015983e-01
3.339390044631073140e-01
3.281894035711944158e-01
3.278745892402631923e-01
3.329939573053167789e-01
3.430247789958815741e-01
3.569788737416491609e-01
3.735024949976825104e-01
3.910091828267655001e-01
4.078324960959556211e-01
4.223839780189062587e-01
4.333015371371670144e-01
4.395746188527380194e-01
4.406349552931244085e-01
4.364050633074084695e-01
4.273006816901095961e-01
4.141876211185097634e-01
3.982976522739309910e-01
3.811117092836072695e-01
3.642215205887073259e-01
3.491825611492318515e-01
3.373718106931545835e-01
3.298631729482031649e-01
3.273316392415961951e-01
3.299945443278251567e-01
3.375948220150959966e-01
3.494273394611061567e-01
3.644055167503703618e-01
3.811618653907324350e-01
3.981731167736614063e-01
4.138985123346224371e-01
4.269187648513204647e-01
4.360632557435548118e-01
4.405141884590116352e-01
4.398785593818446138e-01
4.342217368660348797e-01
4.240598911820217531e-01
4.103121857627179958e-01
3.942171997593245103e-01
3.772211925116317754e-01
3.608482701329541742e-01
3.465640632869074200e-01
3.356450435479497729e-01
3.290650541616626512e-01
3.274090635449454223e-01
3.308217085798946799e-01
3.389950970962010701e-01
3.511968585369409368e-01
3.663358745892595913e-01
3.830597991727123786e-01
3.998756799677105067e-01
4.152829656049696894e-01
4.279071002513162858e-01
4.366218644766014512e-01
4.406496210741638886e-01
4.396305790242586720e-01
4.336549267179344858e-01
4.232549669917095581e-01
4.093579237454452180e-01
3.932035723670241345e-01
3.762339674750514451e-01
3.599650261267952622e-01
3.458513521918187283e-01
3.351563121548623014e-01
3.288389358712301980e-01
3.274677525402486800e-01
3.311693076854994588e-01
3.396160465368774917e-01
3.520547606318503719e-01
3.673731846941927781e-01
3.841989194064267532e-01
4.010219464840011905e-01
4.163298568845698044e-01
4.287437265035282663e-01
4.371424580176935804e-01
4.407643799919027106e-01
4.392768756044728162e-01
4.328076335004320541e-01
4.219345262187678136e-01
4.076348261730372569e-01
3.911981353630095692e-01
3.741107033608496168e-01
3.579214390587522887e-01
3.441016426588112687e-01
3.339111323486191885e-01
3.282829469455791349e-01
3.277372056277408352e-01
3.323321331557541614e-01
3.416569375960476496e-01
3.548674516180174709e-01
3.707615566188893208e-01
3.878877542740755691e-01
4.046771681742428184e-01
4.195870363107733758e-01
4.312426055711260364e-01
4.385643789277428595e-01
4.408689040446888696e-01
4.379336281993386204e-01
4.300195762113625531e-01
4.178494479945722428e-01
4.025428331452145514e-01
3.855142257675236994e-01
3.683430232730632858e-01
3.526273778988561758e-01
3.398353800562660676e-01
3.311674255205708239e-01
3.274427039751626189e-01
3.290206139090903203e-01
3.357647424031514616e-01
3.470531313032047538e-01
3.618342414043803079e-01
3.787237232981575663e-01
3.961332123451762333e-01
4.124192578349056837e-01
4.260384763068633673e-01
4.356942915039858089e-01
4.404612744718675033e-01
4.398750834445423474e-01
4.339791534419827901e-01
4.233233156749421910e-01
4.089140644661078405e-01
3.921208078929803165e-01
3.745466969271579183e-01
3.578761134062270477e-01
3.437132644913380441e-01
3.334273372952062942e-01
3.280191964345776645e-01
3.280226844146911791e-01
3.334503757778777278e-01
3.437894337629203712e-01
3.580484166749097197e-01
3.748509385233607660e-01
3.925674839453812126e-01
4.094728647485094131e-01
4.239141681259495642e-01
4.344728592688592017e-01
4.401051004590115223e-01
4.402463178306916802e-01
4.348694141976943150e-01
4.244904795004693088e-01
4.201631592784966784e-01
