5.785368328733399013e-01
1.020088983309726416e+00
1.429550343556587944e+00
1.792311910186675794e+00
2.095430862497741575e+00
2.328092344087933530e+00
2.481995321668321708e+00
2.551648754214716153e+00
2.534567505561457157e+00
2.431361010552326896e+00
2.245711531265471628e+00
1.984242779099526954e+00
1.656283590099508762e+00
1.273535085253267418e+00
8.496531910094002882e-01
3.997614150952891743e-01
-6.008873889356619591e-02
-5.134904664870338920e-01
-9.442670339675762747e-01
-1.337048941397745550e+00
-1.677822284685713150e+00
-1.954428751904296213e+00
-2.156999414700503603e+00
-2.278306837730335488e+00
-2.314022943351189188e+00
-2.262873431323578988e+00
-2.126683244045153742e+00
-1.910311455181640472e+00
-1.621477904776458701e+00
-1.270487766253617812e+00
-8.698638723744769319e-01
-4.338999182393289411e-01
2.184951757992779908e-02
4.811239384497690841e-01
9.275370812451743108e-01
1.345161555090637062e+00
1.719097108186976808e+00
2.036002247765600348e+00
2.284570245720519921e+00
2.455932546709081787e+00
2.543975185689665519e+00
2.545556925565233275e+00
2.460621332089463653e+00
2.292198787361010570e+00
2.046298370067255235e+00
1.731693460037832200e+00
1.359608716434913545e+00
9.433195977565737023e-01
4.976787122143273567e-01
3.858589763482754564e-02
-4.175790623130203327e-01
-8.545408456812512155e-01
-1.256709272759241047e+00
-1.609735541682095761e+00
-1.901024173429539221e+00
-2.120182400740331374e+00
-2.259390967379977244e+00
-2.313683108167229552e+00
-2.281121756145745305e+00
-2.162868654399147328e+00
-1.963142906697465495e+00
-1.689070445829387035e+00
-1.350429790377768002e+00
-9.593031609778310820e-01
-5.296454037375124546e-01
-7.678610102395888592e-02
3.831173663994398293e-01
8.336562919144528960e-01
1.258756082541196086e+00
1.643249777728263306e+00
1.973419185098830297e+00
2.237484326193037720e+00
2.426023729473417490e+00
2.532310575132023178e+00
2.552552698527091213e+00
2.486027889265250757e+00
2.335109658649050512e+00
2.105182556143620154e+00
1.804450056251391210e+00
1.443641870120118131e+00
1.035631124592802710e+00
5.949750672108834459e-01
1.373956841677494711e-01
-3.207812379688731452e-01
-7.632085932797839645e-01
-1.174101198161456638e+00
-1.538798984398094039e+00
-1.844290049704644829e+00
-2.079674904035526239e+00
-2.236555348006145749e+00
-2.309334108793848817e+00
-2.295414542932358248e+00
-2.195293280885789677e+00
-2.012542507974622641e+00
-1.753682513845198354e+00
-1.427949057737730953e+00
-1.046963849631837862e+00
-6.243199040370916997e-01
-1.750965604202982251e-01
2.846785263439974845e-01
7.386012300782788254e-01
1.170476229371617993e+00
1.564894833789775896e+00
1.907784744202412286e+00
2.186912132554609478e+00
2.392318127585319587e+00
2.516674133298145932e+00
2.555543302923076077e+00
2.507538839347134729e+00
2.374373474078077528e+00
2.160798359401521651e+00
1.874433553973064770e+00
1.525496149880289476e+00
1.126435741217293618e+00
6.914902401385140118e-01
2.361778882482439834e-01
-2.232564123577074067e-01
-6.704206942709655115e-01
-1.089360767032462096e+00
-1.465129440130493510e+00
-1.784319817662044727e+00
-2.035543637456304733e+00
-2.209837588195778579e+00
-2.300983107713407083e+00
-2.305728252513938870e+00
-2.223903722528103977e+00
-2.058428901500133357e+00
-1.815207697496140637e+00
-1.502917899796970991e+00
-1.132701567624370131e+00
-7.177674971936066628e-01
-2.729199505072231746e-01
1.859695398188087045e-01
6.425284444379665283e-01
1.080467386012436526e+00
1.484161321205927031e+00
1.839207020177068497e+00
2.132936953491640253e+00
2.354871251694090617e+00
2.497091612258617310e+00
2.554523813447523217e+00
2.525118755381154045e+00
2.409925569029554016e+00
2.213054184700168570e+00
1.941528695525147841e+00
1.605036747732110802e+00
1.215583899099655474e+00
7.870652776002802220e-01
3.347698228456328362e-01
-1.251652017002319595e-01
-5.763299635055185721e-01
-1.002627540634782877e+00
-1.388848237204765468e+00
-1.721212243866727221e+00
-1.987861281955532800e+00
-2.179281690135803196e+00
-2.288643858410971621e+00
-2.312045898968758451e+00
-2.248652860031283840e+00
-2.100726515756048407e+00
-1.873544669326215661e+00
-1.575212848382069541e+00
-1.216375111234746287e+00
-8.098342818885830852e-01
-3.700951633502701510e-01
8.715297327060152199e-02
5.455961598111159772e-01
9.888777904139470776e-01
1.401182202138862465e+00
1.767798955494520152e+00
2.075647682157418128e+00
2.313744774052364672e+00
2.473595262986477028e+00
2.549495909124677162e+00
2.538738684537547030e+00
2.441707391815807870e+00
2.261863970535560320e+00
2.005624980140319202e+00
1.682132666156329392e+00
1.302928777775330005e+00
8.815427745332283793e-01
4.330091142891498990e-01
-2.666915501170807890e-02
-4.810913615023038048e-01
-9.140443622183027639e-01
-1.310081005156224609e+00
-1.655071261854970111e+00
-1.936706366868553353e+00
-2.144937977144782515e+00
-2.272336682723331780e+00
-2.314357077597386958e+00
-2.269499933384663937e+00
-2.139365689680113647e+00
-1.928597352629997097e+00
-1.644714839025630315e+00
-1.297846676285793421e+00
-9.003686308935823224e-01
-4.664621585152665117e-01
-1.160842967753869526e-02
4.479640165469634949e-01
8.958582839092058547e-01
1.316094137099572681e+00
1.693678153989528035e+00
2.015138669771662450e+00
2.269006426946443167e+00
2.446223782242235689e+00
2.540467870543457352e+00
2.548376195793916388e+00
2.469666600110343779e+00
2.307147330777435279e+00
2.066616845948219705e+00
1.756656933841045376e+00
1.388326526648074433e+00
9.747671334430764167e-01
5.307339696853573541e-01
7.206951195739830229e-02
-3.848617392397535308e-01
-8.237571217679050539e-01
-1.228957467827457295e+00
-1.586005800963458334e+00
-1.882163140581149197e+00
-2.106863010794097768e+00
-2.252088437370439511e+00
-2.312657982058471617e+00
-2.286410608990481208e+00
-2.174282787392469274e+00
-1.980275079683874395e+00
-1.711309407056757159e+00
-1.376982085097187447e+00
-9.892214407891377626e-01
-5.618622266431589907e-01
-1.101520162528959734e-01
3.497928076105145112e-01
8.015620627894488592e-01
1.229037259878094535e+00
1.616966687175059203e+00
1.951509570230993251e+00
2.220729891146210555e+00
2.415022248843161634e+00
2.527454566219939913e+00
2.554015416877480238e+00
2.493757147151824061e+00
2.348829687059352800e+00
2.124403843828170491e+00
1.828486814794175963e+00
1.471636501901382177e+00
1.066584820661715671e+00
6.277834433791902313e-01
1.708881838789010066e-01
-2.877995798338539579e-01
-7.319145157334348006e-01
-1.145611229722733215e+00
-1.514129606930683991e+00
-1.824321431778653135e+00
-2.065119497755211864e+00
-2.227932469724351439e+00
-2.306951410637498867e+00
-2.299357036208771188e+00
-2.205420302999227200e+00
-2.028492741069169103e+00
-1.774886876115913337e+00
-1.453651007466242095e+00
-1.076246377527104947e+00
-6.561382508326495389e-01
-2.083154924103216288e-01
2.512442137683295051e-01
7.061444260010735219e-01
1.140154946753395793e+00
1.537790893199453279e+00
1.884865175986246921e+00
2.168994674558282654e+00
2.380042049421761341e+00
2.510477428110004183e+00
2.555647060405540572e+00
2.513939357579674017e+00
2.386842391603734015e+00
2.178890802841382257e+00
1.897504010480548509e+00
1.552721498128436961e+00
1.156844619205938063e+00
7.239977020195972335e-01
2.696241136622850032e-01
-1.900647375280754281e-01
-6.386678021375429282e-01
-1.060179555971119347e+00
-1.439561054566057541e+00
-1.763276501504691840e+00
-2.019776186526388351e+00
-2.199908562888570174e+00
-2.297246761638226165e+00
-2.308317893225333428e+00
-2.232726955300465832e+00
-2.073170925841099077e+00
-1.835342538783848676e+00
-1.527727175312233454e+00
-1.161300117432159773e+00
-7.491349654002336100e-01
-3.059371901185741205e-01
1.524805373121231322e-01
6.097625193796210041e-01
1.049593580363270773e+00
1.456281168776780932e+00
1.815315245457064464e+00
2.113885981282372484e+00
2.341340793795807951e+00
2.489564416312466832e+00
2.553268439181114680e+00
2.530179992776504072e+00
2.421122840279736010e+00
2.229987986970602520e+00
1.963594854650885901e+00
1.631447974299325310e+00
1.245397877820740185e+00
8.192182877933906759e-01
3.681146904872560355e-01
-9.181817442520615047e-02
-5.441705514648634834e-01
-9.728031462609050273e-01
-1.362422952795300679e+00
-1.699128886273251871e+00
-1.970907754208930385e+00
-2.168062870178181889e+00
-2.283560017904359807e+00
-2.313278422167196702e+00
-2.256157772246613291e+00
-2.114236052312723491e+00
-1.892576829027019514e+00
-1.599088590630516782e+00
-1.244242583245209977e+00
-8.406992115913375363e-01
-4.028563336157539032e-01
5.366443475892065940e-02
5.125750768422340231e-01
8.804561296017179295e-01
1.257311624957303975e+00
1.593612561081138246e+00
1.877360195221356776e+00
2.098430812268136769e+00
2.248936924620302147e+00
2.323508686610744611e+00
2.319485483020877314e+00
2.237010856076508958e+00
2.079027384063830475e+00
1.851171694289214908e+00
1.561573356172454963e+00
1.220564829683656649e+00
8.403128177546935751e-01
4.343841754903795538e-01
1.726186392639315892e-02
-3.961717815796107489e-01
-7.911660320687161629e-01
-1.153628050171186858e+00
-1.470625702653516997e+00
-1.730848960679844506e+00
-1.925013425678228085e+00
-2.046191583577718021e+00
-2.090059968733120499e+00
-2.055053419077141896e+00
-1.942420918893891013e+00
-1.756181036822449082e+00
-1.502978548999496455e+00
-1.191847362825180889e+00
-8.338881998971987564e-01
-4.418725379318378943e-01
-2.978694246412358360e-02
3.876659540697523498e-01
7.955920215069911539e-01
1.179437033500846610e+00
1.525505941775342267e+00
1.821451496118591695e+00
2.056714776843874493e+00
2.222901922141227615e+00
2.314083609219972359e+00
2.327006604177324967e+00
2.261209832792490548e+00
2.119040831004115777e+00
1.905571988141231854e+00
1.628419571231130236e+00
1.297471987341281441e+00
9.245369791713925478e-01
5.229203414592626942e-01
1.069511890040025504e-01
-3.085292859260911902e-01
-7.086973263872022866e-01
-1.079275501485554845e+00
-1.407042104961028217e+00
-1.680302887005426182e+00
-1.889308288590783480e+00
-2.026601291974917007e+00
-2.087283476569980589e+00
-2.069189787675351777e+00
-1.972965782573682603e+00
-1.802044597958194938e+00
-1.562524460460874565e+00
-1.262951110533271137e+00
-9.140129024883492104e-01
-5.281594591040965625e-01
-1.191574866538923638e-01
2.984004017431947098e-01
7.096163299628701626e-01
1.099818694068919855e+00
1.455085624434657054e+00
1.762741698401921742e+00
2.011810181471763492e+00
2.193404661699040137e+00
2.301046104328385411e+00
2.330894014609969478e+00
2.281883461231753785e+00
2.155763071565655498e+00
1.957032643110944159e+00
1.692782597070320749e+00
1.372441002128818033e+00
1.007437194269539260e+00
6.107939941972382325e-01
1.966630714753714315e-01
-2.201799670701790335e-01
-6.248627501488952518e-01
-1.002946767222430369e+00
-1.340942514182600354e+00
-1.626790779818900967e+00
-1.850292901454544170e+00
-2.003474638836398203e+00
-2.080870683772611862e+00
-2.079719654615242330e+00
-2.000062618460082042e+00
-1.844741625930659490e+00
-1.619298310823160891e+00
-1.331776172434014027e+00
-9.924335948573703714e-01
-6.133778423192400853e-01
-2.081330890777265685e-01
2.088421040266590367e-01
6.226706506151352682e-01
1.018587732215581854e+00
1.382467586146702399e+00
1.701327492793679008e+00
1.963790980720469426e+00
2.160493723114026210e+00
2.284417643748462012e+00
2.331141312039520130e+00
2.298997693447509594e+00
2.189133626916877962e+00
2.005468907281265256e+00
1.754556432516233944e+00
1.445348405588061436e+00
1.088876932486928295e+00
6.978604122556935074e-01
2.862497624625323089e-01
-1.312693298476999837e-01
-5.398003727402993501e-01
-9.247675551982104114e-01
-1.272435791486994816e+00
-1.570400769628559345e+00
-1.808031519745209037e+00
-1.976849712060488873e+00
-2.070832151739552707e+00
-2.086625677979766724e+00
-2.023666800055578197e+00
-1.884201801872286808e+00
-1.673206597726717426e+00
-1.398209198707961676e+00
-1.069021123886627400e+00
-6.973873391622948947e-01
-2.965672134567031160e-01
1.191385568552789376e-01
5.348981766084627276e-01
9.358779293656926956e-01
1.307771423484161089e+00
1.637310023977472273e+00
1.912736258684862856e+00
2.124223308283538003e+00
2.264225613332836673e+00
2.327748089185321945e+00
2.312524343557041728e+00
2.219097538205501596e+00
2.050801009684725340e+00
1.813639340601704175e+00
1.516074124583560057e+00
1.168722068559716609e+00
7.839762036426753955e-01
3.755637192692905524e-01
-4.194380354392759913e-02
-4.536502856455995047e-01
-8.448666208294475233e-01
-1.201634762411712742e+00
-1.511225726636872269e+00
-1.762593744852476219e+00
-1.946770360944817035e+00
-2.057184413195318751e+00
-2.089896484056046777e+00
-2.043739453007926699e+00
-1.920360137773545084e+00
-1.724160538185148139e+00
-1.462140779043477945e+00
-1.143649355544735124e+00
-7.800495921663679333e-01
-3.843142152875345108e-01
2.943749537839077113e-02
4.464434627566188363e-01
8.518255024857732671e-01
1.231120155537135830e+00
1.570794724019477284e+00
1.858730098739909797e+00
2.084653151915144331e+00
2.240503267871623461e+00
2.320719934436057841e+00
2.322441134161768339e+00
2.245605457071812694e+00
2.092954291680300560e+00
1.869934016119282116e+00
1.584501679053976764e+00
1.246841103416879148e+00
8.689995419786730180e-01
4.644578483726968798e-01
4.764949926404345171e-02
-3.665543717269156287e-01
-7.633755550830123582e-01
-1.128656031048373087e+00
-1.449363107790833105e+00
-1.714054409452322680e+00
-1.913286123970141084e+00
-2.039949944962315520e+00
-2.089526686066851546e+00
-2.060247519132868188e+00
-1.953157083512471637e+00
-1.772076214803110394e+00
-1.523465622826045252e+00
-1.216195382618562526e+00
-8.612284626755897232e-01
-4.712295817068017367e-01
-6.011334934779863359e-02
3.574521874728647242e-01
7.665688797459028203e-01
1.152640021310852303e+00
1.501891138730557129e+00
1.801861445062140410e+00
2.041848423148383329e+00
2.213289676324458721e+00
2.310068422646102793e+00
2.328731733036346618e+00
2.268613726921524965e+00
2.131859329910348322e+00
1.923347745875493509e+00
1.650518373845822451e+00
1.323105380748954341e+00
9.527904000737907886e-01
5.527857476749252763e-01
1.373630249907092093e-01
-2.786560715537542698e-01
-6.804285677554022804e-01
-1.053619788004343194e+00
-1.384914796277346705e+00
-1.662493454263062054e+00
-1.876452147214014321e+00
-2.019157130943173506e+00
-2.085516893042293152e+00
-2.073163810858667411e+00
-1.982538624929674143e+00
-1.816874713982540523e+00
-1.582082732544743298e+00
-1.286539727132932409e+00
-9.407902550560462984e-01
-5.571701694933093307e-01
-1.493664936630945406e-01
2.680709128476468361e-01
6.802484725382768049e-01
1.072460271818896249e+00
1.430712747251901895e+00
1.742223956144898889e+00
1.995879618225807839e+00
2.182629657476681029e+00
2.295811096072592150e+00
2.331385780026723697e+00
2.288084454825042080e+00
2.167452050636028638e+00
1.973792561382773370e+00
1.714015484314303395e+00
1.397389298895818532e+00
1.035210780542515030e+00
6.404019476170197400e-01
2.270490220521594049e-01
-1.901001471669070686e-01
-5.961622664390504589e-01
-9.766496124575216875e-01
-1.317986933729252019e+00
-1.607995796388636434e+00
-1.836329093529207812e+00
-1.994840215374491077e+00
-2.077873708816803777e+00
-2.082467056002067718e+00
-2.008456372785680788e+00
-1.858482255887488943e+00
-1.637895570127600786e+00
-1.354566537121968395e+00
-1.018603936882663152e+00
-6.419944408147554293e-01
-2.381749441980631488e-01
1.784468432716029562e-01
5.930064442297792171e-01
9.907129572162912678e-01
1.357376775163468441e+00
1.679915850549688283e+00
1.946822444390939877e+00
2.148573706126144955e+00
2.277971435484634988e+00
2.330398904112552572e+00
2.303985573924414165e+00
2.199673835262031751e+00
2.021185383737194474e+00
1.774888435384951224e+00
1.469570517703390644e+00
1.116124943075266884e+00
7.271621507565683151e-01
3.165597842022352948e-01
-1.010324436658865122e-01
-5.107154315394869526e-01
-8.978722686305153911e-01
-1.248689745417631558e+00
-1.550651189466563551e+00
-1.792983042636520530e+00
-1.967039246429206578e+00
-2.066609721153107593e+00
-2.088141932802010992e+00
-2.030867642454461386e+00
-1.896830315954169954e+00
-1.690812215932789631e+00
-1.420163777428917085e+00
-1.094541354739979599e+00
-7.255626963299880439e-01
-3.263924399611529692e-01
8.872758300090574646e-02
5.049864760297916311e-01
9.075327093225983299e-01
1.282004001421819472e+00
1.615039745147416772e+00
1.894757695203836523e+00
2.111177909921960971e+00
2.256578821492183806e+00
2.325772730605938143e+00
2.316290896245053688e+00
2.228471616877045314e+00
2.065448160443206227e+00
1.833036973780781898e+00
1.539530160008874438e+00
1.195399627992716152e+00
8.129234694149858331e-01
4.057478937938617802e-01
-1.159964901279564309e-02
-4.242287877143250396e-01
-8.174174970192799039e-01
-1.177137358719001936e+00
-1.490554075850181848e+00
-1.746485382296281363e+00
-1.935800010260070536e+00
-2.051743481011098602e+00
-2.090179095153452682e+00
-2.049735524221869554e+00
-1.931855737745868939e+00
-1.740745520133499813e+00
-1.483223414219717151e+00
-1.168477445281406624e+00
-8.077373052635836714e-01
-4.138736932199539309e-01
-9.391069362247594920e-04
4.163335303573134638e-01
8.230565198932028315e-01
7.772363442813949863e-01
9.849712254499225494e-01
1.161868268464776754e+00
1.301616036500500284e+00
1.399228526431023578e+00
1.451223062384157325e+00
1.455744552701224492e+00
1.412631676989267282e+00
1.323422641804947064e+00
1.191300299615646541e+00
1.020978589115557167e+00
8.185343485463907331e-01
5.911905026854203937e-01
3.470583590841087029e-01
9.484820806235443047e-02
-1.564414481561573200e-01
-3.978449493032993889e-01
-6.207493591706377822e-01
-8.172017630173294966e-01
-9.801930163435519372e-01
-1.103907821273484524e+00
-1.183932208176101231e+00
-1.217411019871665889e+00
-1.203149779610273473e+00
-1.141657308316402997e+00
-1.035127570576441114e+00
-8.873613970788358785e-01
-7.036308763394643062e-01
-4.904912540243043795e-01
-2.555470510362798375e-01
-7.180744941905847778e-03
2.457463049970092794e-01
4.942100186153829400e-01
7.293455612884297556e-01
9.427636287197264098e-01
1.126849765477597964e+00
1.275036038018454887e+00
1.382035369285421034e+00
1.444030174155837232e+00
1.458808565490270714e+00
1.425843271143854674e+00
1.346310446292245055e+00
1.223047709874980127e+00
1.060452902356595173e+00
8.643271769859918185e-01
6.416680228360929217e-01
4.004196042699026403e-01
1.491893243681371994e-01
-1.030592750641073363e-01
-3.473263200182377108e-01
-5.748967070844460681e-01
-7.776510460408029290e-01
-9.483553482372473198e-01
-1.080919125100324507e+00
-1.170612688169715865e+00
-1.214235897706954725e+00
-1.210232339164760917e+00
-1.158744853861380930e+00
-1.061610442603919013e+00
-9.222947240923187184e-01
-7.457682865353768564e-01
-5.383293440788368134e-01
-3.073790254140997824e-01
-6.115731195192436465e-02
1.915509530841595365e-01
4.417294954656131312e-01
6.804522978976966785e-01
8.992020677186777222e-01
1.090174121880784552e+00
1.246554847026051682e+00
1.362764799594238241e+00
1.434657772494302153e+00
1.459668725921631882e+00
1.436905304357932733e+00
1.367179674556716851e+00
1.252979548579819191e+00
1.098379425742070037e+00
9.088952202265174751e-01
6.912874610513773943e-01
4.533200859364013846e-01
2.034834349628109607e-01
-4.930867277762557288e-02
-2.960369716668996842e-01
-5.278985442284991336e-01
-7.366208967986251910e-01
-9.147571104245904028e-01
-1.055951536422397474e+00
-1.155166556951745305e+00
-1.208862320110407840e+00
-1.215123036854112160e+00
-1.173725333645715407e+00
-1.086146222107727377e+00
-9.555104013322270884e-01
-7.864787730274599431e-01
-5.850821471231579807e-01
-3.585060709840686144e-01
-1.148344592213921267e-01
1.372388289708129094e-01
3.887201744416023397e-01
6.306370777207617184e-01
8.543582851364311948e-01
1.051901739764056654e+00
1.216219369951819118e+00
1.341448554569567353e+00
1.423121293056317738e+00
1.458323617374288617e+00
1.445799558275743912e+00
1.385995956513085270e+00
1.281046520191500449e+00
1.134695697075176479e+00
9.521650779760123529e-01
7.399670977630530277e-01
5.056726808779433702e-01
2.576411214362107627e-01
4.721835411440417074e-03
-2.440613740366716911e-01
-4.798322731231374760e-01
-6.941788889313029731e-01
-8.794536367341321270e-01
-1.029046175023393683e+00
-1.137619253165173427e+00
-1.201299136969425252e+00
-1.217813818058650854e+00
-1.186574075920113103e+00
-1.108694500462117594e+00
-9.869537250191586786e-01
-8.256952886363212452e-01
-6.306726647265056274e-01
-4.088439852594462076e-01
-1.681237844334762810e-01
8.289938073399977236e-02
3.352693579994353579e-01
5.799819427643821967e-01
8.083061353873089994e-01
1.012095650928132695e+00
1.184079567097132690e+00
1.318121740500438177e+00
1.409439735575689134e+00
1.454775455143166640e+00
1.452511384714721743e+00
1.402728303127771969e+00
1.307202400470413917e+00
1.169341906125902719e+00
9.940654879586541259e-01
7.876267611869430807e-01
5.573911682180386906e-01
3.115731900587876968e-01
5.894326522679170510e-02
-1.914851271172128000e-01
-4.307770553844936234e-01
-6.503949213067411472e-01
-8.425030693925980030e-01
-1.000247352056269357e+00
-1.117999675929789216e+00
-1.191558804290823836e+00
-1.218300251259473388e+00
-1.197269919750299172e+00
-1.129218142309724948e+00
-1.016572910309762934e+00
-8.633532466427360497e-01
-6.750258126568227102e-01
-4.583098653947413892e-01
-2.209375239857717388e-01
2.862210145157380314e-02
2.814650757057054475e-01
5.285703183131981175e-01
7.611214629776517082e-01
9.708214130759862392e-01
1.150188370355347933e+00
1.292822774935341146e+00
1.393635632572140182e+00
1.449030082790707663e+00
1.457029729789971695e+00
1.417349157455558561e+00
1.331404112603929324e+00
1.202260993134083300e+00
1.034527443278451697e+00
8.341879593598182652e-01
6.083903714088170211e-01
3.651908186769745601e-01
1.132663179582416024e-01
-1.383948201233841935e-01
-3.808136813511274754e-01
-6.053411029019449829e-01
-8.039662632689111854e-01
-9.696024970660330755e-01
-1.096340137247462376e+00
-1.179657363686710481e+00
-1.216581535336848985e+00
-1.205795249867525287e+00
-1.147683346720716147e+00
-1.044319176582610531e+00
-8.993906271574154676e-01
-7.180685445390880828e-01
-5.068222447207412218e-01
-2.731886975306859755e-01
-2.550361818649962697e-02
2.273959392590595707e-01
4.764868755341964413e-01
7.128819775950573367e-01
9.281470018438833236e-01
1.114601596036638886e+00
1.265593323411169591e+00
1.375735012241745547e+00
1.441096962522879998e+00
1.459347152119216506e+00
1.429834440023945774e+00
1.353611798150918810e+00
1.233398742782885193e+00
1.073484306068906768e+00
8.795740094105315432e-01
6.585862985110295664e-01
4.184057029973397013e-01
1.676015275307374541e-01
-8.487788888860972603e-02
-3.300244370276309569e-01
-5.590916340442427801e-01
-7.639066856501829372e-01
-9.371620798763276028e-01
-1.072676308786302490e+00
-1.165614415954914662e+00
-1.212660500889520376e+00
-1.212136025679677820e+00
-1.164059702860617884e+00
-1.070146827776503828e+00
-9.337480792633712223e-01
-7.597299721574237719e-01
-5.543012269142767456e-01
-3.247912512257041806e-01
-7.938863709803570257e-02
1.731509965533539197e-01
4.238173920297670927e-01
6.636671261266205990e-01
8.841426988508130913e-01
1.077377852942885461e+00
1.236478230833421010e+00
1.355767355590619117e+00
1.430989159605719596e+00
1.459459835078137147e+00
1.440163588490010138e+00
1.373788882685231805e+00
1.262703873486836104e+00
1.110871917239707907e+00
9.237101638498079748e-01
7.078962805213592224e-01
4.711302020158095738e-01
2.218594078467736597e-01
-3.102247186609233265e-02
-2.784929685674336630e-01
-5.117226842104427575e-01
-7.223903117171721622e-01
-9.029795274705740837e-01
-1.047047163133008718e+00
-1.149453088798478406e+00
-1.206543605573075606e+00
-1.216281804394841348e+00
-1.178320240074111069e+00
-1.094013327647610945e+00
-9.663690187614391025e-01
-7.999414822017663074e-01
-6.006686175803079841e-01
-3.756601994565578195e-01
-1.329442106163490067e-01
1.188195850233468992e-01
3.706486105690849353e-01
6.135579618163242710e-01
8.388809759503245145e-01
1.038578445843717279e+00
1.205525447620090951e+00
1.333765547881978319e+00
1.418723320847859792e+00
1.457367593086157154e+00
1.448319591505228487e+00
1.391902136031301973e+00
1.290128121849090315e+00
1.146628702142666434e+00
9.665237336746138608e-01
7.562391075229626392e-01
5.232774823569837919e-01
2.759506001646747642e-01
2.308273502996362192e-02
-2.263041445121632134e-01
-4.633122665798874440e-01
-6.794855158868030598e-01
-8.671111360005638868e-01
-1.019494909607009170e+00
-1.131199998735546330e+00
-1.198240923464572116e+00
-1.218225758220143895e+00
-1.190441472304395898e+00
-1.115879369824586353e+00
-9.971997213615686473e-01
-8.386368492701746780e-01
-6.458480530339334447e-01
-4.257117648038545310e-01
-1.860821366476000105e-01
6.449118451102933691e-02
3.170680962278955572e-01
5.626370107753142502e-01
7.924363758737640318e-01
9.982672745112985968e-01
1.172785950730441451e+00
1.309765824476212925e+00
1.404319647184332442e+00
1.453073871912078596e+00
1.454289016732017048e+00
1.407921726991995914e+00
1.315626322147994687e+00
1.180695771980802000e+00
1.007944208081775539e+00
8.035351624324680309e-01
5.747616612824283377e-01
3.297860202658011719e-01
7.734862449997575995e-02
-1.735439160196976249e-01
-4.139401095527820429e-01
-6.352629592047476237e-01
-8.296159780710906650e-01
-9.900649247450756807e-01
-1.110885207264037611e+00
-1.187766128471280824e+00
-1.217964685606496733e+00
-1.200403436772774501e+00
-1.135708942542893229e+00
-1.026189411162296894e+00
-8.757523449367979884e-01
-6.897651260651844751e-01
-4.748635160177078207e-01
-2.387149009327055038e-01
1.025526989946717871e-02
2.631640921756279727e-01
5.109881360677894779e-01
7.448853894642581963e-01
9.474641430485573057e-01
