3.793539054056720872e+00
5.583521652882605935e+00
6.947711464797762915e+00
7.733470055157601664e+00
7.852879335339167710e+00
7.292578668359606553e+00
6.115259782922580101e+00
4.452652230822910617e+00
2.490784240981604114e+00
4.491681249277907906e-01
-1.443760832924350090e+00
-2.976203871375763033e+00
-3.976696797209067658e+00
-4.333295017669236415e+00
-4.006098958132820798e+00
-3.031718403019550312e+00
-1.519176247367969523e+00
3.622900139564833033e-01
2.402164174857823298e+00
4.372205858425024516e+00
6.051988204825919482e+00
7.253561309088704334e+00
7.842481830545846577e+00
7.752855782741130852e+00
6.994711374490423239e+00
5.652876959068454887e+00
3.877489637184664328e+00
1.867196500863952613e+00
-1.530718783458087096e-01
-1.957268804887297708e+00
-3.343523697131567385e+00
-4.156729273429712990e+00
-4.305896418715384755e+00
-3.774334905391672823e+00
-2.621520853379548210e+00
-9.764419802976140872e-01
9.768347619789616854e-01
3.019758335314830067e+00
4.923747168303433952e+00
6.475765019927187893e+00
7.502157484866911474e+00
7.888082087278013077e+00
7.590357940771381706e+00
6.642297233384832467e+00
5.149977945431938764e+00
3.280374843760199610e+00
1.242676768824646283e+00
-7.351193871551635617e-01
-2.431719124315690816e+00
-3.657290852292876426e+00
-4.274706040051873046e+00
-4.214882449995762670e+00
-3.484513710537562314e+00
-2.165320369632537378e+00
-4.049062284961726377e-01
1.599756964790831626e+00
3.624368573428778273e+00
5.442395943967079930e+00
6.850421017395451173e+00
7.690900661210564593e+00
7.869794081725672186e+00
7.367084995400855263e+00
6.239021239391080442e+00
4.611821232574910390e+00
2.667551467620901562e+00
6.237551935730498709e-01
-1.290888375796382270e+00
-2.862150850391719015e+00
-3.914224557616226452e+00
-4.329393563705506764e+00
-4.061204843095575612e+00
-3.139665881129280134e+00
-1.667887153289010715e+00
1.894548479124924523e-01
2.224543172942388569e+00
4.209672936619455186e+00
5.922729089330490027e+00
7.172038744634502194e+00
7.817817350340899196e+00
7.787809103089516682e+00
7.085371609288351635e+00
5.789100204281512063e+00
4.044033964489589295e+00
2.045427366885816056e+00
1.690337569097422055e-02
-1.814567604900634734e+00
-3.244063321101573028e+00
-4.111638304750856676e+00
-4.320220081333276951e+00
-3.846470554206864012e+00
-2.743397290913183628e+00
-1.134422536245294211e+00
8.004264331242402220e-01
2.844660459014168641e+00
4.769551351373875647e+00
6.359724156222291924e+00
7.437255337488792861e+00
7.881580540816568003e+00
7.642984470903964933e+00
6.748163507654142634e+00
5.297238663181043528e+00
3.452553098248037244e+00
1.420507637713250837e+00
-5.715333010968492999e-01
-2.300681384460027790e+00
-3.573463211809173590e+00
-4.247467944996566658e+00
-4.247281576293438832e+00
-3.572924958912556459e+00
-2.299851473616536968e+00
-5.705045925175569188e-01
1.421620040499806059e+00
3.453624727913637393e+00
5.298149615783071198e+00
6.748811859062804785e+00
7.643297681214521688e+00
7.881523570650395882e+00
7.436834568040815441e+00
6.358986674483032786e+00
4.768579680593567183e+00
2.843563324146245463e+00
7.993265946531267208e-01
-1.135402018668089763e+00
-2.744146827933573451e+00
-3.846906288580281608e+00
-4.320293270079833547e+00
-4.111340771920160009e+00
-3.243428371138869171e+00
-1.813666294576076421e+00
1.797018945828554592e-02
2.046540313327598781e+00
4.045068516385642354e+00
5.789940611733845444e+00
7.085923850722783968e+00
7.788011404377121139e+00
7.817647095123557932e+00
7.171515002809853101e+00
5.921910481005722815e+00
4.208651070804545924e+00
2.223432395409440154e+00
1.883794455966985026e-01
-1.668806859437700574e+00
-3.140326998645261991e+00
-4.061533419503355447e+00
-4.329352859094763417e+00
-3.913819152858788453e+00
-2.861426131610393053e+00
-1.289925453104433295e+00
6.248485641633876320e-01
2.668652943039691472e+00
4.612807572751547625e+00
6.239782096575686055e+00
7.367535259814154358e+00
7.869883402269715944e+00
7.690619076183496716e+00
6.849800065514751068e+00
5.441505131788180627e+00
3.623307594849159763e+00
1.598644543609168522e+00
-4.059456242188117514e-01
-2.166170454650053312e+00
-3.485079392546914345e+00
-4.215100467183864552e+00
-4.274552036051163739e+00
-3.656782097287996525e+00
-2.430912578291006820e+00
-7.341053224863500759e-01
1.243784871378917245e+00
3.281452994708715210e+00
5.150905520581408936e+00
6.642970469743282536e+00
7.590701544307568938e+00
7.888057653961867643e+00
7.501767793140173168e+00
6.475053714817262218e+00
4.922793873088908256e+00
3.018669738263819458e+00
9.757326759668794036e-01
-9.774342489033527315e-01
-2.622292301173947404e+00
-3.774799250031608100e+00
-4.306001749396742184e+00
-4.156463854332889341e+00
-3.342917275015177214e+00
-1.956389275141694917e+00
-1.520176831787969363e-01
1.868307390957147707e+00
3.878532925341104942e+00
5.653735929918368264e+00
6.995289951736468836e+00
7.753089275598913588e+00
7.842344166993420629e+00
7.253067947140140248e+00
6.051194396744856263e+00
4.371200462796674735e+00
2.401059709550985133e+00
3.612100634984223291e-01
-1.520110860643159256e+00
-3.032403136594262971e+00
-4.006457243312530281e+00
-1.205146375916938961e-01
-9.619557848311144355e-03
3.012961586476710085e-01
7.774443295200310633e-01
1.365549007230756562e+00
1.999807494493434978e+00
2.609252970575984154e+00
3.125694928431183239e+00
3.491348971670786838e+00
3.665302277747993553e+00
3.628091310358258603e+00
3.383879583426915971e+00
2.959991807911823702e+00
2.403856545469639450e+00
1.777699453723228462e+00
1.151580892892696051e+00
5.955569120143204831e-01
1.718407175322602676e-01
-7.215832692581636287e-02
-1.091393072398996189e-01
6.503555746495659484e-02
4.308779408596661309e-01
9.474539471253911049e-01
1.556964181221515142e+00
2.191210890257488941e+00
2.779228571207280396e+00
3.255224260618729382e+00
3.565939071826039086e+00
3.676607301459516641e+00
3.574846344217892380e+00
3.272042175551026499e+00
2.802075381380443098e+00
2.217530278661304699e+00
1.583811286122250639e+00
9.718248611056476971e-01
4.500458164255012328e-01
7.685571253080936138e-02
-1.059894220854209479e-01
-7.803114918365960939e-02
1.576022961671454947e-01
5.745460219845375249e-01
1.126148432090151807e+00
1.750691046627456338e+00
2.378294147639330447e+00
2.938735580955633697e+00
3.369307873098323025e+00
3.621834534861794630e+00
3.668060501347016000e+00
3.502813575171837890e+00
3.144583140764150464e+00
2.633451397712825770e+00
2.026608586288986213e+00
1.391954003994440248e+00
8.004987917509430728e-01
3.184205376632660567e-01
-3.412957732182864135e-04
-1.201206275703914361e-01
-2.751541588648565018e-02
2.671127950248317617e-01
7.307982220279829466e-01
1.311659365796675747e+00
1.944704002286946620e+00
2.559101125801663379e+00
3.086106190069005439e+00
3.466752896605682199e+00
3.658450900520892723e+00
3.639751220185952540e+00
3.412746151765334801e+00
3.002835163510753524e+00
2.455882963751175652e+00
1.833087724720808387e+00
1.204133653738485688e+00
6.393940666635973269e-01
2.020573573234636378e-01
-5.894311625388048981e-02
-1.144041577572048052e-01
4.187973810629697091e-02
3.924220549585422102e-01
8.980008110412276423e-01
1.502047084499006147e+00
2.136974478063149441e+00
2.731741322919945425e+00
3.219799491046526629e+00
3.546540427878989377e+00
3.675405272899664233e+00
3.591975410167671079e+00
3.305585759364594534e+00
2.848280297091013935e+00
2.271226674510910204e+00
1.638991097726375523e+00
1.022314051274668012e+00
4.901951849732870681e-01
1.021729816813381486e-01
-9.833697036745903119e-02
-8.889972367981591184e-02
1.294287944757013253e-01
5.322199288927624838e-01
1.074405604779993695e+00
1.695320969350673446e+00
2.325492148330465803e+00
2.894409639099693621e+00
3.338417579825286197e+00
3.607836168610186522e+00
3.672520309090526069e+00
3.525232528657480380e+00
3.182452775310730786e+00
2.682534485394636459e+00
2.081413238773617724e+00
1.446348157663764011e+00
8.483963205856284162e-01
3.544622251508962041e-01
1.981188094965857793e-02
-1.181108734177032105e-01
-4.387393986130772028e-02
2.342163555965652844e-01
6.850446576225943662e-01
1.258168055652901351e+00
1.889460103141240799e+00
2.508285879996273504e+00
3.045405287446553366e+00
3.440720282501646743e+00
3.649999219601329781e+00
3.649825916519668034e+00
3.440219694701615705e+00
3.044633236300970047e+00
2.507328494007342812e+00
1.888424257809061535e+00
1.257169500413420238e+00
6.841951409158124608e-01
2.336111722415070702e-01
-4.416659801710953737e-02
-1.180575779456294327e-01
2.020598376921722839e-02
3.551538934346709642e-01
8.493089433225013973e-01
1.447380209513274618e+00
2.082449533421621091e+00
2.683458985208838854e+00
3.183161538541548374e+00
3.525645355264936498e+00
3.672589785234553261e+00
3.607553093246676834e+00
3.337812154061861936e+00
2.893548266675430192e+00
2.324470182477832214e+00
1.694252193648246640e+00
1.073409603150354386e+00
5.314087414020416400e-01
1.288943434367417762e-01
-8.909602943268324360e-02
-9.817127898809174802e-02
1.026840815667267037e-01
4.909962896524677767e-01
1.023316923696292680e+00
1.640084364883018342e+00
2.272288179234421612e+00
2.849190737823712460e+00
3.306242096793695850e+00
3.592302534178745788e+00
3.675364607086454960e+00
3.546134482834039758e+00
3.219071825766183004e+00
2.730771886564333784e+00
2.135870824846502369e+00
1.500932423970323892e+00
8.970002208757870132e-01
3.916484012792211811e-01
4.142089311769314719e-02
-1.144953462024034252e-01
-5.865495005556131680e-02
2.026939240701084444e-01
6.403087455868226030e-01
1.205224610623891968e+00
1.834232976967712370e+00
2.456954108255490876e+00
3.003711882536050481e+00
3.413329846536217627e+00
3.639976212921482546e+00
3.658291916537458555e+00
3.466227958909321671e+00
3.085274581793691517e+00
2.558056643564304622e+00
1.943564268772219439e+00
1.310552427547978294e+00
7.298479748551514046e-01
2.664249168201642259e-01
-2.786540370558188151e-02
-1.200957970775067274e-01
5.271564802233896785e-05
3.191364621588057560e-01
8.014534404505974097e-01
1.393038062113341136e+00
2.027699330602397154e+00
2.634426837666994370e+00
3.145335927471963444e+00
3.503263062171770859e+00
3.668161571815385713e+00
3.621582203515963272e+00
3.368737179324384989e+00
2.937916851069828361e+00
4.236105414135686864e+00
1.661711385735900492e+00
-8.996640164217151181e-01
-3.161442492294195272e+00
-4.870567563969515845e+00
-5.835817318368876627e+00
-5.949198558120830427e+00
-5.198028789663277749e+00
-3.666354393805741463e+00
-1.525546449398408111e+00
9.848734787742474683e-01
3.584032194267147808e+00
5.981129942005734890e+00
7.907975733571429799e+00
9.148992798490512612e+00
9.565337141572401336e+00
9.110430875392228955e+00
7.835172565584388238e+00
5.882241798716560055e+00
3.470135334842027852e+00
8.687210269514211713e-01
-1.630955350854577546e+00
-3.749232290261499845e+00
-5.249120689386105099e+00
-5.962817487627660284e+00
-5.810478560411869609e+00
-4.809150710955675478e+00
-3.070863611905745305e+00
-7.900953252402715954e-01
1.777986120443779683e+00
4.346070694640001619e+00
6.626849923000762033e+00
8.365159884648573296e+00
9.366527620481537753e+00
9.518927357984038551e+00
8.805312667942450489e+00
7.305522653676227662e+00
5.187349074628288648e+00
2.687763923474919103e+00
8.640774846827481426e-02
-2.325695204367826729e+00
-4.278695013862975571e+00
-5.554104883260517767e+00
-6.009243443044233857e+00
-5.593196216106546714e+00
-4.352510720855606863e+00
-2.425988235502523960e+00
-2.915503144204900643e-02
2.569849554888753218e+00
5.080270664246947732e+00
7.221265140124735638e+00
8.753319564977408263e+00
9.505044378691177798e+00
9.392346684311664973e+00
8.427836986678705955e+00
6.719417666313997728e+00
4.458211235783211990e+00
1.897178968274698674e+00
-6.771780787741259466e-01
-2.976869798241823073e+00
-4.744634024948648943e+00
-5.782715736926924421e+00
-5.974989047620690386e+00
-5.299947339072334174e+00
-3.833108473551960937e+00
-1.738566140896850687e+00
7.493674145598840930e-01
3.352373616472083206e+00
5.779262382520684582e+00
7.758546574648198302e+00
9.068812092963868920e+00
9.563486267840753285e+00
9.187233879639700618e+00
7.982146741782983668e+00
6.083034543216999879e+00
3.702343835957774942e+00
1.106392288336540464e+00
-1.414423182176165028e+00
-3.578111702869601007e+00
-5.142633206949760449e+00
-5.932973946488154127e+00
-5.860724017605539515e+00
-4.933966932987051024e+00
-3.256375019167424778e+00
-1.015611893708297853e+00
1.537660581708262919e+00
4.117822474560560053e+00
6.436246386524510754e+00
8.233584381505632876e+00
9.308779523591327987e+00
9.541556721059139434e+00
8.905877005670928881e+00
7.472850236178434358e+00
5.402780423920914288e+00
2.927233528374917793e+00
3.231336775737447820e-01
-2.118214516002792536e+00
-4.123712296816558265e+00
-5.469016569234090852e+00
-6.003635775087310833e+00
-5.667764542053241428e+00
-4.498973912744965276e+00
-2.628008737106058756e+00
-2.641623063882572175e-01
2.328135776010798796e+00
4.858899574060746573e+00
7.045025769344437805e+00
8.641962868613433102e+00
9.471068034289654491e+00
9.439591270100837761e+00
8.551051393746705642e+00
6.904843012955799608e+00
4.685118366350706332e+00
2.140187644157113045e+00
-4.452579408858881038e-01
-2.781993154296983572e+00
-4.608613293452952675e+00
-5.720776943148852212e+00
-5.994065624013776628e+00
-5.397903015401178450e+00
-3.998976512682864470e+00
-1.953778178999768578e+00
5.089006840519401109e-01
3.113563249596079885e+00
5.568826208376332687e+00
7.600016574102308908e+00
8.979899722245844984e+00
9.554101092279417173e+00
9.258377501217605499e+00
8.125805711813665511e+00
6.283083794877974526e+00
3.936358755352308059e+00
1.348165612200203034e+00
-1.191942447712862840e+00
-3.399787335509901087e+00
-5.028358878090489981e+00
-5.895450352820166273e+00
-5.904044852535106358e+00
-5.053171464196593021e+00
-3.438016340667560566e+00
-1.239275814319175772e+00
1.297057728512038377e+00
3.887216070448582972e+00
6.241402828457573548e+00
8.096216779648363726e+00
9.244123279252226766e+00
9.556676263609992006e+00
8.998892341485751345e+00
7.633168259394649269e+00
5.612302876442010202e+00
3.162403803738013330e+00
5.575906333469535792e-01
-1.910675289159036172e+00
-3.966203128899671970e+00
-5.378977874877856280e+00
-5.990900419759157103e+00
-5.733481809337696689e+00
-4.635511134143140310e+00
-2.819838311280684184e+00
-4.896309873414286251e-01
2.094357298346580798e+00
4.642964532379236786e+00
6.870978540363196885e+00
8.529055244478028541e+00
9.431624834147243064e+00
9.477662493665826915e+00
8.661998599737108506e+00
7.075901870366168467e+00
4.896869375318399165e+00
2.368765274348686667e+00
-2.254695622465421323e-01
-2.595483200947367397e+00
-4.476009727280112926e+00
-5.656560544639555488e+00
-6.004986385677879568e+00
-5.482272282955364062e+00
-4.146908820249164407e+00
-2.148349604119327072e+00
2.897135084145781025e-01
2.894386053877950893e+00
5.374115633836510142e+00
7.451326846820313321e+00
8.893493437967171289e+00
9.539169265755431226e+00
9.316063740419481931e+00
8.249137754151545820e+00
6.457813156226592355e+00
4.142607494761595177e+00
1.562689624760811968e+00
-9.931316778385932409e-01
-3.238738581440362641e+00
-4.922735178727524641e+00
-5.856592558443201924e+00
-5.935756783119048308e+00
-5.151356267084164386e+00
-3.591197408240074385e+00
-1.429936556052344265e+00
1.090471768172743605e+00
3.687861732454928543e+00
6.071445720447524508e+00
5.737213156428914829e+00
6.509849936040740914e+00
6.752739704408352139e+00
6.438688280224937444e+00
5.602854490676151045e+00
4.338814117705716455e+00
2.788083417241978168e+00
1.124275169186153001e+00
-4.663387911555609833e-01
-1.805682247917473227e+00
-2.743811500881208065e+00
-3.175702282858967163e+00
-3.053007229003568579e+00
-2.389467604165916637e+00
-1.259373545996926858e+00
2.107545619128849967e-01
1.856331973101856381e+00
3.493136452634520772e+00
4.937932876846284458e+00
6.028986344670729025e+00
6.644167217542886306e+00
6.714621280280013593e+00
6.232474905446308000e+00
5.251713070516045079e+00
3.882132508349410926e+00
2.277047561030255629e+00
6.161256437158146859e-01
-9.147256854856009589e-01
-2.144168221805308416e+00
-2.934609671083581173e+00
-3.197600895259936404e+00
-2.903730865701842578e+00
-2.085912548194127858e+00
-8.356929322833761553e-01
7.069986803828065547e-01
2.369515631876656592e+00
3.965817951115298889e+00
5.317292158666949042e+00
6.272736583080826378e+00
6.725275882341328781e+00
6.624312298457235570e+00
5.981177491153534476e+00
4.867854700502455501e+00
3.408916296461534490e+00
1.767580641115217510e+00
1.274495792483514300e-01
-1.328029685755044209e+00
-2.436080911101604851e+00
-3.072799235625202297e+00
-3.167001388129425887e+00
-2.708178405339972006e+00
-1.747663314758738817e+00
-3.928848556879733778e-01
1.204648985608124168e+00
2.866293375715726732e+00
4.406240660770910367e+00
5.652293421770391291e+00
6.465115114838095423e+00
6.753807273854803839e+00
6.486072830220258822e+00
5.691829945822875381e+00
4.459872317843126766e+00
2.927948544385110097e+00
1.267368180065604477e+00
-3.361464443145250058e-01
-1.703223930897984850e+00
-2.680903357266642306e+00
-3.159747847655096198e+00
-3.086098532701337493e+00
-2.468097435718801247e+00
-1.374802977306079477e+00
7.150817396618003308e-02
1.708997530613176608e+00
3.354357185860544988e+00
4.823318362308817164e+00
5.951283851919599854e+00
6.611775504906246326e+00
6.730629462304687394e+00
6.294344936653354594e+00
5.351644556392082919e+00
4.008063006921368299e+00
2.414161263159098070e+00
7.486788151172893979e-01
-8.014942482789617628e-01
-2.062283701615418963e+00
-2.891985377537969359e+00
-3.197210406967240903e+00
-2.943425661411759986e+00
-2.158896785574194954e+00
-9.315796841313868093e-01
6.007024672647900410e-01
2.265704362188378340e+00
3.876099151786143615e+00
5.250545898751951768e+00
6.234116165992197978e+00
6.715778711428196601e+00
6.640967120518814326e+00
6.017804357823182571e+00
4.916269534650185236e+00
3.460386069754503247e+00
1.814297670482902136e+00
1.637904037644715149e-01
-1.304662798636515575e+00
-2.424973607636417672e+00
-3.070244737683960334e+00
-3.167179928989098503e+00
-2.704457342401409559e+00
-1.734104609372681960e+00
-3.657031745384604626e-01
1.245938932379719644e+00
2.918264951525599393e+00
4.461629111171244944e+00
5.700802825998300349e+00
6.494889003977194264e+00
6.753379453827921708e+00
6.446521519246562804e+00
5.608801043124360675e+00
4.335127604824240422e+00
2.770136699996233354e+00
1.091808091746465648e+00
-5.087495114309827926e-01
-1.849054675001694736e+00
-2.776074566467919613e+00
-3.183734162291651071e+00
-3.025106199608245117e+00
-2.317875313586260422e+00
-1.142433291490419389e+00
3.671977192062065853e-01
2.038596545545591443e+00
3.680603869016678686e+00
5.105174782998512129e+00
6.148926500158566455e+00
6.691911006767167436e+00
6.671452045185336743e+00
6.089444440712153295e+00
5.012258520135871365e+00
3.563238557531271944e+00
1.908635098483681736e+00
2.385688806794776795e-01
-1.254798702228333784e+00
-2.399384322816040527e+00
-3.063044024121018172e+00
-3.168881395673959656e+00
-2.704223508096382123e+00
-1.722209482606686048e+00
-3.357854006857938778e-01
1.295224483386180347e+00
2.982497684390611248e+00
4.530936275529722224e+00
5.761229622221927471e+00
6.530647578103302209e+00
6.749649853687540002e+00
6.392373098378586249e+00
5.499759917905752360e+00
4.174943181873967291e+00
2.571396714493006996e+00
8.752057700562615450e-01
-7.165006014566146497e-01
-2.018458956751427280e+00
-2.878860553391118682e+00
-3.197101577258334881e+00
-2.935613554046995421e+00
-2.124375168143184833e+00
-8.575551132454370951e-01
7.173479527964492508e-01
2.416624468499924738e+00
4.041751777665501422e+00
5.402582287805819838e+00
6.339614327299704755e+00
6.742734832517621513e+00
6.564226100677400311e+00
5.824492597534721483e+00
4.609811702063362659e+00
3.062345739900675934e+00
1.363562519044220211e+00
-2.870092095093110807e-01
-1.695206691831160128e+00
-2.695093154160672189e+00
-3.168557265379636778e+00
-3.059331899207585526e+00
-2.379760638129986727e+00
-1.209489255346255288e+00
3.137907530908696785e-01
2.010480282931542462e+00
3.680208505039499478e+00
5.125484039581555962e+00
6.175071303791890287e+00
6.704323197971689297e+00
6.650050716234231274e+00
6.018147944478856814e+00
4.883043100608959186e+00
3.379012765163536880e+00
1.684363058645077293e+00
3.333665545151021092e-04
-1.472786619975463562e+00
-2.559494028782551833e+00
-3.130025499678144474e+00
-3.115918960540531746e+00
-2.518310512691274372e+00
-1.407951510778396198e+00
6.215720689588215553e-01
1.777362478021573766e+00
2.933587570599202277e+00
3.951958363113828643e+00
4.710467253143260535e+00
5.118034940938438915e+00
5.125492720476125363e+00
4.731570561979980383e+00
3.983155167362754767e+00
2.969767099997111526e+00
1.812900377642055583e+00
6.514881602223858703e-01
-3.747706456108668149e-01
-1.142224425188939740e+00
-1.558197038341838869e+00
-1.572225458878243831e+00
-1.182238798108111499e+00
-4.349154283989045133e-01
5.798452385465038272e-01
1.739688921861365145e+00
2.904527233020274934e+00
3.933445938746755743e+00
4.701761515103387801e+00
5.116160384928075899e+00
5.126079086920648287e+00
4.729931938704439176e+00
3.975412332865605247e+00
2.953810326628806493e+00
1.789016102458086177e+00
6.225278492217340975e-01
-4.037257491748560412e-01
-1.164664644046058406e+00
-1.567333378012551570e+00
-1.562304555839891140e+00
-1.149805168116776688e+00
-3.797994466320453455e-01
6.540030668363301380e-01
1.825503204333954521e+00
2.991561626866505286e+00
4.009477625616449714e+00
4.754464348648870242e+00
5.134979115995884413e+00
5.104021594336105139e+00
4.664999484440311761e+00
3.871422517902211258e+00
2.820440686785709694e+00
1.640999420613669102e+00
4.780497932914877790e-01
-5.252566107397149686e-01
-1.245202306375238877e+00
-1.592794065758626143e+00
-1.524814791842927786e+00
-1.049258422338316343e+00
-2.244570421553646611e-01
8.480140949282004570e-01
2.035798283733887271e+00
3.192062955320158046e+00
4.173644078666525203e+00
4.858788206029849732e+00
5.162291557868719849e+00
5.046149262998579132e+00
4.524377289250436363e+00
3.661387763126203065e+00
2.564096948207478022e+00
1.368725258849943227e+00
2.239131519880022125e-01
-7.277578013471899254e-01
-1.367541989087207366e+00
-1.615386268423879557e+00
-1.440002340684787274e+00
-8.628808913143264370e-01
4.427515460587350127e-02
1.168400533105639072e+00
2.369115900279465503e+00
3.496234577447634884e+00
4.408547588749911483e+00
4.991537573759537771e+00
5.171796724379122523e+00
4.926328217141813681e+00
4.285545442385245707e+00
3.329570163525372717e+00
2.178271479447079884e+00
9.762766404427323241e-01
-1.251772364049961173e-01
-9.872758736825284487e-01
-1.501149398545236213e+00
-1.601667856011572688e+00
-1.275756788519772478e+00
-5.641637035752795626e-01
4.435706755966926096e-01
1.620324359210679077e+00
2.817392431831266641e+00
3.883263270462988803e+00
4.682803932736266717e+00
5.114424350453305124e+00
5.123036277955693940e+00
4.707147634451326113e+00
3.919170812846986873e+00
2.858882077688071899e+00
1.660839815184051771e+00
4.773414077655819820e-01
-5.409269476353548711e-01
-1.264090344206373118e+00
-1.599687052069810100e+00
-1.504545383689303684e+00
-9.904030837258339659e-01
-1.225297075145044268e-01
9.884963344065048618e-01
2.200828331240743285e+00
3.359432987309802776e+00
4.315912070984207816e+00
4.947530352645779672e+00
5.173007517002684352e+00
4.963036840302870623e+00
4.344161986674794029e+00
3.395490833733726177e+00
2.238643801136679379e+00
1.022205958054660524e+00
-9.733523286795420226e-02
-9.757239464984119870e-01
-1.499551062388518652e+00
-1.600944746264059138e+00
-1.266427502146641348e+00
-5.387759621459231596e-01
4.883811294577835582e-01
1.682553631224469548e+00
2.889441289213535491e+00
3.952856185499691755e+00
4.734946106214767525e+00
5.134099048389877851e+00
5.098199053439600448e+00
4.631497221891830662e+00
3.794183670685657983e+00
2.694690773232281789e+00
1.475703122924868937e+00
2.956723320764131913e-01
-6.917727292362307878e-01
-1.357845747424970106e+00
-1.615441670456307932e+00
-1.430587331273193374e+00
-8.269911277031791741e-01
1.169261623166266695e-01
1.278157447728851315e+00
2.505093094308244339e+00
3.637291574005329764e+00
4.526461984024198415e+00
5.055914175074867956e+00
5.155921887547685323e+00
4.812969904641731134e+00
4.071650602838259303e+00
3.028935524479677177e+00
1.821548414298499896e+00
6.080761684257098842e-01
-4.518468773276831385e-01
-1.218551093803235563e+00
-1.590772924941947331e+00
-1.519085864967209432e+00
-1.012532365290741421e+00
-1.375580496345527592e-01
9.906374699378465154e-01
2.223216319234652349e+00
3.397308188121189954e+00
4.357527706189596728e+00
4.976561274607361085e+00
5.172092998102171713e+00
4.917813560258031735e+00
4.247031570680849910e+00
3.248382728069218572e+00
2.054179549978258468e+00
8.229246015899626121e-01
-2.817075883225026445e-01
-1.112635544307702062e+00
-1.558987695622767955e+00
-1.560950422717160002e+00
-1.117851749021405272e+00
-2.883793230957092391e-01
8.171232925546138004e-01
2.051280281054443044e+00
3.249296640552628013e+00
4.250955152233228063e+00
4.922062244231822703e+00
5.172469681666528984e+00
4.968246142278669453e+00
4.336347157150843401e+00
3.361131453976015315e+00
2.173163460012014880e+00
9.317794630552345136e-01
-1.962610568334595129e-01
-1.059181645335673050e+00
-1.540641560648406294e+00
-1.575474734280533529e+00
-1.158578717902891686e+00
-3.457321137962576785e-01
7.537972136063946227e-01
1.991883428894682506e+00
3.201462207842527885e+00
4.219064643439843110e+00
4.906927551357235018e+00
5.171687262620721981e+00
9.290695951971901678e+00
