9.957393260705496019e-01
-7.114583545536144804e+00
-1.018980764235816849e+01
-6.663188722356974125e-01
-1.046477657003997308e+00
-1.072975476133620987e+01
-6.724567488551302041e+00
1.761692330860648248e+00
-5.530497258027032181e+00
-1.154937728815233910e+01
-1.798147486513095750e+00
7.580111647721992085e-01
-1.022454540303178128e+01
-8.757163597823904411e+00
1.982730754218473557e+00
-3.529057978537503804e+00
-1.250380600835030265e+01
-3.499696626127363430e+00
2.354501128241780705e+00
-9.064987061579440564e+00
-1.081318356376368328e+01
1.546288771241338011e+00
-1.267029726394737210e+00
-1.288293673297713937e+01
-5.674209376613807976e+00
3.536141122895635647e+00
-7.273554118419650827e+00
-1.267560219305122260e+01
3.955801084176391313e-01
1.057368899750053437e+00
-1.255619823607991492e+01
-8.170056087245473719e+00
4.114434024535951195e+00
-4.932465474130549588e+00
-1.412287508427624871e+01
-1.470989246877559165e+00
3.215780903925505640e+00
-1.147070828733613546e+01
-1.068756098482059791e+01
4.047485926595886241e+00
-2.670775741944491521e+00
-1.497887428535417520e+01
-2.750206489212914107e+00
4.333437319770968799e+00
-1.156926750040365448e+01
-1.093602104987023793e+01
5.043914069608248951e+00
-4.322336732214706601e+00
-1.534754675396132129e+01
8.347509737870817403e-01
1.989644656644794729e+00
-1.525239780054903704e+01
-4.716011726427585593e+00
5.311952531616105588e+00
-1.272380598015094222e+01
-9.094126176660759953e+00
6.262976222392145687e+00
-1.002019710618504789e+01
-1.168315523004813983e+01
6.215631813576530718e+00
-8.356417217628385075e+00
-1.276037556494775060e+01
6.173807638743731729e+00
-8.183566568317433010e+00
-1.259785876748313527e+01
6.472311827862727185e+00
-9.576428523486367084e+00
-1.107826526730132954e+01
6.736266907971380391e+00
-1.227971745685434968e+01
-7.778031187559633963e+00
5.890156792426912702e+00
-1.536201628436176136e+01
-2.550458308848059907e+00
2.478231522677288190e+00
-1.684380755203881819e+01
3.450840946789206498e+00
-4.202238868134675620e+00
-1.419752877981792771e+01
7.113647161220349346e+00
-1.232240937840358797e+01
-6.527894149708433957e+00
4.776706903526184433e+00
-1.709097299816315996e+01
2.847475700633532725e+00
-3.868867622302295750e+00
-1.421410661519690066e+01
7.504419203678777350e+00
-1.350420345310413239e+01
-4.939128676628516068e+00
3.724026625893317899e+00
-1.747547465743635442e+01
4.859052609389276967e+00
-6.602758605463876940e+00
-1.238763559281882998e+01
7.685884542109249651e+00
-1.495169055297146521e+01
-4.442236366650444523e+00
5.006887389172215208e+00
-1.728417319346995384e+01
-1.641373691218656727e+00
4.626930150533420161e+00
-1.666032395893834561e+01
-5.587709836570926569e+00
7.455598749054310304e+00
-1.122274457558961913e+01
-1.431168139239792225e+01
5.277094359954540792e+00
7.724650346305335091e-01
-1.698742759710055594e+01
-6.565130908901690709e+00
7.655704643768531881e+00
-7.633028606465876109e+00
-1.642877982560606398e+01
2.007223150642833964e+00
4.047091109569411316e+00
-1.496224464712920543e+01
-1.048671544531224242e+01
6.837184418525005469e+00
-2.614447945165355502e+00
-1.718634184635795492e+01
-4.715977294604919656e+00
7.296781033694356822e+00
-6.483073644399203417e+00
-1.696773217001499034e+01
-3.172618673535137823e+00
7.145925790571350689e+00
-5.569632372079705185e+00
-1.697917683578599224e+01
-6.573394020694847129e+00
6.658210362419684003e+00
1.095757272613653299e-01
-1.467689828426132870e+01
-1.362555656163449136e+01
1.064156345068680842e+00
6.484851021402914029e+00
-5.180872835802647458e+00
-1.634982702781856290e+01
-1.090224419191549288e+01
3.073771827438655180e+00
5.613571540301114382e+00
-6.844310787456203471e+00
-1.649357274422617436e+01
-9.226146918303467004e+00
4.507397256333732116e+00
3.670709503291298859e+00
-1.107777933669711601e+01
-1.530491680299468804e+01
-5.710882875166944928e-01
-4.910786835096637049e+00
