3.466457344655401673e+00
-1.764169959355432749e-01
1.171669024705434659e+00
3.591360783883207120e+00
2.057657978078686334e-02
9.099363693617151805e-01
3.650641935626410817e+00
1.828170101507144985e-01
7.198064914674864312e-01
3.678841907246741982e+00
3.367581288611549706e-01
5.376112581143592806e-01
3.690024689945980985e+00
5.582084735907387740e-01
2.762311404032271600e-01
3.656442782151534843e+00
9.918568120581982006e-01
-1.369111651418142284e-01
3.424755852346363483e+00
1.824014323094141243e+00
-5.591374333495942039e-01
2.627966514511459017e+00
3.007575917572038904e+00
-3.541831457577719888e-01
9.897494456611741764e-01
3.686330580756091546e+00
1.301095919404284595e+00
-5.394203433733570918e-01
2.304011498161444571e+00
3.481885242722424056e+00
5.190168661024354702e-01
-3.236847090875767385e-01
2.603390845966559120e+00
3.438369805007523539e+00
6.319635104852003860e-01
-4.672087275968759279e-01
2.115515004314097780e+00
3.662289722067021192e+00
1.462869227583555976e+00
-5.966513671035218458e-01
1.012053775568966030e+00
3.514816347289857035e+00
2.705669017892168959e+00
-3.699588975485590403e-02
-1.750462501437637375e-01
2.497307808343999902e+00
3.610935691931251856e+00
1.370609491311487904e+00
-5.930132820480658040e-01
8.762761355834979282e-01
3.411227310410002822e+00
2.953613079495924332e+00
2.405944656941363391e-01
-3.975877948795176753e-01
2.053278398963570783e+00
3.688708295224480960e+00
1.906366343902469840e+00
-4.569735622125041807e-01
3.596889172378969768e-01
3.057349325514260308e+00
3.340630956552619324e+00
7.563761764331914383e-01
-5.764747483807570738e-01
1.470865025016339311e+00
3.631017664979904414e+00
2.448973248990220508e+00
-1.868790504690021059e-01
-5.256579799829830257e-02
2.640416987056080966e+00
3.567093510532179490e+00
1.232941972910245765e+00
-6.047565604405358286e-01
1.021553964195413666e+00
3.488493104439715609e+00
2.802998212361893060e+00
7.769784549212164215e-01
5.977964103997158718e-01
1.953417917622245703e+00
2.637780776343836564e+00
1.532713950629829736e+00
4.413261282247513684e-01
1.150654587602383927e+00
2.500763547439390777e+00
2.274961189936806960e+00
8.418007417870531084e-01
5.611223863183004701e-01
1.898512281437966465e+00
2.645432222417938739e+00
1.563515918356754630e+00
4.443953007964347446e-01
1.147964755674723891e+00
2.506433406719362988e+00
2.255738220596613886e+00
8.115497772791200326e-01
5.879089286228197375e-01
1.961950173130550201e+00
2.630070319606844009e+00
1.467458628893232753e+00
4.288749717396345140e-01
1.266803796198257448e+00
2.568726698166994282e+00
2.131652207146236488e+00
6.934024403646212864e-01
6.948363529307453046e-01
2.136218864388995442e+00
2.564053930875099141e+00
1.246183277648143406e+00
4.325146533789931969e-01
1.517417207419154757e+00
2.643427296004836613e+00
1.875931027107942572e+00
5.322941931976743479e-01
9.276683716715015127e-01
2.382575401454402719e+00
2.382697466173414824e+00
9.251561669252705844e-01
5.363634535671979453e-01
1.893991484159004202e+00
2.637812329233158781e+00
1.469732873286002661e+00
4.263476129277270488e-01
1.333120301756715476e+00
2.604738148044450252e+00
2.010145911628628212e+00
5.912025683118932173e-01
8.447582730496937531e-01
2.326645150881341717e+00
2.421485085479856636e+00
9.590215493929306056e-01
5.280601748191446898e-01
1.895336403903340905e+00
2.633362383923019134e+00
1.426916337044089378e+00
4.241901609294798092e-01
1.416676968499645861e+00
2.632192078721950157e+00
1.892975813145637787e+00
5.223768627141387455e-01
9.831507131439157776e-01
2.448844639601231776e+00
2.278052946402354451e+00
7.764416786475571985e-01
6.581858824438840960e-01
2.139917908610174280e+00
2.535434889366867672e+00
1.124006850817974801e+00
4.719563797189350041e-01
1.769432990410215512e+00
2.650386358817391930e+00
1.512768109636120961e+00
