1.061974409653360985e+00
6.923206111977382449e-01
-4.312250207357914977e-02
1.670055432874074652e-01
9.721158056462630981e-01
8.110316920131157570e-01
-2.587618223392484929e-02
2.223168675826663332e-01
1.043473616612036192e+00
5.712138412445397773e-01
-1.097078511848328386e-01
6.640843876321844697e-01
9.685857510575102136e-01
3.513420863573646358e-03
3.300522728892619773e-01
1.067142934002149435e+00
1.449284135806787055e-01
2.098161604959392634e-01
1.073336827731963705e+00
1.395370883979279442e-01
2.764856744926019738e-01
1.050394402566918517e+00
-2.473036622887836433e-03
5.364497290379406369e-01
8.802516885682564185e-01
-1.104348114837712114e-01
9.219243004522270635e-01
4.225582133359599979e-01
1.423783217570601112e-01
1.051384574877650913e+00
-3.176238893858702728e-01
9.348204123193019077e-01
5.335578268961507220e-01
-4.305588661367698577e-02
1.293739387477471858e+00
-3.582271335914430921e-01
1.102171064675992351e+00
2.477526925155411619e-01
2.762132422073180216e-01
1.064929440765585156e+00
-3.314335238412327023e-01
1.333490399360830914e+00
-2.212229674778132260e-01
8.904190126533417793e-01
4.444336360926295915e-01
1.464973825262778639e-01
1.120007990572335910e+00
-3.389376215397542635e-01
1.336966329706520629e+00
-2.611487559818094217e-01
9.892195710657842866e-01
2.895385408564177809e-01
3.307523733456318449e-01
9.490244744818070455e-01
-2.278049877757073460e-01
1.323711326383603115e+00
-3.651906718683675113e-01
1.205886454185005174e+00
-1.105848145662774451e-02
6.679857833498812347e-01
8.757962110609487372e-01
-7.422889780638568524e-01
2.351193975958010274e+00
-1.740474424798740039e+00
2.692771427285830743e+00
-1.337041225540471778e+00
1.571730690419033349e+00
3.452339025623902824e-01
-3.903716384256719074e-01
2.207721656059301374e+00
-1.731135832892026549e+00
2.647857522655086449e+00
-1.045985789353223838e+00
8.844279495410285463e-01
1.391598024380904519e+00
-1.471937195463438153e+00
2.725546292291689987e+00
-1.020594921706791336e+00
4.077823902766845587e-01
2.171424503693489161e+00
-1.762182970900603163e+00
1.593465292074056627e+00
1.503392564891220973e+00
-1.778900669798530121e+00
1.620793526714691790e+00
1.833977381765334425e+00
-1.682587938016586460e+00
4.349695942687510364e-01
2.703056764969880454e+00
-2.985648283351050036e-01
-2.706312679468199534e+00
2.142494756603466222e+00
3.628673994824241689e+00
-9.273951427860103180e-01
-2.900859387143339685e+00
9.854170274807699803e-01
4.015352837702872435e+00
1.437295960866106448e+00
-2.583750311418720358e+00
-2.032017737799506563e+00
2.183179877793224755e+00
3.936891750492961695e+00
7.282252967220712581e-01
-2.836771713470096934e+00
-1.613587110518603485e+00
2.662089435393659276e+00
3.742157733663499908e+00
-1.650235977730646342e-02
-3.035386795534591453e+00
-7.417836482099973150e-01
3.416892437382656134e+00
3.087112080525643787e+00
-1.247305064156681853e+00
-2.918333760897255047e+00
6.630846784255921555e-01
3.964466905615212866e+00
1.875335186503802376e+00
-2.370481911629074734e+00
-2.204752722059567738e+00
2.110493226797514943e+00
4.949448944992866473e+00
4.185466927845756802e-01
-4.013441174250942822e+00
-1.557065717040330810e+00
4.013160649112082368e+00
4.198981967361114620e+00
-1.264572152743347777e+00
-4.078638915745413485e+00
2.593579728753570013e-03
4.804389370450943275e+00
3.099591108508066739e+00
-2.536420420539916343e+00
-3.645165210558862778e+00
1.426723212672002195e+00
5.083769228229011006e+00
1.860006635493582250e+00
-3.423122788551503870e+00
-2.872950339993242785e+00
2.687779991298202997e+00
4.953362766393462735e+00
5.385734325749753637e-01
-3.961574313732467711e+00
-1.819551730397824585e+00
3.764672479091492274e+00
4.436285184870082610e+00
-8.141696248030501071e-01
-4.123500655326088449e+00
-5.272617587969754549e-01
4.583668947455642240e+00
4.067290338926254023e+00
