4.664050050360528665e+00
1.625713532974256914e+00
-3.781322622944954137e+00
-2.454442956381165164e+00
3.372569314372028337e+00
3.890127168678567227e+00
-1.773041366388271367e+00
-4.083221042948128598e+00
8.486544560249478231e-01
4.720010284387910815e+00
1.013640940312307670e+00
-4.030984804443837000e+00
-1.921561022232134430e+00
3.790823313014552998e+00
3.489768984539367125e+00
-2.317908762947498591e+00
-3.855423244040198316e+00
1.465501358976787127e+00
4.687514401961991872e+00
3.866278418054388544e-01
-4.196973480909922394e+00
-1.347185228078683572e+00
4.138616172568709395e+00
3.025542886787162544e+00
-2.812645662058093077e+00
-3.547824377349235281e+00
2.057640934369829200e+00
4.567353873673518194e+00
-2.436512067644192037e-01
-4.276338191778582321e+00
-7.418324788493214639e-01
4.409686694661375306e+00
2.505702317879558993e+00
-3.248499419511204245e+00
-3.165596203544850606e+00
2.614924456618355375e+00
4.361212511673209669e+00
-8.668230579203471953e-01
-4.267291105182427380e+00
-1.150718834003375268e-01
4.599074535087043891e+00
1.938265589263770128e+00
-3.617664726529676855e+00
-2.714677954903340851e+00
3.126857373564726927e+00
4.072354723576239621e+00
-1.470074625460689788e+00
-4.168413023906893500e+00
5.346903316151342400e-01
4.705100895141296924e+00
5.799076878994304796e-01
-1.227257116271036619e+00
-5.596722019051244557e-01
1.448139578698823815e+00
1.329033355598093991e+00
-7.240117138262542884e-01
-1.126125234339798720e+00
8.445364907929651110e-01
1.704552118389314863e+00
-9.382265010803586547e-02
-1.330070868653193017e+00
2.453525164348601684e-01
1.772926012694695519e+00
4.360639599205293204e-01
-1.305299433215265204e+00
-1.945586328190425096e-01
1.696241193915057455e+00
7.786427372945222691e-01
-1.212101281524339935e+00
-4.407016053028870450e-01
1.613940023457280493e+00
9.328535860023157156e-01
-1.159575905141446484e+00
-5.074729996908000640e-01
1.601748929097435159e+00
9.142885163304608209e-01
-1.190247761935475879e+00
-4.021720554787471258e-01
1.669740499169106052e+00
7.175064765608901718e-01
-1.281438467412926663e+00
-1.073102997742289566e-01
1.760627393496758231e+00
3.190730474880760226e-01
-1.338515544997238127e+00
3.945436556308878906e-01
1.740778251439980995e+00
-2.743943123325682798e-01
-1.191570695214642317e+00
1.049258168521976620e+00
1.415560821152428872e+00
-9.350364351426515563e-01
-6.465512633259503650e-01
1.632144156513056554e+00
6.343593842128699700e-01
-1.331220967399152411e+00
3.433240749672340497e-01
1.721013126415715799e+00
-4.752986730586299391e-01
-1.007483772053528792e+00
3.518673373572973606e+00
2.194488354109610295e+00
-3.945896559007642690e+00
1.449785328982719501e-01
4.410056243091794670e+00
-1.746303350699355939e+00
-2.978542735039713119e+00
3.831739191883319684e+00
1.487173341267751692e+00
-4.080170155606021254e+00
1.369499729678474775e+00
3.843168430586294537e+00
-3.075548482711267795e+00
-1.396724393008793363e+00
4.509301874392764198e+00
-9.030331437679360862e-01
-3.329165324623920341e+00
3.702282879988621378e+00
1.382814331546699638e+00
-4.065071889549908057e+00
2.102814107515554642e+00
3.122566834535570823e+00
-3.808393143569069661e+00
3.626966691277922483e-01
4.121816687399063817e+00
-2.982851748265772596e+00
-1.116661244752972237e+00
4.493619254257262163e+00
-1.984012669481091784e+00
-2.188734249816588040e+00
4.471386793811571003e+00
-1.078942338844159021e+00
-2.871535829400873041e+00
4.283655554702159307e+00
-4.072942861895501032e-01
-3.250526712201821766e+00
4.099279573855685754e+00
-2.388420084304382351e-02
-3.410620146321202029e+00
4.017207103377362643e+00
5.708387187965346943e-02
-3.399627248435619808e+00
4.072787664423122678e+00
-1.658364882042676625e-01
-3.213976571149268047e+00
4.242535501811843801e+00
-6.873600283957340684e-01
-2.799658396193484222e+00
4.440805868135320189e+00
-6.170514652352304674e-01
