-1.761445332328960278e+00
-5.607302776213881401e+00
-5.674143211693371214e+00
-9.545258778822653944e-01
-3.687739534208872350e+00
-2.673536770167180165e+00
-1.386444920444756645e+00
-4.682889444608420604e+00
-4.801826366815146407e+00
-3.132544633896531927e+00
-3.221827641502404305e+00
-4.716333788747320455e+00
-5.362857385110338271e+00
-2.222710783195296358e+00
-1.784683802442140088e+00
-5.465286157230588415e+00
-1.822187139280363688e+00
-3.115217769467578890e+00
-4.815893740938284040e+00
-1.067455106356279160e+00
-4.410481348474929675e+00
-4.324391904870442005e+00
-1.197318061851538662e+00
-2.636640390029827863e+00
-4.988959433461677584e+00
-5.160608862676972386e+00
-4.342797638464673149e+00
-3.876096816601880768e+00
-4.140065045405180832e+00
-4.948348526693362892e+00
-5.052481237121832613e+00
-2.674917021845689913e+00
-1.616132526896754129e+00
-5.154140225371254935e+00
-1.526464038757058939e+00
-5.068231441330316223e+00
-1.469855508977010894e+00
-3.239057514610513167e+00
-5.092675672677295928e+00
-4.525615691824862452e+00
-3.882525795607784325e+00
-4.064712529418913256e+00
-4.854075245092285940e+00
-4.608115534658162815e+00
-1.942765113986969272e+00
-3.036331895012423399e+00
-4.101504729100259539e+00
-2.559122548132431785e+00
-2.838679296683017661e+00
-4.911325407919889585e+00
-3.074337088566824860e+00
-1.737710882327180961e+00
-1.518408611356337312e+00
-1.507163672829401335e+00
-1.732353957265962530e+00
-3.100994965422252392e+00
-4.959214147956276797e+00
-3.109678296736904102e+00
-1.982663819543504014e+00
-4.923908135382019324e+00
-1.511514103645289264e+00
-4.690735605825885557e+00
-2.793974577447932095e+00
-1.967950374353181209e+00
-4.909799221426811577e+00
-4.012719567955610245e+00
-1.680393771509711698e+00
-1.651814134417353808e+00
-3.345221736899944620e+00
-4.814629162544891372e+00
-5.155490537249149519e+00
-4.528511874201058163e+00
-3.465492979787248018e+00
-2.422857360684637307e+00
-1.659713054994677472e+00
-1.271626158856616451e+00
-1.256483336764601999e+00
-1.564315088036491330e+00
-2.123707397115872197e+00
-2.851012777056535441e+00
-3.650446856847338051e+00
-4.412018454748546148e+00
-5.013164096646455903e+00
-5.329177611793094016e+00
-5.256028523918265805e+00
-4.745506226613923850e+00
-3.845777669868960302e+00
-2.731093780119959291e+00
-1.696462454633091532e+00
-1.094243980050354281e+00
-1.208289103300856482e+00
-2.099279664117303490e+00
-3.498108074134199441e+00
-4.839676935239177524e+00
-5.482196162871529665e+00
-5.043490605960441187e+00
-3.667366229415285339e+00
-2.027885999978943588e+00
-1.012222102771281218e+00
-1.223190492038794819e+00
-2.585041543979631484e+00
-4.324182550731565655e+00
-5.421927523276222516e+00
-5.228573755219456665e+00
-3.859589473952656391e+00
-2.134423076588357837e+00
-1.084612829951195678e+00
-1.330084282279395014e+00
-2.708248577682038860e+00
-4.381932553654653617e+00
-5.352875173769331418e+00
-5.060142021668762702e+00
-3.700807248159370122e+00
-2.091351431650452675e+00
-1.170576452703817605e+00
-1.451825992934675513e+00
-2.745000908791324079e+00
-4.293463683379446394e+00
-5.224091139997932842e+00
-5.038454842854726223e+00
-3.869600350878646733e+00
-2.379011745549035162e+00
-1.374414661187924880e+00
-1.372987223812029978e+00
-2.345026240934498851e+00
-3.758492604361746370e+00
-4.878606062102285534e+00
-5.150371982246296554e+00
-4.465530215801996938e+00
-3.190888017281676259e+00
-1.963283217173578565e+00
-1.368786171543066477e+00
-1.668013700931473720e+00
-2.692647059926983832e+00
-3.947191679820869048e+00
-4.853011825004756474e+00
-5.013370776817242636e+00
-4.380091995765610591e+00
-3.256304284598419141e+00
-2.146176363575058588e+00
-1.527374103093772639e+00
-1.648718015026025885e+00
-2.436671860807276158e+00
-3.542188666328248914e+00
-4.498843538860706204e+00
-4.919765406828927823e+00
-4.650684785541956856e+00
-3.820440094818192911e+00
-2.775725070849215381e+00
-3.236100910406010556e+00
