-1.792468397122070067e+00
-1.684710869201530015e+00
-1.723339633494005874e+00
-1.890895269353179531e+00
-2.108354491822927557e+00
-2.272091289443710860e+00
-2.303327832381087514e+00
-2.186420795218942281e+00
-1.977149221938975243e+00
-1.776383951657412918e+00
-1.681422602702927538e+00
-1.738544799521914541e+00
-1.920166068031569084e+00
-2.138109955370231852e+00
-2.286672365644071281e+00
-2.294242928496576184e+00
-2.157915051595439504e+00
-1.944094567134124762e+00
-1.755279037258455910e+00
-1.680087933060510297e+00
-1.751572639397474429e+00
-1.933921471891377308e+00
-2.142347505591664536e+00
-2.284113212120978176e+00
-2.299924747317579676e+00
-2.187136085075722658e+00
-1.996624676346942850e+00
-1.807720817200699992e+00
-1.694233369482959661e+00
-1.696350478357824709e+00
-1.808578351645296234e+00
-1.986046928295938763e+00
-2.164223157284689503e+00
-2.283027117533534156e+00
-2.306361430510448951e+00
-2.231241907707190109e+00
-2.085227452470488352e+00
-1.914844961191483730e+00
-1.757682902867489627e+00
-1.672816445780763051e+00
-1.675350614902088697e+00
-1.760534598575508980e+00
-1.903217724914183284e+00
-2.066186066097842833e+00
-2.210196499899026001e+00
-2.303090096867695724e+00
-2.326127240083429193e+00
-2.276686685920458419e+00
-2.167407099178658925e+00
-2.022526762586859483e+00
-1.872521157861735341e+00
-1.748175660222580197e+00
-1.675051147143022057e+00
-1.669017208995785539e+00
-1.733248274985123238e+00
-1.856886493226807433e+00
-2.015524739238697016e+00
-2.173769289039655384e+00
-2.290363939982516861e+00
-2.326549168372589182e+00
-2.258139718827015141e+00
-2.090541507439826585e+00
-1.872545036137027941e+00
-1.698438845372949757e+00
-1.680260121086906366e+00
-1.871575420498160724e+00
-2.171781079925411362e+00
-2.327458325890667812e+00
-2.144038232676650502e+00
-1.779453965987389807e+00
-1.685908326068303209e+00
-2.029039153802984163e+00
-2.324975675794334951e+00
-2.097953532386562792e+00
-1.702222031022309068e+00
-1.745876647071001653e+00
-2.243890371776141368e+00
-2.363655054439772307e+00
-1.994326289789363882e+00
-1.646647558205696971e+00
-1.633996798345478840e+00
-1.873374171208181505e+00
-2.160471482709456215e+00
-2.354319032415453705e+00
-2.380775519381128191e+00
-2.224007699028785368e+00
-1.955448204469809825e+00
-1.705423634469959149e+00
-1.597327759258675872e+00
-1.684298158118939348e+00
-1.922708678332628374e+00
-2.195449437853546293e+00
-2.370960447450886299e+00
-2.366804424547981789e+00
-2.186980943971815972e+00
-1.917418539724296656e+00
-1.684526446315899761e+00
-1.597111796797099803e+00
-1.696237479638678769e+00
-1.935490728961114293e+00
-2.202706671534524041e+00
-2.372641716641085807e+00
-2.365658348320785809e+00
-2.185034121611521218e+00
-1.915422042735564601e+00
-1.683182739946923245e+00
-1.597168849899851750e+00
-1.697705257941072965e+00
-1.937677812985003856e+00
-2.204604195848916426e+00
-2.373353918011125607e+00
-2.364810558863473577e+00
-2.137236252344132392e+00
-1.933071917052024524e+00
-1.758018622632814276e+00
-1.694150611273170570e+00
-1.771414827627150856e+00
-1.953587352412496481e+00
-2.155255551800792535e+00
-2.281864539137126613e+00
-2.274051292364102306e+00
-2.135478787608191098e+00
-1.931118922182560871e+00
-1.756789172679821931e+00
-1.694226638188259582e+00
-1.772764251302381133e+00
-1.955578038762131321e+00
-2.156953266449162410e+00
-2.282473353841038666e+00
-2.273287970130969171e+00
-2.133704720469984828e+00
-1.929168373872375275e+00
-1.755575954662682125e+00
-1.694315169329519755e+00
-1.774106647208562704e+00
-1.957539707972029142e+00
-2.158613337390745457e+00
-2.283057443685667653e+00
-2.272529702231827820e+00
-2.131967144471362818e+00
-1.927270044193726051e+00
-1.754405077398228263e+00
-1.694413824856628725e+00
-1.775419788612642824e+00
-1.959445138214371385e+00
-2.160216602238026695e+00
-2.283611821754511162e+00
-2.271784037063203421e+00
-2.130279488185353731e+00
-1.930790015223483369e+00
