-7.286206392274037213e-01
6.274534638893829452e-01
-8.790652038767747811e-01
-4.342458829415157595e+00
-7.678696091389801914e+00
-8.879406178800902438e+00
-7.221344815683037766e+00
-3.702533426338492806e+00
-4.415860994513027826e-01
5.982951870825816698e-01
-1.208353761689906936e+00
-4.773294997867695066e+00
-7.951118550075339186e+00
-8.831500745869412583e+00
-6.887570596379939403e+00
-3.289390227340682316e+00
-1.971927815540817086e-01
5.367843455986101020e-01
-1.523413984484431882e+00
-5.141651782878167154e+00
-8.154440808732299928e+00
-8.765496409405187705e+00
-6.614764391111782160e+00
-2.986864947717555729e+00
-4.069826409208054940e-02
4.758426166273350688e-01
-1.739460711403387094e+00
-5.370062711779765685e+00
-8.265813052862952759e+00
-8.716495542800302587e+00
-6.389906475158917409e+00
-2.868607393411095607e+00
-9.236754636374655547e-02
3.046020913289755327e-01
-1.909291964701290034e+00
-5.429887192773137805e+00
-8.186017175838342652e+00
-8.556917790690174996e+00
-6.324030969453147577e+00
-2.799868144097053424e+00
-5.836692291457801218e-02
2.834230389607217404e-01
-1.980875867441763472e+00
-5.518828926747862518e+00
-8.237415730505858846e+00
-8.517276053886996934e+00
-6.179609833222015958e+00
-2.609571402141703800e+00
5.187468666279215768e-02
1.853695801401213927e-01
-2.313702310774523596e+00
-5.936922233064336751e+00
-8.453435940168478879e+00
-8.279410300553367463e+00
-5.491656941514158952e+00
-1.828607222921873277e+00
3.715034287738259167e-01
-3.359216250569918572e-01
-3.528211704037643948e+00
-7.131390124501466588e+00
-7.727821002924073923e+00
-6.566924435031509688e+00
-3.741945326761717094e+00
-1.172900538716845631e+00
-6.502100072904548611e-01
-2.571270530940747534e+00
-5.607721707472431483e+00
-7.596762189325472647e+00
-7.080404995330521700e+00
-4.400293096020480021e+00
-1.509699699649226012e+00
-5.689293109856099484e-01
-2.317846923660097147e+00
-5.458983920369697707e+00
-7.587071875526341991e+00
-7.027352055237921391e+00
-4.182588614299638685e+00
-1.285608335998256635e+00
-6.661576665287758381e-01
-2.859605018995537762e+00
-6.104643276091135995e+00
-7.725234372785433123e+00
-6.341844979337610155e+00
-3.083472552010081635e+00
-7.078802788235227794e-01
-1.276112424147798130e+00
-4.332610913355805060e+00
-7.222245918302945711e+00
-7.376844523152476185e+00
-4.622041855101873153e+00
-2.699418587155941296e+00
-2.311319531888978318e+00
-3.599783321517407764e+00
-5.386660563027548143e+00
-5.999457678722716736e+00
-4.842552615733914934e+00
-3.001053299861831114e+00
-2.244517889640267327e+00
-3.323060122832287799e+00
-5.198630769307781563e+00
-6.020994476383207505e+00
-4.955245273239329507e+00
-3.054693111018284668e+00
-2.243687366151982054e+00
-3.366845942366234912e+00
-5.283542945645047340e+00
-6.002615241448165939e+00
-4.754574216490886407e+00
-2.841844478745654712e+00
-2.301969084564966295e+00
-3.730776371726894247e+00
-5.597198907993901074e+00
-5.864176221424260760e+00
-4.221996217555350484e+00
-2.474982355802808343e+00
-2.574493020503656915e+00
-4.425033053591659105e+00
-5.945974622914593333e+00
-5.401341692921996618e+00
-3.399265469003917239e+00
-6.916566329564104443e-01
-2.563654615705279749e+00
-6.263457621498304206e+00
-7.472945866215459532e+00
-4.758241928476862448e+00
-1.301475100656623418e+00
-1.185986643746068214e+00
-4.558139142424225909e+00
-7.424595914640467420e+00
-6.381379936278836595e+00
-2.665156025139194362e+00
-6.897249356709065360e-01
-2.800328376896152882e+00
-6.489559745134231505e+00
-7.380444377293374103e+00
-4.419695666184983551e+00
-1.117405463616623518e+00
-1.382026544180851690e+00
-4.897863497195221072e+00
-7.506377227789702289e+00
-6.124842444090743854e+00
-2.386845704959539738e+00
-7.096419950598726878e-01
-3.075093732746290165e+00
-6.688178152009632171e+00
-7.278760685793209007e+00
-4.148031024735015393e+00
-9.966914708629310837e-01
-1.551687925667836421e+00
-4.786687957049654329e+00
