2.067441061185312901e+00
-4.901727938722126865e+00
1.654310996951785295e+00
-2.783937499210411559e-01
-4.199360420591351506e+00
3.078415036049132691e+00
-3.088687566278155661e+00
-1.610303020989874767e+00
2.344568399344125531e+00
-4.901052669668113815e+00
2.020409230116420929e+00
-1.316423162543353342e+00
-3.088652583660204787e+00
2.996944416808480671e+00
-4.514084857524100158e+00
4.666650842622295237e-01
1.136442687788702166e+00
-4.894514763821502967e+00
1.368610502318474698e+00
1.418394125569316433e+00
-4.667416821865980836e+00
-1.717224095931642713e+00
3.100766415218429994e+00
1.974809770987406843e-03
-4.707331046103902850e+00
-2.630873419421937864e+00
2.475729763869324085e+00
1.804753759316867434e+00
-3.572999824378027434e+00
-4.079506757075967549e+00
1.466547048734176073e+00
2.371738779489248383e+00
-3.512691339026384085e+00
-3.534432243436558263e+00
2.639866190471106044e+00
8.878508612553837054e-02
-4.890967740282897047e+00
1.085601296802412463e+00
1.380556448549001392e+00
-4.903046857274527603e+00
1.129589992980764457e+00
7.841579536644489590e-01
-4.796260449978893448e+00
2.347895748282395001e+00
-1.076041060685695161e+00
-3.839946847085753845e+00
3.122782825472251833e+00
-2.915885280405649649e+00
-2.429906172430190026e+00
3.064265902334829317e+00
-3.987275798922092385e+00
-1.844243919360054385e+00
3.292653435950876784e+00
-3.783871313664972647e+00
-2.642650587372918025e+00
3.451791124734969962e+00
-2.026703863807586270e+00
-4.582203504634769331e+00
2.148434770272828143e+00
1.624771493988013571e+00
-4.728085430504091136e+00
-2.463082199721478460e+00
3.246046363520121325e+00
3.491621622851526219e-01
-5.028353206406065645e+00
-2.212865134864856920e+00
3.184771293415724180e+00
8.511262253766602726e-01
-4.743671885562529056e+00
-3.041056864631955126e+00
2.755817102295016863e+00
1.662751329231548336e+00
-4.274053895133497427e+00
-3.688156727031572490e+00
2.321547592811537442e+00
2.149002714616401910e+00
-3.887122426835841082e+00
-4.071987276451516813e+00
1.960099767187915454e+00
2.477455294020269427e+00
-3.526315317250712678e+00
-4.373870383869714829e+00
1.577833522256278265e+00
2.768478680075510123e+00
-3.104570893484758010e+00
-4.659861392809736103e+00
1.103199403466364137e+00
3.047541134176467992e+00
-2.568798976850718674e+00
-4.924143860887337354e+00
5.041027163172187020e-01
3.285099171355017056e+00
-1.911482677332825508e+00
-5.121349593352690022e+00
-1.993517910355904199e-01
3.429927587166631042e+00
-1.176803410398836736e+00
-5.205683838863178536e+00
-9.513098552218879345e-01
3.449522939909440034e+00
-4.047990136362787927e-01
-5.301328161107597303e+00
-1.729985450045534723e+00
3.477754541692406498e+00
3.561293320318259514e-01
-5.121607404032917366e+00
-2.468009681047549364e+00
3.237068690815673833e+00
1.065096478796285773e+00
-4.824135825250589704e+00
-3.143198023066279045e+00
2.887115524596500560e+00
1.703085841117841781e+00
-4.425741485723766466e+00
-3.741717819556724223e+00
2.443723711499547591e+00
2.260654271213895505e+00
-3.940242720395296327e+00
-4.256951638268922977e+00
1.918865775987270705e+00
2.731854071315944488e+00
-3.378901540290213390e+00
-4.682173972005992724e+00
1.324116371642511947e+00
3.109046118749054788e+00
-2.754050452405707894e+00
-5.009282490131589327e+00
6.727134205490232777e-01
3.384105799062748332e+00
-2.079886534970075473e+00
-5.230488012281978349e+00
-2.019116421315991783e-02
3.549871084304681013e+00
-1.372472849649881699e+00
-5.339495527787256002e+00
-7.376936968987546361e-01
3.601113540856752948e+00
-6.494647101376733733e-01
-5.332311945847378887e+00
-1.461489187154194624e+00
3.535221425165143039e+00
7.029462514818141106e-02
-5.207837198291683123e+00
-2.172315004735166699e+00
3.352727633382074579e+00
7.672488650040227842e-01
-4.968356059884413867e+00
-2.850454328776769408e+00
3.057792205982373890e+00
1.272100209108385283e+00
