9.652431086677041305e-01
9.626690130067961926e-01
9.650448122842636423e-01
9.644370820420652413e-01
9.628499333040410058e-01
9.656212221357601821e-01
9.634703014697327816e-01
9.635754849517068621e-01
9.656171937794331139e-01
9.627469615099347733e-01
9.645474960747432158e-01
9.650417055819465739e-01
9.625496036434009195e-01
9.653697840892569992e-01
9.641639072755983086e-01
9.628862494937701078e-01
9.657842910764558031e-01
9.633165063362021385e-01
9.635543859768285202e-01
9.657575779834003393e-01
9.627197929339521565e-01
9.643041886167106336e-01
9.654133389969343781e-01
9.624334950955744095e-01
9.649569389605756609e-01
9.649196929017089808e-01
9.624039629100680227e-01
9.654365201681879283e-01
9.644111912168593648e-01
9.625386043513602941e-01
9.657355203958212231e-01
9.639669198179565690e-01
9.627697164490326420e-01
9.658664330582119595e-01
9.636255208948543149e-01
9.630172007601008888e-01
9.659022146630995564e-01
9.633743444027458303e-01
9.632463958838609619e-01
9.658878472337999455e-01
9.631780491079374729e-01
9.634709604838287422e-01
9.658388264528974254e-01
9.629955762167792255e-01
9.637360613732606218e-01
9.657388456477804528e-01
9.627918013281532295e-01
9.641187267226123403e-01
9.655134437987186180e-01
9.625785556288933842e-01
9.647132868478378587e-01
9.649711632608318768e-01
9.625540997230122020e-01
9.654800097393712033e-01
9.638279277479392393e-01
9.633594589452297852e-01
9.656233746532623119e-01
9.626023657476739936e-01
9.652759545207487690e-01
9.636856823969466301e-01
9.639366258484122207e-01
9.649146264733655665e-01
9.630006499333905179e-01
9.655267751838465529e-01
9.626554379977474429e-01
9.656919588654448994e-01
9.625907348792887008e-01
9.657107883449964625e-01
9.625928213322881843e-01
9.656849194320256125e-01
9.626680802313163365e-01
9.655197598193012709e-01
9.629672577510909326e-01
9.650535238772912638e-01
9.636069707643725168e-01
9.642715927740050930e-01
9.644619720349572045e-01
9.634363756820152336e-01
9.651864512136769658e-01
9.628846622753671758e-01
9.655478405696997779e-01
9.626920637078779652e-01
9.656033502287872938e-01
9.627822822128697666e-01
9.652526781819672497e-01
9.636560097590262108e-01
9.635949987318198628e-01
9.656669414035854437e-01
9.632008290213315282e-01
9.629550822358485807e-01
9.649495680717854462e-01
9.657772200078513780e-01
9.651235530273568619e-01
9.640526375255589198e-01
9.632161770843993276e-01
9.627295517735001695e-01
9.624918480234501139e-01
9.623848610070269149e-01
9.623331316463278329e-01
9.623042989356908050e-01
9.622953275540873097e-01
9.623193411206319992e-01
9.623953543777459263e-01
9.625404259555740971e-01
9.627640184848319516e-01
9.630648642909187540e-01
9.634306151318301481e-01
9.638400702735291370e-01
9.642671817331620598e-01
9.646856649351770452e-01
9.650730554386529603e-01
9.654133993475283448e-01
9.656982665721692838e-01
9.659262338494379874e-01
9.661012673264719464e-01
9.662305069436181171e-01
9.663218539771787352e-01
9.663815525069284762e-01
9.664116807902641826e-01
9.664071319368614521e-01
9.663549562546833727e-01
9.662513765655829090e-01
9.660896564345428095e-01
9.658556806563416419e-01
9.655331723395929044e-01
9.651094577067184099e-01
9.645826662813495878e-01
9.639702554918823107e-01
9.633174446993703066e-01
9.627025132557034404e-01
9.622343200290504051e-01
9.620367502394254755e-01
9.622165245534416433e-01
9.628164050891961923e-01
9.637657026861287113e-01
9.648517145954030871e-01
9.657426408670182205e-01
9.660844730434207106e-01
9.656628054128368888e-01
9.645686681207130686e-01
9.632604603744606697e-01
9.624179221253710281e-01
9.625801470970848372e-01
9.637346547311596012e-01
9.651695576240819641e-01
9.658423777420455103e-01
9.651646983917930855e-01
9.636301588064354329e-01
9.625887382744865439e-01
9.641492988996178681e-01
