7.416227148834508398e+00
7.622670865878167668e+00
2.025123926758013226e+00
-3.977618579721242220e+00
-4.595671101108379730e+00
7.672641791070092809e-01
6.938363254896347421e+00
7.965002956279209734e+00
2.856731466813380749e+00
-3.458977522559137263e+00
-4.889669227104029403e+00
-5.507476717267745236e-02
6.381068015415865879e+00
8.209808853576316068e+00
3.666823570574936575e+00
-2.865235846060845581e+00
-5.084607578599292133e+00
-8.500527416666412428e-01
5.753146963767049371e+00
8.354374800844738047e+00
4.443945621967976933e+00
-2.205431629030863760e+00
-5.178449401885858450e+00
-1.606717374456965164e+00
5.063748496880538852e+00
8.397269743497620453e+00
5.177706298400516438e+00
-1.488675849213465963e+00
-5.170269887894789917e+00
-2.315296282631702951e+00
4.321764930902979529e+00
8.337936201194775521e+00
5.859005944852702541e+00
-7.234172618892711348e-01
-5.059684932688941927e+00
-2.967406747555578761e+00
3.534920078689003375e+00
8.175893596859882706e+00
6.480186665386683309e+00
8.360103829700826772e-02
-4.845826466477472394e+00
-3.555732254906723178e+00
2.709557864095118340e+00
7.910008000055608335e+00
7.032851019778446400e+00
9.238881930399877040e-01
-4.528482248303368429e+00
-4.068843427815386882e+00
1.859989258438469406e+00
7.543236511987866599e+00
6.855984279775472423e+00
1.756047045119593308e+00
-3.489862118856834172e+00
-3.821456809035066016e+00
1.082930604343262493e+00
6.491630579284485059e+00
7.183615065159864699e+00
2.490259670132013881e+00
-3.057336521411698094e+00
-4.104995964091646243e+00
3.548678070793522821e-01
6.018458439735426602e+00
7.430071085711954737e+00
3.231416323584178407e+00
-2.537153760592341101e+00
-4.308533354977403640e+00
-3.518262426115446040e-01
5.506562109109841785e+00
7.576353311018295678e+00
3.871751631243686820e+00
-1.988991056189058693e+00
-4.425765184497615579e+00
-1.267693821064388882e+00
4.451690317502942307e+00
7.615460944651132102e+00
5.653915748016470566e+00
4.262057803743359852e-01
-3.795808543863656404e+00
-3.924602556821814581e+00
-1.474379901497557821e-01
4.713857113894889928e+00
7.502373850564711510e+00
6.746042146543908657e+00
3.192351445964633605e+00
-1.055153010914547718e+00
-3.906424109938123834e+00
-4.276560130030510720e+00
-2.321150161488289232e+00
9.456469841543444499e-01
4.267784814675882110e+00
6.656801033680650903e+00
7.633119598769163794e+00
7.212042140413139180e+00
5.739464820520813859e+00
3.691733077362578275e+00
1.516258448643858170e+00
-4.579047079997837777e-01
-2.045095803552520408e+00
-3.185446448654043472e+00
-3.907951404821613295e+00
-1.531088290540294938e+00
-1.606416148379633757e+00
-1.603108874323146082e+00
-1.563296484973875078e+00
-1.518617225474842680e+00
-1.489783237731678867e+00
-1.487098072157909012e+00
-1.511129146085345543e+00
-1.553159699434063512e+00
-1.595418728215423521e+00
-1.611406725097471959e+00
-1.566894350431198291e+00
-1.422337684763784083e+00
-1.137454079216654534e+00
-6.784310841310401408e-01
-2.759776583785256143e-02
8.056490392156092639e-01
1.775153162466861057e+00
2.793168406202680920e+00
3.734386138662999510e+00
4.451747935942953482e+00
4.804072012564116534e+00
4.691130657906137813e+00
4.087252972824749975e+00
3.061909023859527679e+00
1.777141450415520962e+00
4.579449553133760897e-01
-6.587600235208186383e-01
-1.381830015439274195e+00
-1.611425672559173350e+00
-1.357093630885971791e+00
-7.234543921837177649e-01
1.290082976406101700e-01
1.031866688259781339e+00
1.848017838526822221e+00
2.490892899352680878e+00
2.921288338123228190e+00
3.127005875880633390e+00
3.094106273761274117e+00
2.780341186003161269e+00
2.107794119321450665e+00
1.011146384810392540e+00
-3.955881077632068532e-01
-1.510294211282860566e+00
-1.087897665481265541e+00
1.752370737006559542e+00
4.717112131492545046e+00
2.580736582299920201e+00
-1.596645070278001288e+00
4.566276941283571311e+00
