2.542250361831833061e+00
6.844209222942472248e-01
2.047292768059140400e+00
2.261695528951117584e+00
6.409443557421934390e-01
2.412309834995268965e+00
1.845359688213357163e+00
7.791613373925275754e-01
2.673035600930312228e+00
1.378836741159636947e+00
1.094201649611056704e+00
2.743090998228409294e+00
1.002294202818001079e+00
1.460560112510254971e+00
2.661480816551186734e+00
8.037897186747016143e-01
1.695074955481406853e+00
2.589594737766157451e+00
7.691476177909384315e-01
1.663488128706609004e+00
2.654344850247950305e+00
9.182619385796526590e-01
1.296350083075582305e+00
2.742978146348372004e+00
1.464775182142058485e+00
7.413204493287826047e-01
2.316382212254759487e+00
2.444615007660146944e+00
8.888545940860181904e-01
1.041048517067441281e+00
2.672110535772265649e+00
2.526884169881444375e+00
8.516651674198539856e-01
6.388611742454604059e-01
2.140924218935233991e+00
2.937422312286958270e+00
1.939273294835100803e+00
6.264861313496479234e-01
6.614138904319759593e-01
1.882126916581409848e+00
2.869383112333968811e+00
2.670531363935086944e+00
1.589376510923307340e+00
6.256907165383105429e-01
5.072166237826245538e-01
1.222190395281286701e+00
2.213575780606390708e+00
2.862677579946373285e+00
2.855785146917941830e+00
2.269437416734702229e+00
1.436186776376084051e+00
7.377587776397415142e-01
4.401625625318072998e-01
6.190264512169141309e-01
1.171731917786944077e+00
1.885063641874192841e+00
2.521152780461675569e+00
2.891927860414405416e+00
2.904880733530509573e+00
2.575220299580390559e+00
1.989435736261366383e+00
1.384716069990972853e+00
8.659544546986122082e-01
5.613162028969591599e-01
5.404685591551685597e-01
8.020030485302186429e-01
1.277523034079723896e+00
1.850217917970128356e+00
2.383150114804022390e+00
2.750901348133016011e+00
2.867846313859735652e+00
2.707173563256334070e+00
2.306710312838621046e+00
1.760309293655383245e+00
1.196552968774045933e+00
7.492659028824362188e-01
5.262424474710336586e-01
5.832445496796025974e-01
9.094677766094683147e-01
1.428371840227851353e+00
2.014409763877848647e+00
2.522439249996040189e+00
2.823306658038515771e+00
2.837101947427278503e+00
2.555525502366341239e+00
2.046915770105656396e+00
1.441465331859237864e+00
8.991763783882793515e-01
5.679549153514007465e-01
5.425747108032397126e-01
7.904236308667517141e-01
1.354710787745886380e+00
2.018364161884991681e+00
2.591511144662746347e+00
2.904416651425124396e+00
2.858940883647916209e+00
2.461589829231380477e+00
1.826579067686422420e+00
1.145622821427095150e+00
6.314019761387088536e-01
4.507758633990690544e-01
6.686409269112671971e-01
1.221757070947370405e+00
1.933600001795542367e+00
2.568369563412650880e+00
2.908619767229427833e+00
2.831309807588468175e+00
2.355350251743712597e+00
1.641517335826872870e+00
9.412060367956259777e-01
5.090117107284684028e-01
5.089351346829191769e-01
9.490121401025529702e-01
1.671307789635316565e+00
2.405087426473953016e+00
2.866881157132517899e+00
2.871196892095039477e+00
2.408367059287680245e+00
1.655810949840731849e+00
9.136367847042292656e-01
6.480057865852573151e-01
7.082821226865071429e-01
1.180442803117154771e+00
1.870935224998069302e+00
2.487576687724390112e+00
2.762675445407950292e+00
2.571189564000372574e+00
1.991009763805044797e+00
1.275031346267797350e+00
7.429166923760180952e-01
6.379039232240362178e-01
1.013023445591965999e+00
1.701122301958687633e+00
2.386639808389638961e+00
2.749681807403463019e+00
2.616822000593341357e+00
2.046657422383429736e+00
1.306548323779759047e+00
7.482307707354315385e-01
6.398484857391775193e-01
1.035350641194577648e+00
1.746150216352255979e+00
2.430715928804661807e+00
2.759277857583733340e+00
2.573444984096427746e+00
1.962858145003224974e+00
1.221664065328027293e+00
7.063033922911949869e-01
6.638617006102820461e-01
1.150898481468962231e+00
