1.204944622850418146e+00
1.022958051979082850e+00
-5.794747898100613970e-01
-1.854331817538163119e+00
-1.283388441742128183e+00
6.768280293495081423e-01
1.425280362907644260e+00
-5.572300215626101449e-01
-2.007005635582357339e+00
3.025226114268836364e-01
1.344468315488031251e+00
-1.709951524689003133e+00
-6.521015552340082566e-01
1.608601498000963526e+00
-1.709911967511177577e+00
-4.871311105658904239e-01
1.544500386639016787e+00
-2.031413710409827988e+00
-4.563849898413574468e-03
1.358077119410781242e+00
-2.244805926003214935e+00
2.539298961017489864e-01
1.350140794970061231e+00
-2.293766786064910246e+00
1.693806800982378125e-02
1.672393981384111106e+00
-2.079559516645125505e+00
-7.480178991155279622e-01
2.045643589538101992e+00
-1.383694091309247032e+00
-1.757619535798267130e+00
1.998066039664251559e+00
-2.146561035749443014e-01
-2.533643126012417923e+00
1.287505781159687057e+00
1.083112879142317686e+00
-2.674282888124071000e+00
5.831336973953726854e-02
2.044550180166491149e+00
-2.086930880342920958e+00
-1.286615090827037511e+00
2.368914744977319575e+00
-9.918586831302490525e-01
-2.345675622567117369e+00
2.037156312555514770e+00
2.548675572652308596e-01
-2.898838145528532362e+00
1.240429108058513252e+00
1.347064730133961552e+00
-2.932463851270405986e+00
2.360368344412768216e-01
2.117267161812932841e+00
-2.562786309499028192e+00
-7.635629608374527866e-01
2.530176628883011869e+00
-1.941411114985889697e+00
-1.635316924676736949e+00
2.626479358125719532e+00
-1.186828392902008922e+00
-2.332461928371861948e+00
2.460240532192128793e+00
-3.733558158626822943e-01
-2.835741144095042188e+00
2.074607039499885897e+00
4.421906264051370661e-01
-3.129789313085257874e+00
1.508181422227667268e+00
1.207603698711123608e+00
-3.202807877577203310e+00
8.024477823773001894e-01
1.871870033568109992e+00
-3.050120467921674461e+00
5.821032542714849045e-03
2.386233554916009858e+00
-2.678179772040686579e+00
-8.253264684238096338e-01
2.707612731184812382e+00
-2.107753761746609555e+00
-1.628153016858056912e+00
2.803083617396341154e+00
-1.375651501132326926e+00
-2.336874704327442931e+00
2.654517089087153003e+00
-5.346165844538524059e-01
-2.887853673669496857e+00
2.262619315192425873e+00
3.488199397844751193e-01
-3.225710365510121136e+00
1.649702988978946072e+00
1.198578939414876254e+00
-3.309825314031349386e+00
8.605847994408015733e-01
1.935233611283656785e+00
-3.120486161345521481e+00
-3.889736207243810195e-02
2.483821548237663990e+00
-2.663838520044643055e+00
-9.661011989271625078e-01
2.782669428491810315e+00
-1.974739910056774628e+00
-1.828665116898768872e+00
2.792490586891696935e+00
-1.116773585326708229e+00
-2.535292292978911455e+00
2.506265216737994184e+00
-1.774486393289119446e-01
-3.010106212924844371e+00
1.952508221491679130e+00
7.440943204011177814e-01
-3.203218037383439132e+00
1.191563620879224406e+00
1.550197681373863823e+00
-3.098224776748269793e+00
3.073823104125971151e-01
2.159234586544061418e+00
-2.713528666931226407e+00
-6.060270883535516795e-01
2.515193686723590449e+00
-2.096383757059577579e+00
-1.456506151200504195e+00
2.590588559489585663e+00
-1.315271141515686137e+00
-2.161587395578307813e+00
2.386642696075342851e+00
-4.530418779693463072e-01
-2.655691249775394613e+00
1.932591965072627094e+00
4.019936330296213223e-01
-2.896745904176594610e+00
1.281835630571031004e+00
1.165378569528714214e+00
-2.869586093927646075e+00
5.055659789083806199e-01
1.764893109868336918e+00
-2.586410497342589654e+00
-3.151122952984626302e-01
2.147332055583857091e+00
-2.084466586793167764e+00
-1.097712713727963862e+00
2.283076579078250123e+00
-1.421331210240280862e+00
-1.766654883568339773e+00
2.168117398901355575e+00
-6.683765335753657499e-01
-2.260528937528420990e+00
1.823460460168251807e+00
9.688736006768922104e-02
-2.537675114695254752e+00
1.292053707890630676e+00
-2.365718201300941459e-01
