3.637454655653600710e+00
4.185938063705711087e+00
1.633426904002356350e-01
-4.883650891325992838e+00
-6.505160783781159139e+00
-3.271518500704790888e+00
1.966207090512063882e+00
4.589967605355686153e+00
2.286420569423410765e+00
-2.913420458199487140e+00
-6.424909506433455597e+00
-5.152003078715939210e+00
-2.170096121019482460e-01
4.028938317750231590e+00
3.842232533563381125e+00
-6.125103310062369744e-01
-5.407589802959877012e+00
-6.315234273736923143e+00
-2.535183039848056374e+00
2.599732162551362968e+00
4.562109831804448845e+00
1.621741463717337073e+00
-3.628880744761534771e+00
-6.560336585757758243e+00
-4.587990356381096646e+00
5.491606488989045909e-01
4.321741055365864170e+00
3.403502633265972577e+00
-1.395953541991731939e+00
-5.844992482970954306e+00
-6.020937092550999736e+00
-1.768657495762778975e+00
3.162649937951949042e+00
4.425094126627798552e+00
9.055876841384994380e-01
-4.292750955882098651e+00
-6.586589076455036995e+00
-3.953466891009352668e+00
1.285013471332596247e+00
4.510124024825899802e+00
2.878307871211415847e+00
-2.171675749584111692e+00
-6.187292415751083574e+00
-5.627999820471638159e+00
-9.869212526225571436e-01
3.643935200237124583e+00
4.181572218391539586e+00
1.519573539366029236e-01
-4.892022853458399823e+00
-6.503120032884269541e+00
-3.260837789859408087e+00
1.976122228728871999e+00
4.590360066599698641e+00
2.276914760789747749e+00
-2.924461407500909438e+00
-6.427740399458580889e+00
-5.144096953451396281e+00
-2.053128195033065984e-01
4.034108317184887049e+00
3.836286918218832831e+00
-6.243592891248257448e-01
-5.414897464402254279e+00
-6.311529769243905186e+00
-2.523699016713687016e+00
2.608879882428012387e+00
4.560833199530645032e+00
1.611132187706147079e+00
-3.639483674619924169e+00
-6.561569222786879152e+00
-4.578735913924218970e+00
5.607599605912786389e-01
4.325450245614300471e+00
3.396029531047981997e+00
-1.408034214035103648e+00
-5.851026749470362276e+00
-3.978783181807791003e+00
-1.448862989590862682e+00
1.478123508316070644e+00
2.221481676356588775e+00
1.257971300616430588e-01
-2.961204764968019987e+00
-4.317693082387768833e+00
-2.747537859259646442e+00
3.648734583076788107e-01
2.275086553102972253e+00
1.298541931508649050e+00
-1.703728617060022987e+00
-4.084108244788080100e+00
-3.743212264137993461e+00
-9.815764872045044109e-01
1.765144277502467496e+00
2.074307015253336495e+00
-3.268174607148977007e-01
-3.320387766950419373e+00
-4.266033165305514352e+00
-2.329785361907471319e+00
7.805175256930040328e-01
2.321852947836535730e+00
9.352726963388092729e-01
-2.156258602206206465e+00
-4.227287106243836412e+00
-3.449328919457940401e+00
-5.101223202429374659e-01
1.995212659903164543e+00
1.878932578355815064e+00
-7.273007804238980079e-01
-3.553789079256127525e+00
-4.209544211645579459e+00
-2.194756195978966762e+00
7.829061340246402656e-01
2.312545698548299722e+00
1.231764470337696871e+00
-1.553897965283876248e+00
-3.898422915486233098e+00
-4.091700679752833913e+00
-2.062783480621432908e+00
6.937349251412082696e-01
2.265720430007925668e+00
1.639124713227142038e+00
-7.066704522640606667e-01
-3.218467071533209101e+00
-4.318901496646160076e+00
-3.371894459145514666e+00
-1.000167516745408713e+00
1.357930259632495140e+00
2.323154989788043689e+00
1.356947593938504060e+00
-9.665161004582247806e-01
-3.308389534803986454e+00
-4.319457593533680750e+00
-3.395910135687428166e+00
-1.042303907601896062e+00
1.363112885165302046e+00
2.320651936758856504e+00
1.126292905287598511e+00
-1.553121339787125965e+00
-3.894924777696530782e+00
-4.036960896731618398e+00
-1.605961891090958549e+00
1.471724928405176325e+00
2.122672894263070820e+00
-7.506204357631873769e-01
-4.020934063596223851e+00
-3.151867123032372042e+00
1.056785793844810417e+00
1.831306095632257769e+00
-2.648536785545695604e+00
-3.786027491263056266e+00
1.186238990054828246e+00
2.124971689315234169e+00
