1.390417802322862162e+00
1.903556680019344860e+00
1.706134578983559358e+00
1.067184165457177425e+00
2.738609906099902513e-01
-4.806801169022884013e-01
-1.087969360477913039e+00
-1.466266495699673378e+00
-1.498592504487345156e+00
-1.006210883380024512e+00
1.371237289700537876e-01
1.539301862103944263e+00
1.719848660532450335e+00
-2.823773947998862166e-01
-1.479354692586692277e+00
8.669855109363121537e-01
1.527352084680432931e+00
-1.330397103894895849e+00
1.759981476941934186e-01
1.652431402013742723e+00
-1.411900568854617788e+00
6.897229099320575374e-01
1.104651069286117782e+00
-1.508037726819563495e+00
1.590844708395307450e+00
-7.216164031689259462e-02
-8.443472433466362448e-01
1.899189010554002799e+00
-1.163846289139774726e+00
3.320339503160220085e-01
1.366563867951294586e+00
-1.536381654674596753e+00
1.239540768293124540e+00
6.201680067612524994e-01
-1.413963468207330543e+00
1.623818619741388858e+00
2.258840625101117272e-01
-1.317934440461865808e+00
1.644993073352523538e+00
3.783246427470653428e-01
-1.456891421184800084e+00
1.278985640302208182e+00
1.091452110305473067e+00
-1.481647688491579906e+00
1.869153291638341874e-01
1.875954119215910598e+00
-4.570564005262641727e-01
-1.314684552527942696e+00
1.168021838795625822e+00
1.559429386113863725e+00
-7.373957711453578145e-01
-1.022530511406662512e+00
9.990216647640437486e-01
1.531302700011667461e+00
-3.005176154100896446e-01
-1.295763695416380923e+00
1.330640778903200427e-01
1.640426261602741409e+00
9.314230379450356700e-01
-8.690021104499942028e-01
-1.140946363554837806e+00
4.544596733012271073e-01
1.676962480973159586e+00
8.793205848520018186e-01
-8.387792157598840115e-01
-1.194980077924965745e+00
2.620829603194286261e-01
1.621212817838399545e+00
1.122961907833280870e+00
-5.817563986456957270e-01
-1.292800334815769947e+00
-9.448777116421647193e-02
1.469292946324301852e+00
1.378754235430291519e+00
-2.541581493743275133e-01
-1.313040548365540516e+00
-4.127527080051727193e-01
1.277265322447441509e+00
1.534294590733636721e+00
7.868854107409978260e-03
-1.279969292436796913e+00
-6.000930285582124490e-01
1.145234857483908186e+00
1.593746733704744400e+00
1.217570598244867991e-01
-1.260649113167559232e+00
-6.378669343664703506e-01
1.137958333079248874e+00
1.584254278553570039e+00
6.059505842306531220e-02
-1.283405813869526124e+00
-5.260734750812399163e-01
1.258860366739212200e+00
1.499904687387434876e+00
-1.620305645255875615e-01
-1.314457490564244768e+00
-2.682962685827635085e-01
1.449279105668835221e+00
1.311651399054270861e+00
-4.826291689311839050e-01
-2.436279576897059318e+00
1.183555244676323670e-02
2.720980048423477182e+00
1.688921285459491717e+00
-1.557920409141292595e+00
-2.228194379811449632e+00
6.627014902975891797e-01
2.854992404899124647e+00
1.125748710962215959e+00
-1.980238969134451299e+00
-1.901419631144059874e+00
1.245151658599341626e+00
2.840765487726805816e+00
5.407558845063979991e-01
-2.278020593187647602e+00
-1.463313562244084931e+00
1.792798923407148859e+00
2.672912164802672130e+00
-1.414175742135267422e-01
-2.465143379430156045e+00
-8.228628285638069917e-01
2.332841099432019227e+00
2.281462812631236403e+00
-8.902845793474220004e-01
-2.458147760487543465e+00
-1.326906744252828729e-01
2.653050159551309850e+00
1.897633409301072938e+00
-1.273749934368090919e+00
-2.391613142325536234e+00
7.791678904813095774e-02
2.702202433699498307e+00
1.815566419822075339e+00
-1.392789512357919257e+00
-2.305122972988005614e+00
5.887637650585038074e-01
2.864828111860964643e+00
5.764209876874287763e-01
-2.433981029429929333e+00
-3.169622641852951617e-01
2.851694112514145729e+00
1.357158355869089728e-02
-2.354989236371740180e+00
1.823566818170206716e+00
1.433001965452254112e+00
-2.486513362977849528e+00
1.826175033444511708e+00
7.151560568676104124e-01
-2.000054630843834946e+00
3.062677784824264116e+00
