2.978336993295550794e+00
1.982091693015219036e+00
1.945606722436943992e+00
2.963438521752954191e+00
2.397718671930451073e+00
1.714597598677877421e+00
2.684489143181664428e+00
2.793769466166230675e+00
1.759221720784769349e+00
2.262036283833574135e+00
2.999091502611735294e+00
2.060194862005482186e+00
1.878642117419170976e+00
2.924955266352577077e+00
2.487452070301303664e+00
1.699989680186669627e+00
2.603398586326804320e+00
2.856354981996994447e+00
1.803283272114470037e+00
2.173381550453394429e+00
3.007482928118450971e+00
2.143884770260752859e+00
1.820735176476514727e+00
2.875526263478496602e+00
2.574603905948932070e+00
1.697854902513659558e+00
2.517509801613551979e+00
2.909306250378430381e+00
1.857843197691007031e+00
2.088149653578156073e+00
3.003350842568785595e+00
2.231561434373553254e+00
1.772992964327021914e+00
2.816096496654955761e+00
2.657508010348687222e+00
1.708234078331803740e+00
2.428464810562725784e+00
2.951610949125211825e+00
8.643015491391925487e-01
1.161923401876571393e+00
4.544898472001981382e+00
2.245724009202459293e+00
2.230659829842132069e-01
3.718955280424881771e+00
3.673254479653256688e+00
2.044042691612792950e-01
2.302466097963576264e+00
4.529988470542972934e+00
1.114002883395374344e+00
9.075639436408271532e-01
4.445690069846204295e+00
2.558780570478853988e+00
1.370530446538644753e-01
3.456788665910009328e+00
3.914379489658991851e+00
3.239081731553814514e-01
1.990636058806350084e+00
4.594980229636277613e+00
1.387380252240482559e+00
6.808272190064110774e-01
4.306462516941709673e+00
2.867891910985964632e+00
9.339346491127287209e-02
3.173508714631775085e+00
4.125642942946592839e+00
4.821931399678103247e-01
1.685722583898764393e+00
4.617098709167217763e+00
1.679207227981517114e+00
4.860479799744468199e-01
4.129877565214757240e+00
3.167148441070980702e+00
9.292192746707694795e-02
2.874531171823490716e+00
4.303005905468819670e+00
1.842435253377725957e+00
2.060682225308536175e+00
3.035010015934930916e+00
2.240297568510096315e+00
1.736165017404931898e+00
2.829149785070173451e+00
2.686612919720757997e+00
1.677960737710552319e+00
2.417271261067569288e+00
2.988507004293115887e+00
1.911222251415274798e+00
1.977366939380050592e+00
3.015516886327233692e+00
2.335146053364319130e+00
1.699540608903382655e+00
2.755970298334088575e+00
2.766534304890297502e+00
1.703854372860402533e+00
2.322029788713290799e+00
3.018963420097029449e+00
1.988444046626842709e+00
1.901221896685466373e+00
2.983346652474910154e+00
2.430324761456567728e+00
1.675397926563470197e+00
2.675075718220796706e+00
2.838538634037911290e+00
1.742147263645886124e+00
2.227369296304096302e+00
3.036676840834351410e+00
2.072624312970222427e+00
1.833702837915760941e+00
2.939114344809374835e+00
2.524014066539616241e+00
1.664198530111574037e+00
2.588012587063009740e+00
2.901249328621431811e+00
5.191779751012213229e-01
1.641387979398291286e+00
4.606344644735495208e+00
1.729904523688960527e+00
4.668067584690467342e-01
4.090564425856692665e+00
3.209649460553275713e+00
1.070891450516420207e-01
2.823648053523936774e+00
4.318943916604332856e+00
7.176863995039290955e-01
1.353090950538831105e+00
4.578408470682065357e+00
2.034730117179532893e+00
3.143914816198245532e-01
3.875916025182363445e+00
3.489062441408489867e+00
1.564215828462547364e-01
2.515047311132998509e+00
4.452196513755596996e+00
9.474476358102130735e-01
1.083899071339360809e+00
4.507915835902655211e+00
2.345629284847847273e+00
2.009392076684308748e-01
3.632141412184874518e+00
3.746745075559939409e+00
2.477370915753858149e-01
2.203337440289676152e+00
4.545305569983458582e+00
1.204069109414279914e+00
8.389587513146739006e-01
4.396214418371227950e+00
2.656658257367218834e+00
1.286189168377158687e-01
3.363901069162401392e+00
3.977770987204142017e+00
1.719912651657288682e+00
