5.381788394712319068e-01
-2.144647442200682264e+00
-3.271943503041760959e+00
-2.942099039252978887e-01
7.691430953937008486e-01
-2.119329460836780310e+00
-3.894900667908213876e+00
-1.705952709998101113e+00
1.124675689600705519e+00
7.150594860438734823e-01
-2.330604851611452588e+00
-4.388469118347998688e+00
-3.243321546625931973e+00
-1.126530738774085272e-01
1.947073409118226683e+00
9.651160046103821610e-01
-2.273398581610762470e+00
-4.853746622522733034e+00
-4.131241092455733011e+00
-3.743552273150634324e-01
2.544699320304998125e+00
5.756012520648527975e-01
-4.414651636804577173e+00
-4.677092612890183077e+00
1.234122266978203930e+00
2.013739660145597909e+00
-4.935697035434609248e+00
-3.007471828151497384e+00
3.386429282467665836e+00
-4.123990572703538859e+00
-2.891882423797808688e+00
3.207874908483005605e+00
-6.328112107720962776e+00
1.893138312026820591e+00
-1.955275877720116018e+00
-3.406274439307704682e+00
2.736622684768404312e+00
-6.701069041343616917e+00
4.394817202608710005e+00
-6.799850337944072010e+00
3.159131549271753769e+00
-4.507210048423488047e+00
9.790456815919124089e-02
-9.661518066703471685e-01
-3.629751126445018627e+00
2.642923797206038650e+00
-6.799821490326288576e+00
5.044552081530790488e+00
-8.113988551628803947e+00
4.996133198711873113e+00
-6.515698453339856755e+00
1.841039132825056379e+00
-2.070980405697891769e+00
-3.369408865428752620e+00
3.169751126157049015e+00
-7.744437596977758353e+00
5.759940344031960535e+00
-7.813822769173932592e+00
2.992983679373032224e+00
-2.518732446237388789e+00
-3.813688153988027629e+00
4.188786307846339874e+00
-8.567250558532281346e+00
5.430817157637489956e+00
-5.624083255768172585e+00
-1.078489278306937971e+00
2.532898166235628246e+00
-8.173968747718259209e+00
5.994943517462577809e+00
-6.587995841753046200e+00
-2.324158047285058704e-01
2.083976732044176217e+00
-8.130630631374394568e+00
6.193879288214890089e+00
-6.832198524110453697e+00
-7.510037956222137545e-02
2.055883390576024539e+00
-8.216251826370598366e+00
6.363770265187657316e+00
-7.060930197873545922e+00
1.762978919921003307e-01
1.852420846608580751e+00
-8.165407856094134331e+00
6.564048329356806377e+00
-7.539465004355335509e+00
8.375924846061433282e-01
1.224285194974174873e+00
-7.836315258172952269e+00
6.733965889436270835e+00
-8.233917592929664409e+00
1.864415576369194971e+00
2.191722575933221506e-01
-7.229651154898031784e+00
6.766084784747438796e+00
-8.905882608883494811e+00
2.937765920487917626e+00
-8.725449126613052941e-01
-6.502980008021188141e+00
6.649694809687091812e+00
-9.417603709984392779e+00
3.864469387675316447e+00
-1.924208114585402640e+00
-5.605531085759606569e+00
6.135520660034802454e+00
-9.427977952364523517e+00
4.424181730264563406e+00
-2.855136837194498067e+00
-4.629005120561735964e+00
5.450985127394550211e+00
-9.267333550848064760e+00
4.837153218072809402e+00
-3.694553989385649828e+00
-3.657088921211983923e+00
4.689224815428541859e+00
-8.992437311543081790e+00
5.164801693121265025e+00
-4.534109996757492489e+00
-2.583044342485277589e+00
3.761699544512912219e+00
-8.567274709751185213e+00
5.437047908864356849e+00
-5.447909296064439744e+00
-1.331963032987642404e+00
2.618090228812170572e+00
-7.940350567514677493e+00
5.530658851003342313e+00
-6.176008103616910105e+00
-2.979277506129180964e-01
1.681660277764125633e+00
-7.374867410173243876e+00
5.354286767867987962e+00
-6.188049264582656583e+00
-3.331999603984985292e-01
1.820291295271289078e+00
-7.399108225027441144e+00
4.891335193083026667e+00
-5.006732042435078078e+00
-2.018991718527314294e+00
3.271988259102688090e+00
-7.645254851628684456e+00
3.320338570296327951e+00
-1.942118736287889114e+00
-5.188284082365361094e+00
4.667984558478648793e+00
-6.019914876106227553e+00
-9.115800509090007386e-01
2.659555610059075370e+00
-7.210159023600371420e+00
2.376625057191841250e+00
-1.361304888632598464e+00
