-2.298094884790383929e+00
-3.647888484131716957e+00
-2.024542478340591423e+00
-3.254174596856393986e+00
-2.923651375901945126e+00
-2.219237442842231456e+00
-3.669073971009439550e+00
-2.069642778002279027e+00
-3.161409244948887309e+00
-3.025916721288314015e+00
-2.149479133206027015e+00
-3.677729883589829996e+00
-2.125554066115364016e+00
-3.063979409105181517e+00
-3.124806063253208421e+00
-2.089729748765730477e+00
-3.673864896775503208e+00
-2.191361500535907503e+00
-2.963323516437960770e+00
-3.218949575125901852e+00
-2.040733593032975968e+00
-3.657654486804552185e+00
-2.266054800522212087e+00
-2.860863254521013754e+00
-3.307096916907849238e+00
-2.003068747771037827e+00
-3.629409326147832626e+00
-2.348583373112277162e+00
-2.757946472082326572e+00
-3.388149217653450673e+00
-1.977161561378548260e+00
-3.589510007886612009e+00
-2.437953403431485810e+00
-2.655757596920525820e+00
-3.461194726843650926e+00
-1.963338152158512706e+00
-3.538268238392027865e+00
-2.533411110082127049e+00
-2.555167993158687700e+00
-3.525538409380873262e+00
-1.961967062422104391e+00
-3.475659073015019196e+00
-2.634652566266547868e+00
-2.456806854806635076e+00
-3.580352296319894823e+00
-1.973606323589814249e+00
-3.402146978052916548e+00
-2.739696901105281412e+00
-2.363679955634531815e+00
-3.623327180276040949e+00
-1.997668246101405920e+00
-3.322335548807335837e+00
-2.841212255790748209e+00
-2.282321347414193902e+00
-3.652427431789392998e+00
-2.030601403542148908e+00
-3.242721456942259994e+00
-2.934269397054548811e+00
-2.213329078853112364e+00
-3.669943191413650219e+00
-2.071930436639518813e+00
-3.157758860824636304e+00
-3.030239580094587826e+00
-2.145446381611805897e+00
-3.677905130336171613e+00
-2.135327438482101936e+00
-3.040134273236674733e+00
-3.157920612980170016e+00
-2.064926711100431245e+00
-3.664916568809549524e+00
-2.252687519271545202e+00
-2.855799607770471482e+00
-3.332250713821513166e+00
-1.986501536741484442e+00
-3.594100867515363174e+00
-2.526507728868940372e+00
-2.634692732660424141e+00
-3.397161215465668072e+00
-2.122226062723381546e+00
-3.301093490726461965e+00
-2.788855974511023295e+00
-2.381979200162383403e+00
-3.509735885967032676e+00
-2.221895758800043197e+00
-3.020918213135691310e+00
-3.118954914233875719e+00
-2.171874378227081070e+00
-3.478662501888951208e+00
-2.495575705067623495e+00
-2.635018723099541216e+00
-3.415266791151071679e+00
-2.132077349310163239e+00
-3.225958736766485035e+00
-2.916251031537954397e+00
-2.271487927739451518e+00
-3.517825749562460746e+00
-2.356023168012259639e+00
-2.791406001265870795e+00
-3.323811526643193570e+00
-2.118473861276216397e+00
-3.327974706675672856e+00
-2.785888004843588561e+00
-2.359508566023701182e+00
-3.517535677054834942e+00
-2.270709248488654186e+00
-2.914710792937517336e+00
-3.230333385214451791e+00
-2.130103183119015586e+00
-3.406153348165360306e+00
-2.659324505374050407e+00
-2.465008414072032750e+00
-3.493067735115938710e+00
-2.197370721635945934e+00
-3.048408066251027559e+00
-3.109086453588480126e+00
-2.170247093056539622e+00
-3.472797061680434005e+00
-2.519294333966721755e+00
-2.602606769564439926e+00
-3.434839318286395216e+00
-2.141526196534986326e+00
-3.190021438815304755e+00
-2.958604796855828667e+00
-2.246496261355043877e+00
-3.513272287568238283e+00
-2.384599751723084804e+00
-2.756592460731389860e+00
-3.346061454178883565e+00
-2.119031042349982741e+00
-3.306892364089942138e+00
-2.814790597666029903e+00
-2.338942015153521403e+00
-3.519430392264559782e+00
-2.285214223246523790e+00
-2.896929135161955493e+00
-3.240534047390444705e+00
-2.128109634681131457e+00
-3.394848550845432467e+00
-2.701534840943503823e+00
-2.396439347362710581e+00
-3.518119301237494501e+00
-2.321802166019345304e+00
-2.754835805864589648e+00
-3.403852367342574681e+00
-2.151922680063262039e+00
-3.076768789007349181e+00
-3.144744762153698137e+00
-2.144982263438336645e+00
-3.445469810055556081e+00
-2.377184748877979370e+00
