5.125711080511671014e+00
-1.732512422875498448e+00
1.613540223680645536e+00
2.270192234611378534e+00
-9.469817230944390651e-01
3.678546225022145233e+00
-1.765321350679875945e+00
4.301474092610808597e+00
-2.411187255762333059e+00
5.006361937602387790e+00
-2.962524452646046580e+00
4.870284203754848384e+00
-1.360645716007115702e+00
1.246353747337116902e+00
3.717142343360381407e+00
-2.952327815596931249e+00
3.925534374707623009e+00
1.869176778430696295e+00
-2.654228598224714908e+00
4.379227935310289865e+00
1.703905766380725550e+00
-2.743259730379526751e+00
3.990534767804062799e+00
2.537351047930190617e+00
-2.953515327189050854e+00
2.998459395151376494e+00
3.702362149485584286e+00
-2.799578919532087262e+00
1.594904478250426472e+00
4.663078406750450711e+00
-2.130998506757058930e+00
1.339028271568788453e-01
5.141819469553592370e+00
-1.129183588377723257e+00
-1.067120745622568201e+00
5.161209556893648909e+00
-9.443348846406296460e-02
-1.875501789714254741e+00
4.923346656654473463e+00
7.356240206914068658e-01
-2.324941234102243737e+00
4.655599095605656323e+00
1.238124933232804592e+00
-2.514309771492040824e+00
4.520513023345004378e+00
1.368674032262160001e+00
-2.515431781372476916e+00
4.589111912770194479e+00
1.110539366451642085e+00
-2.321439671367488522e+00
4.834961489643589516e+00
4.566956811664659721e-01
-1.834184635924755113e+00
5.118382587334753708e+00
-5.551782751028899732e-01
-8.957733037810164944e-01
5.165769873165080739e+00
-1.754984496814125272e+00
6.106285518396326051e-01
4.594326101359394343e+00
-2.738419712810038043e+00
2.572236527453169330e+00
3.068961775541469983e+00
-2.864255981861525413e+00
4.434055125851250168e+00
6.428542281454545648e-01
-1.527171828612430726e+00
5.192869635400320760e+00
-1.868494191311407260e+00
1.229178912862007644e+00
3.923225952637519942e+00
-2.959920295521665690e+00
4.149169749585150058e+00
8.126778182919853766e-01
-1.451578177536469560e+00
5.102717798500400193e+00
-2.185983811999784088e+00
2.000534470289378142e+00
3.110508684374323707e+00
-2.705994383284481053e+00
4.794549596269631841e+00
-5.218682766628979230e-01
-1.147599561764502951e-01
4.590947630832002524e+00
-2.825215738086870321e+00
3.528361019851187663e+00
1.462394377309416349e+00
-1.805399105439431828e+00
5.139660944521665442e+00
-1.965870356095362315e+00
1.703338270837084556e+00
3.327930280255350315e+00
-2.768356895004212337e+00
4.712247368522250568e+00
-3.615430756977722204e-01
-2.684456509898838217e-01
4.667622623713709729e+00
-2.791075634707897102e+00
3.397594500375049620e+00
1.630215293371632956e+00
-1.925997547487323214e+00
5.140800001958066190e+00
-1.827016667800048566e+00
1.477031728196940064e+00
3.530663064304030208e+00
-2.829240860559840254e+00
4.571832228833420331e+00
-6.405828270668867397e-02
-5.822130487703780499e-01
4.824744853615543505e+00
-2.680150121151002374e+00
3.041582178727431085e+00
2.067538094162483020e+00
-2.213268007327097830e+00
5.100666273837813236e+00
-1.442632461064623062e+00
9.207332285023667184e-01
3.972041072994818123e+00
-2.901784099640001724e+00
4.199284770888093377e+00
5.919699952310565338e-01
-1.188887649112656764e+00
5.046364410034801296e+00
-2.363458559259798086e+00
2.316040188216829332e+00
2.837800243671067868e+00
-2.611451000363908648e+00
4.882834674477262382e+00
-6.848482212689470661e-01
1.569773312759537021e-04
4.563769395723114464e+00
-2.821306939984682405e+00
3.450008196525663262e+00
1.639977248780323027e+00
-1.980185364874826881e+00
5.134823629186939797e+00
-1.663959928072406225e+00
1.171148101508978190e+00
3.823761399080676693e+00
-2.891833741144700820e+00
4.272669280477341403e+00
5.201110031580599147e-01
-1.164397975583144618e+00
5.048940314756279690e+00
-2.336743887327869196e+00
2.227802737173394387e+00
2.954401114016419250e+00
-2.670571183372563162e+00
4.807616827722341668e+00
-1.707350101047822477e+00
