-9.443086376445118946e-01
-2.579447193082027745e+00
-9.219882412107672787e-01
-1.640488108376158216e+00
-2.282403065828466637e+00
-6.554603270788897929e-01
-2.304718714382181233e+00
-1.617788423050310787e+00
-9.277215595835945905e-01
-2.579157818846688155e+00
-9.719088561502928769e-01
-1.547912613018524564e+00
-2.360905861865436606e+00
-6.629252681692288096e-01
-2.183042787457744272e+00
-1.800053622679584686e+00
-8.011200353744138969e-01
-2.545483198892278587e+00
-1.176450274873396706e+00
-1.283904182525299920e+00
-2.509512753726211631e+00
-7.515627123794443865e-01
-1.885320040074733861e+00
-2.126625559440180613e+00
-6.693795229227992305e-01
-2.370043013183423142e+00
-1.566905932945593660e+00
-9.308768050548160700e-01
-2.577090622540905596e+00
-1.035924486275482170e+00
-1.425237390524572989e+00
-2.452795443662409536e+00
-7.075444263643322351e-01
-1.983454642975204907e+00
-2.042854389320379216e+00
-6.893176711703747905e-01
-2.424063207219872229e+00
-1.469037055635707523e+00
-1.199232888385217022e+00
-2.281687994489463467e+00
-1.133524456611924469e+00
-1.619919445542745251e+00
-2.092525785135653571e+00
-9.519112243747036572e-01
-2.092609358329408309e+00
-1.585747050141975922e+00
-1.200256102214824150e+00
-2.270747047232078764e+00
-1.027983096168122223e+00
-1.900697959107315871e+00
-1.737295309563459345e+00
-1.152486929155653428e+00
-2.264979205242275473e+00
-9.820550324814246723e-01
-2.076409773156523197e+00
-1.433225121154122927e+00
-1.502391380196806736e+00
-1.994991645543755743e+00
-1.054011756640647057e+00
-2.272762377209560647e+00
-9.640500606827948626e-01
-2.187023419155929904e+00
-1.195914403040948981e+00
-1.846547501721575557e+00
-1.605320469085848245e+00
-1.408191813612452936e+00
-2.030838233636432566e+00
-1.043052438836224560e+00
-2.277604366979272932e+00
-9.849680423028138732e-01
-2.073004298367260745e+00
-1.497232104698753563e+00
-1.309557628079207614e+00
-2.250184057367432988e+00
-1.065334994290054071e+00
-1.552603182232921375e+00
-2.476870834883500461e+00
-1.118363857529202976e+00
-9.620257716444797769e-01
-2.298070407617863964e+00
-2.193629478309750080e+00
-9.380686490766785290e-01
-9.731878250843158940e-01
-2.176523737471897313e+00
-2.398026866202400686e+00
-1.293518567005829567e+00
-7.297435071004352292e-01
-1.615255056657189936e+00
-2.502889244251405021e+00
-1.973277575951740914e+00
-8.766802601750693924e-01
-9.604231612345280888e-01
-2.094160936914863935e+00
-2.463308690213060537e+00
-1.464303918617834377e+00
-7.138396172180879740e-01
-1.453044292396991954e+00
-2.467994054003241899e+00
-2.046783781720280082e+00
-8.891597513462746738e-01
-9.952884559121072394e-01
-2.198734526464495076e+00
-2.363428032469297335e+00
-1.172526452699138577e+00
-8.015189042418536802e-01
-1.959779286491470707e+00
-2.467045859719412704e+00
-1.331394370345857503e+00
-7.573705168698144918e-01
-1.899243160830892618e+00
-2.469990464168582811e+00
-1.286753058941589201e+00
-9.164496774045884919e-01
-1.983612829210706696e+00
-2.261842075992093637e+00
-1.133283247040231423e+00
-1.078578762625174825e+00
-2.233869744432497750e+00
-1.983377834202161072e+00
-8.891673522862344470e-01
-1.500871455044235026e+00
-2.386933671766211518e+00
-1.424072520272152031e+00
-9.342441521478269673e-01
-2.125969412796015590e+00
-2.048099697346744463e+00
-8.869051115883908043e-01
-1.589234688921603134e+00
-2.361145388321846728e+00
-1.197543484307305395e+00
-1.140782933043949399e+00
-2.346652203741434572e+00
-1.598995087954184324e+00
-9.042458906495712823e-01
-2.148475953627461799e+00
-1.936322546169960024e+00
-8.477398559066564587e-01
-1.891161579735660681e+00
-2.171801322326768258e+00
-9.067141575948978183e-01
-1.629030718572016312e+00
-2.318493946658693794e+00
-1.044188733840595962e+00
-1.375874308004029656e+00
-2.384372063269852404e+00
-1.246685760420640499e+00
-1.144994931169468266e+00
-2.362875494504367513e+00
-1.502762370159435923e+00
-1.063785418195839494e+00
