-1.338935895418311040e+00
-1.452008575193629358e+00
-2.109112545849856968e+00
-2.559964294042806454e+00
-2.325959502132622703e+00
-1.671260576217624250e+00
-1.261616992617858202e+00
-1.481079597885630594e+00
-2.106097380880429970e+00
-2.568878169417915469e+00
-2.479833719161951056e+00
-1.930108154498196393e+00
-1.370614239566674497e+00
-1.231832722089868604e+00
-1.606975707774543460e+00
-2.213074850307719998e+00
-2.615743695386146150e+00
-2.534467140480292091e+00
-2.024071797315404098e+00
-1.429337311804822264e+00
-1.173050545589770621e+00
-1.480510227172605164e+00
-2.161718583919687298e+00
-2.659906898848639401e+00
-2.476475507524739328e+00
-1.716939063019532030e+00
-1.152342834638145241e+00
-1.463141983901998122e+00
-2.342939251831433367e+00
-2.706905408603587304e+00
-2.047553924950305859e+00
-1.204447122104071788e+00
-1.318450396970941352e+00
-2.260625464034986987e+00
-2.752469355302342713e+00
-2.106809398273846501e+00
-1.189271271344102709e+00
-1.249354983327497504e+00
-2.228613055750028327e+00
-2.831786161403269997e+00
-2.236224148192974770e+00
-1.189080991036117307e+00
-1.051037610541087686e+00
-2.037266735218631108e+00
-2.925027608509949140e+00
-2.583735360913891110e+00
-1.392771392537524022e+00
-7.978070631037175175e-01
-1.557023932144155909e+00
-2.798072037404316870e+00
-3.030865001382375912e+00
-1.930236958052578666e+00
-7.671366085804725010e-01
-9.379973140573092394e-01
-2.294731162216620657e+00
-3.262794352464085890e+00
-2.668052541427542224e+00
-1.155767807455487572e+00
-4.936670408733281334e-01
-1.506900623001972361e+00
-3.053873800330193955e+00
-3.309021754500019341e+00
-1.916583552374521604e+00
-4.764580169952434829e-01
-7.091642520429186636e-01
-2.399435701502916629e+00
-3.576294256939287930e+00
-2.809403199909051629e+00
-9.499709754517018379e-01
-1.951370827904239658e-01
-1.491021713188336095e+00
-3.343253402908328731e+00
-3.534526607950046362e+00
-1.785512521867043567e+00
-1.599746516853901568e-01
-6.271829270118862709e-01
-2.656183526370710535e+00
-3.814971881149288535e+00
-2.701033642466478035e+00
-6.463336695561825440e-01
-1.243644821103471187e-01
-1.767156953910145711e+00
-3.593538203264726505e+00
-3.396260614886974061e+00
-1.413984958587599872e+00
-4.878052255671438964e-02
-9.563337878576436690e-01
-3.032923648001247585e+00
-3.753056525149840450e+00
-2.241988365052884458e+00
-3.428189830515440129e-01
-3.703231060345633097e-01
-2.287518408689297011e+00
-3.752686472388719885e+00
-2.979663600896334863e+00
-9.165423323280772472e-01
-8.329977693860546317e-02
-1.493365023100138966e+00
-3.420943487654786175e+00
-3.513658583976587479e+00
-1.663433159007142281e+00
-1.315582532291259543e-01
-7.844627552834919637e-01
-2.819989915506164735e+00
-3.753733574464822809e+00
-2.451824458775035964e+00
-5.075948787587425404e-01
-2.907394014622135536e-01
-2.057563219205980509e+00
-3.647425095292158304e+00
-3.127431442952595120e+00
-1.148557476400985600e+00
-1.332734151700740721e-01
-1.297056847620551956e+00
-3.182801966668031390e+00
-3.497213893105940219e+00
-1.909171928822285258e+00
-3.875008240715964725e-01
-7.555875489692667202e-01
-2.505372891010070102e+00
-3.490290579689144579e+00
-2.559895127439951512e+00
-9.013566624910704927e-01
-5.272140690053035428e-01
-1.832943048887228921e+00
-3.188733066011636641e+00
-2.972878560582766116e+00
-1.510942203594889177e+00
-6.027407836611413661e-01
-1.306703075030001271e+00
-2.708976632657704275e+00
-3.105392777002977667e+00
-2.072522311463543598e+00
-9.108920072407173940e-01
-1.009062679575464028e+00
-2.184474416571160038e+00
-2.982707112533942162e+00
-2.476761829485854438e+00
-1.340900084488326094e+00
-9.585587491943623473e-01
-1.737380102194431064e+00
-2.683573362244274119e+00
-2.667510949642241336e+00
-1.771733373237346143e+00
-1.113540534264403803e+00
-1.452093228223981347e+00
-2.315655698945962460e+00
-2.648639711821918041e+00
-2.101906927705767369e+00
-1.920543273387586680e+00
