-1.782296875660190905e+00
-4.335083751459080759e+00
-3.281508161832475068e+00
-1.497697570417209301e+00
-4.393890620435183081e+00
-3.540455503024584338e+00
-1.202290979141846794e+00
-4.286392904463470543e+00
-4.067484565582478062e+00
-9.435439744574365406e-01
-3.653659348823774522e+00
-4.980753289616787427e+00
-1.224723733051284569e+00
-2.096110105155096992e+00
-5.561987752096868576e+00
-3.075770397130153100e+00
-4.270516177021037585e-01
-3.773830637312671321e+00
-5.766095351050406492e+00
-2.090328436731501593e+00
-2.538961322255262054e-01
-3.906535722227771679e+00
-6.167172372611483766e+00
-2.944769302268568811e+00
1.841372556103100244e-01
-1.943545862235533717e+00
-5.940122723215981893e+00
-5.765998566441728812e+00
-1.703712655297147105e+00
5.892902539274205154e-01
-1.943742105824956656e+00
-6.029167817965478626e+00
-6.533481042805465044e+00
-2.783151482084757156e+00
7.436685921397812038e-01
-2.414264454076651134e-01
-4.713738484610900947e+00
-7.361263972798441912e+00
-4.823587191618230463e+00
1.389382231377300769e-03
1.099117658798079766e+00
-3.181337236960409154e+00
-7.495038355742310365e+00
-5.984919951875991018e+00
-3.751559022638208951e-01
1.592959117230916100e+00
-3.200601687538124018e+00
-7.975391850704475871e+00
-5.353530501897449057e+00
9.309121207676183118e-01
8.357899448735564008e-01
-5.719177627140419773e+00
-7.765568294925865089e+00
-1.688968273955631538e+00
1.817663131304061430e+00
-3.633002572166093458e+00
-7.929690158972246827e+00
-2.870371154040775252e+00
1.658769720574977846e+00
-3.410437665427490828e+00
-7.663981366436147802e+00
-2.186704576186024873e+00
1.224504483320457915e+00
-4.887787068252069211e+00
-6.767296545680470565e+00
-1.671586695609743600e-01
-5.553551162075835990e-01
-6.916214065230171570e+00
-3.785642979921465034e+00
9.765352359465504506e-01
-4.575161401481836698e+00
-6.117160422647419438e+00
2.475012702029046885e-01
-2.346393892842786322e+00
-6.784594618046982717e+00
-1.065596051433491009e+00
-1.061442455121738959e+00
-6.619115027635775306e+00
-2.082537630043042931e+00
-5.311892192432332571e-01
-6.268911603291497769e+00
-2.655719091885657690e+00
-4.015679413109123352e-01
-5.968239323961301857e+00
-2.934542544217637605e+00
-4.388236808082544016e-01
-5.728896008869246437e+00
-3.076971201239099063e+00
-5.355921221747523830e-01
-5.516424772433547119e+00
-3.178712917854479514e+00
-6.457554271193686191e-01
-5.302360914310291662e+00
-3.289547716761959339e+00
-7.509631836030048468e-01
-5.071172064266198376e+00
-3.429572642519033820e+00
-8.425422883672393226e-01
-4.826643803955386502e+00
-3.606726490599990065e+00
-8.679658383171418023e-01
-4.628441789591519751e+00
-3.853944960171331591e+00
-7.744933183351307981e-01
-4.439816243051466493e+00
-4.160644331246256655e+00
-6.812053424927411172e-01
-4.195474715013701505e+00
-4.490050685335891245e+00
-6.301711583695372987e-01
-3.902837351131237753e+00
-4.811713436455669068e+00
-6.308343379239449433e-01
-3.578285423295717305e+00
-5.109106929307733580e+00
-6.830770350306409888e-01
-3.231437554141589619e+00
-5.376275769220789869e+00
-7.867781138348042269e-01
-2.865021459046722008e+00
-5.609903285320787525e+00
-9.431873385083129335e-01
-2.482284422913384248e+00
-5.804863278949460081e+00
-1.153186981536798550e+00
-2.088733451347022818e+00
-5.954849869825059372e+00
-1.416241939084771140e+00
-1.692108997168097595e+00
-6.053403799324541090e+00
-1.729497568320134571e+00
-1.302140112866982280e+00
-6.095065148547672784e+00
-2.087396998154336991e+00
-9.291731834410978941e-01
-6.076103258809538943e+00
-2.483734537959222166e+00
-5.822527258155476559e-01
-5.994105550019616757e+00
-2.911807941000020605e+00
-2.700168054875717871e-01
-5.847914873104963718e+00
-3.363891666793020097e+00
-7.636166076228079191e-04
-5.637743477152003635e+00
-3.831353830493083201e+00
2.177780826139432691e-01
-5.365252336066447469e+00
-4.304815459167827818e+00
-3.078018089058765838e+00
