1.727071112636218597e+00
-2.007977403773581582e+00
2.571510404770483760e+00
-1.099377279567248511e+00
2.840449677614382273e-01
1.691411611541420168e+00
-1.977492201473885824e+00
2.615571794663003491e+00
-1.259442694589590683e+00
5.384404303115477575e-01
1.430882173722805906e+00
-1.833277576351924232e+00
2.689805268828527218e+00
-1.581318070175515178e+00
1.037793681982335015e+00
9.100441867008638441e-01
-1.481934517717765853e+00
2.663803036648087375e+00
-1.938322632440952820e+00
1.705812812733125572e+00
1.191999998853727760e-01
-8.169634234195944922e-01
2.353833153842458170e+00
-2.115127401883114988e+00
2.354653487791666500e+00
-8.370105267469577504e-01
1.766456619033243691e-01
1.618619557114055141e+00
-1.869929513430597545e+00
2.694216021495796198e+00
-1.290414966510086359e+00
1.105978815923399861e+00
4.724532688936445846e-01
-8.302452350732433262e-01
2.053439157495186684e+00
-1.620880477369932127e+00
1.829002991065123762e+00
-4.312824922322371357e-01
-6.709025773372123691e-03
1.538847044566248989e+00
-1.539253639820942432e+00
2.160443396645773451e+00
-1.022166036446187309e+00
6.165101102325488691e-01
1.091590552489814403e+00
-1.367610661644495185e+00
2.209985916364807679e+00
-1.116824734872086111e+00
5.760222194771627002e-01
1.296520985766093315e+00
-1.542238058081758290e+00
2.053017730102225435e+00
-4.914545959482143900e-01
-2.976919354077156576e-01
1.952221285224849723e+00
-1.600043974862610074e+00
1.495977129920817994e+00
3.423773051543660961e-01
-9.698241135464299445e-01
2.189056332138596961e+00
-4.037309178928706999e+00
2.308838616359304652e+00
1.390652470204984059e+00
-3.450035443034578986e+00
5.190031212703814845e+00
-3.840150271019738604e+00
2.039976541758172779e+00
1.646495152917569094e+00
-3.651816571030584768e+00
5.197949772020039383e+00
-3.371486070746757324e+00
8.722923756805357476e-01
3.244848766452148592e+00
-4.581061574903777966e+00
3.924694161816824955e+00
6.199230090345670963e-01
-3.851514389760538393e+00
4.806500002227873658e+00
-5.960209133263034698e-01
-3.233187714449753170e+00
5.111204626043530652e+00
-1.925974939916867523e+00
-1.431795525272666847e+00
4.593193022857128938e+00
-4.607174686911991834e+00
4.672512077735394342e+00
-3.191476753835898350e+00
2.598882935612838896e+00
-5.911757446487175827e-02
-2.623487312348719680e+00
4.584630871132270968e+00
2.330282939803983933e+00
-1.057978281862097969e+00
-2.435459372737104111e+00
-2.695966171496839259e+00
-2.466413129351885836e+00
-2.083104219893155307e+00
-1.850848797243402899e+00
-2.025337526573445235e+00
-2.703903221828449333e+00
-3.659760982772923832e+00
-4.144003251572287994e+00
-3.078447169181241172e+00
-1.306107587689280258e-01
3.280233845324988629e+00
4.732242719036436007e+00
3.025457902270881849e+00
-5.603895029888418255e-01
-3.469952924690272944e+00
-4.059360997241872937e+00
-2.496502080239911603e+00
-1.910948147929553143e-02
2.214239194917210884e+00
3.680720540315884470e+00
4.410273499350166659e+00
4.671543106326527806e+00
4.727957545272312601e+00
4.731001613791482541e+00
4.702211942785657683e+00
4.553660311279794648e+00
1.032843506163893643e+00
8.713063702802144039e-01
6.219010569447176451e-01
3.110256580341555499e-01
-4.753723453302771684e-03
-2.636386480485809480e-01
-4.301493004220890981e-01
-5.092814513689863931e-01
-5.301738832411031499e-01
-5.033468439385643256e-01
-3.608110778532623852e-01
7.674521911311826816e-02
8.456504944523596246e-01
1.075821195287981258e+00
-3.625111847969825218e-02
-4.238397735588190773e-01
9.709191988974501530e-01
4.747228929616181814e-01
-5.258211117008682045e-01
9.284280836334118936e-01
4.565416681223559703e-01
-5.183029403768426580e-01
9.028031153970021983e-01
6.076756917546806136e-01
-5.614911923788172832e-01
4.329265957150195687e-01
1.115554640395113317e+00
5.419960454824268581e-02
-5.510862374178476797e-01
5.787934627655982878e-02
