5.685560155897064760e+00
5.572151345706828351e+00
4.745778473095784378e+00
4.266983896423688805e+00
4.934407554204500279e+00
6.013307508905349152e+00
6.014137959030746217e+00
4.744234354981935908e+00
3.812399843468613270e+00
4.592708175783281277e+00
6.222881518476633289e+00
6.526282869834444611e+00
4.918683088353517086e+00
3.413400104294694870e+00
4.113409918968464751e+00
6.339807405642591931e+00
6.967670982886772890e+00
4.605551844856663024e+00
2.950666456878712207e+00
5.553610210124366731e+00
7.372982921635551357e+00
3.715284535558379897e+00
3.777557911127014112e+00
7.771068075413065657e+00
3.368142974669358747e+00
5.042618350966443508e+00
6.782155497973140434e+00
2.540095470709686776e+00
8.120296567215536498e+00
1.960763988315241679e+00
8.367328628105695998e+00
1.870811652743266329e+00
8.205746471566271794e+00
2.588175722300821047e+00
6.570347476976473367e+00
5.267687303556127354e+00
3.236309381987156453e+00
8.342239879650801271e+00
1.436438298483875275e+00
8.383455030971997957e+00
2.780850676333009641e+00
6.629671292338636945e+00
3.895896459860272554e+00
6.944452833142381820e+00
1.872970747503292177e+00
9.079882475232366801e+00
5.043066421733366944e+00
1.042119402067578804e+00
2.038930772104103450e+00
4.416784043902588053e+00
6.225600474530139650e+00
7.283750609315335467e+00
7.855343370362191990e+00
8.180518907707734044e+00
8.422982627047085558e+00
8.694000297205047190e+00
9.056079211591098854e+00
9.492816538255155479e+00
9.847840717492745810e+00
9.755140061403636764e+00
8.654370159105907234e+00
6.190174321981746886e+00
2.886721572064780084e+00
6.138052823294515292e-01
1.755596417173772572e+00
6.244456985932811399e+00
9.524913546090079564e+00
6.960339914685170548e+00
1.712739785499857170e+00
1.953548487660176747e+00
7.386988956922516891e+00
8.916151668166836686e+00
4.098829724555288045e+00
1.146916983012654878e+00
5.266271132615264250e+00
9.007798612796079851e+00
5.081471148378696512e+00
1.377182788223767496e+00
5.949362582248847175e+00
8.438004648852961864e+00
2.877589714346021399e+00
3.178604071573750467e+00
8.474663064060663942e+00
4.653573181683362314e+00
2.281304403570075579e+00
7.828041712927674034e+00
5.594949989875081187e+00
2.134242762608173916e+00
7.292045511079789932e+00
6.054000949630896855e+00
2.215170680265416969e+00
6.855263895239574801e+00
6.333737598037367356e+00
2.388950012211984220e+00
6.409006190771594724e+00
6.588100597158701000e+00
2.625796936390407232e+00
5.880497728575538652e+00
6.849104121175692228e+00
2.974806555516939621e+00
5.244010938553633316e+00
7.051546366657036380e+00
3.504806418050530059e+00
4.551241407821800422e+00
7.064877399535707703e+00
4.239358740363120326e+00
3.949693506781038366e+00
6.764235530886889336e+00
5.081363617626625029e+00
3.642469389022331416e+00
6.146227290585345671e+00
5.801412036331665689e+00
3.753648259490059313e+00
5.403847896923463345e+00
6.167251711546359871e+00
4.185460434700148724e+00
4.832316160730977472e+00
6.144248317336661991e+00
4.646964276375602942e+00
4.580006996982907808e+00
6.084479667820255955e+00
4.807807312607578432e+00
4.295430349641453205e+00
6.380241877973273468e+00
4.728872685756605243e+00
4.089479101992382404e+00
6.716744027747720835e+00
4.626290976973665536e+00
3.769997948133827492e+00
6.918337969934337472e+00
5.356264215750666580e+00
2.943068051582378164e+00
5.511712993385355475e+00
7.515170386807516145e+00
5.203739896161549083e+00
2.608477794805623695e+00
3.425983635499508573e+00
6.414206104384427398e+00
8.091741044715453413e+00
6.710657002832334683e+00
3.630112382732002096e+00
1.826934174471810834e+00
3.166374404467090287e+00
6.578280180522592779e+00
8.745960609681626252e+00
7.181091119624467112e+00
3.174826874960675394e+00
1.172317426780963956e+00
3.955775004946914919e+00
5.123442536126541214e+00
