-3.208178071817139987e+00
-5.276777986369162399e+00
-4.662500491549641524e+00
-2.905687796103831655e+00
-5.152377642446722028e+00
-5.098276133350192474e+00
-2.683042703964722886e+00
-4.806297415348764090e+00
-5.668068219010386599e+00
-2.688092565865887185e+00
-4.022876040975364553e+00
-6.256461738051214638e+00
-3.335567837284528547e+00
-2.779524778343468228e+00
-6.183091053121197334e+00
-5.018673709459992693e+00
-1.982841833451359115e+00
-4.408154054881695316e+00
-6.745669536771082164e+00
-3.585906052994643822e+00
-1.849955814220843653e+00
-5.361767439142874458e+00
-6.834237320423113715e+00
-3.214572409664842922e+00
-1.566914681435977563e+00
-5.062706260889866527e+00
-7.321915615289210422e+00
-4.330409389372329443e+00
-1.172398460234580053e+00
-3.025686998019438079e+00
-6.958879137905060297e+00
-7.023209686595519585e+00
-3.160822045847575978e+00
-7.612334030909493343e-01
-2.974958696160204141e+00
-6.926226651846562277e+00
-7.820831500127018998e+00
-4.699737658699428167e+00
-1.076620697718188691e+00
-7.424505304951001250e-01
-3.940010418035036377e+00
-7.543278190276095252e+00
-8.285318004780975798e+00
-5.601541242037175294e+00
-1.795395313186524788e+00
8.486879362130039794e-02
-1.371573765814790846e+00
-5.049486980723386864e+00
-8.271661694469628401e+00
-8.719274280728612325e+00
-6.000801099812989925e+00
-1.954796049969894867e+00
5.077353466948988370e-01
-5.755833547511239878e-01
-4.613889434948806212e+00
-8.574169465285429226e+00
-9.124246829543100290e+00
-5.490662809946599054e+00
-6.209528406224511521e-01
9.577071088630937368e-01
-2.616257796666890734e+00
-8.085849336471980564e+00
-9.686893564000438772e+00
-5.278020033313673309e+00
4.438927903757248217e-01
5.579152587866893498e-01
-5.523983099992133106e+00
-1.019802566077525086e+01
-6.920287389886514262e+00
1.879707503022949311e-01
8.833792609043724653e-01
-6.301197010936631315e+00
-1.053597072331413642e+01
-4.809409495887460473e+00
1.864965081324108986e+00
-1.813233738438804199e+00
-9.833302302950292173e+00
-8.172357953686359977e+00
4.018000973619351157e-01
4.677826900703276891e-01
-8.189983638816958234e+00
-9.671659077574551233e+00
-1.188925308154042071e+00
1.459289159032354455e+00
-6.698441797933110564e+00
-1.033263177350639417e+01
-2.601294674180991251e+00
1.892340497458394388e+00
-5.328339587366560437e+00
-1.059099999136211601e+01
-3.963614789518556503e+00
1.997644606231171238e+00
-3.948562788511229993e+00
-1.054461481060020844e+01
-5.374729587530896247e+00
1.788045928294166309e+00
-2.504125140145487372e+00
-1.015248901476792653e+01
-6.842457373723034308e+00
1.190306599779576757e+00
-1.035176782400199169e+00
-9.325880113890635315e+00
-8.278642477093937302e+00
1.149699319789796448e-01
3.228073899529713131e-01
-7.989057364550410156e+00
-9.502597397715852878e+00
-1.485154439555480987e+00
1.348468279094630518e+00
-6.138597477858168894e+00
-1.026038229695127768e+01
-3.554665542669108724e+00
1.767978361209158855e+00
-3.902415406928949171e+00
-1.027638220669033231e+01
-5.882633041892480819e+00
1.327762264405221160e+00
-1.579359934804017040e+00
-9.348146091259042834e+00
-8.085853462009598758e+00
-9.077889994731336287e-02
3.780747012563727694e-01
-7.474173923118851093e+00
-9.671837526244496885e+00
-2.344095676064782197e+00
1.482964716517460424e+00
-4.953472297840590066e+00
-1.021728909180651712e+01
-4.997556515404816935e+00
1.429375348521592315e+00
-2.311489688594508873e+00
-9.564352653670511017e+00
-7.485233801051878189e+00
2.136986949720496298e-01
-1.100042872999749122e-01
-7.855036868583223253e+00
-9.287367928695655195e+00
-1.893581015459480987e+00
1.204240925212567426e+00
-5.465124605399774183e+00
-1.005375927913659240e+01
-4.438586900471293895e+00
1.393421373945327169e+00
-2.897220680861408937e+00
-9.667196639648789613e+00
-6.899804295071350069e+00
4.619668295881167452e-01
-6.630155857468373881e-01
-8.248199432983048140e+00
-4.304451469934225116e+00
