9.057739522804261201e-01
-1.678058047788328455e+00
9.928392572051877307e-01
-3.068529919834583897e-01
-1.062329718603691964e+00
1.298785099051086078e+00
-1.350910833543196965e+00
1.373173919023789047e-01
6.000805444456743798e-01
-1.524399655352228322e+00
1.071957993583646296e+00
-5.720507758070185744e-01
-7.577551531766982817e-01
1.120389646127079697e+00
-1.393127306307372582e+00
3.735458496781536297e-01
3.009817076800092028e-01
-1.325316477129141024e+00
1.078824502026426657e+00
-7.775459587544644169e-01
-4.682296354354205659e-01
9.048128279504871196e-01
-1.366664075968253123e+00
5.470792221121877352e-01
2.481499826824948296e-02
-1.097519309357369632e+00
1.021477077635414066e+00
-9.184277928904419630e-01
-2.088477577866365009e-01
6.690823904209622919e-01
-1.281255478622863375e+00
6.551542581270151100e-01
-2.147568393693219668e-01
-8.580920823338007430e-01
9.111554551531458879e-01
-9.940633282520225933e-01
8.324491514963477945e-03
4.300817661371141298e-01
-1.149438030881632988e+00
6.992209297162802484e-01
-4.074035547897636445e-01
-6.234686172926170444e-01
7.614694585206317479e-01
-1.007908946131176986e+00
1.748040702161359206e-01
2.035569696652629323e-01
-9.856598170648404045e-01
6.846378113532320953e-01
-5.465720720921969367e-01
-4.084830171212151528e-01
5.874622230097691356e-01
-9.670952833709927088e-01
2.860211104993079512e-01
3.223131276829632741e-03
-8.053111407708125613e-01
6.201536788690356072e-01
-6.296990579076355843e-01
-2.255441212956841857e-01
4.046221919872931005e-01
-8.818139795446606755e-01
3.414122584917401171e-01
-1.599823683483238002e-01
-6.237320569429058992e-01
5.172095767691068380e-01
-6.581859694151813711e-01
-8.397660455562017123e-02
2.279040000960765311e-01
-7.645604463867619049e-01
3.443077417021137010e-01
-2.784799985391842592e-01
-4.553562759098657153e-01
3.895516852790060769e-01
-6.380907860472547766e-01
1.121373831838706758e-02
7.331862718818338287e-02
-6.416845875002401556e-01
3.245098878522051367e-01
-3.638459636276401010e-01
-3.301723991267747627e-01
3.103312850082714514e-01
-6.536251251222636727e-01
1.036840284554975677e-01
-2.856554112557527225e-02
-5.969903771689440974e-01
3.617072182241977130e-01
-4.602971928485775632e-01
-2.288762028992427089e-01
2.604797744440302543e-01
-6.829392806599683396e-01
1.962740952840099640e-01
-1.336204105665159403e-01
-5.373393575784837228e-01
3.805366667345729814e-01
-5.475648106199808574e-01
-1.209779748747119438e-01
1.913344255648731229e-01
-6.908244545429170769e-01
2.771729905503858560e-01
-2.432549671489673826e-01
-4.592746240804462254e-01
3.772031160218825008e-01
-6.211166748039913532e-01
-1.075499802902810109e-02
1.050369993266061508e-01
-6.761177440262495786e-01
3.424638603979119345e-01
-3.528930571304247366e-01
-3.655321206474816398e-01
3.510899218010552492e-01
-6.773073613077735811e-01
9.711205226017494141e-02
4.730742460732934029e-03
-6.386880376875532228e-01
3.888003059408111639e-01
-4.578028799966208928e-01
-2.596289381260760143e-01
3.025579069206652538e-01
-7.131302327980734157e-01
1.978914258866789067e-01
-1.057263005368885567e-01
-5.793917296614314871e-01
4.135536838303033313e-01
-5.533045981583923911e-01
-1.457270917497022755e-01
2.329573390711931480e-01
-7.263692858513467465e-01
2.870072519951793466e-01
-2.219090254426987485e-01
-5.000657864080819692e-01
4.149512302487307069e-01
-6.349779783870284078e-01
-2.847038951781577509e-02
1.445992323949057967e-01
-7.157211525373796679e-01
3.602456430094186368e-01
-3.390023646071798069e-01
-4.034772071979698671e-01
3.921803342724231589e-01
-6.988646476408354458e-01
8.720485969151850481e-02
4.068322345212646574e-02
-6.808802421405806271e-01
4.139508036270475033e-01
-4.520008410574947177e-01
-2.932298195166118671e-01
3.454533408801866434e-01
-7.416557955532407931e-01
1.962775895086671385e-01
-7.481596826930143884e-02
-1.545615472087257247e-01
