7.606046903962734973e+00
4.466316255797076806e+00
7.128710658753631968e+00
5.999407855913134746e+00
5.623726955955758555e+00
7.029608228463263941e+00
5.082865106054200943e+00
7.191511545490016033e+00
5.215572350462214679e+00
6.805034677656161435e+00
5.816007050611620599e+00
6.074205333079078173e+00
6.540376223733202821e+00
5.516098704053071344e+00
6.779900731174538286e+00
5.764184926385623520e+00
5.806471040510442272e+00
7.523271907971802896e+00
4.611749138228603329e+00
5.200602215982644161e+00
6.869088659423431054e+00
7.603095738432584128e+00
7.792898365133122951e+00
7.824924952329757488e+00
7.815043110694496420e+00
7.799578197227528875e+00
7.810600740788752105e+00
7.856375488019067710e+00
7.863799261981357702e+00
7.630894837293968003e+00
6.889258883505897657e+00
5.626218999621789507e+00
4.526986144172783000e+00
4.708650661459801157e+00
6.291578034539377917e+00
7.722960655674691921e+00
7.541192765891812755e+00
5.944044045304158530e+00
3.169353053313864965e+00
3.573383560451976582e+00
6.599043690739462953e+00
9.153655050637068413e+00
8.607664188472764266e+00
5.518018052290053710e+00
3.065806908202649783e+00
3.774949581036510793e+00
6.912017996764037164e+00
9.251852023771849787e+00
8.398985972996849014e+00
5.234020008877196872e+00
2.992520304351805827e+00
3.954094489916609945e+00
7.133497344328338485e+00
9.300238310734691538e+00
8.260753021791153117e+00
5.071874355056309902e+00
2.961050462161612273e+00
4.060536766946579945e+00
7.257424284264113012e+00
9.322562367107821046e+00
8.171634831693422640e+00
4.967055896784682290e+00
2.943335496000143880e+00
4.142956154000136060e+00
7.355333296957208944e+00
9.337953290668968620e+00
8.088791126190066905e+00
4.868454960855981284e+00
2.929232065005618946e+00
4.230960751678548348e+00
7.459253932473341564e+00
9.351056074197781953e+00
7.992500434908865081e+00
4.756561361209350913e+00
2.917326296616540748e+00
5.076140989667736747e+00
6.987945214224876800e+00
8.037829425092697377e+00
7.161300051308508330e+00
5.246145975464583167e+00
4.234299337361755455e+00
5.152752609699049913e+00
7.070195591774853128e+00
8.040444232775211475e+00
7.077878246505878934e+00
5.159558186890386366e+00
4.234126959677314339e+00
5.242188398001485616e+00
7.159646257895736277e+00
8.037774107730571771e+00
6.983893763811924948e+00
5.069136921247752170e+00
4.239858415788295254e+00
5.339057380374357287e+00
7.249365062409951044e+00
8.028939489726418799e+00
6.885412585384432127e+00
4.981189798963136184e+00
4.251731054438369739e+00
5.438333694181817890e+00
7.334949424726787015e+00
8.014138713236148348e+00
6.785809227850064573e+00
4.898220398822208388e+00
4.269352399185175173e+00
5.538096075057301171e+00
7.415314351407935156e+00
7.993762590244363864e+00
6.685795563741819159e+00
4.820280674973727031e+00
4.292468055338352961e+00
5.638558049345856915e+00
8.560473951547631799e+00
9.414020148283022138e+00
6.938394007858646795e+00
3.648615673370416701e+00
2.886810993386655699e+00
5.426915568615024554e+00
8.688404784442372630e+00
9.357861718963807363e+00
6.755149248159133535e+00
3.524426340271542113e+00
2.947909271332037395e+00
5.611332608485919415e+00
8.808810059124073888e+00
9.291831109448619230e+00
6.569633408352011372e+00
3.407876239662946283e+00
3.018855525494686720e+00
5.797843082458189912e+00
8.921415422244219684e+00
9.215996013979479429e+00
6.382257214157071701e+00
3.299317761417763339e+00
3.099540789936114038e+00
5.985933001403079601e+00
9.025815224940251014e+00
9.130514261648126961e+00
6.193630983600618478e+00
3.199197307048817773e+00
3.189745040391818165e+00
6.174886878454523220e+00
9.121527643174177413e+00
9.035684940359914208e+00
6.004580355817490833e+00
3.108016952518345644e+00
3.289090952512708110e+00
6.363815381807507165e+00
9.208073438244660736e+00
6.892036491209519333e+00
