1.213024878263847839e+01
1.509692363384355929e+01
1.425233169898909580e+01
9.945047795689795578e+00
4.074299574756363285e+00
-8.013082283779811021e-01
-2.583504817442009660e+00
-4.944999731911794427e-01
4.649990903902908812e+00
1.081412879057820753e+01
1.556768553217897733e+01
1.702384786985561504e+01
1.454334864056023946e+01
8.971418625485357623e+00
2.346549842061144808e+00
-2.810409895555417314e+00
-4.398360647108897403e+00
-1.550505522193120989e+00
4.901570612292347917e+00
1.251074943546760920e+01
1.793507039264692082e+01
1.823623898452406777e+01
1.247989653807503529e+01
3.019977515852264816e+00
-4.700242674933332587e+00
-4.888087295950092503e+00
3.921024537356179618e+00
1.565341053944720429e+01
1.968852827220139190e+01
1.075504174160328574e+01
-2.759405053435609823e+00
-4.980335848930557141e+00
7.806801425956715335e+00
1.881135269568439838e+01
1.189251306105921913e+01
-2.572882991880915959e+00
-9.697738655431979993e-01
1.381730533825675344e+01
1.492846629919814561e+01
7.129183536901377849e-01
-6.219395027566383405e-01
1.290202490433151183e+01
1.273022457438616861e+01
2.288640456801269707e-01
2.684039716384369889e+00
1.353752063999206356e+01
8.877413343320153416e+00
2.812753793031275151e-01
6.483704478720262898e+00
1.251954292665676327e+01
5.685216483238528795e+00
2.102552975778857025e+00
8.716557097172199065e+00
1.028570067056867643e+01
4.492241654359354186e+00
4.331144451798026651e+00
9.029848802609631520e+00
8.384484839065738271e+00
4.717003164549609551e+00
5.710896744737300246e+00
8.790541243785023440e+00
7.596390316800774478e+00
4.417067056487210763e+00
6.092869001417335895e+00
9.705094471745971063e+00
7.273059634025867304e+00
3.182792289805720820e+00
6.582863124704083191e+00
1.105564265579613448e+01
6.511117169651581271e+00
1.840857415096987637e+00
7.681734485970703297e+00
1.228818065858024688e+01
5.029060951714297900e+00
8.230310556652202791e-01
9.573959460073613315e+00
1.296808438946636599e+01
2.728339295776089912e+00
6.257436226701216242e-01
1.223923824525227388e+01
1.252098353755214255e+01
-1.995324798649651399e-01
1.883389740581066008e+00
1.525340794618759688e+01
1.030481846334388685e+01
-3.034134808183424958e+00
5.152205541922835863e+00
1.754047987358912408e+01
5.999087380238699474e+00
-4.296322519518722238e+00
1.027559045956219919e+01
1.723944839742675939e+01
5.520650679294254459e-01
-2.155248668002101020e+00
1.542933664800279558e+01
1.336321608095925839e+01
-3.738806492684541460e+00
3.194966769973857534e+00
1.833735480828725528e+01
6.920517802112827077e+00
-4.821625806904322964e+00
1.018445370669476091e+01
1.730798826469939655e+01
7.525726744771965571e-02
-1.636205551697135441e+00
1.612994120927017150e+01
1.222916124764007506e+01
-4.283799705862139540e+00
4.761210926660670140e+00
1.844542495595952403e+01
5.324010435942952313e+00
-4.472482521904107777e+00
1.128465543509943458e+01
1.687438614304133822e+01
-4.810905610141524846e-02
-1.929727040690575102e+00
1.500835808710315078e+01
1.443305751420412619e+01
-1.885529836329937758e+00
-6.885859338006845576e-01
1.475431021662901365e+01
1.500645942324059945e+01
8.642028239888048802e-01
-2.675869271226564372e+00
8.944209048500900039e+00
1.655746068181880304e+01
9.745655295630285764e+00
-5.587481594743595181e-01
-7.362634010317750111e-01
8.157774292145560935e+00
1.473489122276825469e+01
1.206717430809708880e+01
4.090648121882068722e+00
-4.752509824993982335e-01
2.498378202818459570e+00
9.327781724791162077e+00
1.310457338606917332e+01
1.057509301423802128e+01
4.745870353858022916e+00
1.403560763086439955e+00
3.421961396566008062e+00
8.343663050003829795e+00
1.121253418595001428e+01
9.543057741363764279e+00
5.478584736370327057e+00
3.238684538689481585e+00
4.740809905868475838e+00
7.950153294922352565e+00
9.422277289476607365e+00
6.776202213704125121e+00
