2.767665048040501841e+00
4.964634439816677514e+00
2.372320773290006901e+00
-3.425987951171136636e+00
-8.888788311285420463e+00
-1.067949901586445449e+01
-7.704458669202475463e+00
-1.780852047186822773e+00
3.473406142263910201e+00
4.849506903152670745e+00
1.507331988299796866e+00
-4.511890938698224218e+00
-9.532497155725424776e+00
-1.048897541931735411e+01
-6.797537978044653428e+00
-7.122069465063574079e-01
4.051574450073353262e+00
4.585292665546456092e+00
5.629830135876727759e-01
-5.559641484693025326e+00
-1.004414568443086075e+01
-1.015170980343599894e+01
-5.815868257917793827e+00
3.157697300177901845e-01
4.497343338940794411e+00
4.172842200713752447e+00
-4.607816841371410455e-01
-6.571899713422364897e+00
-1.042381494267544717e+01
-9.659824716444331827e+00
-4.746146768251962911e+00
1.311608115851507161e+00
4.806753441867945398e+00
3.600253749141653525e+00
-1.569521015784800078e+00
-7.538816689032318052e+00
-1.065559892547156551e+01
-9.014711138154048342e+00
-3.621857146147313689e+00
2.225036327293774097e+00
4.955219155578179269e+00
2.906246051435138700e+00
-2.667235438325711083e+00
-8.366458614743198297e+00
-1.072268179291098633e+01
-8.305494961920075525e+00
-2.587013237529254273e+00
2.955612212561685492e+00
4.950994285462945399e+00
2.180274547377826888e+00
-3.480875068855447285e+00
-7.539447936892914370e+00
-8.744797729464842462e+00
-6.340861972354863596e+00
-1.789671969062338386e+00
2.096985488514702123e+00
2.879416368791764658e+00
2.745309986450639173e-02
-4.690211929677630565e+00
-8.260051690649705236e+00
-8.326791731361785409e+00
-4.771683801457520246e+00
9.096943719103078863e-02
2.946003852831019731e+00
1.719834418829700784e+00
-2.842160685611606397e+00
-7.479083387565925278e+00
-8.649132358850829760e+00
-5.281043603263526620e+00
8.571261413827002684e-02
3.025870208751153090e+00
8.642816060848246273e-01
-4.695046322567553609e+00
-8.626323596572152752e+00
-7.048634578887272184e+00
-1.275283303527012801e+00
2.904332774118457916e+00
9.206222385186091373e-01
-5.309430898025642165e+00
-8.802445337858946672e+00
-5.265629712343744551e+00
1.251645958958246485e+00
2.561581203500284065e+00
-3.288202112428724178e+00
-8.623996127477978391e+00
-5.914187645939604998e+00
1.224337014997105566e+00
2.266076535431956973e+00
-4.625994971108187137e+00
-8.770842640258452505e+00
-3.280542550211655861e+00
2.912105876682445693e+00
-9.095158991932306147e-01
-8.246720520670395516e+00
-5.770245977151120975e+00
2.147524041414038631e+00
3.850822778050551065e-01
-7.827102532100623122e+00
-6.005033643482628136e+00
2.308516737260465579e+00
6.903517395757674535e-03
-9.429419705932588158e+00
-4.272000898894884102e+00
4.037544424079689165e+00
-3.733087771385901643e+00
-9.437545029111870321e+00
7.500595165779508910e-01
1.933826956977271028e+00
-8.979978192190255726e+00
-4.185552112235985334e+00
3.982573166131438303e+00
-6.123554758572124612e+00
-7.368352562161023300e+00
3.729084091315943095e+00
-3.723413419224177012e+00
-8.689363384350389907e+00
3.132463062689515798e+00
-2.750353166585580045e+00
-8.925529773733302363e+00
3.160626515963592897e+00
-3.321506265261251478e+00
-8.326033204342577321e+00
3.775245668113352604e+00
-5.369913715422585554e+00
-6.368621399348510792e+00
3.947839433677220899e+00
-8.263151349118695421e+00
-2.415149150779469345e+00
1.762317112296331256e+00
-9.788122895780999144e+00
2.442331387880833926e+00
-3.879798274914709300e+00
-6.568017621976641074e+00
3.687839676407571599e+00
-9.405975453066384162e+00
9.824227211597524878e-01
-2.686595577198755080e+00
-6.937497248386296889e+00
3.625260002458864594e+00
-9.561585315670594554e+00
1.225355505166479286e+00
-1.940261819122085729e+00
-8.827100351761568930e+00
3.137846126721225648e+00
-1.625012575179438423e+00
-9.793596399323408974e+00
-3.701824998066690853e+00
3.446016186322282682e+00
2.762831177786390757e+00
-1.836825988140437627e+00
