3.913583426965328016e+00
5.005716705472454287e+00
1.281656670755011884e+00
-4.342825698246679522e+00
-7.272849622689527394e+00
-5.005694051513762233e+00
6.334818110909217204e-01
4.868089187789786720e+00
4.013435496815927372e+00
-1.243677910754372284e+00
-6.326600716586646023e+00
-6.756458278873653356e+00
-2.146723246692670450e+00
3.434617760799338448e+00
5.100373399485672365e+00
1.459895085221099453e+00
-4.279698898873540713e+00
-7.267181727401798241e+00
-5.169863703321995629e+00
1.337071545462040767e-01
4.468759545038823333e+00
4.805081980928392227e+00
1.240203004289905486e+00
-3.630360170046794899e+00
-6.849251972050107717e+00
-6.902024935926954541e+00
-4.174147015610730094e+00
-2.460753764226443208e-01
3.174965561785003665e+00
5.006884436947057537e+00
4.998542741350728846e+00
3.526380041253125874e+00
1.243164041930623132e+00
-1.219641899275277996e+00
-3.413781997221041475e+00
-5.110464035697859231e+00
-6.260565368050157176e+00
-6.928064573575514196e+00
-7.228391994390473307e+00
-7.284961278127159545e+00
-7.204869717864038847e+00
-7.069164055608597508e+00
-6.932014491204111728e+00
-6.824259460223259133e+00
-6.758455886713083949e+00
-6.733979008716494796e+00
-6.741594684240812541e+00
-6.767288967121940502e+00
-6.795110195536427256e+00
-6.808512292316152070e+00
-6.368022453963852136e+00
-6.297474984605371695e+00
-6.137123100299548106e+00
-5.821604520457385412e+00
-5.240036366117830191e+00
-4.225130079544430650e+00
-2.577772150338068613e+00
-1.925021078160998877e-01
2.621141421575698072e+00
4.636609152504550302e+00
3.619103701827159902e+00
-1.669923655890197978e+00
-6.707953413488572103e+00
-2.760050198771496266e+00
4.658062246760776404e+00
-1.661909497146639048e+00
-5.958924920072727005e+00
4.124637808589784349e+00
-1.589829364074389684e+00
-5.597739054864311115e+00
4.426924426362810472e+00
-2.287148572430843796e+00
-5.188683340122624443e+00
4.577756450925082987e+00
-2.663527245209326377e+00
-5.012138505082107010e+00
4.601061779423147868e+00
-2.603422912482254326e+00
-5.172492078570283702e+00
4.498043779205903370e+00
-2.072917996759633397e+00
-5.628382417582495023e+00
4.192450675633698332e+00
-1.119563729722442336e+00
-6.196171353712014884e+00
3.598660929829227584e+00
7.219804626223491617e-02
-6.632432804860675546e+00
2.783943047367152701e+00
1.159078025755737595e+00
-6.808672930132869006e+00
2.107339906734128299e+00
1.709150533377028491e+00
-6.826344049808580117e+00
2.196193883683565939e+00
1.165707706555149326e+00
-6.664324136944820509e+00
3.530691608704230156e+00
-1.250688112456861401e+00
-5.214847983720844127e+00
3.577616319680688051e+00
-3.917107935413446373e+00
-1.875741238357613305e+00
3.065520311317746049e+00
-5.065955351901827441e+00
-1.250866495902595688e+00
3.417818825075074507e+00
-2.957506107181954391e+00
-5.250519465329321456e+00
1.263640166109192275e-01
3.579751250524296324e+00
1.143533327459140825e+00
-3.412996108831533260e+00
-5.636828465161842772e+00
-4.325105281566898441e+00
-9.850879986008402867e-01
2.156528909475758482e+00
3.564588687167770331e+00
2.836510379374412416e+00
5.097305138630447985e-01
-2.372727443544064840e+00
-4.702352392716657725e+00
-5.651763634693399041e+00
-4.896725704481649899e+00
-2.700473700540361843e+00
1.533569832003967015e-01
2.586370869383534998e+00
3.586644230006443834e+00
2.625287071604657907e+00
-2.032846437973301335e-02
-3.224593921578705835e+00
-5.394179528653908484e+00
-5.237661071920348022e+00
-2.615390530380682144e+00
1.071956651790824999e+00
3.449469781985684769e+00
2.673748808503463970e+00
-9.676769152119696349e-01
-4.754319367015042985e+00
-5.375514076561704435e+00
-1.962261741346376986e+00
2.444215034258146346e+00
3.272018977947597662e+00
-6.971980498478356214e-01
-5.131046715541055292e+00
-4.510540384914824230e+00
7.026564324919746252e-01
3.569093968140680140e+00
-2.485919519821992996e-01
-3.689023546972420853e+00
