1.737243403375379858e+00
1.114991000342750560e+00
-1.844233844595356553e-01
-8.658629663402805932e-02
1.253132383450662690e+00
1.693891391994017726e+00
5.305085947085143028e-01
-3.767111423052391661e-01
4.231952852409946453e-01
1.650746652504771816e+00
1.343992733615996027e+00
-5.714311521717752029e-03
-2.447521004964801072e-01
1.004943902920248933e+00
1.755191807281343497e+00
8.204139020013903050e-01
-3.184237628941017917e-01
1.303104210586768508e-01
1.458975087513108893e+00
1.580745956849630041e+00
2.986867964025038957e-01
-3.623232472343260735e-01
6.688095102900951661e-01
1.738096646531155365e+00
1.074498094396685977e+00
-2.358114768683871043e-01
2.995836341668434155e-02
1.431967631962803189e+00
1.554255815052583589e+00
1.888383974371465879e-01
-3.190115525353318660e-01
8.564376490965772692e-01
1.757627282344807362e+00
1.030765494948191918e+00
-1.610855067435907895e-01
-2.308547885457691295e-01
7.667791706520824535e-01
1.650088588855884275e+00
1.316705940427453037e+00
7.783872254112229605e-01
1.934347294541812201e-01
-3.187839815612092398e-02
2.096068547403118210e-01
7.333936494864696787e-01
1.222347133300777822e+00
1.413577868103528701e+00
1.221733333333340221e+00
7.597153105086105196e-01
2.666177643418863874e-01
-1.379911231067088018e-02
5.234639086421133403e-02
4.299523226878694815e-01
9.345786754305775990e-01
1.320682738215373853e+00
1.398697379553527353e+00
1.127484886098352179e+00
6.378188215354387847e-01
1.725577284438323256e-01
-3.159590862876271444e-02
1.348712353529130104e-01
5.920889533770022917e-01
1.104138549463882013e+00
1.397622211989440366e+00
1.308264440255254346e+00
8.772071010334567820e-01
3.387761084466749395e-01
-2.705031055527662431e-03
5.465594570504250793e-02
4.859827541518143557e-01
1.042173264799404864e+00
1.388973464227564403e+00
1.308479081322142967e+00
8.417779120166805074e-01
2.765243953115344433e-01
-2.575603273160365081e-02
-2.622213692305126465e-01
6.508884529607693592e-01
1.595603175954025232e+00
1.930518415605713134e+00
1.414221527187069061e+00
3.917842334333344056e-01
-4.246695553628452302e-01
-4.507372965558844591e-01
3.432340216455496140e-01
1.391600678998700102e+00
1.931069615434565234e+00
1.560496569127017175e+00
5.472116495943545322e-01
-3.610893403730537354e-01
-4.888316964184666880e-01
2.614005184707363649e-01
1.331939258099302803e+00
1.924383491845580219e+00
1.596353120912695989e+00
5.926891993147656024e-01
-3.376829485366257266e-01
-5.014598057298353950e-01
2.223353052940007513e-01
1.294082104440971825e+00
1.917160006666541072e+00
1.630267162762698341e+00
6.476844089089617285e-01
-3.025286399858615471e-01
-5.188010461713550292e-01
1.568153073580469403e-01
1.225126965265517232e+00
1.899942365535438604e+00
1.686441626798205196e+00
7.426113712299454717e-01
-2.389597467422378552e-01
-5.394547220100462948e-01
6.078198675274204543e-02
1.159218643990743480e+00
1.967178293392401578e+00
1.833621974526451481e+00
8.500549032648826442e-01
-2.557393510412468984e-01
-6.505660347384483178e-01
-2.499355909996747727e-02
1.153346576276468749e+00
1.976814734018091713e+00
1.794059248299410880e+00
7.353804362063760536e-01
-3.633718050987844173e-01
-6.124270681572339114e-01
2.046640400312022545e-01
1.427086169493322343e+00
2.038462025387628884e+00
1.514142340936577291e+00
2.862136494304201584e-01
-5.978059964614830246e-01
-3.671493815391790871e-01
7.883294416891434286e-01
1.860572939410629845e+00
1.900139774488792677e+00
8.654371786175946157e-01
-3.257993584865983561e-01
-6.107574271821920586e-01
2.639398540890492417e-01
1.516202375955258086e+00
2.036874342789555925e+00
1.379480224393241805e+00
1.324477820211723555e-01
-6.333866087908182063e-01
-3.005804915894612073e-01
8.181576566343184975e-01
1.820366330619353379e+00
1.977411509489156227e+00
9.425751950215180974e-01
-5.916037629936554687e-01
