2.226371427078634557e+00
-1.722794493783960101e+00
-3.094732604696907030e-01
2.385171804811818674e+00
-1.420024727161062650e+00
-7.370245350538942031e-01
2.461913615559445212e+00
-1.060592369229163889e+00
-1.132812929879490227e+00
2.453798933847879837e+00
-6.576013709171589783e-01
-1.482408983455591134e+00
2.361123923982034079e+00
-2.257439441434044569e-01
-1.773068316455103322e+00
2.187266513146656877e+00
2.192419481103769496e-01
-1.994198648679608832e+00
1.938557563187172983e+00
6.611432089986634120e-01
-2.137735804112725013e+00
1.624055971886805505e+00
1.083848152165689527e+00
-2.198438154985280057e+00
1.255227878142067377e+00
1.471933900218447056e+00
-2.174087447473578738e+00
8.455347730573792298e-01
1.811234293072429224e+00
-2.065580488057648711e+00
3.558520415841430751e-01
1.705757039416167409e+00
-1.482299098107080271e+00
-2.290633576932238347e-03
1.872009160740835787e+00
-1.271775241829242287e+00
-3.553780328414846146e-01
1.974925119168874144e+00
-1.010101164151809172e+00
-6.905427231263074894e-01
2.010804387089615730e+00
-7.068508492145431088e-01
-9.955950018732823148e-01
1.978399125329508124e+00
-3.730961986538557928e-01
-1.259465007746072063e+00
1.878949422349801557e+00
-2.099758280856942050e-02
-1.472600755807782491e+00
1.716127929350287129e+00
3.366420165142791077e-01
-1.627308116018442830e+00
1.495896728258843345e+00
6.868427576473137286e-01
-1.718020905315429392e+00
1.226282457933574932e+00
1.016916394494755904e+00
-1.741491871378409551e+00
9.170787315044982568e-01
1.314920189532102990e+00
-2.116438125585370145e+00
6.814962447812549229e-01
1.899045271779423505e+00
-1.979958873737375891e+00
2.466688449164797237e-01
2.148659335470639586e+00
-1.766715656835409876e+00
-1.923505712182274341e-01
2.325208974312613641e+00
-1.484338159837095272e+00
-6.197207301550679004e-01
2.422221796719161269e+00
-1.142897392881732976e+00
-1.020004862441124427e+00
2.436014202281769681e+00
-7.545430159091357503e-01
-1.378683775031476433e+00
2.365799353055869858e+00
-3.331675765170003523e-01
-1.682530402549981208e+00
2.213817633383110550e+00
1.057885425153058667e-01
-1.920053535789538524e+00
1.985554227707668540e+00
5.457761934528329029e-01
-2.082197532483624158e+00
1.689846113024711327e+00
9.698271322798778238e-01
-2.163072853173804155e+00
1.338736591794465580e+00
4.304842992809133628e-01
-4.196319925224201164e-01
3.302943489392046184e-01
5.138226452907919128e-01
-3.993012417293976268e-01
2.293001020755924269e-01
5.832126271555151398e-01
-3.603247033498161445e-01
1.255301830850955591e-01
6.365847251793322892e-01
-3.042412969027676883e-01
2.231082474541723482e-02
6.724177716193058263e-01
-2.328204501236605106e-01
-7.730329795394200176e-02
6.895578596981304376e-01
-1.478747262142200702e-01
-1.704796460626924193e-01
6.869833200067768653e-01
-5.129099609731152531e-02
-2.537586353833791719e-01
6.644761233183555937e-01
4.848382884306103036e-02
-3.178529181808315007e-01
6.294742286024799238e-01
1.315782667952178631e-01
-3.567480916185891138e-01
5.978845414779838663e-01
1.815549603106711707e-01
-3.728688420347725518e-01
1.927133129986283722e+00
3.472741783596738352e-01
-1.864153089714404743e+00
1.988306016485335448e+00
1.685453717032189269e-01
-1.743073448368397838e+00
2.146349259017517053e+00
-2.357490814609828067e-01
-1.443113168674610813e+00
2.313737065432865059e+00
-8.515218566331571592e-01
-8.516190960431900825e-01
2.303179292908136944e+00
-1.558873154256065874e+00
1.065320309679350930e-01
1.843762930647731446e+00
-2.046330128663027992e+00
1.305702803195035289e+00
7.275963263925929736e-01
-1.824371249822389407e+00
2.235406787604961032e+00
-8.572100788066610022e-01
-5.386457294498684378e-01
2.073533457969291227e+00
-2.012701818171610757e+00
1.375695487005400786e+00
4.023194370261123920e-01
-1.490071855065371986e+00
2.342863448921098879e+00
-6.251850442296124077e-01
