-2.524222635488497790e+00
-4.056135207018659372e+00
-2.604357909795594228e+00
-2.814582940429192881e+00
-4.081030409209204457e+00
-2.624148561707252192e+00
-2.570413792736279124e+00
-4.065541097414349991e+00
-3.281112272992671830e+00
-2.143091066471725092e+00
-3.225115527918373637e+00
-4.167315027767823921e+00
-3.122335370696293300e+00
-2.102926397709432127e+00
-2.841018194076769809e+00
-4.064368948550839633e+00
-3.955804754550984903e+00
-2.756547990972091355e+00
-2.041601308726574082e+00
-2.593587431067391424e+00
-3.724851966822777083e+00
-4.284976682078433186e+00
-3.822093786079650002e+00
-2.808504021057294686e+00
-2.061719484048575080e+00
-2.077959720150804657e+00
-2.777537312142585257e+00
-3.685012113931831035e+00
-4.285662345401229700e+00
-4.300759235563197613e+00
-3.769901337346829084e+00
-2.967593059618580220e+00
-2.244919248010654123e+00
-1.882094047173972440e+00
-2.000168122250586933e+00
-2.541984672330630968e+00
-3.308662986716758070e+00
-4.029587159614797187e+00
-4.445400801031434312e+00
-4.388044651198414137e+00
-3.844329651745842291e+00
-2.987533460209951475e+00
-2.156131268835577597e+00
-1.756241107269374879e+00
-2.078177932764698976e+00
-3.066889568587802817e+00
-4.179978435735590914e+00
-4.560201114699325764e+00
-3.682810567865540285e+00
-2.178757776998331064e+00
-1.767889128909756913e+00
-3.306918541625269548e+00
-4.639664756106867571e+00
-3.138845313479926347e+00
-1.646563983314378810e+00
-3.777376960256620286e+00
-4.222706765521846428e+00
-1.681591628389270454e+00
-3.361454464158872391e+00
-4.418241607439700402e+00
-1.721112967557282936e+00
-3.167661295431064783e+00
-4.590198604917130609e+00
-1.913072949497834907e+00
-2.618973805328824955e+00
-4.787646904275243642e+00
-2.583746474975598506e+00
-1.823775408843666623e+00
-4.503645923312125099e+00
-3.717594969224374157e+00
-1.453847827580378782e+00
-3.468001573221391798e+00
-4.687934626252431514e+00
-2.019461475518770754e+00
-2.176392847440289380e+00
-4.779369582907659009e+00
-3.253641846380721514e+00
-1.462341133003730809e+00
-3.956971140618870564e+00
-4.359498030834242144e+00
-1.646611517491184173e+00
-2.828671836294288422e+00
-4.818272825941554593e+00
-2.417351574501640066e+00
-1.959688834041123817e+00
-4.641738303377490382e+00
-3.311759703679750366e+00
-1.554698754987212883e+00
-4.093258068836748365e+00
-4.043616252012122381e+00
-1.563335163691863094e+00
-3.406094341354760413e+00
-4.520286534719732963e+00
-1.883182799423157361e+00
-2.707240685861044049e+00
-4.714363562972298638e+00
-2.437605826847869306e+00
-2.108203818748251024e+00
-4.599548183004156243e+00
-3.114939298228093456e+00
-1.729646601817554252e+00
-4.203085345762053393e+00
-3.780021246050415229e+00
-1.640871425223482394e+00
-3.603708485575724652e+00
-4.303641169038633585e+00
-1.859995848864061108e+00
-2.923581787461680292e+00
-4.575567699465934446e+00
-2.338765679199855452e+00
-2.312222097429869727e+00
-4.542545129068425780e+00
-2.958762515487929790e+00
-1.902238033118649696e+00
-4.239579832838707318e+00
-3.564845787186028847e+00
-1.754212977341580215e+00
-3.779643058031597835e+00
-4.034353321850527863e+00
-1.836023400787653692e+00
-3.290226002597173682e+00
-4.321822644386206669e+00
-2.064767937703270828e+00
-2.858308275587915226e+00
-4.444509962507167344e+00
-2.359631447105467572e+00
-2.517958093363033889e+00
-4.445079214258472078e+00
-2.670406283277429349e+00
-2.266018041746047817e+00
-4.360303928767477188e+00
-2.981810109802097486e+00
-2.085325456641438979e+00
-4.203468863299963054e+00
-3.304645390363146529e+00
-1.967185664664480083e+00
-3.955642343810092498e+00
-3.658538940207799683e+00
-1.938220562877038589e+00
-3.563207316832203819e+00
-4.033904425355512302e+00
-2.099928044514121517e+00
-2.981031268124193279e+00
-4.286021935886357603e+00
-2.514474794191648321e+00
-2.524097274038278549e+00
-4.281934549233315401e+00
-2.587291894362796274e+00
-2.752302511775000404e+00
-3.145552646570363819e+00
