9.464975700090770161e+00
7.679551108485846989e-01
-3.699746385315880737e-01
8.843688436611602199e+00
5.588510333912491745e+00
-2.088601625944863205e+00
4.475310148199026727e+00
9.395199532064355097e+00
9.484433195523100935e-01
-8.074533232990241949e-01
8.195692286959111783e+00
6.972599229928738040e+00
-1.588561495833156645e+00
2.104566296238135514e+00
9.607135529865848511e+00
4.055679738292243819e+00
-2.101720632359091123e+00
4.736200136410407602e+00
9.497013086068266219e+00
1.835222757009022265e+00
-1.614932850120541108e+00
6.534430465510835617e+00
8.815004067160909784e+00
4.016203291183835233e-01
-8.424446443776170135e-01
7.695968050761923251e+00
7.979844843138840460e+00
-5.938737058254202061e-01
1.046341691740506619e-01
8.627990195136112206e+00
4.420289954755060258e+00
2.661387956857023340e+00
3.363212348455918210e+00
5.001955313121423607e+00
3.883900306608730535e+00
2.544558475606601977e+00
4.164133434835913583e+00
4.844729247323757093e+00
2.851510215329679188e+00
3.309889527924315900e+00
5.033102769459040893e+00
3.296570302593400559e+00
2.976555059645537682e+00
5.007362820651989566e+00
3.374976420067432592e+00
3.020250710150052420e+00
5.031195944167881962e+00
3.113542032464545972e+00
3.348516661424351781e+00
4.980127137805665960e+00
2.774361087521066249e+00
3.817864749475094577e+00
4.762450071135882368e+00
2.579917234055384867e+00
4.248342349004854412e+00
4.444317778876933467e+00
2.542341250109426909e+00
4.597659031537218333e+00
4.071967951655929063e+00
2.636691352992909021e+00
7.798782875215891863e+00
3.366099055776897053e+00
2.704321626166272807e-01
8.357804445133176330e+00
1.892382356780058172e+00
1.460394361666823126e+00
8.436192722873657956e+00
5.844070521171245147e-01
2.950375946934690852e+00
7.980702423052280281e+00
-3.882593216662582059e-01
4.586708643757808623e+00
6.998375107530523387e+00
-8.659678554028293895e-01
6.156977654669248068e+00
5.590226354413407428e+00
-7.518807156683089410e-01
7.431540376314433871e+00
3.947053734897735033e+00
-5.400921514913692434e-02
8.231714654731156600e+00
2.297264037290940308e+00
1.121632192702445519e+00
8.464650246723703475e+00
8.564455131724746373e-01
2.604525540633615854e+00
8.127209696660285587e+00
-2.074778243253074805e-01
4.197660444012281111e+00
7.292126155923344122e+00
-1.902015301518083401e+00
6.177653565170560412e+00
6.641905806116863431e+00
-1.989201291648536429e+00
7.760324606067261932e+00
4.867203269307410984e+00
-1.466900092476044914e+00
8.900830617016056934e+00
3.011550266010895704e+00
-4.181968917837379784e-01
9.510359142356504591e+00
1.253303813576628567e+00
1.041783868472662355e+00
9.547613893281789998e+00
-2.529518056292112682e-01
2.784136056162003658e+00
9.003304054348477692e+00
-1.372423520649363571e+00
4.675411131444255908e+00
7.882159568575426434e+00
-1.971801884666550375e+00
6.569655746979073285e+00
6.190956588493236268e+00
-1.886341168273211633e+00
8.257354868593377972e+00
4.008172129417300944e+00
-9.551689578924213997e-01
9.344435003091835057e+00
1.801824316106455104e+00
5.663429209068251424e-01
4.781327491559405729e+00
3.194428611944220009e+00
3.441009094344806396e+00
4.760845684122101851e+00
3.111061409194116223e+00
3.484641539548105182e+00
4.763107127567706378e+00
3.157222049645504569e+00
3.389940008460390786e+00
4.779948586768488106e+00
3.282624699072474339e+00
3.243392258773665660e+00
4.775713197916984676e+00
3.440349072946451869e+00
3.108868111218633157e+00
4.744645682116666485e+00
3.583933990183165719e+00
3.017542457773551234e+00
4.707758839648313653e+00
3.673362372039803869e+00
2.965761084591706620e+00
4.623759043245632583e+00
4.111682898134829678e+00
2.832301443664915208e+00
3.340517103733548154e+00
4.452944591944625330e+00
4.763458172680611113e+00
4.224861073501656072e+00
3.365546870134567659e+00
-9.383431061100950821e-01
