-1.538891925613499190e+00
-1.812733624922803877e+00
-1.434160018656165159e+00
-1.830266606976325372e+00
-1.501945158407069325e+00
-1.695340553121935434e+00
-1.675077952404780968e+00
-1.518480153394436538e+00
-1.819815945499551058e+00
-1.439454868291892842e+00
-1.806458560691103221e+00
-1.556589502892737897e+00
-1.602998778093459364e+00
-1.787085129211573697e+00
-1.443574487632124592e+00
-1.775658067569311660e+00
-1.654104390683655001e+00
-1.477023426869669587e+00
-1.814981030203145052e+00
-1.620904804161015900e+00
-1.475728789176832922e+00
-1.789319156990732740e+00
-1.703570082326712365e+00
-1.452323150786439809e+00
-1.654988499697320536e+00
-1.820989361330232148e+00
-1.584437010849786276e+00
-1.465472431770569628e+00
-1.701870253681764922e+00
-1.812298023394788515e+00
-1.589371415796511311e+00
-1.462212015184432223e+00
-1.661595890736304204e+00
-1.818365655398535452e+00
-1.653926359521093126e+00
-1.465242227727602931e+00
-1.583129479802317885e+00
-1.797431729872542405e+00
-1.735154122099092699e+00
-1.507447796371248039e+00
-1.509867181275936554e+00
-1.736098817214885237e+00
-1.792150034267622205e+00
-1.581781347608429478e+00
-1.473623387287286146e+00
-1.656611276930516130e+00
-1.807190322537469251e+00
-1.658970327983641857e+00
-1.476966485569092935e+00
-1.587321514913769382e+00
-1.791070771237894599e+00
-1.718235528857368966e+00
-1.498373706099773051e+00
-1.537793711600855318e+00
-1.768142762351339492e+00
-1.757993159531324290e+00
-1.521428334421896400e+00
-1.507541744180315613e+00
-1.747995104729908489e+00
-1.779892529835953141e+00
-1.536206302360253240e+00
-1.492789642805784744e+00
-1.740264386595720136e+00
-1.788387408166898451e+00
-1.535909533905590596e+00
-1.490189929122613943e+00
-1.748937985416788798e+00
-1.784840176975651005e+00
-1.519138499306422752e+00
-1.500711040108636540e+00
-1.772835212710831110e+00
-1.766114194985213270e+00
-1.489871774624325740e+00
-1.528962973240750367e+00
-1.804875903552657590e+00
-1.727376826719045466e+00
-1.458404394910637780e+00
-1.578242318993019255e+00
-1.832013460027127838e+00
-1.668783932313611329e+00
-1.439105699454290788e+00
-1.643842731799155299e+00
-1.840827946492813005e+00
-1.599042627482042622e+00
-1.442345462996489358e+00
-1.714655917661894291e+00
-1.824989372856963943e+00
-1.530153847203118200e+00
-1.470439068925988302e+00
-1.778918435884857319e+00
-1.785685533606384823e+00
-1.472775980340197854e+00
-1.519414948293112744e+00
-1.827671146868306673e+00
-1.728866203378319977e+00
-1.433862961594361884e+00
-1.582139244090748464e+00
-1.856009415618363301e+00
-1.662137941769820548e+00
-1.416478161708432104e+00
-1.651101954637165026e+00
-1.862048815007124603e+00
-1.592607259627004668e+00
-1.421727462091572303e+00
-1.719722981909494131e+00
-1.846057557518621772e+00
-1.526189296486943903e+00
-1.448090251011511453e+00
-1.782600987821572280e+00
-1.809706713033679915e+00
-1.468290936783021916e+00
-1.493833259462324259e+00
-1.834032738394495210e+00
-1.755451909100671060e+00
-1.424766867210913945e+00
-1.555430299529844795e+00
-1.868365627669902995e+00
-1.687918091057322156e+00
-1.400677765955611775e+00
-1.627313691550281494e+00
-1.881419892185014708e+00
-1.613408809055244753e+00
-1.399168567034964727e+00
-1.702635332376070787e+00
-1.871166887601460438e+00
-1.539130541359532423e+00
-1.421102652825932955e+00
-1.774020107798128354e+00
-1.837929141909857789e+00
-1.472436697334793765e+00
-1.464979344467550071e+00
-1.834323626068042223e+00
-1.784349680686744932e+00
-1.420082161062860227e+00
-1.527076219680145730e+00
-1.877350334041446578e+00
-1.715141716267197580e+00
-1.387547766795265591e+00
-1.601801436105652732e+00
-1.898471502549115453e+00
-1.636642720925861605e+00
-1.378493995360135393e+00
-1.682222435603335065e+00
-1.895087000449023673e+00
-1.556216083450203236e+00
-1.394394816047719310e+00
-1.760718639766781113e+00
-1.866887152333702948e+00
-1.481562780880576469e+00
-1.639205529368234160e+00
