2.164263951901727268e+00
1.262718642117304224e+00
1.274483914301301368e+00
2.161265231082219351e+00
1.670830277551375698e+00
1.039011120302140601e+00
1.818005990442442155e+00
2.109208206984318323e+00
1.223675438326298881e+00
1.255660097414032839e+00
2.121742174064458197e+00
1.827050791225989679e+00
1.050492773143585801e+00
1.544487242929312831e+00
2.196699157172638195e+00
1.551661647716639392e+00
1.048050839455492600e+00
1.813057858610202189e+00
2.130754141276490543e+00
1.271626817125123043e+00
1.212497659348627632e+00
2.108805031580295974e+00
1.791190262885817175e+00
1.033370336481552076e+00
1.821120745240443428e+00
2.019985689156267750e+00
1.054712406369968214e+00
1.765249467951409912e+00
2.017933352943675818e+00
1.048252883577041938e+00
1.783351051592583891e+00
2.024896349626086778e+00
1.061714089637774361e+00
1.690958415286204497e+00
2.108075755698575193e+00
1.130398626659316674e+00
1.531161999957289410e+00
2.164016008619718434e+00
1.163450158674758983e+00
1.596410399412523606e+00
2.046303238178931672e+00
1.034503177453663714e+00
2.132445082160267624e+00
1.243166071297626907e+00
1.850703088630767157e+00
1.470185252920948482e+00
1.715986752315384667e+00
1.525359252237901142e+00
1.703896410891011959e+00
1.544658016645707121e+00
1.614406764256473892e+00
1.778807624684476618e+00
1.190880958530451617e+00
2.192051437638909750e+00
1.554775898527947620e+00
1.037383699866778253e+00
1.274931799694974721e+00
1.792822657485213744e+00
2.165669290624478549e+00
2.060458255492759960e+00
1.431346186361976303e+00
1.040691676478477934e+00
1.751413187701463592e+00
2.108663098552717496e+00
1.096183797895737833e+00
1.762799363061988034e+00
1.877260370504490128e+00
1.089155465736750372e+00
2.184662862548877982e+00
1.240208444321984294e+00
1.605379423824382590e+00
2.034097213907851032e+00
1.036624550438709713e+00
1.894763173834167258e+00
1.919872773638566787e+00
1.115518069472421603e+00
1.739738302786854707e+00
2.037828944504421091e+00
1.229440476637308599e+00
1.421674234157610295e+00
2.116627986484410862e+00
1.474940895326253276e+00
1.224996437642524416e+00
2.071830506607567290e+00
1.571866405668746580e+00
1.220824795792613049e+00
2.102617594596331241e+00
1.385076927851371265e+00
1.463848415939169811e+00
2.043888413630896572e+00
1.115002133498593562e+00
1.995110909585145587e+00
1.471065986514107804e+00
1.491827501948713053e+00
1.963899092779891831e+00
1.133934981247259000e+00
2.107041488520684513e+00
1.235232568699119904e+00
1.784803027001724329e+00
1.703002879526013036e+00
1.288573653101620753e+00
2.092056601044159247e+00
1.125443184832288335e+00
1.967458448222965339e+00
1.512750884665514661e+00
1.432326942861350094e+00
2.023902681538241044e+00
1.112659708538939363e+00
2.051323364809111816e+00
1.377665450612770126e+00
1.587192749387791535e+00
1.894252974405751466e+00
1.165369579402182110e+00
2.117632677254350337e+00
1.178515806407053113e+00
1.893439526078347646e+00
1.544054183535924940e+00
1.474298360393675900e+00
1.934704466707193538e+00
1.172920130384286441e+00
2.113613760596847690e+00
1.123562273962711799e+00
2.046268523464266131e+00
1.282697591494945666e+00
1.825015411794436826e+00
1.537153807720285315e+00
1.562139946686214698e+00
1.789241771261247171e+00
1.334464251952139247e+00
1.983555047859772102e+00
1.179164342042899438e+00
2.095959707547358164e+00
1.113257337993333929e+00
2.110727719690587811e+00
1.156299439705290144e+00
2.000834229356930116e+00
1.343441268403833044e+00
1.728431510504030655e+00
1.698035900882909566e+00
1.321982898330100964e+00
2.075361322066278547e+00
1.123670491736942445e+00
1.903463541735088249e+00
1.750883215762416345e+00
1.127289917502147798e+00
1.885486207512996115e+00
2.014384994003554752e+00
1.391777089898021291e+00
1.112857469746203698e+00
1.224248297778288030e+00
