-9.347686162878505733e-01
-3.156154861968523129e-01
-8.994034062174522948e-01
-2.349148568390598601e+00
-3.827921752246827847e+00
-4.481991892221127927e+00
-3.933715853316225086e+00
-2.499604810929882959e+00
-1.007631949372081115e+00
-3.192183337334237869e-01
-8.318638796147270753e-01
-2.249602083426576193e+00
-3.753848754374555341e+00
-4.476033911641195573e+00
-3.999133722170356009e+00
-2.598499632051949781e+00
-1.082894351789268406e+00
-3.274964914708839991e-01
-7.685245948341279387e-01
-2.151319694259394399e+00
-3.677380006703998117e+00
-4.465459273717588218e+00
-4.060463323659372570e+00
-2.696262189046615187e+00
-1.160639104407981348e+00
-3.403629965574208605e-01
-7.091029646203790282e-01
-2.053910385011164852e+00
-3.598213147897238784e+00
-4.450274560297492243e+00
-4.118121975830846715e+00
-2.793589774976757756e+00
-1.241486382297002811e+00
-3.579415486689114800e-01
-6.530041575586009728e-01
-1.956242382411107927e+00
-3.515261536992295710e+00
-4.430149839759561559e+00
-6.101803847376084278e+00
-3.428068889095693628e+00
-1.607360853612980200e-01
1.814656711334200700e+00
1.358150302288918088e+00
-1.266931523440511853e+00
-4.545768415846119126e+00
-6.585822374394178169e+00
-6.208900167473761833e+00
-3.631793354421875009e+00
-3.423475783289902097e-01
1.758760034287790930e+00
1.456126472102945435e+00
-1.076608044964953770e+00
-4.375241665124980806e+00
-6.530657738173711202e+00
-6.293805424530043879e+00
-3.800444441159239961e+00
-4.945340015025139202e-01
1.707300836812782663e+00
1.527162677082587905e+00
-9.315486514847284294e-01
-4.242555426496185333e+00
-6.483745992724561091e+00
-6.353388365967533424e+00
-3.926855001885122931e+00
-6.133299755323549096e-01
1.662904746285510882e+00
1.580578731752528387e+00
-8.114835802092354999e-01
-4.124123101590660312e+00
-6.436015775081981083e+00
-6.408979374881364599e+00
-4.061847505040986128e+00
-7.551847892536456275e-01
1.600503798743591055e+00
1.650065065868813186e+00
-1.238994255414828327e+00
-3.396958923866629121e+00
-4.981757188382509582e+00
-5.090444903490149997e+00
-3.666694358119396924e+00
-1.525111932880445886e+00
1.188254107124966374e-01
3.394959115777065328e-01
-9.807395112377901292e-01
-3.094400500197477477e+00
-4.816701114556753538e+00
-5.190794400024442368e+00
-4.016155004487591995e+00
-1.950075575466498679e+00
-1.346753531627085110e-01
4.360725653252397471e-01
-5.424545652262293682e-01
-2.529116851832766688e+00
-4.442018378126453726e+00
-5.250006594543224381e+00
-4.526005420016741887e+00
-2.666618935759918596e+00
-6.685991791180507793e-01
4.087146188540398128e-01
3.367860894587959564e-03
-1.661932327432712908e+00
-3.708861270702517032e+00
-5.071076153670432518e+00
-5.049212183871167881e+00
-3.664675678932651781e+00
-1.636056769436481151e+00
-5.534950630892154777e-04
4.173772547816203549e-01
-5.826244592521130361e-01
-2.488544968155512738e+00
-4.345129134019969364e+00
-5.235705859264388806e+00
-5.902453886809061245e+00
-3.441326275175515370e+00
-4.835650443444696744e-01
1.544425061260888299e+00
1.685645982311245739e+00
-1.053316464051339274e-01
-2.965481149562384289e+00
-5.551755344706476691e+00
-6.675392746375643505e+00
-5.840515347607730945e+00
-3.448091156606131413e+00
-5.909850471378674808e-01
1.449603534206384214e+00
1.773212939198588245e+00
2.468391654872550411e-01
-2.448862052408277812e+00
-5.123176350250959743e+00
-6.593683004734797848e+00
-6.200239577549989889e+00
-4.100148625930005508e+00
-1.217907100263184716e+00
1.140163449427892051e+00
1.859526458696599605e+00
5.451014859323888295e-01
-2.233954477663733673e+00
-5.133645606430279784e+00
-6.642728679171239214e+00
-5.873508602808499290e+00
-3.138112224398728500e+00
7.277595249035240244e-02
1.834284216077269214e+00
9.492894043403219406e-01
-2.152183429967378991e+00
-5.472642261629494520e+00
-6.656762525216866067e+00
-4.705235828435574419e+00
-9.487040846031520314e-01
1.691195275337131321e+00
