5.206066309782414692e+00
-7.485212320332832903e+00
4.171581920149818323e-01
4.423223841701825698e+00
-7.882070242951769501e+00
1.636172970269875071e+00
3.480306292411809110e+00
-8.064757896860587749e+00
2.779875517849734301e+00
2.405991715154660149e+00
-8.027719449962541276e+00
3.813481690063258434e+00
1.232954325383486482e+00
-7.772082081074437987e+00
4.705556399716566141e+00
-3.129627601102580314e-03
-7.305621315267043059e+00
5.428969466910482211e+00
-1.264667047540001699e+00
-6.642524158397683287e+00
5.961720440206976335e+00
-2.513291370130514846e+00
-5.802957247210476233e+00
6.287607300683057510e+00
-3.711029349113877274e+00
-4.812453135493794498e+00
6.396718670027390807e+00
-4.821455721478953294e+00
-3.701133383831725077e+00
6.285734499045131152e+00
-5.810800402257421560e+00
-2.502792686494992314e+00
5.958026456700617146e+00
-6.648973657066588494e+00
-1.253873291140760404e+00
5.423556183057324454e+00
-7.310480461219697190e+00
7.641950980537659532e-03
4.698573760034530977e+00
-7.775196768036130024e+00
1.243384467682327132e+00
3.805124712169077661e+00
-8.028982643538480346e+00
2.415766950177189898e+00
2.770380531021221060e+00
-8.064113542537832302e+00
3.489126920383146313e+00
1.625813115747230642e+00
-7.879516657111662603e+00
4.430812151625764805e+00
4.062382284452805692e-01
-7.480805219791577976e+00
5.212175054076578107e+00
-8.512430119485617785e-01
-6.880109805690207914e+00
5.809445997621696556e+00
-2.108372564668375304e+00
-6.095711855794059275e+00
6.204459350827741027e+00
-3.326899821788686040e+00
-5.151435884964109313e+00
6.385230953782294883e+00
-4.469995030390408353e+00
-4.075825267530317930e+00
6.345442268533910024e+00
-5.521332065403613321e+00
-2.843979354166135565e+00
6.053514620681395897e+00
-6.520081265274568771e+00
-1.354258334037983680e+00
5.402743217212918836e+00
-7.404136584214835004e+00
4.261846940704443476e-01
4.247977901194380124e+00
-7.984686942688543176e+00
1.758568277839630545e+00
1.821621258314971348e+00
-6.567277424269261310e+00
3.294619041470333798e+00
-5.576126019190297267e-02
-5.903972178197612664e+00
4.465665030120132606e+00
-2.184578121261807837e+00
-4.515130110112576922e+00
4.954171514991890568e+00
-4.179266763527412998e+00
-2.605995928905153747e+00
4.636596113892033522e+00
-5.632944656568843023e+00
-6.455551693825581916e-01
3.757630252220173439e+00
-6.367820051796127423e+00
8.015754402433452608e-01
2.935925244895412511e+00
-6.566356554827184944e+00
1.249431676326364427e+00
2.911234164887236631e+00
-6.479694296340361426e+00
3.411870138501742478e-01
3.896651643964967882e+00
-5.702474026315682565e+00
-2.128923046075942072e+00
4.928135356485075391e+00
-3.115579571414699878e+00
-5.330458515355536164e+00
3.877911948547533072e+00
1.232682641177397675e+00
-6.598409977635867563e+00
-9.400862093910744566e-02
4.553450435730836965e+00
-4.232993680962906069e+00
-4.541018620683342277e+00
4.419668139057128187e+00
1.512924435239642040e-01
-6.612274493414673771e+00
1.223390402490819318e+00
3.824614452423235278e+00
-5.417843059419790386e+00
-3.017023540407425486e+00
4.924322414935258685e+00
-1.823820764060577471e+00
-6.062312495492288456e+00
3.021675656999119219e+00
2.250186011506865036e+00
-6.408716343307598429e+00
-8.537991304678519411e-01
4.736351040813878477e+00
-3.904125886078883667e+00
-4.727920651685132647e+00
4.364632705749620811e+00
1.880092540620543762e-01
-6.609600028594545762e+00
1.289117250990845287e+00
3.768075092825384331e+00
-5.479273885293618029e+00
-2.929675818202995607e+00
4.931825625367102894e+00
-1.866813276856116977e+00
-6.060665552068480011e+00
2.988628540705623671e+00
2.333570050548469332e+00
-6.362022622796854598e+00
-1.079990732693532740e+00
4.810314366914963280e+00
-3.582608703005716322e+00
-5.049388303201583383e+00
4.109501095980085950e+00
7.850367178368804488e-01
-6.636789649238944655e+00
1.888637460611919394e-02
