-6.939357747862391346e-01
-3.486633850362369280e+00
-4.066910668238991278e+00
-1.176229459415891743e+00
-1.276623815397315065e+00
-4.033427133639069240e+00
-3.859723560099583395e+00
-1.218750978992279466e+00
-9.868402760390952988e-01
-3.456775207763622237e+00
-4.417888874675376165e+00
-2.381217475489936675e+00
-6.170342049655990202e-01
-1.836599100173057497e+00
-4.156923896622704007e+00
-4.005226723735487937e+00
-1.554030562634455492e+00
-7.220469538130427356e-01
-3.052672383174683368e+00
-4.473524782473208283e+00
-2.038325707792028485e+00
-7.590623162307250649e-01
-3.863934822571127636e+00
-3.287296025875285022e+00
-6.328084734174792558e-01
-4.196252544681782659e+00
-2.118592297652577727e+00
-1.536859587093067248e+00
-4.463534641160599392e+00
-8.098304034555385833e-01
-3.146304619921364232e+00
-3.447512371679382071e+00
-6.719898000412256600e-01
-4.352625659218534615e+00
-1.857356281547232424e+00
-1.745464289188673579e+00
-4.405132744992534377e+00
-7.057542469263455853e-01
-3.346460221712105998e+00
-3.261587410870503412e+00
-7.399000765922674194e-01
-4.449593946521630095e+00
-1.635180476777506442e+00
-1.977211153416679856e+00
-4.300626363763502269e+00
-6.021608373642335366e-01
-3.625961521095825368e+00
-2.948864553418793388e+00
-9.038812690963364815e-01
-4.549810839539517815e+00
-1.300194201529601523e+00
-2.374682754113708771e+00
-4.065436848964608885e+00
-5.283463403857040497e-01
-3.984949776707424007e+00
-2.494231845239520240e+00
-1.202699256701192487e+00
-4.576738941052127529e+00
-9.578110415930820576e-01
-2.846213707930125292e+00
-3.722923487450945146e+00
-5.555713719687649377e-01
-4.285245711981014338e+00
-2.032892301064233465e+00
-1.573051790008126893e+00
-4.497034130869509205e+00
-7.067562413256418541e-01
-3.289049049419225490e+00
-3.329491447522670899e+00
-6.869286570283403837e-01
-4.486020851176364843e+00
-1.609240476069810466e+00
-1.990849935740716337e+00
-4.309654600610592468e+00
-5.636347877378922178e-01
-3.686150700573253225e+00
-2.888491854736524367e+00
-9.400306450767050848e-01
-4.553465192610055112e+00
-1.256282649936893536e+00
-2.444956888365688030e+00
-3.992305306343052251e+00
-5.771680217137324931e-01
-3.983729361618780995e+00
-2.438378972441006542e+00
-1.301786806945418817e+00
-4.473438796324357369e+00
-1.013473251353010252e+00
-2.877392875597492683e+00
-3.604972834843451324e+00
-7.108416083754069970e-01
-4.173333722004259450e+00
-2.031369864255079261e+00
-1.703773531306837619e+00
-4.293855772775380331e+00
-8.759974443722651216e-01
-3.253891559653761867e+00
-3.196033572437190440e+00
-9.304153401537202939e-01
-4.259830966105544903e+00
-1.689228502265486931e+00
-2.113235531173569548e+00
-4.039665947292824022e+00
-8.390546499566662320e-01
-3.558501697331434954e+00
-2.791952621935559709e+00
-1.213887243803919658e+00
-4.249074347949493458e+00
-1.424728749275043116e+00
-2.506395949874897777e+00
-3.732352156289423739e+00
-8.951315305213007889e-01
-3.780948674987837599e+00
-2.414875758172386977e+00
-1.539495677212670222e+00
-4.150593766607022062e+00
-1.245606792413066710e+00
-2.862655546497255177e+00
-3.394048389877379002e+00
-1.032591609450800973e+00
-3.916159260669787923e+00
-2.083678607755786505e+00
-1.884919134753186842e+00
-3.978032772953317586e+00
-1.154209187213717236e+00
-3.165087444811032213e+00
-3.046975288465729736e+00
-1.235987506735739316e+00
-3.964511143379501945e+00
-1.813127939596659077e+00
-2.228359056982284869e+00
-3.748380078642091995e+00
-1.147495473298630220e+00
-3.401261451529138391e+00
-2.712186099489774183e+00
-1.487087260295916202e+00
-3.931594940354155021e+00
-1.613182917265341576e+00
-2.549817728668462014e+00
-3.480791332301878427e+00
-1.217481836275991380e+00
-3.563779622075251563e+00
-2.408334359612044118e+00
-1.766142912380693319e+00
-3.827592200382849530e+00
-1.488634743375507385e+00
-2.832247151945074926e+00
-3.195271160347108008e+00
-1.352017641075462961e+00
-2.552584408570294450e+00
