1.556040117749247553e+00
3.200655955327597280e+00
2.136234291780213734e+00
-1.075099341398032093e+00
-4.737426224043551848e+00
-6.916656215080008607e+00
-6.461928843593664595e+00
-3.613387535950109974e+00
1.246411318508853228e-01
2.778088589438505895e+00
2.945658138830098860e+00
5.388556002847311177e-01
-3.171276541329208776e+00
-6.225401987772137602e+00
-7.010624319675640592e+00
-5.112264340083250147e+00
-1.532853892381730310e+00
1.837305398369073473e+00
3.218418318097655995e+00
1.881113358646707034e+00
-1.468373138836040592e+00
-5.061163348849089694e+00
-6.999889737907173171e+00
-6.260702792988928067e+00
-3.233970230682765568e+00
4.818778263013379082e-01
2.924486480915243103e+00
2.803903888668227484e+00
1.838102207529610510e-01
-3.552112100645744341e+00
-6.430906875500046027e+00
-6.932270545268544026e+00
-4.791430859448949420e+00
-1.138974208237436780e+00
2.096221777783227491e+00
3.205636570130789398e+00
1.603383577848175090e+00
-1.864380693874316153e+00
-5.366315432369964000e+00
-7.053034258582245641e+00
-6.033773907221078758e+00
-2.846810031969667865e+00
8.248084180739105875e-01
3.042084386236878490e+00
2.634065161992297899e+00
-1.837725961669858243e-01
-3.923316985113500799e+00
-6.609698975801352461e+00
-6.824229005598908770e+00
-4.453612868693348048e+00
-7.497828599303848485e-01
2.331252905161932620e+00
3.162386555408505995e+00
1.304692934653555625e+00
-2.260772187868258065e+00
-5.651071771638127572e+00
-7.075774429622699202e+00
-5.782488730617238559e+00
-2.454204260257741410e+00
1.151398035136352416e+00
3.130184506215069273e+00
2.437149743127127177e+00
-5.617116977531879662e-01
-4.282688549486509899e+00
-6.760717377071065570e+00
-6.687140794557681289e+00
-4.100814902838845200e+00
-3.675892202869377456e-01
2.541004159321281097e+00
3.088924909668381513e+00
9.868137913158179231e-01
-2.655195523966510596e+00
-5.913742687386592145e+00
-7.067975316032374167e+00
-5.508338332187871167e+00
-2.058886364013305048e+00
1.470284266603592016e+00
3.204233920615673359e+00
2.227256535071781673e+00
-9.447020474030137782e-01
-4.636517235571940176e+00
-6.898525990903706884e+00
-6.536152030913342514e+00
-3.740766559171269989e+00
1.137566753830077104e-02
2.738752649367704795e+00
3.001025197439277203e+00
6.596860823999946000e-01
-3.048793718576528811e+00
-6.165950515250733233e+00
-7.045600768625767785e+00
-5.223197501557142353e+00
-1.661159499928037686e+00
1.759386072617125318e+00
3.232034795896361334e+00
1.979074721132068948e+00
-1.337800696826779934e+00
-4.966935679941544279e+00
-6.991768868072933074e+00
-6.342977387545676748e+00
-3.363190732206417621e+00
3.739533050125984914e-01
2.894853330850192474e+00
2.868211500289921556e+00
3.080974754559551165e-01
-3.433481821788557653e+00
-6.380582718816366850e+00
-6.976828908338028157e+00
-4.907340284409780651e+00
-1.265022443082108206e+00
2.026601332958295032e+00
3.229210763361884506e+00
1.707702779112350466e+00
-1.734407890984871248e+00
-5.279328208554145974e+00
-7.054970930482184599e+00
-6.123611710308109579e+00
-2.977105246768615210e+00
7.228652393396064468e-01
3.022329862541396128e+00
2.706931739904579803e+00
-5.676606114047699769e-02
-3.809243175209648058e+00
-6.568800747040336674e+00
-6.878104883609069020e+00
-4.573810777010722362e+00
-8.728257805541876913e-01
2.270344453128256834e+00
3.195778580178217698e+00
1.414750968313996271e+00
-2.132170253110720282e+00
-5.571841155289579461e+00
-7.087757151486870910e+00
-5.879356665170876184e+00
-2.584801046201000485e+00
1.056041106562331855e+00
3.120425827733865010e+00
2.518142913651550518e+00
-4.327395102572857422e-01
-4.173848096544624298e+00
-6.729487757008010718e+00
-6.750014500318290089e+00
-4.224588067498871169e+00
-4.868967180208532142e-01
2.489169116961970740e+00
3.131936625306522171e+00
1.101957598065662847e+00
-2.528727551933866557e+00
-5.842738814938755354e+00
-7.105444042599089016e+00
