-1.275741682185160819e+00
-1.327592296772887259e+00
-1.480409394572255843e+00
-1.504151201130026205e+00
-1.356939523174739204e+00
-1.271284404264073631e+00
-1.391651789931963590e+00
-1.518834510060119047e+00
-1.430055644556786687e+00
-1.278772566279892775e+00
-1.342117662901777253e+00
-1.506121885004872318e+00
-1.456291843566040800e+00
-1.286057965404862724e+00
-1.336926789489724321e+00
-1.508568197399548394e+00
-1.441201791261026877e+00
-1.275303243162071221e+00
-1.373660038513113246e+00
-1.520460550132025412e+00
-1.381306261873475716e+00
-1.275420412978510942e+00
-1.453894639769765629e+00
-1.490756976815564627e+00
-1.294032004045307493e+00
-1.350479128004135498e+00
-1.520095587875632370e+00
-1.368950580970465403e+00
-1.287560601077647693e+00
-1.491162588252052279e+00
-1.437408254286534959e+00
-1.270302894009728067e+00
-1.447214919914407316e+00
-1.479196285486302109e+00
-1.276064505740197808e+00
-1.412420959136512000e+00
-1.499108596754408440e+00
-1.285820571773844456e+00
-1.393023896294144581e+00
-1.506500451966131582e+00
-1.290926124650136897e+00
-1.387342110822116892e+00
-1.507390532375360026e+00
-1.290237068467739556e+00
-1.391270511187915782e+00
-1.504571150217726805e+00
-1.286338851259311911e+00
-1.399817958794868922e+00
-1.499828512760471799e+00
-1.282077335726655054e+00
-1.409916020400001413e+00
-1.501394581979935916e+00
-1.270889908373861399e+00
-1.418133387994326311e+00
-1.496584276904343591e+00
-1.268530299122700322e+00
-1.424418974132876548e+00
-1.492556945646690059e+00
-1.266838956638120850e+00
-1.429547959827612180e+00
-1.489666044850051163e+00
-1.266299722903662328e+00
-1.428575305996746980e+00
-1.493051817285361071e+00
-1.269064484815846772e+00
-1.414156052532624219e+00
-1.505859479959018810e+00
-1.280294783211060272e+00
-1.380660373282882825e+00
-1.523329815376331720e+00
-1.311586591447180705e+00
-1.328102618413144587e+00
-1.526814458987681977e+00
-1.376418383123680256e+00
-1.274926897849154361e+00
-1.484765149985113331e+00
-1.467867906878539408e+00
-1.268865478895688348e+00
-1.381982548056504001e+00
-1.528257329561007349e+00
-1.356027333001803781e+00
-1.276480800511190727e+00
-1.474431583567429538e+00
-1.490657969393666349e+00
-1.290058183203144582e+00
-1.326118330066096807e+00
-1.516327918042516654e+00
-1.440712418787852167e+00
-1.266373895830889218e+00
-1.369984325899870292e+00
-1.527916393720600619e+00
-1.405728396368568278e+00
-1.261846402947095047e+00
-1.395322302636760492e+00
-1.528994788222409529e+00
-1.389831756133299789e+00
-1.261938094124800180e+00
-1.402316392170275483e+00
-1.528898220114631945e+00
-1.391185336164278308e+00
-1.268160417419272434e+00
-1.393189355023641829e+00
-1.522475817082739491e+00
-1.407310443993692317e+00
-1.269430991896844274e+00
-1.370571119531856841e+00
-1.518460088822717102e+00
-1.435968709395154974e+00
-1.278089372218411235e+00
-1.336955684287592705e+00
-1.503034392483563630e+00
-1.472813831205958879e+00
-1.302402333714960392e+00
-1.299442483247259528e+00
-1.468053864361552607e+00
-1.507489616039967117e+00
-1.349046588911898104e+00
-1.272014620611232827e+00
-1.410064012235882069e+00
-1.522619519694761170e+00
-1.416201714695709768e+00
-1.274309872348362793e+00
-1.338229669231892682e+00
-1.498588521738139834e+00
-1.485760332350783308e+00
-1.322384710477266134e+00
-1.280043412853604456e+00
-1.427488496434457854e+00
-1.522348959016897263e+00
-1.410998857347860236e+00
-1.274606636979356056e+00
-1.331936567903194035e+00
-1.490239024970783976e+00
-1.498371807925813481e+00
-1.344718917019465998e+00
-1.270348218222472569e+00
-1.389935781579282992e+00
-1.517789898655630410e+00
-1.458278550109020522e+00
-1.303319083472965323e+00
-1.287513777822574257e+00
-1.433417103286372729e+00
-1.522533677185124557e+00
-1.423600497459328595e+00
-1.283416321633228163e+00
-1.306685414903893783e+00
-1.458340620516127117e+00
-1.519292936031108709e+00
-1.403325429746157482e+00
-1.314479949233429812e+00
