8.899416919587977759e+00
9.019632522971846811e+00
7.929566648904298631e+00
6.606994608079229891e+00
6.268544328226192341e+00
7.250634587825817157e+00
8.677030827836629712e+00
9.239872471170098578e+00
8.398821315480535787e+00
6.898971819369296377e+00
6.111847779051926111e+00
6.781250105627272262e+00
8.320709659482211862e+00
9.325847020905621676e+00
8.855465377969920837e+00
7.312800323557018700e+00
6.101832964131189030e+00
6.349605083814362061e+00
7.857269344085249685e+00
9.256258886568572208e+00
9.250555200298382630e+00
7.817344103040431591e+00
6.253536320965504380e+00
6.002059865563103003e+00
7.320438445589415366e+00
9.020514162546447778e+00
9.539729906313910490e+00
8.377396429905383357e+00
6.575569554937990446e+00
5.785631231334262381e+00
6.756103292167116692e+00
8.596235499631273314e+00
9.590859305637273735e+00
8.819416968252903999e+00
7.010945981355183321e+00
5.903930245944032151e+00
6.595656142248534692e+00
8.402393922636246515e+00
9.454078330984662770e+00
8.612828233338476025e+00
6.783966258455649267e+00
6.038332398448444494e+00
7.264578517541429470e+00
9.001849749464129857e+00
9.092887078509873433e+00
7.408613676694848493e+00
6.152545805264406198e+00
7.017970846729227219e+00
8.811651653900625547e+00
9.004685647976556240e+00
7.328806022562726064e+00
6.250368494758642868e+00
7.369065460417501434e+00
8.966946437699359507e+00
8.579132598990911518e+00
6.838142707983907442e+00
6.530660125991358811e+00
8.134006313526933596e+00
8.984402385941141489e+00
7.666275382390495885e+00
6.434097659151492898e+00
7.453149948084973886e+00
8.978445763527778567e+00
8.158029618903402280e+00
6.427343315585052785e+00
7.179638078235688781e+00
9.041890661544163876e+00
8.146609813450940152e+00
6.259686087863395976e+00
7.557113947752665872e+00
9.240254712390585823e+00
7.669668289482121537e+00
6.128285741545791865e+00
7.055272380888884420e+00
8.666738588263116938e+00
9.360317199256797949e+00
9.177494187634797740e+00
8.655516167979488529e+00
8.145730604262434227e+00
7.773967423894316831e+00
7.552056257145526530e+00
7.455743062418735079e+00
7.456069146348508703e+00
7.526552279224683062e+00
7.642525967783848628e+00
7.779915753604585760e+00
7.915342585078995796e+00
8.027008709869614123e+00
8.095153440478927820e+00
8.101061652626519560e+00
8.025307756720689412e+00
7.858297637402928970e+00
7.596563844767784346e+00
7.242636828238288693e+00
6.818151435337648003e+00
6.378899208583810321e+00
6.026615839132600350e+00
5.904329174719982198e+00
6.157556244917785193e+00
6.852177549966858905e+00
7.871602950783864294e+00
8.865040410710614438e+00
9.344307721601246897e+00
8.963018471455590941e+00
7.840090033104869072e+00
6.637074244672907852e+00
6.192793336788618319e+00
6.879224180096929153e+00
8.197684565051226002e+00
9.078060068283559048e+00
8.763749293100898896e+00
7.530934295885581164e+00
6.502284235328764872e+00
6.624894040202103263e+00
7.756785141947899476e+00
8.790286650801641954e+00
8.735263897914464337e+00
7.689340385700999647e+00
6.711879495816058139e+00
6.742113431839450222e+00
7.715614012680536149e+00
8.715985331279217263e+00
8.745592392669728099e+00
7.727112478579232224e+00
6.633734629304603558e+00
6.547039880155704594e+00
7.590574372216901011e+00
8.795466040292426513e+00
9.020240011249079259e+00
8.026590026917130416e+00
6.697191051562137787e+00
6.224124400350460107e+00
7.042953387775344964e+00
8.466743873340790927e+00
9.297909527000618013e+00
8.840761765025110464e+00
7.452019059456977956e+00
6.219828364086957606e+00
6.092259332127428983e+00
7.168580315634489608e+00
8.666597869084993633e+00
9.525581464159568412e+00
9.156622984831779277e+00
7.811554487118644197e+00
6.367061729124522174e+00
5.729684465478954714e+00
6.278227061131011588e+00
7.676438258843615081e+00
9.118767752574132857e+00
7.706577668890566279e+00
