-2.077067012837972015e+00
-4.210024517643066844e+00
-2.950342397266187966e+00
-2.979951749631534863e+00
-3.712495553457280550e+00
-2.776119605646667488e+00
-3.433837176180519979e+00
-3.483282170456136750e+00
-2.444947474985677438e+00
-4.393922024899138634e+00
-2.055945203884384398e+00
-4.084834827699816984e+00
-2.785901657261581565e+00
-3.452628333914439906e+00
-2.875063000709920047e+00
-4.127525955608348340e+00
-2.074241996410619127e+00
-2.706273435362243962e+00
-4.075871717232575797e+00
-4.327841611922735865e+00
-3.022523200462304604e+00
-2.017350449115990152e+00
-2.799322982231818635e+00
-4.208043379580479026e+00
-4.220263870891495905e+00
-2.883452916609114958e+00
-2.016442642210869884e+00
-2.637072562984369206e+00
-3.907988942221477302e+00
-4.448822981484710226e+00
-3.844472694627800280e+00
-2.757485823919863854e+00
-2.068108091265957960e+00
-2.163387219915214210e+00
-2.854342606124258275e+00
-3.690051498806117714e+00
-4.281403880501848391e+00
-4.447509793862247207e+00
-4.203046291554992209e+00
-3.679996600557779107e+00
-3.053498555987635754e+00
-2.490476835652238652e+00
-2.119292160688064364e+00
-2.014419746195510896e+00
-2.190941230304193077e+00
-2.606145446680269817e+00
-3.167753290519321308e+00
-3.749385836569248731e+00
-4.213579417918444037e+00
-4.440900549293952615e+00
-4.360866157060534043e+00
-3.977291325412291023e+00
-3.378799874782666190e+00
-2.726263227870465933e+00
-2.214153931007806442e+00
-2.011981976514197079e+00
-2.202519123511186727e+00
-2.740538255128011524e+00
-3.453932320374048626e+00
-4.095781243819367035e+00
-4.432650735051533175e+00
-4.334786167025928449e+00
-3.830986534639068353e+00
-3.103474063376733039e+00
-2.422069007260091666e+00
-2.042252653623769731e+00
-2.107168680338170397e+00
-2.592484289867189595e+00
-3.315829111202536428e+00
-4.006672063313458487e+00
-4.408829202537622116e+00
-4.375812817999640281e+00
-3.923198419004572557e+00
-3.219746989652272795e+00
-2.522643400522388113e+00
-1.659682695919955986e+00
-1.620760138842995746e+00
-2.153110824703413861e+00
-3.063647284772433643e+00
-4.030294629338568413e+00
-4.716498830226517391e+00
-4.887214772222169046e+00
-4.487156075277782818e+00
-3.656506890129901599e+00
-2.680904072477958699e+00
-1.893953360200940406e+00
-1.564778388698125688e+00
-1.806637217507296223e+00
-2.537429074273931828e+00
-3.506709760571510071e+00
-4.381361723565307287e+00
-4.861043121353098684e+00
-4.782815077548344007e+00
-4.176893834376675940e+00
-3.253171525908089556e+00
-2.325504958973593883e+00
-1.702922576037864788e+00
-1.586671132499538173e+00
-2.007494552752201233e+00
-2.821581385914219364e+00
-3.762924945427578383e+00
-4.531858898186068352e+00
-4.889781369255173260e+00
-4.730628786470068015e+00
-4.109040251571695279e+00
-3.219449657204122683e+00
-2.334823658468541119e+00
-1.724408322021632634e+00
-1.574328072671610901e+00
-1.932838159171799797e+00
-2.694747748473447668e+00
-3.629251668713300294e+00
-4.444611084517472221e+00
-4.873944306676190052e+00
-4.760356071251698573e+00
-4.117998212075254294e+00
-3.147685592888719519e+00
-2.190422191038124744e+00
-1.618655437490869264e+00
-1.690909621793658335e+00
-2.421573017418376050e+00
-3.530641766850063590e+00
-4.523236547932863338e+00
-4.898647085936165269e+00
-4.415010537834040072e+00
-3.273482089064077893e+00
-2.083579506911764412e+00
-1.562986687192361890e+00
-2.091650840654843080e+00
-3.390907341548533349e+00
-4.603431290354150995e+00
-4.831822703328860769e+00
-3.834276967030599170e+00
-2.334572539992635143e+00
-1.564498995742831022e+00
-2.247324216940072006e+00
-3.843428358173902382e+00
-4.877114870371721977e+00
-4.284417950776015616e+00
-2.591126148780437788e+00
-1.567808996909144437e+00
-2.398182933769560155e+00
-4.207930937231397550e+00
-4.857313379107520035e+00
-3.478183171869687840e+00
-1.766658393876335387e+00
-2.004462485203980293e+00
-3.944673477308326071e+00
-4.877814176781256172e+00
-3.437022825586559360e+00
