3.022470991128057838e-01
3.536871518004697790e-01
2.666176283323113960e-01
9.930945561717691161e-02
-3.626704750999132365e-02
-4.937785392236146431e-02
6.875139061723670175e-02
2.390631663225434855e-01
3.475770051889414125e-01
3.216704588405111531e-01
1.786813787848716140e-01
1.430462931897003021e-02
-6.145131389183461357e-02
2.112908169414090542e-03
1.624571966229600706e-01
3.122717840489276919e-01
3.512938629108766087e-01
2.534080645399127141e-01
8.412406413684796191e-02
-4.326550476355969788e-02
-4.350568769885995724e-02
8.356425679030161924e-02
2.529032815877451101e-01
3.511819283050168217e-01
3.126276095722456683e-01
1.630426474811482451e-01
2.536173740254554776e-03
-6.147350238206381046e-02
1.385183632513903307e-02
1.781010111697382270e-01
3.213509252864088506e-01
3.477321522363623352e-01
2.395891624366377481e-01
6.929621502313501602e-02
-4.917882275777082923e-02
-3.654701038972646421e-02
9.873786271961446093e-02
2.661369416549618228e-01
3.813073908276098933e-01
3.235027261249485697e-01
1.473892902354617951e-01
-2.916971119076972041e-02
-8.801287956782996580e-02
1.024033787414327379e-02
1.998343722050648363e-01
3.538841817158160374e-01
3.692925535956978478e-01
2.357474971982342349e-01
4.262350213137833244e-02
-8.083197793067412040e-02
-5.199686159082697601e-02
1.098310660049850312e-01
2.963491179333155312e-01
3.827308412841425866e-01
3.111656165991315559e-01
1.295481814480861638e-01
-4.057472924366495315e-02
-8.534904461900463812e-02
2.519026504436847058e-02
2.170652132205002360e-01
3.618642658219343167e-01
3.626812417358943330e-01
2.189693831317134076e-01
2.690727093066291875e-02
-8.496830201207661304e-02
-4.178506036797560719e-02
1.275567858089760587e-01
3.097258899334844884e-01
3.828063148479146638e-01
2.978892813487875602e-01
1.118051711270458271e-01
-5.090997664174415349e-02
-8.135970651683274713e-02
4.083434023477870711e-02
2.338942913640991161e-01
3.504503430302764455e-01
3.377992828717414908e-01
1.972715386671212712e-01
2.291473563636271804e-02
-6.858354001615318829e-02
-1.598843686984632861e-02
1.455009847252817790e-01
3.078085816195215707e-01
3.623106501488280173e-01
2.725319010828257116e-01
9.855639961920692471e-02
-4.318345257138545001e-02
-5.782883189507478927e-02
6.442162260809748686e-02
2.417522880292416465e-01
3.554853327705815857e-01
3.295053760046712243e-01
1.811993988645266840e-01
9.820577546046371786e-03
-6.993650397930986640e-02
-4.694741038095473495e-03
1.618830800315697593e-01
3.183154252835999065e-01
3.599105794854625673e-01
2.588311536896319431e-01
8.272414535201079444e-02
-5.055154149044938094e-02
-5.180169171650000903e-02
7.981035266330931133e-02
2.562037625264401708e-01
3.593279607717586588e-01
3.201674942403456292e-01
1.649303469899364438e-01
-2.491647182141232264e-03
-7.005199489060642826e-02
7.463793693416126418e-03
1.781785901449286780e-01
2.899543771449440976e-01
3.124535090138775284e-01
2.240385136199851690e-01
8.388076952407090559e-02
-1.421971913224701067e-02
-4.609596541814114934e-03
1.062796015668326099e-01
2.442357272389316658e-01
3.169322005707070344e-01
2.757172004046001268e-01
1.481736991351424448e-01
1.965966984104192128e-02
-2.381739243844638310e-02
4.683936062416041435e-02
1.843431824230534477e-01
2.966701955947527725e-01
3.086460002608577557e-01
2.122558375186346102e-01
7.200843446520516222e-02
-1.823620086262692230e-02
1.917789231850625109e-03
1.189824282795085147e-01
2.546126794196458265e-01
3.180385448848371266e-01
2.668125203884193497e-01
1.352174159236392281e-01
1.132272364332315151e-02
-2.195553405233147126e-02
5.765398238921395913e-02
1.968729256308436593e-01
3.025295802108705079e-01
3.039136567969139557e-01
2.000988677240245761e-01
6.056284127319230826e-02
-2.131050043682924944e-02
9.272245848452209671e-03
1.318437007007709216e-01
2.674488290253805856e-01
