4.057269868926898226e+00
-5.144501162844679065e+00
2.841239040600154198e-01
3.736941987269317256e+00
-5.313428830228245303e+00
6.161854977788978616e-01
3.589130277163068428e+00
-5.354519919854406673e+00
6.335717697277628568e-01
3.646881689533082227e+00
-5.288727239251097778e+00
3.368038521720031486e-01
3.897698637969983171e+00
-5.083292491128044155e+00
-2.803523105821708605e-01
4.280693929292994859e+00
-4.656310255750063298e+00
-1.214409771530075677e+00
4.675565219001242667e+00
-3.892574002044860926e+00
-2.418548619571004199e+00
4.892028818954772262e+00
-2.679644271128557520e+00
-3.756202092865319919e+00
4.676700044410879720e+00
-9.731693331032333916e-01
-4.957216160629378976e+00
3.761810039237073244e+00
1.110072633422496402e+00
-5.610064545329741748e+00
1.978229270492449121e+00
3.199945347320300559e+00
-5.240418826346137315e+00
-5.703525546406711388e-01
4.651425980219744183e+00
-3.519702301928179899e+00
-3.336638596749351482e+00
4.695715359191196647e+00
-5.843829736343442161e-01
-5.311548485972405587e+00
2.834312732747310104e+00
2.688529961290744730e+00
-5.348787282450270908e+00
-6.123797363475883548e-01
4.755155531258343338e+00
-2.896629593663889946e+00
-4.166943543470169153e+00
4.121497242443968645e+00
1.176632006258320207e+00
-5.624766943694783805e+00
5.956232043472138304e-01
4.445723117074868114e+00
-3.517763258982333330e+00
-3.800986662824242135e+00
4.257170361260919300e+00
1.136840956442387363e+00
-5.611544487512661661e+00
1.906468681225840234e-01
4.665006301442691239e+00
-2.803444417379063136e+00
-4.526540343099365593e+00
3.530869022244046196e+00
2.457399447366263701e+00
-5.212766268451976437e+00
-1.628494522202926120e+00
4.875174676978777377e+00
-7.157324917480533122e-01
-5.512977792588899639e+00
1.468956358606809065e+00
4.260313701908190254e+00
-3.475124501374785346e+00
-4.174601135922785922e+00
3.721442535837806265e+00
2.413608317174348539e+00
-5.137541912258585697e+00
-2.116756443377789232e+00
5.053647735269788832e+00
1.799590265285013757e-01
-5.911113366324824980e+00
2.308222172348854961e-01
5.054860956708878916e+00
-2.020844809416904475e+00
-5.484477152845421699e+00
2.211406167463363825e+00
4.295135352451372235e+00
-3.742052500327056830e+00
-4.478921008762266176e+00
3.660952231140196300e+00
3.116427401059445046e+00
-4.926420805253604485e+00
-3.180869842333100994e+00
4.596832599698948307e+00
1.734471879717219611e+00
-5.631232681519071193e+00
-1.739243681977860945e+00
5.082846787163266100e+00
2.534981449594164715e-01
-5.905764071609562293e+00
-2.384122918029447091e-01
5.150254221051111969e+00
-1.247151826899269400e+00
-5.769178251178281869e+00
1.240863859826773830e+00
4.812984000076591329e+00
-2.682590780514503059e+00
-5.235826616093970820e+00
2.608924435842035372e+00
4.090312079962258096e+00
-3.959050461816867816e+00
-4.333399299221369461e+00
3.769411395919920249e+00
3.020951028192016885e+00
-4.979666483351459227e+00
-3.113461653943370155e+00
4.627414153022940901e+00
1.670445945668362242e+00
-5.654186920577239484e+00
-1.656012150533271221e+00
5.100188434999039622e+00
1.331002003207834017e-01
-5.910284043066948101e+00
-6.890612506507226565e-02
5.128714888534285699e+00
-1.471028095631393917e+00
-5.705046332951887678e+00
1.517539196366913146e+00
4.688819403139022235e+00
-3.003903352559431195e+00
-5.035413974248119651e+00
2.960713550066317090e+00
3.800589347234799131e+00
-4.322095585724552436e+00
-3.946205074940228652e+00
4.120769631234336927e+00
2.534392233910546910e+00
-5.294637271571641435e+00
-2.532348212951860855e+00
4.881749636612627619e+00
1.005969100981710440e+00
-5.826023204270635247e+00
-9.248952303421675847e-01
5.171580503286459241e+00
-6.436501894070616459e-01
-5.868271771365767719e+00
7.297044200096450828e-01
4.965865470362439638e+00
-2.266551030302155656e+00
-5.419510691716507012e+00
2.285162714901209036e+00
4.457969767751134960e+00
