7.291217108410980252e+00
6.615187275915439535e+00
4.666972385920773903e+00
4.236712632513647492e+00
5.940605457795699706e+00
7.338417044311426274e+00
6.428268486747533927e+00
4.513631022332877052e+00
4.336556862044103511e+00
6.150643149858083802e+00
7.357842261169547093e+00
6.229261361808116071e+00
4.381200042624069368e+00
4.460363343330117303e+00
6.353377370558106918e+00
7.349157965951588878e+00
6.021595782965889931e+00
4.271961890783719795e+00
4.605998275355679183e+00
6.545314001642679180e+00
7.312513832226876787e+00
5.808850860284601403e+00
4.187799283103933234e+00
4.770951644406647318e+00
6.723145020994014232e+00
7.248541420548306746e+00
5.594693246167698142e+00
4.130162759620358948e+00
4.952380484082411272e+00
6.883805516292245130e+00
7.158343293525030404e+00
5.382813940713441880e+00
4.100045684097896270e+00
5.147157873737001843e+00
7.024526508687941373e+00
7.043474013188751215e+00
5.176864677438191897e+00
4.097967123435807935e+00
5.351926830863302342e+00
7.142882676070096082e+00
6.905913348163424281e+00
4.980394985758016979e+00
4.123962901565171535e+00
5.563158168586553209e+00
7.236834153420420357e+00
6.748032152411996165e+00
4.796791014955010368e+00
4.177584982024494131e+00
5.777211321094945617e+00
7.304761689826166915e+00
6.120717344269833937e+00
5.215693140281832285e+00
5.042772450488456570e+00
5.849604017058499750e+00
6.480682256236180550e+00
6.032207094535817937e+00
5.146463210683537959e+00
5.091970635346728891e+00
5.946771028871669529e+00
6.486660147597341108e+00
5.938434615323991750e+00
5.087236821054000657e+00
5.152111538086018072e+00
6.040148299253095487e+00
6.479543324652078162e+00
5.841016072519543023e+00
5.039034736453766428e+00
5.222158632039580972e+00
6.128126473730034718e+00
6.459454445631801711e+00
5.741630471805001967e+00
5.002687718374686732e+00
5.300904657630235661e+00
6.209189251086776551e+00
6.426739741767856451e+00
5.641990721047408286e+00
4.978822206590365340e+00
5.386992429453254516e+00
6.281939516770926879e+00
6.381963050006570271e+00
5.543814108382191463e+00
4.967849522485304092e+00
5.478938227326340282e+00
6.345123422121086598e+00
6.325896095296280386e+00
5.448792704803364195e+00
4.969958779943111082e+00
5.575157368162768634e+00
6.397651994411176268e+00
6.259505189930847813e+00
5.358564201370345614e+00
4.985113625974348039e+00
5.673991517937172269e+00
6.438619905262917165e+00
6.183934579186060709e+00
5.274683683651364419e+00
5.013052867259220946e+00
5.773737273023053618e+00
6.467321073953462118e+00
6.100486720286392384e+00
3.966507395723629870e+00
3.482327751681812966e+00
6.212694634979220254e+00
8.247307172331769465e+00
6.672290590985047842e+00
3.743308315203498715e+00
3.655108684811260389e+00
6.534006992399860714e+00
8.256982762177189628e+00
6.356472496203653400e+00
3.554296107467214139e+00
3.863596608726505011e+00
6.841408614054775406e+00
8.223052180202428119e+00
6.029803467408449080e+00
3.402728392283405512e+00
4.104198240270940268e+00
7.129601442153877144e+00
8.146100218976803475e+00
5.697913635577429581e+00
3.291217434707153444e+00
4.372766817493865865e+00
7.393618481891942373e+00
8.027453143259210222e+00
5.366523112073141810e+00
3.221685122769693876e+00
4.664673568969114115e+00
7.628909407455736869e+00
7.869155831864422801e+00
5.041343402694001163e+00
3.195329843795513991e+00
4.974887490532733381e+00
7.831418986753897471e+00
7.673936534237701501e+00
4.727978970042240547e+00
3.212605830232431625e+00
5.298062054489575345e+00
7.997656973221198839e+00
7.445159849156888221e+00
4.431830640777534747e+00
3.273215330968962000e+00
5.628627356859291275e+00
8.124758260114123942e+00
7.186768735972661304e+00
4.158002522530724221e+00
3.376113743065832118e+00
5.960886114504921451e+00
8.210532260540134075e+00
6.903216557821840738e+00
4.120269223943256343e+00
