2.330432338816287974e+00
2.702427005583718511e+00
1.859921182005128459e+00
3.656169424670576706e-01
-6.903840151579601070e-01
-4.772260479023728852e-01
9.415839080645076464e-01
2.581599468656642138e+00
3.184299178649040218e+00
2.156323373534338117e+00
1.640251931898726312e-01
-1.181445736563770499e+00
-5.722249437796973481e-01
1.666469201574956926e+00
3.497556681458910965e+00
2.926547602411584847e+00
2.790127899763189534e-01
-1.599616468883806153e+00
-2.985328480233282455e-01
2.873627857829959886e+00
3.836788145021240215e+00
9.978970308624354191e-01
-1.859261721162762449e+00
-3.941785528705532560e-01
3.469062168588127104e+00
3.691019551822375622e+00
-3.578465477294063835e-01
-2.148769679498477636e+00
1.504694538069100140e+00
4.573199397486245488e+00
1.701831711694251625e+00
-2.159923698289042626e+00
-3.632754507706987823e-01
3.777441662549658297e+00
3.157833699759503787e+00
-8.835903326245806433e-01
-1.355869028568681411e+00
2.279177450305676089e+00
3.686889846338285981e+00
7.127368773543578673e-01
-1.411331437797117339e+00
7.087678612554333402e-01
3.270922810420413551e+00
2.114616851752572302e+00
-5.644119093485540084e-01
-3.731698589028153989e-01
2.093354964015634145e+00
2.744771646348315830e+00
7.770102785565947690e-01
-4.790702945136806612e-01
8.032265951031809514e-01
2.350139048031223865e+00
1.798173597260267043e+00
2.821567568457699071e-01
2.083090582077758990e-01
1.440579421770403323e+00
1.925002807710428421e+00
1.104545127020120976e+00
4.561990641274904501e-01
8.676428977687959954e-01
1.565662599610427641e+00
1.540314076815560984e+00
6.613038922978256018e-01
3.230912145253521661e-01
1.343008888483065322e+00
2.155430504364259203e+00
1.183376730387232234e+00
-1.569073219221184257e-01
5.290028400267976494e-01
2.350702673928323883e+00
2.194689367840386929e+00
4.692346090180032903e-02
-5.401312402567097770e-01
1.664096699214177910e+00
3.134449009976131961e+00
1.261796320911223512e+00
-1.093992279598408501e+00
-4.768069954770104424e-02
2.952316948956050346e+00
3.251142677148794569e+00
2.193079320777496788e-01
-1.730195064990897702e+00
3.225220166701986413e-01
3.615376353728845693e+00
3.645292150887310179e+00
2.714178211060246371e-01
-2.246320884962554665e+00
-7.597439640280470030e-01
3.013092109095946380e+00
4.721814704158303400e+00
2.465935604741064768e+00
-1.120322845116553001e+00
-2.325073061441131017e+00
-2.562612701388011782e-01
2.865189628146131540e+00
4.211074262279697500e+00
2.847834732205200226e+00
1.790784968867301652e-01
-1.552201661185593551e+00
-1.119664089640369120e+00
9.259085557346169448e-01
2.913914058194776224e+00
3.400453663479947597e+00
2.168431956341213329e+00
2.625872417914940637e-01
-8.521365098294491069e-01
-3.809313629110375743e-01
1.211271833682552312e+00
2.547067776353523882e+00
2.455025751169966242e+00
1.068547325627784206e+00
-1.330266363869334612e-01
2.301840402374616401e-01
1.649512230257658363e+00
2.034720435530998461e+00
8.161487291369203811e-01
3.693692419194983811e-01
1.493162647174969493e+00
1.401403907120671199e+00
5.744767576650380292e-01
1.402092426025092653e+00
1.210078500262002921e+00
5.351244680430371492e-01
1.913920514305445852e+00
2.514195526484672705e-01
1.711150796910522187e+00
8.809730018760354442e-01
7.811258506667353441e-01
1.944675733228229397e+00
-2.141833790245915026e-01
2.639414774802456343e+00
-3.709348568176509264e-01
2.074195143488426929e+00
9.542499734131490996e-01
1.970501741233591231e-01
2.881772631477502067e+00
-1.068083579336550404e+00
2.816749784376122445e+00
5.808542475040258113e-01
2.871908573174497548e-02
3.407410557677815977e+00
-1.526777747969525034e+00
2.826010130992086200e+00
1.112344136498904845e+00
-7.981204391911551621e-01
4.116276841387000118e+00
-1.788277477825459982e+00
2.561861170918936725e+00
1.734646701625325305e+00
1.091790680873149899e+00
