3.161214436968710739e+00
3.375563943409090495e+00
3.336834109032567941e+00
3.023087864115746370e+00
2.576313038437591185e+00
2.269320245109393674e+00
2.346859291907061884e+00
2.805339856497175877e+00
3.294555470466700609e+00
3.336465232336543796e+00
2.817598891899364411e+00
2.286062731125142466e+00
2.454343650558314494e+00
3.161851163199156822e+00
3.336119019089005988e+00
2.631238275796870418e+00
2.265227478940934791e+00
2.949016725969956454e+00
3.382176200418703260e+00
2.701155013915421677e+00
2.257861841172687178e+00
2.934688699065791884e+00
3.385361051808272848e+00
2.731433655611920752e+00
2.249348877132987035e+00
2.857199811714693283e+00
3.395030124954596218e+00
2.854395342632580324e+00
2.250347932439467957e+00
2.704867206805278368e+00
3.373037450836629869e+00
3.019614210220724182e+00
2.298124345102149135e+00
2.541057594249268803e+00
3.300234678042532011e+00
3.170911855369753951e+00
2.391055804841539345e+00
2.409495365625473173e+00
3.194276181132671422e+00
3.279392874301228833e+00
2.502577141178583986e+00
2.324187542005952789e+00
3.083626132711304813e+00
3.343716469882178632e+00
2.607800894663175661e+00
2.277410116510446336e+00
2.986112393214457761e+00
3.376743690053909397e+00
2.697653695437381316e+00
2.254695858275508336e+00
2.891354191101701332e+00
3.316146369376088643e+00
2.783480937648997511e+00
2.321941037495264926e+00
2.823278124297857961e+00
3.318864644334281078e+00
2.851412693533354137e+00
2.323897903475707238e+00
2.754387257360367602e+00
3.311987626114697214e+00
2.922092475385745569e+00
2.336245258234687316e+00
2.681348590157336620e+00
3.293355482726225691e+00
2.997803339444662818e+00
2.362212070066132430e+00
2.603026673270735447e+00
3.258921495083748177e+00
3.077893086373635345e+00
2.405926620202763822e+00
2.523086136222056908e+00
3.205955895424414503e+00
3.154847643766854226e+00
2.466746333546570025e+00
2.452501255395758584e+00
3.140547531051871566e+00
3.215599257669825572e+00
2.531216208760576070e+00
2.404597189035146521e+00
3.084360642646839068e+00
3.249062290570302380e+00
2.572275517295574687e+00
2.385197601158648872e+00
3.062427214424620736e+00
3.255958911526000588e+00
2.574647028833751961e+00
2.388871846686017264e+00
3.076458952654683277e+00
3.244211243629147035e+00
2.550786545292446750e+00
2.404582755374777392e+00
3.100400107902740121e+00
3.231591626208520474e+00
2.539750917948092379e+00
2.403525904975004845e+00
3.080953973252937850e+00
3.258400039685282579e+00
2.615703062188809991e+00
2.346754658886160527e+00
2.912064765373152397e+00
3.289210860287029359e+00
2.907290606866541616e+00
2.393651278782245484e+00
2.514938449040329260e+00
3.061464741206686657e+00
3.281964783223726201e+00
2.926633347897528825e+00
2.454762644747551459e+00
2.388820667504798489e+00
2.758882225808894972e+00
3.176676595178333784e+00
3.275257826101557246e+00
3.008790237004826285e+00
2.612552937240978146e+00
2.369240523478054250e+00
2.413601882672320897e+00
2.688522459454854463e+00
3.023779650490499904e+00
3.249206729491180834e+00
3.272933488349829112e+00
3.102274661580191051e+00
2.820141455373214256e+00
2.541872214231212013e+00
2.372856152514513539e+00
2.376136190824363226e+00
2.551326664284299550e+00
2.832133640830894805e+00
3.109137440739215386e+00
3.272619206653805346e+00
3.256901468428902380e+00
3.067491685107622601e+00
2.779507365620649928e+00
2.507751559351143911e+00
2.360598255075868401e+00
2.396514009190713335e+00
2.600841346134287857e+00
2.892038425437610805e+00
3.154541429149835707e+00
3.284788271781639679e+00
3.231960713515091843e+00
3.017473671131340573e+00
2.725932030943289952e+00
2.471561428449862152e+00
2.353529967236525078e+00
2.417567903610232438e+00
2.638529819775856655e+00
2.930308428864588866e+00
3.179247706740283785e+00
3.288313114574701324e+00
3.301146704777319751e+00
