5.929673165790504186e+00
6.870634960773161382e+00
6.471392366455523515e+00
4.925141926620568711e+00
2.981105015613671583e+00
1.581600584391199327e+00
1.405254402914512202e+00
2.537796888501505421e+00
4.430224000399164197e+00
6.164827647415823897e+00
6.900233246333980830e+00
6.279606237270948910e+00
4.603907157459944166e+00
2.685997069986663544e+00
1.456288394214529713e+00
1.511296675625447339e+00
2.824230511618727846e+00
4.758104806972821343e+00
6.374953098631838344e+00
6.890932713232404083e+00
6.056348751252946805e+00
4.276248689987287577e+00
2.413382685732724298e+00
1.369619420574222701e+00
1.649510319888984888e+00
3.117151826457509323e+00
5.062633590293380337e+00
6.544888785813030907e+00
6.845615318822860118e+00
5.816666340478259478e+00
3.954523238846641586e+00
2.163641341474398239e+00
1.318891965003403666e+00
1.837269112446773711e+00
3.469019966599315108e+00
5.414855709376075410e+00
6.716483745740564615e+00
6.730202831032819688e+00
5.447960343750443357e+00
3.503208416523996949e+00
1.856236787085718820e+00
1.316370907930724421e+00
2.142135487327688104e+00
3.920309665148078881e+00
5.792102283541325392e+00
6.859241502588808714e+00
6.341518729991495462e+00
4.134570796435246720e+00
1.710973852548571816e+00
1.852777106018627773e+00
5.190360057670114990e+00
6.751152007641760378e+00
2.925646492015211653e+00
2.001369396163626746e+00
6.695122959649607353e+00
3.399117651937726858e+00
2.756811364790826779e+00
6.595750894034203782e+00
1.308529719678167336e+00
6.784102405051139151e+00
1.645301085832270083e+00
6.384393723649276708e+00
1.941698232776951194e+00
6.170090046528901695e+00
2.199476557873831339e+00
5.657588535740413427e+00
3.307006170908071141e+00
3.499755874584754345e+00
6.477350248813191769e+00
1.822926949976254818e+00
2.343361018281165720e+00
5.147045451838563324e+00
6.641139941021441118e+00
6.815389208581583702e+00
5.406666864986768850e+00
2.962863451715112006e-01
-1.077108606045545258e+00
9.045840622062911507e+00
4.359550202500784621e+00
-2.629389639107833077e-01
1.022423601361350265e+01
-1.881556954142198812e+00
8.562815533720867123e+00
2.318283121948540249e+00
2.406509256594667967e+00
9.131736651308676400e+00
-2.092168474558811830e+00
7.157068064354717762e+00
7.482491769423896599e+00
-1.959866708022452109e+00
3.433747336222207736e+00
1.029592794666725908e+01
6.347548091824016581e+00
-4.241759368716131462e-01
-1.962471581927098363e+00
1.297970028299851197e+00
5.711748116864816538e+00
8.909460717674583918e+00
1.028367513241098585e+01
1.002661669702006364e+01
8.472591049713583899e+00
5.974887070456302851e+00
2.987026189189712966e+00
1.485824839201552727e-01
-1.756471749070225741e+00
-2.041920061847925183e+00
-4.786538999784593074e-01
2.515982247761392454e+00
6.005792774201168527e+00
8.888508385277336998e+00
1.029642973449429633e+01
9.869974063209243198e+00
7.817699407822793489e+00
4.784478069281568935e+00
1.617347003591160348e+00
-8.728011672772391094e-01
-2.088909040200377376e+00
-1.745342235508251072e+00
1.001677800328630852e-01
3.052979335277139050e+00
6.407788785941932019e+00
9.201312182058822842e+00
1.036296677757494678e+01
9.094511007613723663e+00
5.457295728647981292e+00
8.788396379886247445e-01
-2.014516877808294026e+00
-8.070598962009851718e-01
4.368425736637292722e+00
9.544648193686056104e+00
9.397660564694810148e+00
3.220027365462821756e+00
-2.017883731388456781e+00
1.165304104625788817e+00
8.896754745801947806e+00
8.760374489491486116e+00
2.675329487351114643e-01
-8.600943608239317584e-01
8.200759990656052878e+00
8.310998397442057595e+00
-1.201275786272949730e+00
2.092243399106947344e+00
1.035615892608576161e+01
2.402546695379620623e+00
-9.387469856668841928e-01
9.435651513782556066e+00
5.025061910569587731e+00
-1.937408916397723502e+00
8.013958781627737338e+00
6.469344046016049177e+00
