2.628089811118499597e+00
2.998986372832000313e+00
2.626096163814656048e+00
1.734235807076609071e+00
8.459878544639571896e-01
4.755156829271598440e-01
8.309391390220424167e-01
1.697552642318116645e+00
2.567336090694204209e+00
2.936742934659317683e+00
2.598220155661356223e+00
1.756687697860299879e+00
9.056887978417602625e-01
5.379545257297080330e-01
8.601112196462586956e-01
1.676718192476549962e+00
2.508633837945511313e+00
2.874134900762802758e+00
2.567858747262221630e+00
1.776043889519631103e+00
9.634860330456507249e-01
6.007127642424072711e-01
8.915174434252519653e-01
1.658632160259225774e+00
2.451585977637981362e+00
2.811233936638766195e+00
2.535612556650984395e+00
1.793178934322888329e+00
1.020040858910875148e+00
6.637682290303423827e-01
9.243006846335617421e-01
1.641947687284570634e+00
2.395106481223698847e+00
2.747982260180837244e+00
2.502717523065885796e+00
1.810072268841083076e+00
1.076883558300112398e+00
7.269866938465145978e-01
9.563207320402206113e-01
1.624372992255814330e+00
2.339495021268018782e+00
2.688024718900942300e+00
2.473658824724719985e+00
1.827936888237347235e+00
1.129803801096601834e+00
7.833410696478718682e-01
9.839500721928587934e-01
1.608184143613648143e+00
2.289268729497737187e+00
2.632342728730487469e+00
2.443364409724772646e+00
1.839069862450100734e+00
1.175487882242606918e+00
8.383744231473110320e-01
1.018790915097600891e+00
1.604558363593000303e+00
2.249521707833375128e+00
2.578164445810872785e+00
2.404517074094623119e+00
1.837408146690598709e+00
1.212305502542892377e+00
8.923659421322946983e-01
1.057142113076879886e+00
1.602388287939426226e+00
2.206806486044325943e+00
2.522493619966633016e+00
2.375192317089607208e+00
1.858893658153752959e+00
1.274463494112302753e+00
9.530778155596073553e-01
1.068886331877627605e+00
1.546741470541513674e+00
2.112668584480024592e+00
2.452948517062679912e+00
2.388404828553138071e+00
1.961781288836033088e+00
1.390565471311929091e+00
9.761564672964346823e-01
9.545000029894630256e-01
1.355560796641523069e+00
1.977673961833337879e+00
2.490668980928144816e+00
2.611931216042459702e+00
2.260502622549807938e+00
1.605824821485842824e+00
9.837699994839049777e-01
7.230837011854046592e-01
9.727929862435504837e-01
1.620799206995721775e+00
2.346535565409316071e+00
2.781393415961146864e+00
2.695498407049076839e+00
2.116247971853316923e+00
1.318763751696610420e+00
6.927596796521984235e-01
5.516525077892129314e-01
9.777802493495356684e-01
1.779273157280272688e+00
2.579353963613005618e+00
2.994896493279882943e+00
2.818810471666829187e+00
2.119838975329113584e+00
1.213121407710527233e+00
5.157582735719625777e-01
3.547858563840855517e-01
8.161024488374677421e-01
1.703139310114091476e+00
2.623474982974352443e+00
3.163764543300901622e+00
3.074365851359282420e+00
2.381784048345371385e+00
1.380252563899085461e+00
5.081139137113899196e-01
1.547817593064280128e-01
4.750194924016373221e-01
1.331268343741713434e+00
2.358723263011638149e+00
3.121223085473446623e+00
3.295088955050160973e+00
2.804595575633607396e+00
1.853472362595562473e+00
8.401644282623215165e-01
1.921187124063528096e-01
1.870730636564916782e-01
8.346119631517864290e-01
1.867393556693620837e+00
2.847872904358636603e+00
3.349801443750859864e+00
3.142091477544432188e+00
2.298281364536371996e+00
1.180601172275423494e+00
2.955382633951111337e-01
7.147514181741998485e-02
6.485890830813556551e-01
1.779469224956028217e+00
2.906716692595349372e+00
3.414551637003544471e+00
2.963518259999982085e+00
1.744293051491295099e+00
4.714320641259108768e-01
1.700020942424673720e-02
8.010244149236064315e-01
2.335141893123254153e+00
3.401898769119027222e+00
2.987827220398105332e+00
1.341929225499488565e+00
4.010027546146832655e-02
5.462723408435170569e-01
2.434764022572089459e+00
1.721716409930272862e+00
