4.728453567865515961e-01
-1.198277856451709145e+00
-1.800588047445987661e+00
9.484299102029358775e-02
-8.277180712805920493e-03
-1.865256932809458812e+00
-1.071601188640150193e+00
4.902446685183714514e-01
-8.774299617701063481e-01
-1.937045817592046859e+00
-1.695153080733287076e-01
2.098489212617996591e-01
-1.730062833556885504e+00
-1.248653866902604825e+00
4.799410799952166240e-01
-9.160030751125047832e-01
-1.867026922682360590e+00
1.272965677908420856e-01
-2.275940314104279993e-01
-1.987291880954557444e+00
-3.330439063004736466e-01
1.615474293800368555e-01
-1.889577084540640106e+00
-7.244128887087734059e-01
3.773799205689054581e-01
-1.676379333937735971e+00
-1.154500062312104003e+00
4.932996963975595506e-01
-1.209720596289066252e+00
-1.698458028369108419e+00
1.644615970812266736e+00
1.829534364080938058e-01
-3.601771627632294859e+00
-4.989211579462200508e-01
2.033652991810306787e+00
-1.828417977660514504e+00
-3.269177355070931768e+00
8.500969602177179674e-01
1.506241499517029014e+00
-2.675333526627711844e+00
-2.745692959695767321e+00
1.437847787124509447e+00
9.598643169328293645e-01
-3.176985800400442095e+00
-2.064171234137582633e+00
1.918823376313150808e+00
1.319791458979624466e-02
-3.589263949626678496e+00
-7.412887858138076380e-01
2.084526207807643416e+00
-1.715460245050674404e+00
-3.204567632507618669e+00
1.234391769687275930e+00
8.026454394021376171e-01
-3.478355899317063127e+00
-8.540301463888474442e-01
2.028758461225553589e+00
-2.290961579223807387e+00
-2.544783674773610116e+00
1.962340233675645473e+00
-8.103754813586007133e-01
-4.281134693999097962e+00
1.840452521502136785e+00
9.023245048415136083e-01
-4.540601607100431814e+00
3.757442988477761592e-01
2.237967831317996037e+00
-4.004191474571483056e+00
-1.484524212476295180e+00
3.019724244890716669e+00
-2.415332057647927577e+00
-3.526967581934516538e+00
2.511367786000061386e+00
3.180881853268404669e-01
-4.546827185518837133e+00
-9.605073357891558139e-02
2.795256611188776219e+00
-2.755318988270218483e+00
-3.592257495533209166e+00
2.193096957575482620e+00
1.203528469353807973e+00
-4.253444903436434998e+00
-1.739208198803646299e+00
3.021630953462645763e+00
-7.158056051923913365e-01
-4.525732321808728642e+00
1.452447591615727562e-01
2.814686813736263282e+00
-2.500721998861047624e+00
-3.885088408416509154e+00
-4.006951464974974897e-01
-4.008181209692366354e-01
-1.180865581162543698e+00
-9.840150032680035075e-01
-2.530848489731929440e-01
-6.417282704307445407e-01
-1.270297137396867004e+00
-7.089595859928231603e-01
-2.358577616454650139e-01
-9.338265579005130546e-01
-1.203875141251020686e+00
-4.234610580941029490e-01
-3.913947236449494271e-01
-1.183604398409808134e+00
-9.633099531018904926e-01
-2.409908833423267671e-01
-7.005257216959894784e-01
-1.269712919366448034e+00
-6.153314873326878320e-01
-2.713854737108662984e-01
-1.046590900937085067e+00
-1.117934471731951929e+00
-3.170753105716395126e-01
-5.299972636975276430e-01
-1.255207920327325866e+00
-7.848323851634828596e-01
-2.265733767081216099e-01
-8.949503811336165793e-01
-1.216184203654262719e+00
-4.339433686017055147e-01
1.528837516782119765e+00
-3.550638462772030657e+00
-2.030573751062857646e+00
2.510252327240798387e+00
-6.188108137650798479e-01
-4.050881822817200550e+00
2.943871598200524797e-01
2.186603803500167587e+00
-2.829332445528127238e+00
-2.943698406712487170e+00
2.112848132974775694e+00
4.345281885155458657e-01
-4.027009332277209808e+00
-7.664932794426979612e-01
2.538697701018764796e+00
-1.894316393273463461e+00
-3.626821498502910579e+00
1.421019193267457181e+00
1.362154070040787479e+00
-3.664877218853996865e+00
-1.821497501395314966e+00
2.551154275800020521e+00
-8.448567914245054267e-01
-4.011602923680180233e+00
5.090922856032555899e-01
2.070245778946461002e+00
-3.004981948990792517e+00
-2.763404255798511677e+00
2.226015735382885552e+00
2.596920131129674125e-01
