4.802254709141495326e+00
9.182274299109950411e-01
-1.521647286316273107e+00
2.857780659310529714e+00
4.408441061266419325e+00
-2.858383770924179945e-01
-8.833559202996550397e-01
3.932245562637791014e+00
3.551986596305590105e+00
-1.186405780741603078e+00
1.559528891631030145e-01
4.621788083175131234e+00
2.372670670120453629e+00
-1.636495885202727596e+00
1.426656678915753984e+00
4.813870061215260066e+00
1.062965886058178988e+00
-1.562650839001978653e+00
2.721367707415681458e+00
4.477142375162704191e+00
-1.633747794247222274e-01
-9.769226699047406370e-01
3.828780083930316103e+00
3.666561337329143910e+00
-1.106203956793843979e+00
2.509369026734553643e-02
4.568156367071818380e+00
2.514419439583421401e+00
-1.611645333306650940e+00
1.279862166780994182e+00
4.818825178705087531e+00
1.208754293867098539e+00
-1.597207342948675723e+00
2.582595772612422014e+00
4.539875616431766403e+00
-3.734042058109054985e-02
-1.065246366677399248e+00
3.720679276325503881e+00
3.776834198855726132e+00
-1.020493335341787766e+00
-1.025821545772718224e-01
4.508369494162272950e+00
2.654234619486556035e+00
-1.580247021840721189e+00
1.133671764281119820e+00
4.817109876099197052e+00
1.355292977386572062e+00
-1.625245765394959907e+00
2.441750108112390905e+00
4.596511833505916300e+00
9.200562900261366472e-02
-1.148145456485643479e+00
3.608165346875479518e+00
3.882578509058984828e+00
-9.294500991998568828e-01
-2.268122007716457667e-01
4.442550359594836351e+00
2.791828812171512020e+00
-1.542365491731042315e+00
9.883859736892581793e-01
4.808727679294801938e+00
1.502280718433207873e+00
-1.646708471848214561e+00
2.299120229790793779e+00
4.646934607580070598e+00
2.243974915310766871e-01
-1.225449535770241294e+00
3.491469574042945112e+00
3.983576904794503104e+00
-8.332613926603351651e-01
-3.473410867419970405e-01
4.370834258157794139e+00
2.926919185339131424e+00
-1.498078610510003461e+00
8.443034377997225004e-01
2.924004011350277210e+00
1.605481580733481906e+00
2.170609333154345233e-01
1.817493131427514896e+00
2.880956447145854860e+00
1.064594950782926208e+00
3.699320040877140947e-01
2.327340286346988307e+00
2.624564233001938085e+00
6.068065646604572372e-01
7.192751677395231580e-01
2.714196818910318498e+00
2.196672370616973069e+00
3.068306872230843751e-01
1.208075177824421198e+00
2.914925038621649200e+00
1.667115803177651179e+00
2.136254786972107134e-01
1.756556455663105698e+00
2.896764696801833683e+00
1.122321864438633021e+00
3.424026806799500555e-01
2.275203022467534364e+00
2.662679688188592131e+00
6.512047336700456102e-01
6.721449535704044909e-01
2.679368132854702989e+00
2.250874322595755928e+00
3.306540200317957812e-01
1.149036053317588957e+00
2.903089215429557335e+00
1.728558114478342400e+00
2.129858408499027966e-01
1.695244018660345464e+00
2.909853425558406759e+00
1.180976720334840691e+00
3.174044655447922914e-01
2.221623891301979459e+00
2.698556796861944829e+00
6.974992516434310730e-01
6.268680446114150984e-01
2.642266796285865027e+00
2.303684416245808997e+00
3.570326111200194941e-01
1.090869958592202593e+00
2.888520870948243058e+00
1.789682216644167045e+00
2.151433345836704092e-01
1.633681851447060351e+00
2.920195728826280313e+00
1.240438950245239980e+00
2.949887438644400728e-01
2.166713027649960654e+00
2.732121811686177182e+00
7.455949576970106740e-01
5.835375099958343137e-01
2.602969073006226264e+00
2.354994097565568101e+00
3.859122378681891785e-01
1.033696457199570151e+00
2.871249951197100359e+00
1.850362465779620269e+00
2.200935250535449583e-01
1.571996498384982566e+00
2.927770347442126386e+00
1.300586326342749510e+00
2.752015923662822772e-01
2.110583303759417273e+00
2.763305737959350417e+00
7.953929885076482798e-01
5.422424179793432497e-01
2.561555741609792491e+00
2.404697896732101103e+00
4.172335366427184500e-01
8.943234531347130645e-01
