8.563964560534186532e+00
8.058678366878004873e-01
9.785214370275578943e-01
8.628925373582484681e+00
3.581506028949617448e+00
-8.481812728395179413e-01
7.034458529976092223e+00
6.412442725342953231e+00
-1.072593986586039438e+00
4.365066014256592020e+00
8.347433884823628247e+00
3.382578428903704193e-01
1.532273834500716969e+00
8.769898191640479013e+00
2.886000927616739986e+00
-5.363045018175855994e-01
7.569176428972532733e+00
5.728722863244085417e+00
-1.181586999348986478e+00
5.145311547839939159e+00
7.949672685869117572e+00
-1.939004335562688475e-01
2.272426763255036342e+00
8.820869711622066234e+00
2.139242611774940350e+00
-1.195735837229925380e-01
8.000074425951671842e+00
5.101787611122965416e+00
-1.182516305174145632e+00
5.643240895035307680e+00
7.689453758008612638e+00
-3.818884564323563602e-01
2.470755925091375538e+00
8.819340567717910417e+00
2.215770936343804287e+00
-2.671159375356215726e-01
7.752172579752887316e+00
5.684461318339882219e+00
-1.163941536716906366e+00
4.660594686573514167e+00
8.347167920052841694e+00
5.781998246333692748e-01
9.548001330678812515e-01
8.511972766109279220e+00
4.332355176916013129e+00
-1.140905933973484832e+00
5.681904171271948911e+00
7.895844378891723636e+00
5.740225617013638981e-02
1.436156347482576479e+00
8.401860364351851018e+00
4.077902003497511529e+00
-8.882617829635095497e-01
5.529530977195946662e+00
7.814757744055555122e+00
4.775954382091445183e-01
1.143857534720847280e+00
8.203478896875825654e+00
4.789413296083941951e+00
-9.474398792576788075e-01
4.641995662950391122e+00
8.269026964919257594e+00
1.329233124181393944e+00
2.816916201256822738e-01
7.605536132718414777e+00
5.953708863629993076e+00
-7.612331973179800038e-01
3.357157808864265736e+00
8.559707371992798741e+00
2.529526129254203948e+00
-4.560134132350710523e-01
6.675224474245490924e+00
7.029405921115579048e+00
-2.350095608305902140e-01
2.105354050313350101e+00
8.501735127221042632e+00
3.773972853364555569e+00
-8.554207847385195684e-01
5.612125309505292314e+00
7.807647415218649911e+00
5.084392930818859568e-01
1.077271015392629927e+00
8.162745897814737361e+00
4.895666207288609684e+00
-9.447941202411658246e-01
4.555973808938587055e+00
8.291041833398644201e+00
1.357291425194776746e+00
2.833325107492785655e-01
7.630394210612247541e+00
5.879635582301697028e+00
-7.943703496499270322e-01
3.525143498961783362e+00
8.536346067314783070e+00
2.286918759449616090e+00
-3.173399157824934314e-01
6.935253643365306253e+00
6.745856856439494287e+00
-4.337254868356379411e-01
2.520818139121741019e+00
4.981660791623386153e+00
3.684126829295519379e+00
2.699110254576888579e+00
4.375689238460489960e+00
4.715608051756714048e+00
2.908341678061049151e+00
3.263378680769231543e+00
4.934095236181242683e+00
3.937051096526877458e+00
2.649418321796011000e+00
4.140888162025858854e+00
4.855923426419866296e+00
3.090135198233395109e+00
3.052480957748513912e+00
4.832626952643024332e+00
4.187932457324741620e+00
2.654893310357400615e+00
3.886747245910181725e+00
4.948063955837826100e+00
3.310057825661548492e+00
2.875489423803022415e+00
4.679630833115139943e+00
4.424404141340487762e+00
2.717884436969239648e+00
3.625118189021152126e+00
4.985051866333498616e+00
3.558573051326979986e+00
2.743219345952073063e+00
4.480822982298641399e+00
4.633176930352900236e+00
2.837494866538997851e+00
3.370026965499777205e+00
4.962599141314362861e+00
3.822805488772312632e+00
2.664829350257463147e+00
4.246105274683049657e+00
4.801224409070393051e+00
3.008319833730969783e+00
3.136716063020218659e+00
4.880673874454803496e+00
4.087406893769196969e+00
2.645877494158534127e+00
3.988753691200723761e+00
4.918277202741049514e+00
3.220966069052388026e+00
2.938653842622773738e+00
4.743634001220759622e+00
4.337595676944189904e+00
2.687459290839038673e+00
3.365241730834858558e+00
