1.433241921927492113e+00
9.488275034206564706e-01
6.609366767632267603e-01
1.212293792645743995e+00
1.378658206478712067e+00
7.876697521761555354e-01
7.509118425002547781e-01
1.352892440632926352e+00
1.258279884547841787e+00
6.738987670391103357e-01
8.955419542971406743e-01
1.435025058240655182e+00
1.096343817853934643e+00
6.266914979500078919e-01
1.067390449094860250e+00
1.445523290437707331e+00
9.221221083217153724e-01
6.532697293505693725e-01
1.236540263789115857e+00
1.382787861752259762e+00
7.652292738686694573e-01
7.501005811814425162e-01
1.374337568308250823e+00
1.254939082805814898e+00
6.530109676509512351e-01
9.049462140074246985e-01
1.454789725489731067e+00
1.078088259312590225e+00
6.103168490300876492e-01
1.097611714542528816e+00
1.453881490631285134e+00
8.776690026242044418e-01
6.601664835002301057e-01
1.295036635725457241e+00
1.351286127334831999e+00
6.969892535431903013e-01
8.162735876279274549e-01
1.442580219866305358e+00
1.145619194907702809e+00
6.004960023725147700e-01
1.061238578243271613e+00
1.470588005653708397e+00
8.790556841586346648e-01
6.550286819866220078e-01
1.324083683951683632e+00
1.326443251837365889e+00
6.515812991345764082e-01
8.850550435935974347e-01
1.481263982733077800e+00
1.028405589416348853e+00
5.986644841520941673e-01
1.216056671570939329e+00
1.404885183496268564e+00
7.156527755709324312e-01
8.058587836090590484e-01
1.453854087743718937e+00
1.092471270066007527e+00
6.030379016346468779e-01
1.175327345193674322e+00
1.407623387584459929e+00
7.340743348328914175e-01
8.132454474982874215e-01
1.445228722848936442e+00
1.065438282932423597e+00
6.218405819297947446e-01
1.217657547851510813e+00
1.359638389761423038e+00
6.957105952030535612e-01
8.982303081273270706e-01
1.450965944602559121e+00
9.549572654134402816e-01
6.749878721349025223e-01
1.321259134636341592e+00
1.238560171955537026e+00
6.439896845166881434e-01
1.067349722054335537e+00
1.410912774993831498e+00
7.881567088513483643e-01
8.196951112150109298e-01
1.418368896970288562e+00
1.019636098344914199e+00
6.737053425896389891e-01
1.286887500897541781e+00
1.239228811523708451e+00
6.619441249265838323e-01
1.085897754413448935e+00
1.378353540468540306e+00
7.628254365424518291e-01
8.884849505787637547e-01
1.412788922065622899e+00
9.266126237153660128e-01
7.459023702509538500e-01
1.354848632067658043e+00
1.100929354427589768e+00
6.799467369377873993e-01
1.236486989135211934e+00
1.246615075857658184e+00
6.878062413152573606e-01
1.093420867044314182e+00
1.343811083592907574e+00
7.500315864492520523e-01
9.531065220695338347e-01
1.394542675585123570e+00
8.456238467941339376e-01
8.293246950960182495e-01
1.397531215399611559e+00
9.641073152086324649e-01
7.338587917068999378e-01
1.355956666952324419e+00
1.091321180415706360e+00
6.742112363891490379e-01
1.276170828241361965e+00
1.215426843848109950e+00
6.556002770131035273e-01
1.163684732602537020e+00
1.325643053398139593e+00
6.845355502479020249e-01
1.023236777573044431e+00
1.407777343027337702e+00
7.715563756065860757e-01
8.632426155062846718e-01
1.436848259929685678e+00
9.299711674420785279e-01
7.086991734593905967e-01
1.368892779030673967e+00
1.160379565658198331e+00
6.275887579997210253e-01
1.148310277744685859e+00
1.397453876835172082e+00
7.546990072987974640e-01
7.917675192716648880e-01
1.413437787242535659e+00
1.183420394824140853e+00
6.291606162494731702e-01
9.321501111341681245e-01
1.450745001140140822e+00
1.191896324066628043e+00
6.600463563515482912e-01
7.510356917839251523e-01
1.276239865529092965e+00
1.465935659731009366e+00
1.117926220398515413e+00
6.895292771955110478e-01
6.186456003117486446e-01
9.110501513366588977e-01
1.282768411983401746e+00
1.480263394516595055e+00
1.436545440542981389e+00
1.231428445384399772e+00
1.038136894211524774e+00
