7.302967753382531235e+00
7.409924245634862849e+00
6.589522462754957566e+00
5.578645730721651930e+00
5.338419006589944615e+00
6.128067891177972903e+00
7.188659752510461409e+00
7.442847844872991558e+00
6.600942491556956782e+00
5.530990053549685648e+00
5.394482945238503468e+00
6.369593555732976142e+00
7.377272878524552269e+00
7.248425854125287948e+00
6.105755650500148235e+00
5.303452406997210211e+00
5.838320383116254675e+00
7.072060197736822929e+00
7.443285259013380895e+00
6.447547314356063985e+00
5.374659382878492764e+00
5.673063396035123773e+00
6.963023123100445133e+00
7.459989770912192064e+00
6.438726643851837572e+00
5.347264709703376084e+00
5.792931037250192539e+00
7.139068088760588182e+00
7.352951762633274768e+00
6.081413789416758142e+00
4.481112365940847830e+00
6.162817400964256898e+00
8.221937493680327336e+00
7.272845265787620583e+00
4.850329456251268212e+00
5.040865219948131859e+00
7.559788384041062237e+00
8.044530424567945204e+00
5.604044546142068484e+00
4.577418538823175176e+00
6.855588867093119987e+00
8.282007067194077976e+00
6.176678233838083010e+00
4.479611160878473441e+00
6.453037998238437822e+00
8.310288229084648037e+00
6.396308177666431227e+00
4.475425666413947567e+00
6.417450618016464325e+00
8.308997527183711540e+00
6.250685777429827006e+00
4.489718039588801446e+00
6.738799753701326445e+00
8.249940200704717341e+00
5.766244722967763359e+00
4.645874153967366027e+00
7.357578387117181151e+00
7.931208846802756618e+00
5.068939752618955907e+00
5.192163875796678596e+00
7.436590644186189536e+00
6.849238598153165825e+00
5.210493302099484580e+00
6.318981161846200401e+00
7.598785185288537747e+00
6.042488348488513239e+00
5.316052141079462778e+00
7.147496002747622867e+00
7.177711508578740407e+00
5.329368100171512523e+00
6.036343553521865246e+00
7.601489041061332053e+00
6.248019150597338367e+00
5.245731749362368745e+00
7.024228526398105465e+00
7.269530499201503737e+00
5.383996456691765076e+00
5.953859721942988514e+00
7.592829589284821878e+00
6.307109044290344357e+00
5.230736278743203904e+00
6.989499683612945269e+00
7.292373497070659738e+00
5.400059730230418964e+00
5.930860016997050010e+00
7.589265147421856206e+00
6.328431453963678344e+00
5.224767534200848829e+00
6.969964266086315696e+00
7.308423142223930746e+00
5.379779139491154716e+00
5.885042321710149515e+00
7.626831733505140321e+00
6.366341331719647556e+00
5.170208423239366802e+00
6.945394437981208924e+00
7.379040029915811871e+00
5.419351029509174467e+00
5.820406270103704927e+00
7.608966275074124930e+00
6.452994721960078728e+00
5.151350134751831789e+00
6.851255334300104138e+00
7.444196981874101837e+00
5.499588098032972105e+00
5.709033779345840998e+00
7.566457460426693871e+00
6.598741936860997193e+00
5.135629015152099797e+00
6.693962095254521572e+00
7.529682777074257594e+00
5.638236296812714876e+00
5.555296955808756820e+00
7.478264243554427537e+00
6.804701945027311183e+00
5.146556118667132473e+00
6.464733723150413169e+00
7.611775349630532261e+00
5.853245121761877279e+00
5.379695270894989889e+00
7.685999322594067706e+00
7.322842873465082114e+00
4.750618773292633712e+00
6.075422138388501203e+00
8.153266744006474553e+00
6.061090738366305075e+00
4.753881728268108731e+00
7.322595726480961353e+00
7.694974339623871451e+00
4.993288992098072754e+00
5.592769693841030509e+00
8.078306198710894392e+00
6.594768670048065218e+00
4.635900053528029474e+00
6.808512687855138523e+00
8.004779038985303075e+00
5.416044707342309472e+00
5.119363842660440866e+00
7.809402209944808604e+00
7.179629951886201233e+00
4.706779141082618523e+00
6.181636663205267723e+00
8.151045855100072401e+00
6.007355826429708223e+00
4.765239728659997454e+00
7.328904774747463158e+00
7.704360214784985672e+00
5.014019161209644082e+00
5.547043670996008480e+00
7.972779439788865830e+00
