1.020314610380464160e+01
-2.206625799639474028e+00
-5.439516904779821971e+00
8.330174982646850523e+00
5.572123060613858314e+00
-6.950938285914222803e+00
1.235378644860481989e+00
1.015889593051247530e+01
-1.873137002627114800e+00
-5.539891268266270430e+00
8.041234387977219455e+00
5.797358329363746066e+00
-6.760500064806658216e+00
9.283594124586981300e-01
1.010207641777232368e+01
-1.542486371027888659e+00
-5.626498066658928821e+00
7.749165866152884163e+00
6.010213139510913294e+00
-6.561582725636133873e+00
6.300206896970869108e-01
1.003304109098824703e+01
-1.215207945572753356e+00
-5.699459041433858175e+00
7.454555245791780749e+00
6.210555429717542708e+00
-6.354713929918961668e+00
3.407227246283055511e-01
9.952160768933058677e+00
-8.918218757755189685e-01
-5.758919222579571340e+00
7.157984566932732662e+00
6.398278039763813041e+00
-6.140428339285511683e+00
6.080392584721683313e-02
9.859822720087178638e+00
-5.728336219326801704e-01
-5.805046431247792071e+00
6.860031068071245741e+00
6.573298652184950797e+00
-5.919266577494015635e+00
-2.094195285105124871e-01
9.756429793244647541e+00
-2.587331876447074297e-01
-5.838030739707003036e+00
6.561266182465072205e+00
6.735559680307590114e+00
-5.691774167565085918e+00
-4.696540301573177700e-01
9.642399469672254142e+00
5.000563026405968614e-02
-5.858083772935291478e+00
6.262254434741594267e+00
6.885027905045312480e+00
-5.458500057460607735e+00
-7.196286253346748651e-01
9.518161801364811936e+00
3.529261899770577138e-01
-5.865435586281824598e+00
5.963550232604209356e+00
7.021689923477774542e+00
-5.219987460593086936e+00
-9.590905181605196006e-01
9.384136458032108052e+00
6.495932122658208963e-01
-5.860285180683547424e+00
5.665656296983144102e+00
7.145465331120426811e+00
-4.976620959257115118e+00
-1.187704752413949016e+00
9.240312156409352440e+00
9.396380326378503955e-01
-5.841854121087898477e+00
5.368291831382320467e+00
7.254493156873364157e+00
-4.725800689143349942e+00
-1.403078238812832890e+00
9.079785272357492332e+00
1.222977222507166228e+00
-5.799889812069626061e+00
5.066655128147305120e+00
7.339539505309879530e+00
-4.459991257046050706e+00
-1.601242838403439173e+00
8.899298086493283577e+00
1.498138966788831405e+00
-5.738398373563383004e+00
4.765927900487177737e+00
7.408018630176325559e+00
-4.189961301359380386e+00
-1.786075740372709664e+00
8.710174600189635186e+00
1.763946539294736215e+00
-5.664885737548063460e+00
4.469427172058288988e+00
7.462928776700907818e+00
-3.918394321696666349e+00
-1.958113700193725215e+00
8.514059197821461922e+00
2.020025215099130023e+00
-5.580229587272057756e+00
4.177820659000502701e+00
7.504623002399689824e+00
-3.646005746613043552e+00
-2.117328620854577625e+00
8.311588997447524108e+00
2.266059368265668450e+00
-5.484898136690182113e+00
3.891622164760192071e+00
7.533334187043198682e+00
-3.373404085884792014e+00
-2.263686046522888962e+00
8.103353324117941625e+00
2.501759088413062937e+00
-5.379352809277859748e+00
3.611320476901950904e+00
7.549311054646320684e+00
-3.101184637521372078e+00
-2.397176740577009468e+00
7.889942384460427505e+00
2.726859954502287131e+00
-5.264068495560147554e+00
3.337384899906350455e+00
7.552824840074189083e+00
-2.829933222078349520e+00
-2.517818255742798161e+00
7.671948672559835813e+00
2.941123357800862870e+00
-5.139533622779438815e+00
3.070264815828812388e+00
7.544168956149642113e+00
-2.560225367134869590e+00
-2.625654765878490782e+00
7.449965928318199815e+00
3.144336747602159754e+00
-5.006249143558417103e+00
2.810388994856652722e+00
7.523658250224489308e+00
-2.292625284847198408e+00
-2.720756755652180114e+00
7.224587973434470456e+00
3.336313823105942156e+00
-4.864727451766921007e+00
2.558164933798235730e+00
7.491628205615109337e+00
-2.027684864447625301e+00
-2.803220658310772162e+00
6.996407547287244455e+00
3.516894675488592359e+00
1.550696732197939465e+00
