4.135085474472033340e+00
3.445015271450507122e+00
3.144983235063651961e+00
4.003317099564700499e+00
3.971524646735502539e+00
3.066630505893417791e+00
3.516955305846935609e+00
4.263630350004068426e+00
3.404404537817303567e+00
3.069549690842824141e+00
4.168021027347702301e+00
3.881114748604613585e+00
2.894448359285176409e+00
3.825256675856326449e+00
4.248301251120431665e+00
2.975661803405907246e+00
3.446602684374374448e+00
4.430576684190946857e+00
3.169222639018963505e+00
3.161815359931344105e+00
4.487779048366452805e+00
3.332555493129016888e+00
3.001115001331672971e+00
4.517545469139041536e+00
3.379533454709876761e+00
2.955053369324980306e+00
4.578608000723855653e+00
3.270953964807970848e+00
3.039997043763543960e+00
4.653752552895421779e+00
3.008089568172630290e+00
3.312131746518546915e+00
4.635092872551413556e+00
2.672726993147116925e+00
3.804587729101458482e+00
4.360042592051976307e+00
2.469863613234351440e+00
4.405004300592877620e+00
3.756153217559606183e+00
2.642242223080290664e+00
4.819746925213384436e+00
3.005553997258557875e+00
3.233239458783629949e+00
4.790607731075349207e+00
2.441591729581615411e+00
4.022635901220303900e+00
4.300363897417514458e+00
2.300764037674566609e+00
4.709272083805407405e+00
3.521072429751575417e+00
2.647430557985005262e+00
5.040515251719905443e+00
2.719599318286166856e+00
3.387040587058541163e+00
4.867346046922929936e+00
2.192402304273444180e+00
4.276699044382430870e+00
4.208592062133066136e+00
2.167277084283553368e+00
4.987041069155484507e+00
3.275859489588814011e+00
2.697700719972569328e+00
5.226366043764681280e+00
2.411095277736325926e+00
3.617994081606310086e+00
4.870031056923296298e+00
1.952154534939274821e+00
4.597861594674324870e+00
4.021046997866485562e+00
2.095022818913644613e+00
5.269132849970027621e+00
2.976098052469197786e+00
2.814238785942652310e+00
5.363618420420503519e+00
2.123942654550280196e+00
3.862109675173722945e+00
4.804459959705425831e+00
1.831717108891259160e+00
4.814304229767802923e+00
3.824340104359531534e+00
2.187510103590804444e+00
5.313092799716837789e+00
2.814557497708020328e+00
3.027235636771909988e+00
5.203135978660126781e+00
2.127370156122281308e+00
4.048134214439231826e+00
4.529752620804802454e+00
2.006298235778703365e+00
4.883698580320634086e+00
3.530050661966542158e+00
2.513732907952140216e+00
5.201274448264922690e+00
2.592406691317880707e+00
3.466056747886685940e+00
4.846085323580543225e+00
2.125038987462675610e+00
4.455149513642242098e+00
3.964413614584010759e+00
2.345643133042532025e+00
5.024089968075597490e+00
2.977117126213882692e+00
3.124346002673669354e+00
4.933752046366306487e+00
2.349156228158789439e+00
4.042434025760714533e+00
4.321683193157648262e+00
2.288419627391550470e+00
4.715203055916999730e+00
3.344292671497244740e+00
3.117304317171176287e+00
4.586843945885234142e+00
2.493789418651013889e+00
4.747131945959774946e+00
2.682659203432595341e+00
4.043261548667402394e+00
4.136612782889968365e+00
2.413007139042891769e+00
3.999883241275773660e+00
4.765408345024546577e+00
3.674841142082274192e+00
2.682266558108954424e+00
2.491158269644089707e+00
2.735467179119896564e+00
3.026641671385577492e+00
3.213579476431229764e+00
3.287688608365572307e+00
3.292215181579199346e+00
3.286484916515745258e+00
3.337017459065560576e+00
3.522145373029470949e+00
3.926564840432869019e+00
4.480280489594153259e+00
4.412539604766267942e+00
2.912790149507826776e+00
3.793584131427299777e+00
3.212575631620610661e+00
4.546190624582692408e+00
4.526820830589997513e+00
4.109526812283037955e+00
3.026845691440474440e+00
4.473701428239875710e+00
3.205232364048124616e+00
4.277112200703676592e+00
2.827151733689345470e+00
3.958121036214800714e+00
3.086072924918057403e+00
4.008503523943216962e+00
3.401112738772471111e+00
3.623550550003150406e+00
