-2.120108731254100043e+00
-8.085673096594119258e-01
-1.939947999965692560e+00
-5.439590020472068410e+00
-7.385449891086580010e+00
-4.542540545546243536e+00
-9.480416533083619868e-01
-2.615591039383397209e+00
-6.819169771696197202e+00
-6.344124633204085484e+00
-2.071618637389082362e+00
-1.137573587870872593e+00
-4.883648037909648743e+00
-7.400839396755005239e+00
-5.091356151033073374e+00
-1.406772170034978675e+00
-1.387040419273022795e+00
-4.959825400416061569e+00
-7.388194691565880490e+00
-5.517578271169240267e+00
-1.787775324373393815e+00
-1.074532881260343853e+00
-4.347668309944565657e+00
-7.290128999841151369e+00
-5.931996992391617596e+00
-2.067091683586278705e+00
-9.787536424372000887e-01
-4.198808054618584862e+00
-7.275201045244704900e+00
-5.918877394378251111e+00
-2.016483344288274804e+00
-1.010514940668569395e+00
-4.297350679162945220e+00
-7.299258497356333031e+00
-5.854387214333510059e+00
-1.973738426778310906e+00
-1.022259587737119890e+00
-4.307574121228378239e+00
-7.297359049418125743e+00
-5.871654295661521417e+00
-1.995110367773549331e+00
-1.011152351324404730e+00
-4.278424474798157462e+00
-7.290845731270926500e+00
-5.889466355709139123e+00
-2.007820477662111802e+00
-1.006671137542636263e+00
-4.268768051775833960e+00
-7.288701909221694919e+00
-5.896306929973361477e+00
-2.014573742480633367e+00
-1.003280725476220159e+00
-4.258604933708030948e+00
-7.285922737821314499e+00
-5.905503512863639060e+00
-2.023233370474141424e+00
-9.993306723815278403e-01
-4.247598717249985611e+00
-7.283068926298140511e+00
-5.914355334866625569e+00
-2.031284645558848467e+00
-9.958053768212447032e-01
-4.237898345214540008e+00
-7.280557169688059105e+00
-5.922020970516291172e+00
-2.038335187094246770e+00
-9.926986289347796699e-01
-4.229076372212086987e+00
-7.278185261395110572e+00
-5.929376284509741524e+00
-2.045286561113593304e+00
-9.896144779770437161e-01
-4.220173526227036120e+00
-7.275760859769747846e+00
-5.936806418760312454e+00
-2.847472098517923822e+00
-2.196869577602816648e+00
-4.165346770674775101e+00
-6.034565316943534263e+00
-5.223256561334533643e+00
-2.851784584804851086e+00
-2.194998005622478043e+00
-4.159877341407671736e+00
-6.033051022006103992e+00
-5.227785033065105225e+00
-2.856099702103552129e+00
-2.193143919466881364e+00
-4.154419756298197264e+00
-6.031526396422815850e+00
-5.232292592741994319e+00
-2.860410936105617807e+00
-2.191309539934487294e+00
-4.148979738066779888e+00
-6.029992891599631477e+00
-5.236776104169886814e+00
-2.864715713507617778e+00
-2.189495560394075113e+00
-4.143559168923322211e+00
-6.028451032016231892e+00
-5.241234982163753386e+00
-2.869013680390408716e+00
-2.187701778517634921e+00
-4.138157403802990686e+00
-6.026900637264883898e+00
-5.245670712459882701e+00
-2.873306562591295688e+00
-2.185927083034737706e+00
-4.132770778612770535e+00
-6.025340547941934410e+00
-5.250087756965371000e+00
-2.877599230373044659e+00
-2.184169075558592965e+00
-4.127391725573347436e+00
-6.023768562162238993e+00
-5.254492593714852333e+00
-2.881897632358559225e+00
-2.182425456172858880e+00
-4.122014104469504225e+00
-6.022183148459538948e+00
-5.258888964157280022e+00
-2.886204835205631980e+00
-2.180695169326073213e+00
-4.116635206217594600e+00
-6.020583639091757533e+00
-5.263278394756300216e+00
-2.890522073172761441e+00
-2.178977825811058366e+00
-4.111254048060554389e+00
-6.018969797071184402e+00
-5.267661318598803710e+00
-2.894849634856093701e+00
-2.177273389058004049e+00
-4.105870643889346638e+00
-6.017341663850787725e+00
-5.272037423671253720e+00
-2.899187084888313670e+00
-2.175582104395996197e+00
-4.100485887949787411e+00
-6.015699538952751446e+00
-5.276405794725203435e+00
-2.903533498682840275e+00
-2.173904335811252420e+00
-4.095100849916967434e+00
-6.014043713891076948e+00
-5.280765736566489288e+00
-2.907888281778377326e+00
-2.172240279907761362e+00
-4.089716061553624549e+00
-6.012374327261900575e+00
-5.320622672242588891e+00
