9.098834157038055537e+00
1.097522951732485907e+01
9.462249808608410362e+00
5.400630657633590737e+00
1.047340814755130189e+00
-1.178574809266399015e+00
-4.021491531800513997e-02
3.829854366740003790e+00
8.281105105401215027e+00
1.084005728106789590e+01
1.008474716955734252e+01
6.434887022348636521e+00
1.918638513201402773e+00
-9.544002456302793647e-01
-5.877332617329527054e-01
2.814889213163239479e+00
7.362691035447635812e+00
1.052854048395955466e+01
1.055323192960788070e+01
7.423044779900346946e+00
2.877367765549487366e+00
-5.578481098570398089e-01
-9.737151359453655175e-01
1.860856518038113805e+00
6.370746338357727190e+00
1.004988962183682588e+01
1.085385258228530070e+01
8.335887454654944406e+00
3.895182197319661199e+00
-6.431045296464432681e-04
-1.186748362179820937e+00
9.959637945657591196e-01
5.334599456731990763e+00
9.418256778355850400e+00
1.097772079381206645e+01
9.146425382704379103e+00
4.941988485539613229e+00
7.007401069322556353e-01
-1.220534269990346310e+00
2.457829891161873448e-01
4.284885741949008953e+00
8.652317195845112607e+00
1.092117420101163461e+01
9.830693704749457140e+00
5.986836116306797351e+00
1.525564000230506423e+00
-1.074073924596769203e+00
-3.675055945526075618e-01
3.252641670660382012e+00
7.774717111687600379e+00
9.274982549936254372e+00
9.034640182972141886e+00
6.483273355986538533e+00
3.038630751254672191e+00
6.148383431811819122e-01
5.587540027350792471e-01
2.901542789727728611e+00
6.341359089300166119e+00
8.966758818066917769e+00
9.318854541051660334e+00
7.201992994279761362e+00
3.792476086497468923e+00
9.849110737355224465e-01
3.394113646753966762e-01
2.214669544111045774e+00
5.568638351452386281e+00
8.537577611548591960e+00
9.471701147345036986e+00
7.851933301844868041e+00
4.578349949775452288e+00
1.470022513805502751e+00
2.541926746747638077e-01
1.606475218178263997e+00
4.775431043580762314e+00
8.000128363993354697e+00
9.488660845761721419e+00
8.413877746691547088e+00
5.373016714588570331e+00
2.055829562342607719e+00
3.056175605566915365e-01
1.094942056736389002e+00
3.985189617286036157e+00
7.370301628023664620e+00
9.369232195502638305e+00
8.871211536237474604e+00
6.152980778140834772e+00
2.725011890453059138e+00
4.921655627449164072e-01
6.951943615813460653e-01
3.221278833103431882e+00
6.666719245490361878e+00
9.116946296965023677e+00
9.210412860410681191e+00
6.895181246679582543e+00
3.457784044818144054e+00
8.083210890996888054e-01
4.190513171558860606e-01
2.506284943725601622e+00
5.910183762726253676e+00
8.739262389072033343e+00
9.589577954702246387e+00
7.677605984345991175e+00
4.208689064039260685e+00
1.110441968995476092e+00
1.045049157063040468e-01
1.749859041916469238e+00
5.132210636648082414e+00
8.372047720007767424e+00
9.669051064224490233e+00
8.302499225905393132e+00
5.031760496409207306e+00
1.674325592775755212e+00
9.586073755875634816e-02
1.173490476249523962e+00
4.308395334576523794e+00
7.758565035953155942e+00
9.606802297724634343e+00
8.826074897517697693e+00
5.850219017237755281e+00
2.332864275441997925e+00
2.285414740249196441e-01
7.065849663360328492e-01
3.501354577028673809e+00
7.059847072340589058e+00
9.404672140242432476e+00
9.232852641178279640e+00
6.639865582143311684e+00
3.066587260195351217e+00
4.986242054348934971e-01
3.629473255770019335e-01
2.734949823825227888e+00
6.296552551122830188e+00
9.068636895435680856e+00
9.510805417737444145e+00
7.377353018625633752e+00
3.853800845253814611e+00
8.981235008379990781e-01
1.527377542859289505e-01
2.031841065870132024e+00
5.491249504185825359e+00
8.608631986537124803e+00
9.651715105684129270e+00
8.040876322824205502e+00
4.671229793084824777e+00
1.415227520129978878e+00
8.217143700258322525e-02
1.412816846022604711e+00
4.667748013137162921e+00
8.038258199564543460e+00
9.786726661443740483e+00
