6.189560118886819673e+00
7.357021758596728134e+00
7.254541706619626495e+00
5.892679290110315549e+00
3.812064242705943240e+00
1.869191573709106269e+00
8.838030768786602209e-01
1.293037618213829454e+00
2.958262247687454050e+00
5.209666485891506937e+00
7.115501584742013108e+00
7.867838496987916486e+00
7.125084148664798889e+00
5.166041442601960298e+00
2.786411011937545368e+00
9.755971484346002143e-01
5.047057495604563293e-01
1.582909362740348325e+00
3.753455936577431373e+00
6.128547379169082099e+00
7.800677799158970416e+00
8.207945294861906049e+00
7.297553500396340098e+00
5.460300986048286731e+00
3.316600598065266414e+00
1.474144693002984674e+00
3.523722345229147734e-01
1.132201258781595499e-01
6.864128090882326561e-01
1.849854110648865291e+00
3.322721522903268720e+00
4.841357927043078213e+00
6.205024422674049411e+00
7.291870691618713707e+00
8.053065820431001498e+00
8.495282895470513296e+00
8.659974302243561795e+00
8.604834727486224466e+00
8.389934468030673997e+00
8.068901874279427844e+00
7.684356311467138489e+00
7.266354838495672652e+00
6.832642894153289959e+00
6.389752926215964024e+00
5.934318689048589057e+00
5.454298369171261207e+00
4.930140786274546549e+00
4.336387004127906231e+00
3.644987482659525213e+00
2.833079205330997219e+00
1.900488072302861209e+00
9.055407269742947740e-01
2.846060747724354911e-02
-3.439040487002147373e-01
4.140717738904173828e-01
2.901511999696139377e+00
6.617321104902577744e+00
8.868359683885319811e+00
7.038450124015285247e+00
2.372414280451712543e+00
-3.528635834867150933e-01
1.849696862247976803e+00
6.570041917394125797e+00
8.877295805977061249e+00
6.710225977048128954e+00
2.413650447467840188e+00
-2.156816612972978220e-01
6.606902867963779791e-01
4.046591422200746635e+00
7.474398922454893679e+00
8.817203641594858254e+00
7.359202037537899699e+00
4.003187851326224234e+00
7.870887044777115094e-01
-1.923224549662112537e-01
1.896291726313201753e+00
5.772571930192918366e+00
8.533356051234042283e+00
7.712491733372869085e+00
3.709599348650249873e+00
1.836346464648102028e-01
9.395037765635909643e-01
5.491767242825605244e+00
8.591465178737818675e+00
6.104483945828376612e+00
1.082221462726893346e+00
6.522342835937506855e-01
5.687700082700104964e+00
8.454505904549591833e+00
4.370090121393951144e+00
1.418835053175646621e-01
3.036110073399794107e+00
8.046874572226432321e+00
6.243286777902953055e+00
8.785839333724885236e-01
1.798919368303658839e+00
7.274296285441300469e+00
7.023117536611126255e+00
1.564464066856166014e+00
1.331730030374319362e+00
6.712312989294952459e+00
7.280836274591377943e+00
2.005083875228412360e+00
1.212723797742103038e+00
6.372537976729535814e+00
7.310384510979372585e+00
2.273262054669935139e+00
1.235965581809996827e+00
6.141578598040202230e+00
7.262030129415254720e+00
2.493894706620189083e+00
1.296504416747664035e+00
5.922960779935615427e+00
7.190451910793365542e+00
2.709862737531382848e+00
1.379531043515161759e+00
5.709979543987257600e+00
7.095626455990379000e+00
2.919730457788277000e+00
1.486634528112056763e+00
5.503346303186190447e+00
6.975702078670244610e+00
3.122786803727579663e+00
1.619265780260541465e+00
5.304625616708778857e+00
6.831270214447231481e+00
3.316254752100864067e+00
1.774474968370215233e+00
5.117216458615020613e+00
6.666212129976459622e+00
3.496908660231996091e+00
1.948533182305784539e+00
4.943920781764292727e+00
6.483935946410284146e+00
3.662322934931609097e+00
2.138300571336402722e+00
4.786842818112630127e+00
6.287358435853558802e+00
3.810668226837758077e+00
2.341044294809772275e+00
4.647575965367797046e+00
6.079062966621785691e+00
3.940557649192341305e+00
2.554298988844000640e+00
4.527316232821299913e+00
5.861425850294196493e+00
4.050979696280795572e+00
2.775752914302515251e+00
4.426900635304249043e+00
4.262783864853561866e+00
