6.165824385941904850e+00
4.293452041940679642e+00
-3.182541306390731073e+00
-6.507911996696580381e+00
-1.326881667794080899e+00
5.612471030589747834e+00
5.247271856625393305e+00
-1.963938553089324968e+00
-6.616052859911042638e+00
-2.623855701933609730e+00
4.818231524719683634e+00
5.994779318105476484e+00
-6.474396159115707317e-01
-6.449217866664565868e+00
-3.827579973521910262e+00
3.813225320205542168e+00
6.502099832093964693e+00
7.131797369115867591e-01
-6.010880834187261712e+00
-4.886561694508039899e+00
2.636779434727906324e+00
6.744987668864491859e+00
2.061616629553357338e+00
-5.315930091117048839e+00
-5.754724780556724539e+00
1.335896840355094151e+00
6.709990708314024666e+00
3.341398949462523138e+00
-4.390252297479358745e+00
-6.393607200507214650e+00
-3.663614393077702092e-02
6.395885629193125865e+00
4.499322638386865414e+00
-3.271160775866024384e+00
-6.780076795686764690e+00
-1.427281895382322308e+00
5.833099274962481928e+00
5.525091443096223465e+00
-2.028229999175907849e+00
-7.045080519871863345e+00
-2.869036322997733812e+00
5.211644824062772408e+00
6.621609225877423732e+00
-6.730083577758757540e-01
-7.252927699868479294e+00
-4.402566298943525247e+00
4.348514699277552964e+00
7.582509731206367398e+00
8.900516699712586188e-01
-7.128823433781165342e+00
-5.913191978480459632e+00
3.151124951343500680e+00
8.278278710806569407e+00
2.606682070967185183e+00
-6.623922026915687766e+00
-7.309317332619220231e+00
1.647133410767634754e+00
8.639514072530825928e+00
4.397738801194499558e+00
-5.725723176809374593e+00
-8.501945645803843377e+00
-1.125443420766372160e-01
8.612300374561240091e+00
6.173270492169961265e+00
-4.443402632259124019e+00
-9.406195915760017456e+00
-2.058378074175858163e+00
8.159005622865391771e+00
7.834848726996700208e+00
-2.806724998802156090e+00
-9.935898328949354763e+00
-4.096161896082395337e+00
7.234068919619272897e+00
9.209146376565144010e+00
-8.581123157012228164e-01
-9.726396863442726470e+00
-5.805398565632831520e+00
5.440622836605399470e+00
9.266451244856027003e+00
1.106761396411906961e+00
-8.048638492958973600e+00
-6.483976192404746541e+00
3.247773811370073371e+00
8.331381229937957045e+00
2.568673353902664047e+00
-6.102020723897576993e+00
-6.512256199042401050e+00
1.352873029327040788e+00
7.014671178119025186e+00
3.455903678194683248e+00
-4.206385580318684703e+00
-6.015721578464165553e+00
-1.135468248011925474e-01
5.491281314029819782e+00
3.774055951145781407e+00
-2.516450930770495642e+00
-5.107796474670707632e+00
-1.082045648000491633e+00
3.921548493329048757e+00
3.569029817159381057e+00
-1.157937448066811204e+00
-3.923927012386244861e+00
-1.524933577673241114e+00
2.460183863639053392e+00
2.925100742809545906e+00
-2.248520139752566427e-01
-2.620098068811514302e+00
-1.464401289250137017e+00
1.260176644528806955e+00
2.007609399651730797e+00
2.415478122994143551e-01
-1.530299125319813935e+00
-1.259583906209586157e+00
6.849075684469789760e-01
2.009648916688555609e+00
7.264823780379832119e-01
-1.900639728469428746e+00
-2.329445097473554327e+00
5.319044788083058251e-01
3.184163737593811661e+00
1.778545528704860379e+00
-2.355875058155178170e+00
-3.782819885607977106e+00
-1.046266203496073882e-01
4.209490492468063394e+00
3.223388101753733803e+00
-2.319831439061248446e+00
-5.257839899096479641e+00
-1.262446262859637791e+00
4.867330093813968972e+00
4.926432639444434436e+00
-1.720207786305450348e+00
-6.580805372998721481e+00
-2.880887121497859304e+00
5.033062323573568975e+00
6.736883297302683538e+00
-5.418585152791336457e-01
-7.589481464457914939e+00
-4.858024586049968008e+00
4.616860884749892868e+00
8.487234705760398512e+00
1.185025226426211775e+00
-8.136659537610819726e+00
-7.057307658072195622e+00
3.568528979146072810e+00
1.000346531168182906e+01
3.385795812520798975e+00
-8.100322801652195537e+00
-9.315474973120558388e+00
8.639194488446532566e-03
