-1.403142409176555416e-02
-1.002659508788945830e+00
4.479608605743912175e-02
-9.382838003369028401e-01
-4.104417233047460978e-01
-4.304426699811852997e-02
-1.014925179254609677e+00
-4.787728176274083092e-01
4.346064319662124031e-02
-1.048122101325691613e+00
-2.834870384135026455e-01
-2.993118835767881736e-01
-9.116123110238596450e-01
3.354536878730363103e-02
-9.927158362779731071e-01
-1.224028888701885753e-01
-5.152364478662438962e-01
-9.369066104349597079e-01
2.517014751043537002e-01
-8.733200005909970143e-01
-9.223487050774259455e-01
2.621067530803329326e-01
-4.898191946038858435e-01
-1.265608633239373226e+00
-1.293759884680039107e-01
1.704437038515461689e-01
-1.124465897229526501e+00
-8.904724751773337443e-01
3.525853612193982078e-01
-4.865438189735046270e-01
-1.343410682766889463e+00
2.437197894516462959e-02
5.724122704386358507e-02
-1.385688559920134288e+00
-3.724992363879128243e-01
3.430804889216227949e-01
-1.274327807384662226e+00
-6.740854421219782955e-01
4.806328630236748056e-01
-1.139169612551835131e+00
-8.953782831967629363e-01
5.500560343698787102e-01
-1.006894035231193918e+00
-1.071852167069717199e+00
5.845746971097155464e-01
-8.709868072601234523e-01
-1.228739296617785914e+00
5.923324719280470552e-01
-7.174949557916439069e-01
-1.378946867941663434e+00
5.684629884413981982e-01
-5.331563553862566085e-01
-1.524241720077235129e+00
5.002506051158146505e-01
-3.087730847562948355e-01
-1.655415669714815241e+00
3.698795939223749052e-01
-4.235404719330110312e-02
-1.751559059571996979e+00
1.575236730139890629e-01
2.564978025885626955e-01
-1.779516584908533261e+00
-1.534070909300004337e-01
5.607310057223803268e-01
-1.695182071614139474e+00
-5.673596082058665058e-01
8.192653210115975471e-01
-1.449170000931697011e+00
-1.062737285411827548e+00
9.518912291442277462e-01
-1.000870176477030027e+00
-1.572259752443236458e+00
8.508653923477943470e-01
-3.472482468797196686e-01
-1.959080632036261260e+00
4.087549037663404938e-01
3.957629532029204311e-01
-2.027307549592606506e+00
-2.396115931422342638e-01
8.791924279144710530e-01
-1.893966923756857046e+00
-5.839842983659652154e-01
1.031838285480426443e+00
-1.910372952224551391e+00
-5.642325206531939585e-01
1.051877554269358583e+00
-2.028176060016358750e+00
-4.407041547289622940e-01
1.053098413191237093e+00
-2.128998484654674339e+00
-3.917718813029991143e-01
1.111812104174620064e+00
-2.167229240328115480e+00
-4.896321261551127013e-01
1.245311748387976980e+00
-2.133995725832764645e+00
-6.988335747748499749e-01
1.401721070437914829e+00
-2.063429642235379724e+00
-8.954224141525009006e-01
1.517132437889620267e+00
-2.074524502813316573e+00
-8.782930853050855413e-01
1.533567650185200026e+00
-2.310110837543621010e+00
-4.415019836478251691e-01
1.291143458525356280e+00
-2.696070757112789984e+00
5.186074223308924092e-01
4.163362345048874369e-01
-2.695561545543216475e+00
1.648836841327938174e+00
-1.287964066420213882e+00
-1.463592503910884801e+00
1.750843348740494854e+00
-2.845867833236215727e+00
8.350816075673722638e-01
-1.217305725715875919e-01
-2.391412186606733492e+00
2.084414216588764024e+00
-2.510549765623103280e+00
1.616596497388556042e-02
8.027660324734212649e-01
-2.985159657701437208e+00
2.052634763758091285e+00
-1.853084702967006336e+00
-9.652732746367675976e-01
1.643888910637392620e+00
-3.279917654615497558e+00
1.649923875866062595e+00
-9.338001148643092497e-01
-1.969793598844161053e+00
2.254948619124155673e+00
-3.200037308081016274e+00
9.075596579325099222e-01
1.260639342962551757e-01
-2.846361196149346462e+00
2.528481492072723658e+00
-2.732712740969270193e+00
-8.768099194630318838e-02
1.182705089584620062e+00
-3.462994211704283121e+00
2.406423494958815024e+00
-1.920156352730132188e+00
-1.214159283436684333e+00
2.092350022428701717e+00
-3.720405762756671564e+00
1.879482951689271264e+00
-8.473422771206955417e-01
-4.861324699730863452e-01
