9.993944681205883640e+00
-6.211534310204163134e+00
1.076954061968955578e+01
2.264757985906904469e+00
-2.340457063867907195e+00
1.286567216840846761e+01
-4.656535997797524473e+00
5.635034404701109167e+00
8.181312117167415465e+00
-5.815511851739771032e+00
1.200589526265952678e+01
6.963583467054546006e-02
-3.825473342793568321e-01
1.221171310091269113e+01
-5.662827545574714350e+00
7.753313458973549288e+00
6.105158658233472480e+00
-4.912645580636365139e+00
1.276822955150949213e+01
-1.942552419941502961e+00
1.783183791803440332e+00
1.107240576668425547e+01
-6.170678801477787800e+00
9.631628038141169412e+00
3.879752752427663154e+00
-3.552627935151708272e+00
1.301458572262250257e+01
-3.661058881141098453e+00
4.037537642649604130e+00
9.510455974074776719e+00
-6.152138375598852349e+00
1.116659845659426153e+01
1.627577484025610755e+00
-1.810312296169468205e+00
1.273140469287149656e+01
-4.991299468259480676e+00
6.256437881452639793e+00
7.611831153827254504e+00
-5.608226705845167359e+00
1.227374218886042989e+01
-5.274107161558552193e-01
2.184068333403175188e-01
1.193427233171150270e+01
-5.860059686128357370e+00
8.317759486328220930e+00
5.481028837496969786e+00
-4.568879894530161856e+00
1.289212366416998989e+01
-2.466604451305609125e+00
2.421871721427302226e+00
9.500054734086857522e+00
-4.677207661535749850e+00
9.030732515382045023e+00
3.260683594579766531e+00
-2.050884797169985951e+00
1.144837120516895368e+01
-2.883701865143820875e+00
4.472569633627162311e+00
8.100055740450535779e+00
-4.534805665697718702e+00
1.022351314459585581e+01
1.382589274727029416e+00
-5.107287782657152775e-01
1.108528477952331492e+01
-3.895507316884012639e+00
6.307999684721740330e+00
6.441008083978871923e+00
-3.956048051445700153e+00
1.104037312303265495e+01
-3.848341843937843620e-01
1.244303556221566520e+00
1.029884705347822660e+01
-4.506143195744958696e+00
7.983013215695248910e+00
4.614223319742953855e+00
-2.972788790882583854e+00
1.143635367291718907e+01
-1.944310382137343751e+00
3.117617795011565107e+00
9.132342408559392055e+00
-4.682000996591831665e+00
9.405419933109531172e+00
2.720245007750194066e+00
-1.639145034754807106e+00
1.138966060428326443e+01
-3.210008030801927426e+00
5.006109463912084223e+00
7.649973553296883999e+00
-4.413401763425891744e+00
1.049693265286493471e+01
8.633149425413768618e-01
-2.851858367217641188e-02
1.090286383529533332e+01
-4.112264984096330345e+00
6.805838745187561933e+00
5.933327900104636399e+00
-3.715128804957962494e+00
1.119747611224569894e+01
-8.543641626274576240e-01
1.770444039575474582e+00
5.321819166330569395e+00
1.060707101323846047e+00
4.859356791822754040e+00
3.592807736305105859e+00
1.637195583311292557e+00
5.749482505093996387e+00
1.721039694863929936e+00
3.470800740826393227e+00
4.953052959129530919e+00
1.046370737092745973e+00
5.248984770870826821e+00
3.040171200497718385e+00
2.051744809759294519e+00
5.698881620164423012e+00
1.380123092395091344e+00
4.017491447757985057e+00
4.498444516681244565e+00
1.161210209863757559e+00
5.536482860836326125e+00
2.506974642022751887e+00
2.540135555569114079e+00
5.521389181970608462e+00
1.150013085724032713e+00
4.529831855876631508e+00
3.983014822359379536e+00
1.398904923117889165e+00
5.706027587587811034e+00
2.022564419150021831e+00
3.075487508828956607e+00
5.226774114558722317e+00
1.043374592862262418e+00
4.979623498906457613e+00
3.435132372231654685e+00
1.746372507693126686e+00
5.748287457485875329e+00
1.613601761633902010e+00
3.628335681494478493e+00
4.831251600083340314e+00
1.066076840396330994e+00
5.342110503064490423e+00
2.884951814551943716e+00
2.184488856237282395e+00
5.660936549136781792e+00
1.302595375646034448e+00
4.168252119210441364e+00
4.356590618911982737e+00
1.216870329845658905e+00
5.597342114125273937e+00
2.362754282050604004e+00
2.024031462741084919e+00
