5.697028808808717315e+00
1.007917674313928202e+00
-1.908545464211971465e+00
3.505795383028302403e+00
5.054499033565063471e+00
-8.398107256269071730e-01
-6.088180316759601585e-01
5.265793630005449089e+00
2.912943522460973877e+00
-2.099506673554187408e+00
2.440557148145058974e+00
5.369343011538616040e+00
-7.509356005146596846e-01
-2.132324270826779777e-01
5.646861942625921671e+00
1.000717351384324827e+00
-1.319644118700893154e+00
5.355463203318020504e+00
1.356978910279878603e+00
-1.145532794833131307e+00
5.642187803450881667e+00
-1.412943395145203063e-01
6.982393328436919955e-01
5.191956945941353041e+00
-2.031973717992586081e+00
4.263744611784614058e+00
1.738998091535381318e+00
-4.871688266949434354e-01
5.514143162009853327e+00
-1.950414962816774844e+00
6.055770989412053495e+00
1.140247710936538761e+00
-1.309690108309497392e+00
7.652146261296603136e+00
-4.886212539078496064e+00
7.182100803085006646e+00
-5.358371083259496626e-01
3.363722549847107945e-01
6.613813522317764537e+00
-4.784233885102963768e+00
7.970875542625079468e+00
-1.838196133934638654e+00
1.627044093484512732e+00
5.770773194264885220e+00
-4.554065248477660255e+00
8.207893399287891967e+00
-2.206045737590613953e+00
1.818372563753286819e+00
5.833865785379191315e+00
-4.659095471202562955e+00
7.985683847346357389e+00
-1.404897505089640619e+00
5.647124232027285196e-01
6.970633916807812192e+00
-4.899685006625598582e+00
6.805097200213428899e+00
1.014854824745944795e+00
-2.075274728384362000e+00
8.360533647677948821e+00
-3.923422580387146752e+00
2.933998751127033344e+00
3.996042465678803168e+00
-2.470305501465904996e+00
5.620486124788721227e+00
7.881777865458061694e-01
-6.519453896127711534e-01
6.179262669373210670e+00
-1.623805445590841279e+00
1.953303848692952149e+00
5.063494187154059745e+00
-2.589146053490565258e+00
4.151335809256756271e+00
3.258118384734383532e+00
-2.384804790695239873e+00
5.498059849432050505e+00
1.533419628338603236e+00
-1.599265973650395134e+00
6.090752483477634982e+00
2.452765540987988935e-01
-7.339370719380176045e-01
6.230818152427379353e+00
-5.519796226662034844e-01
-8.794212739634077458e-02
6.201281484354057127e+00
-9.285681662447415885e-01
2.033056046854080368e-01
6.177625209200770406e+00
-9.522611193056340628e-01
9.838331384406306945e-02
6.210179718831724927e+00
-2.021379661169625308e+00
-1.642457451482352004e+00
8.756640977036616036e+00
-8.739772785531216837e-01
-2.874550689134575343e+00
8.441864949874510415e+00
1.027073673312599800e+00
-4.242293517177952111e+00
7.332308671186798854e+00
3.637446992167836513e+00
-5.119770009238831854e+00
4.995239741061767269e+00
6.493117683371612436e+00
-4.630129145721241457e+00
1.399656553172645257e+00
8.520181929350586714e+00
-2.029414323769449524e+00
-2.591070112285537519e+00
8.252666139033875581e+00
2.503432643754244236e+00
-5.054181450847342383e+00
4.793069541286851809e+00
7.118462492586648871e+00
-3.873078991222474343e+00
-7.568034413965192275e-01
8.697008907182976145e+00
1.220209918194292475e+00
-4.844761359375015175e+00
5.236275486320476347e+00
7.029341994938647531e+00
-3.795046007153766610e+00
-1.253487762600143052e+00
8.589366857922168919e+00
2.275734871643428026e+00
-5.164316518900951003e+00
3.918654137230601187e+00
7.992157805671025628e+00
-2.580299115167182578e+00
-2.787800227745125703e+00
7.857681423844397273e+00
4.190051982521202589e+00
-5.121113685924252756e+00
1.943014479499722835e+00
8.674723999217192727e+00
-8.625401893191517733e-01
-4.083926311456086644e+00
6.651673239144067828e+00
5.880014426747477430e+00
-4.574165216847599247e+00
1.323284532683726145e-01
8.812406696617978596e+00
7.981121555475807483e-01
-4.819644911329296733e+00
5.362120954840280618e+00
7.044497166035315949e+00
-3.796531557107159394e+00
-1.249853410061354309e+00
8.598254566238175300e+00
2.186268866683285239e+00
-2.719651139141263663e+00
