6.484246714103524489e+00
6.746966764631565638e+00
5.778593601438082317e+00
4.356475387336603333e+00
3.602419361260039032e+00
4.097000511446816873e+00
5.432831558379314529e+00
6.551145567532369540e+00
6.582177507272458428e+00
5.520482754860914554e+00
4.211931075709744121e+00
3.678699969945634862e+00
4.321903751245520731e+00
5.622301484932794580e+00
6.559447463845962112e+00
6.410926522420112406e+00
5.308156732574685677e+00
4.123759686059067953e+00
3.785237603794946448e+00
4.549711603251239467e+00
5.802464193373279677e+00
6.542607796834198908e+00
6.182510943590198593e+00
5.023043684106044182e+00
4.010402156522375527e+00
3.962578019840353072e+00
4.901443405017109178e+00
6.047598671072940135e+00
6.476255293005038105e+00
5.871203841121173106e+00
4.746129766947007056e+00
3.983056972424393827e+00
4.125612140372862946e+00
5.014750137219384563e+00
5.987583770969409080e+00
6.395899022305343351e+00
6.025348154746938967e+00
5.161880081349039529e+00
4.343128158694785412e+00
4.015383426813772694e+00
4.310622540619117871e+00
5.031265194315732714e+00
5.797974384732071051e+00
6.250851892922941744e+00
6.203736571429665503e+00
5.700781428571251475e+00
4.975779170951587282e+00
4.352114079755720510e+00
4.124076701127175504e+00
4.431117515442659638e+00
5.153045772258735724e+00
5.902214105771369290e+00
6.189058544657219940e+00
5.750139057290912348e+00
4.850570814339350001e+00
4.232955562537831895e+00
4.532115001087325901e+00
5.526200665312827276e+00
6.118496334549394788e+00
5.513416218817782877e+00
4.451774985829858977e+00
4.497831684612258130e+00
5.650905177489333298e+00
5.965005965047247116e+00
4.813200037074903292e+00
4.423990876845564912e+00
5.641996129858003250e+00
5.790414374152595300e+00
4.505077009821778056e+00
4.942918129049524545e+00
5.972930985464758535e+00
4.823435309862333042e+00
4.739812868922029132e+00
5.936919109101720160e+00
4.800876399061982269e+00
4.910834066932523889e+00
5.876601125033313444e+00
4.517859970120428947e+00
5.451346428564708191e+00
5.412857195129793908e+00
4.575428701457241232e+00
5.917240629182252576e+00
4.561706571568049817e+00
5.513472159332932776e+00
5.209954241358550675e+00
4.812299575570501808e+00
5.800286074412533743e+00
4.451748626533768238e+00
5.863249286764970591e+00
4.697313440874344437e+00
5.358568718734320058e+00
5.355040835188278336e+00
4.694505680674803116e+00
5.868318610600397278e+00
4.459562836874645164e+00
5.763960237992208135e+00
4.879091825079551192e+00
5.131948109424903315e+00
5.569820398797633132e+00
4.548201486407158711e+00
5.908711512557247580e+00
4.532834632863164792e+00
5.598399544550772156e+00
5.094569135426936235e+00
4.918304868621256709e+00
5.732306359666068829e+00
4.473667535814970897e+00
5.878540046709296085e+00
4.660694411152880079e+00
5.402398353106831586e+00
5.312930664881786669e+00
4.729322509296586041e+00
5.846327086170887810e+00
4.462890008284659871e+00
5.782391682313238412e+00
4.841538705872687309e+00
5.179802622230650577e+00
5.524036790034385191e+00
4.580252530256792021e+00
5.897789589557103085e+00
4.521126247200044190e+00
5.628579822220013185e+00
5.054085377098198606e+00
4.959268741457125707e+00
5.699981285489456262e+00
4.490795885820936917e+00
5.879503493155895377e+00
4.642713959569233495e+00
5.432760520839467588e+00
5.277375240311761750e+00
4.761800228462972129e+00
5.824526700558520176e+00
4.468842562086779324e+00
5.793704357134746630e+00
4.815700166052020670e+00
5.213947549906883694e+00
5.489755366394546421e+00
4.606522951115695541e+00
5.885715482836167745e+00
4.516230842225080977e+00
5.649178325230892028e+00
5.022759582546156842e+00
4.993835928148307346e+00
5.670388691494066435e+00
4.508408945483576069e+00
5.878015356104710598e+00
4.627763242018413159e+00
5.460563739823315998e+00
5.243355074734002308e+00
5.181505243309304731e+00
