-7.083663056271383152e-02
-6.994988923054692442e-01
-1.930981707418254700e+00
-1.742295179483356105e+00
-4.384206861934334398e-01
-1.766054878110903115e-01
-1.397676242595667473e+00
-2.066924647981767116e+00
-1.058366248351074512e+00
-6.416416888415543696e-02
-7.666962535680136304e-01
-1.980115177062869325e+00
-1.637144468798732877e+00
-3.181265992841156853e-01
-2.861248797812688816e-01
-1.602003362431433375e+00
-1.992027796667870110e+00
-7.739287262401757239e-01
-6.728760559480451153e-02
-1.112577393896551525e+00
-2.078490790047578862e+00
-1.259250434763061977e+00
-9.936174070399550473e-02
-6.606345407858612573e-01
-1.947973475730338411e+00
-1.657579917687143300e+00
-3.054333775079768332e-01
-3.276488209620239678e-01
-1.689282950618271384e+00
-1.920751489360558395e+00
-5.957105100149480137e-01
-1.330923291436952871e-01
-1.385354061653185642e+00
-2.051903281158842240e+00
-8.990118548604508764e-01
-5.766014494156923575e-02
-1.093229606017119160e+00
-2.080468214812866368e+00
-1.172885170216516615e+00
-6.697909238192667480e-02
-8.416538012906858990e-01
-2.041609378067990477e+00
-1.400614775434737780e+00
-1.282136631996187992e-01
-6.373560971515110918e-01
-1.963619719760123061e+00
-1.583366674190109791e+00
-2.191281601565594483e-01
-4.732578927903359212e-01
-1.861766208786377108e+00
-1.976115216475927472e+00
-6.094543833346399708e-02
-6.995120078540661979e-02
-1.986107173612509769e+00
-2.145008094436604118e+00
-2.430456222244582465e-01
8.334023642028465240e-02
-1.789175880782935213e+00
-2.282319978683248429e+00
-4.547972752011699704e-01
2.035462063497595064e-01
-1.563124718159365267e+00
-2.383781673321888839e+00
-6.939574327703583734e-01
2.843660506378073993e-01
-1.312823987634065048e+00
-2.442093108122605827e+00
-9.527832749871155693e-01
3.186246324691048848e-01
-1.048372393249569434e+00
-2.451218143820382611e+00
-1.219909238842626698e+00
3.019882402793581111e-01
-7.815178934894936313e-01
-2.408607412166893447e+00
-1.483590856314291884e+00
2.335703395998673937e-01
-5.238324136923728780e-01
-2.314897259545589225e+00
-1.732564545083265628e+00
1.154003008293154053e-01
-2.861527574272690888e-01
-2.173388405924664646e+00
-1.956524047739305328e+00
-4.806520875041875307e-02
-7.816341744864441221e-02
-1.989582631762092158e+00
-2.146486863889205843e+00
-2.503870045183589355e-01
9.192540392566694862e-02
-1.770750788894894345e+00
-2.295076146486951796e+00
-4.835671889622582542e-01
2.176223981942189134e-01
-1.525513743485614526e+00
-2.396729599254434184e+00
-7.384657673156990176e-01
2.943290756163108313e-01
-1.263426942015341670e+00
-2.447838612463498542e+00
-9.333352960912300045e-01
1.927202888074855069e+00
-9.103412926220355583e-01
-4.046406109243009475e+00
-1.512967034797796151e+00
1.868795276326564059e+00
-3.371334387224378393e-01
-3.932568373535340278e+00
-2.074386245965359699e+00
1.700819985458617678e+00
2.072831027391457415e-01
-3.712249844480916217e+00
-2.596784298869454943e+00
1.430431395106199544e+00
7.028899490167630493e-01
-3.394516353991052782e+00
-3.061112287438449542e+00
1.068499565024797926e+00
1.131775215884000430e+00
-2.991920163518307696e+00
-3.450749937841047554e+00
6.291233800380466867e-01
1.478750708849892570e+00
-2.519959024743796849e+00
-3.752066449311653784e+00
1.290410049529735481e-01
1.731852287959039893e+00
-1.996443934260379915e+00
-3.954856822797090388e+00
-4.130388013481175458e-01
1.882709209306776321e+00
-1.440800545943080380e+00
-4.052641904968726116e+00
-9.771584326417643851e-01
1.926773222206202396e+00
-8.733311364592052373e-01
-4.042825560653779071e+00
-1.542858831201301628e+00
1.863403511776056787e+00
-3.144647579507674484e-01
-3.926707746320070136e+00
-2.089924962150044863e+00
1.695808915473150824e+00
2.159771899708200493e-01
-3.709357511985167832e+00
-2.599102734720306618e+00
1.430853955526124155e+00
6.994741851246788489e-01
-3.399354879297300513e+00
-2.983367782480432773e+00
