3.663071261205135265e+00
1.940216299967670865e+00
1.213968351811298252e+00
3.176651349634370458e+00
3.254764204878101364e+00
1.266282498975855875e+00
1.844843857502984408e+00
3.642262494937640316e+00
2.470105588891136517e+00
1.059792466734529759e+00
2.697718024104031276e+00
3.567088255116564799e+00
1.642035794593824205e+00
1.408454374791522135e+00
3.410656288714164042e+00
2.982949122315952994e+00
1.122009496910256754e+00
2.164367160824075320e+00
3.681024590649873751e+00
2.137714604643466743e+00
1.130815821643095909e+00
3.006715158952788958e+00
3.393982068755607262e+00
1.390158924734482770e+00
1.664797601259829563e+00
3.577903469892929955e+00
2.671307221264332732e+00
1.057678807489787598e+00
2.497321029847660689e+00
3.635375468903663698e+00
1.586637478603701412e+00
8.194196576632777340e-01
3.660723076828023892e+00
3.489288859345012206e+00
7.046172553713900832e-01
1.796018014171094190e+00
4.220125215842106314e+00
2.327857213393493385e+00
5.289130855987858038e-01
3.015523617752280838e+00
3.992927863854397685e+00
1.183390342341916757e+00
1.134235962001518550e+00
3.960016751091320675e+00
3.075536932494429276e+00
5.419869539189290375e-01
2.263562162625894825e+00
4.228295057211801655e+00
1.857554990209046908e+00
6.761369512090096290e-01
3.437232039017690255e+00
3.706350153827575156e+00
8.563342584705817551e-01
1.528900441428671986e+00
4.156691058165741026e+00
2.615868259066985502e+00
4.971854603591427946e-01
2.738042795429229681e+00
4.116325375491875604e+00
1.420077970411842472e+00
8.243491689932551658e-01
3.897229516702900298e+00
3.406184524251963719e+00
4.955457933398361714e-01
1.948203617486034211e+00
4.378917867953182608e+00
2.123252287730985621e+00
4.377064455751757954e-01
3.250159866545494936e+00
4.006679801508350458e+00
9.443595433421216878e-01
1.199292649622420548e+00
4.177394041195236163e+00
2.938961087698584329e+00
3.698412038788603251e-01
2.456570878609138475e+00
4.336692140201618528e+00
1.629195872309343152e+00
6.430516327812305644e-01
3.676263345601545218e+00
3.660652008931366552e+00
6.327486217786570943e-01
1.647361978476995947e+00
4.340442426225788353e+00
2.439744606533464477e+00
3.717079223242889530e-01
2.951229884809543069e+00
4.172632887808720881e+00
1.191719901312558560e+00
9.506164080895702639e-01
3.620448548566082891e+00
3.030785547252259349e+00
8.936884564359548477e-01
2.203076549056905087e+00
3.897875287338553818e+00
2.005306779079501833e+00
9.649247865151080461e-01
3.225473273401835872e+00
3.463837434819071248e+00
1.114013704945688188e+00
1.732285881699210162e+00
3.857362018441664375e+00
2.442593102963917406e+00
8.506836966769009134e-01
2.878999898041687988e+00
3.684668888109014162e+00
1.336402744329022507e+00
1.464148517228182289e+00
3.764106945843768148e+00
2.701671146581374749e+00
8.348358430609426062e-01
2.670293576890462539e+00
3.774213241299635868e+00
1.474774111550382294e+00
1.338689476076696527e+00
3.696489863990380265e+00
2.834127430360353639e+00
8.417645128503348229e-01
2.546379040877418731e+00
3.819410349182865261e+00
1.620840196193338967e+00
1.293816081996239209e+00
3.553583797208242689e+00
2.967288111707035547e+00
9.457253851365585717e-01
2.312026738952796645e+00
3.812563798187199815e+00
1.908667738220916510e+00
1.077291807008321500e+00
3.244606694079979370e+00
3.382288336499836845e+00
1.153701600111088021e+00
1.846879178328596716e+00
3.823245268222920323e+00
1.963308415484721348e+00
1.272224962654082914e+00
3.751371034975594654e+00
1.968020639205512845e+00
1.518008276100703657e+00
3.819734571687475544e+00
1.255482323678638323e+00
2.462518303485687454e+00
3.374230311488894962e+00
9.123542043444803351e-01
3.065869173647081336e+00
3.258087726884154822e+00
1.058374477452782347e+00
1.614163354923633831e+00
3.208869447098039451e+00
4.518304304993343123e+00
