2.133015194082678256e+00
-6.333253546177881610e+00
1.545331367468251393e+00
-2.747642391320015420e-01
-6.169178329710392816e+00
3.890837105441623756e+00
-3.699029854701115561e+00
-3.926134253715640732e+00
4.423965922630971548e+00
-6.805461022499120993e+00
-2.152999612810850838e-01
2.596469543386859868e+00
-8.191045534512424453e+00
3.581825450856854332e+00
-1.125312435540258171e+00
-7.083382123563448651e+00
5.931414316826726818e+00
-5.427376069890975430e+00
-3.730921842611925943e+00
5.863270844992569231e+00
-8.763597094954910460e+00
7.587596487176324622e-01
3.332994005455523379e+00
-9.995882079683152455e+00
4.935219981188910587e+00
-8.679562337683556228e-01
-8.749075001353102010e+00
7.544572998879467640e+00
-5.482267986280367822e+00
-5.419121608689726699e+00
7.849727900547164516e+00
-9.156971611836269176e+00
-1.014046165463089677e+00
5.844989487082854041e+00
-1.094371688944783116e+01
3.181548247311167366e+00
2.372938857698074333e+00
-1.073592909330030309e+01
6.301276706605966282e+00
-1.651998096506169356e+00
-8.853342163217750027e+00
7.929003007585058604e+00
-5.475403219746660000e+00
-5.791068762807090486e+00
7.957426096689137474e+00
-8.533320677353701811e+00
-2.083190611212155652e+00
6.464540933160894731e+00
-1.041733376826519120e+01
1.750117096884799217e+00
3.622064593018476053e+00
-1.079473261705024356e+01
5.163006390805071177e+00
-3.193362644555621799e-01
-9.328589542086547226e+00
7.445069114965680690e+00
-4.888422508839635583e+00
-5.706263102308177793e+00
7.518575686182493278e+00
-8.956906966578612739e+00
-1.047012060623957463e-01
4.070117246297169977e+00
-1.011062347837554043e+01
4.989560799954285031e+00
-1.470893081067489616e+00
-7.731053668328559780e+00
6.304657318608842154e+00
-3.648774770513314891e+00
-7.001948228924718798e+00
5.182881168491412005e+00
1.415852270714241801e-01
-8.401066391576172521e+00
-1.898162134088098751e+00
5.078845289295798260e+00
1.091432349411775693e+00
-5.956831718283686961e+00
-7.055705001191304504e+00
-2.705619641008896181e+00
2.042778824659935211e+00
3.951098269813375197e+00
2.877284218995838749e+00
2.071098972438967234e-01
-2.637525216316722876e+00
-4.759810252707226574e+00
-5.742099461875843858e+00
-5.441021368689134441e+00
-3.877469569319558218e+00
-1.339076301126696844e+00
1.273597628670087190e+00
2.141552554643357809e+00
-5.195423918965688115e-01
-4.577423466063266666e+00
-2.401056082134510827e+00
1.901685468051690808e+00
-4.649651725897401278e+00
1.744909668477419906e+00
-4.806957599725488528e+00
-4.841673325887619894e-01
2.001751316892634858e+00
8.806721421313241649e-01
4.276037903094573878e-01
1.383984158669452569e+00
1.961443805921769368e+00
-1.136316899939508351e+00
-4.904758122682812527e+00
-1.328586528015065937e+00
2.052955483912684453e+00
-1.889234924684666250e+00
-4.826739877829000491e+00
-4.888968616600767092e+00
-4.961129391105536968e+00
-7.929415734363071122e-01
-2.183589946870124976e+00
1.514215239179706796e+00
-4.425136565037972591e-01
-4.960927471373527631e+00
2.084579019586005000e+00
-2.925824776219651646e+00
-4.475949526628095754e+00
6.808539770266905933e-01
2.189765738760807157e+00
-2.935231671822537969e+00
-5.064249777976131739e+00
2.452672365971961810e+00
-3.406014065620524889e+00
1.193485333555510675e-01
-4.841049778100467549e+00
3.620182371492567164e+00
-3.586820834052821816e-01
-5.397910835726009715e+00
-6.906328019377397709e+00
-7.145241188821429112e+00
-6.581562559987804484e+00
-4.080736801955620052e+00
2.202228389964122623e-01
3.976623521615199941e+00
5.361259871098210006e+00
3.674928656061566379e+00
-4.336489236545122417e-01
-5.212392733007826351e+00
-8.513127403310068786e+00
-8.721472209233777306e+00
-5.540161604693039976e+00
-2.499266817478613678e-01
4.756235547880325321e+00
7.044227437955085769e+00
5.349873724263407127e+00
3.007524828543293172e-01
-5.796954905826006588e+00
-1.423377533101318981e+00
