3.016948757251913804e+00
3.840076075509021081e+00
3.108292781970921848e+00
1.237965509031110356e+00
-7.067356877977843954e-01
-1.619323825982477150e+00
-9.805587790900682776e-01
8.461179069822024612e-01
2.821372283280195070e+00
3.821333362256032817e+00
3.277047970676257194e+00
1.498201062480372325e+00
-5.030873764706274009e-01
-1.588133619543291353e+00
-1.139573135176533913e+00
5.873742322443059605e-01
2.610118054592179604e+00
3.777767021635398237e+00
3.425957690646338705e+00
1.754860887717930584e+00
-2.847105517340837721e-01
-1.532290818679346689e+00
-1.278037533583514129e+00
3.333854597281581400e-01
2.385118250662893846e+00
3.709775521359082617e+00
3.553659979536831770e+00
2.005597515301596800e+00
-5.360253795505554031e-02
-1.452306174414780049e+00
-1.394685547265797965e+00
8.647462881710388238e-02
2.148430771141199180e+00
3.617980727233638394e+00
3.658986843016714285e+00
2.248117650709038351e+00
1.881228981337276229e-01
-1.348911244593084202e+00
-1.488450286820769186e+00
-1.510999575775890946e-01
1.902220413829136980e+00
3.503222215433364983e+00
3.740974937511499565e+00
2.480203149333989998e+00
4.382548804276349408e-01
-1.223051702881790437e+00
-1.558474158502851648e+00
-3.771653879716367896e-01
1.648739074946232730e+00
3.366549593544639674e+00
4.817938717170535234e+00
3.302653811770525305e+00
5.382382981665659871e-01
-1.902423626776782228e+00
-2.630655567365344005e+00
-1.232111523380631013e+00
1.497471462544886167e+00
4.005028042070787109e+00
4.863820412116968583e+00
3.585216910552195380e+00
8.967113717042566323e-01
-1.672002909613869992e+00
-2.659390907476115284e+00
-1.503653221478077118e+00
1.137623930577138731e+00
3.761619040286375615e+00
4.875343654791897130e+00
3.845115957017254615e+00
1.257110079261906765e+00
-1.416162510324007862e+00
-2.653675689083062839e+00
-1.751315002186361713e+00
7.774985912855161274e-01
3.493932571975627344e+00
4.852403050983227217e+00
4.079973855065513355e+00
1.616138131861462046e+00
-1.137242403692408921e+00
-2.613562184880291905e+00
-1.972831694235771760e+00
4.203892333593846065e-01
3.204416958779404911e+00
4.795208420698356733e+00
4.287642540665392410e+00
1.970511776848596242e+00
-8.377936567843027316e-01
-2.539417282148477284e+00
-2.166177255315014705e+00
6.956206063293790542e-02
2.895720176688537872e+00
4.704282879102387405e+00
4.466222628538698558e+00
2.316989831844999514e+00
-5.205550963026899236e-01
-2.431919127119948953e+00
-2.329583302717392002e+00
-2.717741813616019186e-01
2.570665637050147723e+00
4.580458051987343460e+00
4.614080784372605493e+00
2.607074182416185160e+00
-1.504178002060181374e-01
-2.192327871372336201e+00
-2.356859598328229222e+00
-5.503984893527162914e-01
2.199223671014078896e+00
4.327539738774816236e+00
4.623590401756647594e+00
2.918930139746018781e+00
1.834685679744514353e-01
-2.026384194964625962e+00
-2.453276469803129078e+00
-8.543170885698749828e-01
1.860725525792295887e+00
4.147059137482020930e+00
4.703816351966798592e+00
3.214216055899488556e+00
5.258040519278086578e-01
-1.831779584171278064e+00
-2.517127952545549885e+00
-1.140294747128465680e+00
1.515335920732771013e+00
3.938775746410102307e+00
4.751147283621654616e+00
3.490231178375668986e+00
8.734575730489972933e-01
-1.610293937255492747e+00
-2.547830046295844308e+00
-1.405715847979728039e+00
1.166213868130417497e+00
3.704594573074049713e+00
4.765150297198937679e+00
3.744451009758562599e+00
1.223249412749151332e+00
-1.363953012582623359e+00
-2.545101942685084051e+00
-1.648152789051462452e+00
8.165525180987294185e-01
3.446657492026414804e+00
4.745697317934931547e+00
3.974550397347497821e+00
1.571980294888845275e+00
-1.095009900571084049e+00
-2.508968593572632688e+00
-1.865388186651844471e+00
4.695499532889969574e-01
3.167323654783099407e+00
4.692966267225559207e+00
4.178424799535560119e+00
1.646031542872191888e+00
