6.956505399707887172e+00
4.678011166636421692e+00
7.370289600339088310e-01
1.433024347780879726e+00
5.388424298888912389e+00
6.927389377365948953e+00
4.458431818190768503e+00
1.225752804679215657e+00
4.369828369031858450e-01
2.333288943135542137e+00
5.072722449176894521e+00
6.789599766692786531e+00
6.697078154364289659e+00
5.067717982011799016e+00
2.788352450528169157e+00
9.307685849141713597e-01
3.743320106266656566e-01
1.463577648363971750e+00
3.763668616328576189e+00
6.082326350804838633e+00
6.949816094205422345e+00
5.550699288879490823e+00
2.635957619321128043e+00
4.893876463726702930e-01
1.272369729581156683e+00
4.580994578394258276e+00
6.923040830037191284e+00
5.191625432689235708e+00
1.304354055014336655e+00
9.076500733845644930e-01
5.007065545635430048e+00
6.760645738316236830e+00
2.645134088674548689e+00
5.972465786204068650e-01
5.167934648972367206e+00
6.237309916837235235e+00
1.087481634241357575e+00
2.573437505277716753e+00
6.855118161687907552e+00
2.201832190103128362e+00
1.960072220164192025e+00
6.689689631067102127e+00
1.975225336643457341e+00
2.826831299760169003e+00
6.238351085515896344e+00
1.066198860096752909e+00
4.832957163716870674e+00
4.386862019380942890e+00
1.523434953073295794e+00
6.177331354088178905e+00
1.816519097447915732e+00
4.168222635310917745e+00
4.585780127369503134e+00
1.729359600762435223e+00
5.862376757106350311e+00
1.954001895569074110e+00
4.333723871441328868e+00
4.178647754988839225e+00
2.197529702890537173e+00
5.529809672658019259e+00
2.024701483580026995e+00
4.540926639881280202e+00
3.777214573896044314e+00
2.654810878406501207e+00
5.154769926733588470e+00
2.222856553434485072e+00
4.551355778241516603e+00
3.585383827437253146e+00
2.960947645693364993e+00
4.818457438439624596e+00
2.507431308525990055e+00
4.384050553589930566e+00
3.598240145184928185e+00
3.099428245353475830e+00
4.579601114730886380e+00
2.759280405092749522e+00
4.185748531515516291e+00
3.736580708905621329e+00
3.000960489076217375e+00
4.630344853400433891e+00
2.811571116989298957e+00
3.990375263711289033e+00
4.027349663619361309e+00
2.745870750055723342e+00
4.700316454118014242e+00
3.004890489846192114e+00
3.590218243698085399e+00
4.449044200063732468e+00
2.532666543105852153e+00
4.556331936983656128e+00
3.474102368234577298e+00
3.016412125791296361e+00
4.820836917147299339e+00
2.588039969537828000e+00
4.069201326744734004e+00
4.154483757054076243e+00
2.504602999580658462e+00
4.878247749429071689e+00
3.031526116084777733e+00
3.349909715504760577e+00
4.770221933030043715e+00
2.324416868137853864e+00
4.516532728876145875e+00
3.754374324004412511e+00
2.643991563977034609e+00
5.081033498947462590e+00
2.584882160272912621e+00
3.809918200698267032e+00
4.539989202900110321e+00
2.198201123942445712e+00
4.939561894650260854e+00
3.252422275452608869e+00
2.961717471961153425e+00
5.117158829371335038e+00
2.208788440119058727e+00
4.333935149985209456e+00
4.140127884320754070e+00
2.262842488793108231e+00
5.248998746048247455e+00
2.725360085815045963e+00
3.432916083232863791e+00
4.951294548313594390e+00
1.976408791945549082e+00
4.848345076514051222e+00
3.611370239178061770e+00
2.525963013871902696e+00
5.395583712644119068e+00
2.239701132745642198e+00
4.005999888851492052e+00
4.593166173612773129e+00
1.925964114647910508e+00
5.287621849975982613e+00
3.009581148316350152e+00
2.973887004051383620e+00
5.341626471103810836e+00
1.864567437606808209e+00
4.618304849639297771e+00
4.064537621232455322e+00
2.089316273353271303e+00
5.581854660573736027e+00
2.406690137014837472e+00
3.570544152192632215e+00
5.067574121429776923e+00
1.665925443922487981e+00
5.191368430474090800e+00
3.415283819206666127e+00
2.471736952479202998e+00
5.672855772142870734e+00
1.883656765942592237e+00
3.660762957231555870e+00
