4.246334868758334657e+00
-3.957446830734785426e-01
2.084799777786301878e+00
4.056258427298111258e+00
-6.087078849801217384e-01
2.797533823985217882e+00
3.386300802422594014e+00
-7.180987427047245131e-01
3.879425466786421417e+00
1.977515151442433172e+00
-3.583343259930349411e-02
4.593873776825719624e+00
1.023800232150939848e-01
1.969004795655148632e+00
3.658445106520982204e+00
-6.953339877360094068e-01
4.268262071948709213e+00
8.458540473152607042e-01
1.383789457221519026e+00
3.863484382678407769e+00
-6.914630838171198501e-01
4.406775364040634635e+00
3.103230719563132567e-01
2.300285538886829073e+00
2.857321686552418250e+00
-2.999345998485969389e-02
4.483905609163310046e+00
-7.084263444827596512e-01
4.204762186890842912e+00
3.610139642917553626e-01
2.388152657397176082e+00
2.103198107300438213e+00
1.181722593365571505e+00
3.153455603565198828e+00
3.749702332713835684e-01
3.675226465066742776e+00
1.422557415598755259e-01
3.641445411375814345e+00
4.038599596524314883e-01
3.198000212936467967e+00
9.823220007811154231e-01
2.528075321251069596e+00
1.705487776335400163e+00
1.784115392840990744e+00
2.442821944065803219e+00
1.077384939896338878e+00
3.096257833275831928e+00
5.011705009377394049e-01
3.567396959649549171e+00
1.694346858535771272e-01
3.717126633330329000e+00
2.524823321863034487e-01
3.346435943143391434e+00
9.584850931090750370e-01
2.287425837765494130e+00
2.320294149073244938e+00
7.921852454992561743e-01
3.613559146553777968e+00
1.959810395629342228e-01
3.005061070027241321e+00
1.997025043671510236e+00
1.493808502065900878e+00
2.408971887383512200e+00
1.910375832241088645e+00
1.441362324615855339e+00
2.175767260457865948e+00
2.402506373551473118e+00
1.833257499488910591e+00
1.432737365222227943e+00
1.491417222910460971e+00
1.767248349546447717e+00
2.080786059535190358e+00
2.340256429561285323e+00
2.451868872449726844e+00
2.375239743602430398e+00
2.138094722126365088e+00
1.826231883958419955e+00
1.552452814681855031e+00
1.415816548111696438e+00
1.465800224448442268e+00
1.684183517039401279e+00
1.991771010893113480e+00
2.277476510177251612e+00
2.438420731946556508e+00
2.416477582688287384e+00
2.218797807539714562e+00
1.916241997893957105e+00
1.619365806106803918e+00
1.436656807342929554e+00
1.430995160456315141e+00
1.376944229867546055e+00
1.826986617357609477e+00
2.297099979220934340e+00
2.646443714441951034e+00
2.792248448129141636e+00
2.723003967310877904e+00
2.484706950294783834e+00
2.153044412305224586e+00
1.805330405373547720e+00
1.501174480021382429e+00
1.274517334047328365e+00
1.134958650836173977e+00
1.074303872192386766e+00
1.074475284915953566e+00
1.114260886587965960e+00
1.173839425177817919e+00
1.237089419318733174e+00
1.292238488139355379e+00
1.331545608009276460e+00
1.350610497047892267e+00
1.347719748607897117e+00
1.323455332222002845e+00
1.280639029297741871e+00
1.224563698037508086e+00
1.163354840657052858e+00
1.108206326501982364e+00
1.073154367412613830e+00
1.074031112872660731e+00
1.126329715283231225e+00
1.241968450416573333e+00
7.253141328355157125e-01
1.307766477350520873e+00
1.987938878541496868e+00
2.688605028475295811e+00
3.313941076017095977e+00
3.768417339704658975e+00
3.979234616016398718e+00
3.915393624026376251e+00
3.596477088243272835e+00
3.087339029496996012e+00
2.480124539322054122e+00
1.870015480768062011e+00
1.333348784969728751e+00
9.152442397185083234e-01
6.296777149069976431e-01
4.705065924670781552e-01
4.294664783582615719e-01
5.168226919247329576e-01
7.793376818415762575e-01
1.302066539296835801e+00
2.157562790372978156e+00
3.238671325401132339e+00
3.972991501592917807e+00
3.320582271613469416e+00
1.075814786960516134e+00
-5.890046388127645471e-02
2.583502651182307819e+00
3.587836423603477431e+00
1.386364444603160884e-02
3.143762266576832776e+00
