4.182557372636799720e+00
3.804139696067391441e+00
-1.420663229766094160e+00
-5.859878013277572961e+00
-4.725701518956311631e+00
7.601213933408623724e-01
4.679864512568788548e+00
2.802761551884122682e+00
-2.846667829206604772e+00
-6.169741673350845446e+00
-3.576933901942180860e+00
2.132730420270769756e+00
4.791110311279479284e+00
1.524396311468479981e+00
-4.138010884048672899e+00
-6.074751722939352838e+00
-2.190380875721161580e+00
3.315253052256320387e+00
4.486316298113155021e+00
5.451313376741828698e-02
-5.185159691112969149e+00
-5.561120006323372778e+00
-6.652169296810329646e-01
4.202247433095829265e+00
3.769836223064098490e+00
-1.495041226542274337e+00
-5.889878805286275387e+00
-4.653315621616457953e+00
8.754614537041771616e-01
4.706284258583585789e+00
2.688331833017244321e+00
-2.991820232761973841e+00
-6.179848240172269414e+00
-3.422495309506755845e+00
2.292409122488230366e+00
4.775521541367593770e+00
1.340139785713685638e+00
-4.293303305694878169e+00
-6.030698056667052498e+00
-1.997426764089721862e+00
3.444857447031393960e+00
4.422492678905216579e+00
-1.115183042530732971e-01
-5.267827480145384378e+00
-5.504576309952192936e+00
-5.789912534087789941e-01
4.222875654561169867e+00
3.771030936495936459e+00
-1.438055384385670710e+00
-5.849485314065411501e+00
-4.784238584512713999e+00
6.126434032487624304e-01
4.627805346695635258e+00
3.036446807833454109e+00
-2.470448894987731236e+00
-6.108779207690539614e+00
-4.082715666389556297e+00
1.475885262709235812e+00
4.776517758635743682e+00
2.406040035356243223e+00
-3.164386177079911988e+00
-6.180882992663927489e+00
-3.552283625035219217e+00
2.005932286366463480e+00
4.801764840044558724e+00
1.996297672888807329e+00
-3.538113847012623658e+00
-6.183004005212305643e+00
-3.277183687977182736e+00
2.230499276490110816e+00
4.797529311836180810e+00
1.864324242322132230e+00
-3.618487909545662795e+00
-6.181778349457943023e+00
-3.292315599999101394e+00
-3.510852155903718685e-01
-3.754573408222294795e-02
-3.679778302438266868e-01
-1.015660570798383011e+00
-1.345829979649755925e+00
-1.037778023054011678e+00
-3.935664404378509951e-01
-3.901104543007360981e-02
-3.156057302507323525e-01
-9.543001168687983427e-01
-1.340079087133011271e+00
-1.104486264741114887e+00
-4.749926070937248168e-01
-5.245598603936418858e-02
-2.370673104482485249e-01
-8.516775806490335388e-01
-1.314732258621266858e+00
-1.191330264430034536e+00
-5.995646465445917395e-01
-9.455685991213536035e-02
-1.466511338062400638e-01
-7.051867769819750720e-01
-1.250649114582767174e+00
-1.279233694710464331e+00
-7.666802414492899231e-01
-1.858061725795389085e-01
-6.872927113198690208e-02
-5.205231701125695443e-01
-1.127700518670576635e+00
-1.338482287252410696e+00
-9.635383482910958586e-01
-3.435280113802408053e-01
-3.761297089896309398e-02
-3.194563718356402959e-01
-9.345777230067323638e-01
-1.332098887004927068e+00
-1.158150863699500155e+00
-5.691601713500994419e-01
-8.941828093909853781e-02
-1.441362534547149243e-01
-6.838059654482054883e-01
-1.230269149298812703e+00
-1.300494909147095646e+00
-8.327184813107370021e-01
-2.402705276098867637e-01
-4.688337087768623679e-02
-4.243817857046758291e-01
-1.039373019135232390e+00
-1.345695406165587027e+00
-1.068310695796400367e+00
-4.523267976339132579e-01
-5.111122536403212013e-02
-2.319143921303343792e-01
-8.359630360964835916e-01
-1.308464130734757980e+00
-1.201947801691834572e+00
-6.058466471609917914e-01
-8.949176300198014022e-02
-1.708431245856804059e-01
-7.874150527532856048e-01
-1.309131291666869812e+00
-1.160294291949628853e+00
-4.755168353272609671e-01
-3.908914494243376225e-02
-4.088132327469423122e-01
-1.151616008829112747e+00
-1.275104785915608829e+00
-5.647329225958414023e-01
-3.805050483827798757e-02
-5.346493256490177925e-01
-1.293238354571152771e+00
-1.020727447875680927e+00
-1.556201448637780649e-01
-2.935301971252738396e-01
-5.301499591327877958e+00
