-9.293241893425006062e-01
-3.567038930736996072e+00
-9.656023040342858188e-01
-1.299939196326692858e+00
-3.565487876969989145e+00
-1.703311361898497189e+00
-4.038384464355628811e-01
-2.341174225141786636e+00
-3.561392151479926049e+00
-2.214783620049801893e+00
-5.691040349019076405e-01
-6.005856893312528921e-01
-1.943165491320071103e+00
-3.211526229317559711e+00
-3.554124583596918185e+00
-2.988138971120041898e+00
-1.986335480152148447e+00
-1.039207795702168369e+00
-4.604667593184332830e-01
-3.800196771897101922e-01
-7.980120508475032626e-01
-1.606123991411141816e+00
-2.572153733012157772e+00
-3.346953339194997934e+00
-3.548198038881289929e+00
-2.954181682951929844e+00
-1.749556803568731222e+00
-6.194951796111478615e-01
-4.311346593272860073e-01
-1.501111697053219896e+00
-3.025552144920683695e+00
-3.533519663688571733e+00
-2.380476356591747944e+00
-7.404377534865222987e-01
-4.948929703218825082e-01
-1.968789852501351634e+00
-3.431591509538120199e+00
-3.161716047905679616e+00
-1.494916066160435042e+00
-3.676022265318903415e-01
-1.046990663738479821e+00
-2.746026635439507313e+00
-3.567297725966009914e+00
-2.614067320577140752e+00
-9.440694150565571707e-01
-3.848568240549061770e-01
-1.541750763434091454e+00
-3.152658725636476866e+00
-3.465045050233143353e+00
-2.138018342391289295e+00
-6.152932114393054874e-01
-5.600537123709825593e-01
-2.038300924928111435e+00
-3.431301259707211671e+00
-3.200088788394705119e+00
-1.591195990809231464e+00
-3.902266796030371410e-01
-9.484268191582894136e-01
-2.650055422635785973e+00
-3.569137654670278437e+00
-2.645768823809178549e+00
-9.342667283716501458e-01
-3.969369422170900830e-01
-1.613079519425099084e+00
-3.191793056650440441e+00
-3.464176022173267810e+00
-2.241343850814850658e+00
-7.786541275572598231e-01
-3.877980611006306422e-01
-1.308680647639713701e+00
-2.719038563198552971e+00
-3.538541036060168565e+00
-3.219351969889891585e+00
-2.024510207931864869e+00
-7.822457304761512020e-01
-4.224723408956263526e-01
-1.161908341687832635e+00
-2.581471179213290501e+00
-3.494292545776751968e+00
-2.812146051425366888e+00
-1.009362288030359656e+00
-5.833630224706398693e-01
-2.632214301819124636e+00
-3.253729502934735507e+00
-7.794659228596316769e-01
-1.530181242437493427e+00
-3.455321186855491167e+00
-7.447403814008188849e-01
-2.038518217073431504e+00
-2.995812801601787534e+00
-4.191220380376081689e-01
-3.250311317300940583e+00
-1.462255438799822116e+00
-1.487861065651858050e+00
-3.200089779835630921e+00
-4.112416087378363283e-01
-3.258237168269181083e+00
-1.373620533363633545e+00
-1.614738158578246541e+00
-3.117251494283245439e+00
-4.174074108409100425e-01
-3.278565788724982610e+00
-1.416777182153417858e+00
-1.469090447212192618e+00
-3.280113039109744832e+00
-4.331709769641158836e-01
-2.904791698424926683e+00
-2.127781248632142130e+00
-7.472811086636892419e-01
-3.492317589045313309e+00
-1.097823209474222406e+00
-1.539776484621635078e+00
-3.381257922660155568e+00
-6.055430336342904063e-01
-2.150599338476213429e+00
-3.112955792418390821e+00
-4.619342797833769776e-01
-2.416741645130148886e+00
-2.998347050339287279e+00
-4.485595318196824444e-01
-2.372918937184457899e+00
-3.099173171044243613e+00
-5.163715112074469538e-01
-2.063921415539300863e+00
-3.322981376291061828e+00
-7.376016057855006025e-01
-1.568392958299683171e+00
-3.491518980755044410e+00
-1.160038056951943286e+00
-1.041041944003534336e+00
-3.462846701512368064e+00
-1.726462481481554123e+00
-6.344134232251514849e-01
-3.209556652473850580e+00
-2.317835553374136381e+00
-4.319188531320670155e-01
-2.794516078969871309e+00
-2.826928843186261808e+00
-4.369572016011047388e-01
-2.308860725622789101e+00
-3.198157948386827876e+00
-6.067313085907566350e-01
-1.822608035891142730e+00
-3.422467137100958734e+00
-8.960535213217866168e-01
-1.369075873620880124e+00
-3.507112927095308308e+00
-1.278701096861527109e+00
-9.689705750074945056e-01
-3.424756093775096044e+00
