1.584530606166887345e-01
-4.642974776758471478e+00
-7.451299062812486440e+00
-6.471336506893492491e-01
-3.557922564644699470e+00
-7.237372548906289893e+00
7.708740735270325217e-02
-6.343379272985155026e+00
-3.898689573110956097e+00
-1.528911245863381563e+00
-7.684821058919345305e+00
4.148567891962873233e-02
-6.585977925610644768e+00
-3.399938156783310017e+00
-1.915164011999600513e+00
-7.592436632985833711e+00
2.371644586904508856e-02
-6.236078725590086691e+00
-4.232077839102173833e+00
-9.754228287680275500e-01
-7.926881954220741378e+00
-7.606556067333687388e-01
-4.486432351706535648e+00
-6.121378928478943493e+00
3.294447119630916632e-02
-7.470563692874739203e+00
-2.461385222562748609e+00
-2.438045161318832310e+00
-7.466756397092451536e+00
5.040846639002127816e-02
-6.257684798622918265e+00
-4.206314280312173359e+00
-1.039765471901298532e+00
-7.912527817083532256e+00
-5.405521052657409342e-01
-5.025733015596609121e+00
-5.457238107952861128e+00
-3.149338865462625314e-01
-7.856595910049289699e+00
-1.280238837211513214e+00
-3.970907756998170335e+00
-6.356258851828524570e+00
4.776801667235730520e-02
-7.540990152476879871e+00
-2.126490290738284550e+00
-2.966989964333297980e+00
-7.075665634739187304e+00
1.589129849160060282e-01
-6.981270867887648279e+00
-3.123347581639447590e+00
-1.969774097179806560e+00
-7.621238833776001975e+00
-1.063853606640785543e-02
-6.149662498566079272e+00
-4.258417829954103340e+00
-1.042321305382363228e+00
-7.908829073940589538e+00
-5.118351468363537826e-01
-5.073046634657109699e+00
-5.425002739388052220e+00
-3.204355821093574086e-01
-7.853265960013379399e+00
-1.318263099454179077e+00
-3.888294449781121376e+00
-6.446309459050764801e+00
7.911902966779704727e-02
-7.464138696710730159e+00
-2.303274544755683273e+00
-2.762492729792510371e+00
-7.207868589415364013e+00
1.482968199437917356e-01
-6.829184079877030911e+00
-3.343223854737031875e+00
-1.786243226689160579e+00
-7.691703894818976650e+00
-1.244837876633376972e+00
-5.362644911257198999e+00
-4.229363942422706302e+00
-1.872383047660235444e+00
-6.670770303474620633e+00
-1.574979665360161984e+00
-4.679691788460435653e+00
-4.971906591812102150e+00
-1.407741179124342601e+00
-6.618013131508734048e+00
-2.170705988926681762e+00
-3.768746652992869706e+00
-5.787475790352537786e+00
-1.107482902844905137e+00
-6.187445843939147316e+00
-3.196980557406787327e+00
-2.612065639105885850e+00
-6.488150110302203011e+00
-1.261790205098902273e+00
-5.206554913457444478e+00
-4.531087014214898900e+00
-1.602426661751506387e+00
-6.666096367379527265e+00
-1.966270986380886265e+00
-4.040060098246216036e+00
-5.539588446138917988e+00
-1.187395216641992768e+00
-6.465338017550060101e+00
-2.497177874552169996e+00
-3.474741793948905588e+00
-5.982530998526693899e+00
-1.090840812537265503e+00
-5.866070124407233521e+00
-3.634306245927691137e+00
-2.646145555859397369e+00
-6.175380078712874976e+00
-1.139098494461975530e+00
-3.495816824406940970e+00
-5.461802327337601071e+00
-5.379324299382666652e+00
-3.595442307434249862e+00
-1.205650897381571607e+00
-3.125912882737998721e+00
-6.676802115028174001e+00
-2.256514272541104482e+00
-3.306908098169789589e+00
-6.115963801215835716e+00
-1.090083117128984203e+00
-6.149046142626154676e+00
-3.041449838314519205e+00
-2.865883802632131605e+00
-6.405530837144194578e+00
-1.305292505287265481e+00
-4.497989153654713412e+00
-6.010003356307905165e+00
-1.460330262204964313e+00
-2.968994797980389233e+00
-6.543799280712653044e+00
-5.154139829374111414e+00
-1.961387144066351285e+00
-1.162316521146055326e+00
-2.545324286965414906e+00
-4.279854261562140216e+00
-5.411457690660511410e+00
-5.898795095134127919e+00
-5.926545169432419158e+00
-5.505475683695314260e+00
-4.442967796855690210e+00
-2.706626400587952119e+00
-1.198291541854498821e+00
-1.934933926866326814e+00
-5.293011966517910061e+00
-6.365349256875243888e+00
-2.182293362234178247e+00
-3.598264784433062413e+00
