3.527427482504400302e+00
2.673122029811646705e+00
-4.762215989744007949e+00
-1.035957218601980756e+01
-7.658787508938927679e+00
3.869708593123855067e-01
4.635020890410856964e+00
1.423031558595231338e-01
-8.085661683222202356e+00
-1.066910451566413798e+01
-4.546781338597870814e+00
3.402344763832363839e+00
4.086974086013778873e+00
-3.399210611980671981e+00
-1.060142834409072421e+01
-9.251967190454976731e+00
-7.602974140208651477e-01
5.247304466145304325e+00
1.840106744918900361e+00
-7.222828823821002331e+00
-1.163582967155537773e+01
-6.265511726307417817e+00
2.880571092951150547e+00
5.372380812934321348e+00
-1.748081141276460748e+00
-1.046102101151555530e+01
-1.080090426077260446e+01
-2.255638641740506767e+00
5.507086378672028992e+00
3.578623909344007537e+00
-5.963116887442911462e+00
-1.228418580201614674e+01
-8.103941348272972078e+00
1.916847988919435863e+00
6.374965527788288178e+00
1.044596460105093882e-01
-9.839295276070380680e+00
-1.211860782129189573e+01
-4.041247447306181684e+00
5.264086964474240737e+00
5.164630075726596381e+00
-4.326934048246663167e+00
-1.245267160478126556e+01
-9.902610370605279044e+00
5.189342142808066605e-01
6.973606736496241076e+00
2.036803298308125676e+00
-8.763015541012642018e+00
-1.313376366813682949e+01
-6.010333081628298046e+00
4.577494803424346337e+00
6.555728841280246577e+00
-2.424950276285350537e+00
-1.220388354466951242e+01
-1.160592635081737356e+01
-1.212596642325576290e+00
7.186649691828672637e+00
3.968393650353137403e+00
-7.296899740663610245e+00
-1.380268265003080685e+01
-8.069398932212036968e+00
3.450503606289935910e+00
7.638228088535410798e+00
-3.436227238501943226e-01
-1.146524596953130626e+01
-1.304843708737586994e+01
-3.220944785349027395e+00
6.873248328239568217e+00
5.711726343545120876e+00
-5.453418381244372171e+00
-1.394142576687005786e+01
-1.004524504502971993e+01
1.867516517547508137e+00
8.249664477868616785e+00
1.780372534389031536e+00
-1.023778471285958958e+01
-1.412152735999579889e+01
-5.386016542485573488e+00
6.077261959257866941e+00
7.200692760101367718e+00
-3.362931314650981829e+00
-1.362899551286884758e+01
-1.187781735377152970e+01
-3.397897940644067916e-02
8.445996493302470043e+00
3.862966576776226013e+00
-8.630351036757648586e+00
-1.482149702218270093e+01
-7.608851030679321781e+00
4.849119060600597386e+00
8.362613946722632363e+00
-1.117449939832577899e+00
-1.283133818008976590e+01
-1.343106113148890657e+01
-2.194123781407270268e+00
8.110568651406921958e+00
5.735039002099349581e+00
-6.653699321898233876e+00
-1.496809134341636138e+01
-9.720074083759559613e+00
3.151512095580462081e+00
9.001577900129465348e+00
1.141926054036980887e+00
-1.151251541342542595e+01
-1.455556760662738469e+01
-4.490261215096714942e+00
7.252954342081493699e+00
7.296943629014571719e+00
-4.443679546037485828e+00
-1.462515925018336560e+01
-1.164044208960054050e+01
1.148460269144828239e+00
9.197005245917772243e+00
3.319624097580391897e+00
-9.826561318339170015e+00
-1.528184151774130939e+01
-6.808637196362832711e+00
5.974774071338756265e+00
8.512921025884477189e+00
-2.108604194318878911e+00
-1.381202622112086331e+01
-1.326819747848540132e+01
-1.087008438258693976e+00
8.870497315366886681e+00
5.270756238200955401e+00
-7.791219917118593408e+00
-1.545213862027827290e+01
-8.995069537360294021e+00
4.231935603433293558e+00
9.178454397117320696e+00
2.173091616959732519e-01
-1.245397819978276388e+01
-1.441786788033147815e+01
-3.441342959963964443e+00
7.985099453396764524e+00
6.860795809058658712e+00
-5.533299389148530700e+00
-1.509405722864853061e+01
-1.094401377050665225e+01
2.193120362314780358e+00
9.369141396141273503e+00
2.420302073384047681e+00
-1.074526176865438565e+01
-1.514739718147576042e+01
-5.778779217878937224e+00
6.699376080320374349e+00
8.089467313408096771e+00
-3.188510912674141107e+00
-1.430110455539250580e+01
-3.044569272848897334e+00
