2.389904982141527690e+00
-2.139833366503215206e+00
-5.537364566817323919e+00
-8.785079886888190748e-01
2.345277076240244618e+00
-2.148961943002593245e+00
-5.578838780528569075e+00
-1.501509350031793755e+00
2.396444134535619330e+00
-1.013415746687812202e+00
-5.476328884686243015e+00
-2.949519130975132519e+00
2.010110645996042056e+00
4.981049754834767640e-01
-4.751924062789081304e+00
-4.404105169595522895e+00
8.795910477429660368e-01
1.840499249271041471e+00
-3.160417869604787100e+00
-5.453452234075281346e+00
-1.068953376978927672e+00
2.402677534352894106e+00
-1.059745507726622460e+00
-5.453112450460830374e+00
-3.149438949023464218e+00
1.852976928127003209e+00
8.612898933917305655e-01
-4.402690265219726840e+00
-4.785952574512656099e+00
3.793377994609044013e-01
2.108137902889335891e+00
-2.607900257861409443e+00
-5.563353811460302722e+00
-1.615547011271948552e+00
2.366168230588705512e+00
-5.462047689905646930e-01
-5.285102019235042192e+00
-3.606265047426549408e+00
1.569201703329306419e+00
1.239568813695129279e+00
-4.020978774452414584e+00
-5.065409037256880964e+00
-7.911262738501489977e-02
2.270741994886438242e+00
-2.098172691847663529e+00
-5.594716146652931599e+00
-2.146580093339962136e+00
2.257332529112334285e+00
-2.779407951773427143e-02
-5.034400988516818387e+00
-5.168426566922761367e+00
2.409125539281862238e+00
3.041555658546268859e+00
-4.365254987724482838e+00
-6.972819938152142960e+00
-2.651090817851817771e-01
4.137196132469075138e+00
-1.387643233098606821e+00
-7.273040377933371659e+00
-3.334446006939951523e+00
3.611335990126050000e+00
1.551033138920903554e+00
-5.950271934718707634e+00
-5.925412154125935693e+00
1.580189069949787140e+00
3.598865967625851425e+00
-3.353676872444420809e+00
-7.271593537079532155e+00
-1.393804817923675943e+00
4.134819132626020632e+00
-2.223530728202742779e-01
-6.948348892646789565e+00
-4.446446401075304422e+00
2.968380416288404433e+00
2.517572705214069728e+00
-5.020120076519475560e+00
-6.660016782003258307e+00
4.203774176977899124e-01
4.028974357008732632e+00
-2.045105484655465933e+00
-7.346223061209758320e+00
-2.752508716952854151e+00
3.830858275910971500e+00
1.078013830025525976e+00
-6.274687168455553632e+00
-5.579749612404325987e+00
1.967204833834341748e+00
3.385316371078945785e+00
-3.764911239128870601e+00
-7.184324050539890649e+00
-9.895772198227094085e-01
4.161739112270606888e+00
-5.966980934154448857e-01
-7.075854167361425695e+00
-4.117624314188082835e+00
3.185534036214309417e+00
2.245985055845991063e+00
-5.321266863771721312e+00
-6.458419673417417961e+00
8.053196415710366374e-01
3.728505426645710052e+00
-2.484794253185301560e+00
-7.158355595097591006e+00
-2.178739990602149401e+00
3.813671124899316034e+00
4.023244070435809672e-01
-6.483102880784956668e+00
-4.877142565994279089e+00
2.420003504326261101e+00
2.766471519735880236e+00
-4.405498827285386554e+00
-6.754809752656607102e+00
-3.071472093014424587e-01
3.951626981400810479e+00
-1.123261578336372413e+00
-6.981764541319653183e+00
-3.914048990239581638e+00
2.959068510733611213e+00
2.396426583264717802e+00
-4.627575743882836434e+00
-6.771185742995903034e+00
-6.465011262510779178e-01
3.964439937163239058e+00
-2.236683734205842100e-01
-6.574551983818416545e+00
-5.083569819470264761e+00
1.902896840041704785e+00
3.366428642284192030e+00
-3.045967585217161044e+00
-7.148701295376644005e+00
-2.284728724607252293e+00
3.719024495300246258e+00
8.790156236465547224e-01
-6.182557731166821391e+00
-5.261687999081511080e+00
2.247665318902750897e+00
2.635687809955705063e+00
-5.132422268674521781e+00
-5.806084638255454955e+00
2.326313148054067970e+00
1.859753246744260125e+00
-6.478970805418447831e+00
-3.113113538364717048e+00
3.968273972644429826e+00
-3.459907837296102073e+00
-5.711159523007416361e+00
3.580941066726643029e+00
-2.387670083009980626e+00
-5.770521262007592966e+00
1.804939661463354827e+00
