1.687658775745888295e-01
7.235176171165542680e-01
1.034093845963990344e-01
-1.309090343098986864e+00
-2.676265993048088543e+00
-3.205887447058814121e+00
-2.604904427469183936e+00
-1.230227126474163102e+00
1.330046767536687824e-01
7.231814798626534646e-01
2.229317216121762257e-01
-1.079990734791202334e+00
-2.466515625686868773e+00
-3.185925621497119664e+00
-2.858506007052820319e+00
-1.668418334621536436e+00
-2.540885979389088112e-01
6.358141384651050387e-01
5.358800846440816557e-01
-4.968498509472999425e-01
-1.918311065346653521e+00
-2.984822549180476070e+00
-3.141028880365570597e+00
-2.307256020341726277e+00
-9.188128458801610998e-01
3.015593300055348092e-01
7.193854481549757374e-01
1.176508554395252482e-01
-1.190769429615051722e+00
-2.525579473112294249e+00
-3.192361240201663009e+00
-2.843652256767212450e+00
-1.660280231458248990e+00
-2.581884435216860174e-01
6.316401473516710663e-01
5.442230834617347579e-01
-4.759261899390599959e-01
-1.896606740654197321e+00
-2.974883284528107463e+00
-3.145486048007302138e+00
-2.317714305596341617e+00
-9.246145887306269628e-01
3.027272483607590381e-01
7.186157936701964566e-01
1.029490021493817409e-01
-1.221317227685357221e+00
-2.556654183135143033e+00
-3.198008761562445734e+00
-2.805459950199284069e+00
-1.585287016400489080e+00
7.746093767271688968e-02
1.126477605406993820e+00
9.200863769397793490e-01
-4.335381417147832206e-01
-2.216550698790370699e+00
-3.481673844856679967e+00
-3.555742953567837095e+00
-2.398583727664973075e+00
-6.253730229628571280e-01
8.202013545542952144e-01
1.168314440344193184e+00
2.332795961689251296e-01
-1.487147128435619248e+00
-3.076658498592236501e+00
-3.688497705396401649e+00
-2.996662648335629342e+00
-1.369681389322720211e+00
3.257081543156992165e-01
1.186353846225971953e+00
7.538476856016618211e-01
-7.413367545305307171e-01
-2.502737842968170145e+00
-3.592243828356302071e+00
-3.429736797315437791e+00
-2.101909469103164785e+00
-3.158973425901939747e-01
9.774031631343063076e-01
1.089615507065230027e+00
-3.880643734671407330e-02
-1.807119622902582545e+00
-3.274225384249259019e+00
-3.659545433322682229e+00
-2.758248404134842069e+00
-1.049994935042669830e+00
5.564519390105437946e-01
1.206706319817473005e+00
5.550942556035092235e-01
-1.051712462980853191e+00
-2.759241215718119644e+00
-3.659643482751105736e+00
-3.274319154003680232e+00
-1.808215514762185894e+00
-4.074929241586144890e-02
1.088553714533667893e+00
9.794386951783407014e-01
-3.100677233448674297e-01
-2.094531623629315664e+00
-3.425443021788201481e+00
-3.595367609393017361e+00
-2.513971006666063879e+00
-5.238384127905113541e-01
1.694082182600565201e+00
2.351694315135935298e+00
1.099397597068954902e+00
-1.397148361841478392e+00
-3.810832728601391661e+00
-4.858556001940100622e+00
-3.983337144555147091e+00
-1.650431864955163253e+00
8.999928010625852792e-01
2.312139705030768599e+00
1.835318190472516431e+00
-2.769940533395091053e-01
-2.901900101517529862e+00
-4.644011169457078481e+00
-4.577228674827974686e+00
-2.737053797262613219e+00
-1.017154005186966526e-01
1.927851690655890682e+00
2.272737479020466189e+00
7.496013358347670685e-01
-1.831863928289215071e+00
-4.099360845625756866e+00
-4.847495454086310218e+00
-3.678561149481932802e+00
-1.213959171123999647e+00
1.236135655305547143e+00
2.369259876940015275e+00
1.583047589390090604e+00
-7.045531403457462316e-01
-3.277460108233034131e+00
-4.767922970648018399e+00
-4.383615719515641551e+00
-2.328835081864777834e+00
3.041031343947384613e-01
2.115536246025682576e+00
2.142511550043431967e+00
3.706891952018833702e-01
-2.258034985095399350e+00
-4.346238772376301185e+00
-4.783839205777535852e+00
-3.338209318781106383e+00
-7.778417645096988853e-01
1.536179708633265584e+00
2.373728283137625183e+00
1.289565697278995060e+00
-1.139970488615353439e+00
-3.623346185411781661e+00
-4.840406360749458514e+00
-3.758479491941221440e+00
