7.727070513759777270e-01
-3.179752439248054063e+00
1.605722854027572755e+00
-2.080194562174211725e+00
-9.817307134738095797e-01
9.503209636120415471e-01
-3.232446417146091378e+00
1.513718842061207770e+00
-1.881959021113349451e+00
-1.205569795183654369e+00
1.109726243969094028e+00
-3.264097680979411109e+00
1.406057974648670328e+00
-1.679304854991180207e+00
-1.421233542376465930e+00
1.251801471364118790e+00
-3.275975331831067372e+00
1.283521677997465638e+00
-1.471950034459791112e+00
-1.629977483074886546e+00
1.378012970094373291e+00
-3.268703380780880519e+00
1.145149700732581044e+00
-1.257435467165165743e+00
-1.834713054835164225e+00
1.490102172126784641e+00
-3.241443251601102471e+00
9.871704295333847412e-01
-1.030223898826774231e+00
-2.040280076873416171e+00
1.589446385579081689e+00
-3.190616758833522137e+00
8.021985622387712844e-01
-7.829006023917201018e-01
-2.249859432181443353e+00
1.673623411359281832e+00
-3.111558142576877461e+00
5.895054117381619552e-01
-5.515920425237954561e-01
-2.234468751892458194e+00
1.417786503238130713e+00
-2.722004804351543683e+00
2.298025236498253410e-01
-3.437851579044439165e-01
-2.376433312627256988e+00
1.444360025292403815e+00
-2.637420791700398226e+00
8.437125772014431035e-02
-2.051909577509065663e-01
-2.456652463386014063e+00
1.451991615647553413e+00
-2.595142707771131985e+00
3.233990051342738870e-02
-1.749238027906492299e-01
-2.460232589395444425e+00
1.450808741454896023e+00
-2.621052788440239034e+00
1.030299049452503279e-01
-2.766048324322882834e-01
-2.372714962084954138e+00
1.434752497082155909e+00
-2.715906626142977842e+00
3.041849072223468120e-01
-5.268584202493866719e-01
-2.167512944349577531e+00
1.370194715659251106e+00
-2.847452469783366524e+00
6.171567255703749311e-01
-9.320583467760075180e-01
-1.808246603764884997e+00
1.196161228383668895e+00
-2.946088798472244807e+00
9.860060763946685292e-01
-1.471189525916560825e+00
-1.268606212065002570e+00
1.816986809206621034e-01
-2.015745705084309947e+00
4.560841566226285781e-01
-1.524396324994688801e+00
-6.427857640007138551e-01
-1.588606900758708917e-01
-1.858429258274393314e+00
5.411625114679841086e-01
-1.836076601345151937e+00
-1.926726153465959657e-01
-6.128819373902552048e-01
-1.539847853064984839e+00
4.582428238556772726e-01
-2.017634854219924723e+00
2.007239744864585118e-01
-1.099828893168351085e+00
-1.106269628881730860e+00
2.072835445755124573e-01
-2.020521213516779380e+00
4.494388419773287513e-01
-1.511556812062583521e+00
-6.612606252584410926e-01
-1.360435273559174041e-01
-1.877230740765972294e+00
5.391363603457639542e-01
-1.794558062418314837e+00
-2.816578917245782243e-01
-4.909778572569689081e-01
-1.654511706867753507e+00
5.104627911744810120e-01
-1.959687533175895391e+00
1.808276705802402962e-02
-8.274707942079296830e-01
-1.387457306081818942e+00
3.962063646968430053e-01
-2.035244804177822608e+00
2.638980674338289312e-01
-1.271282560416921115e+00
-1.117470828151098328e+00
3.871134327221670279e-01
-2.305072068591008438e+00
7.575351173418118922e-01
-1.768697434614878050e+00
-5.345135547031296674e-01
-5.172260824869567841e-02
-2.162246475297176396e+00
8.080918418534650538e-01
-1.653435519067680826e+00
-1.093878743813356369e+00
6.690365532162152462e-01
-2.177959507014599616e+00
-5.262068304771155836e-01
4.458160826118746645e-01
-2.286822493127331768e+00
-2.530052674128316914e-01
2.353889683392773602e-01
-2.338675886791484526e+00
3.309141347617017281e-02
-3.540656176698186997e-02
-2.330363861740444520e+00
3.030586778496782152e-01
-3.478500028037452285e-01
-2.252837424847850212e+00
5.298249466196796043e-01
-6.777952159524964770e-01
-2.110784329034020246e+00
6.972059182168244273e-01
-1.001432829717430861e+00
-1.918088167992581861e+00
7.999841394459319410e-01
-1.299716279400850549e+00
-1.692598905159281575e+00
8.417364297940317375e-01
-1.560509798876076104e+00
-1.295081980727499360e+00
