7.475079445926432697e+00
4.353783894804942989e+00
-8.784730509210252336e-01
7.645656415831010300e-01
6.461026322210114969e+00
6.427394843137983926e+00
7.214323423367057231e-01
-8.570279182204885160e-01
4.402976035355828266e+00
7.467532449329249644e+00
3.073350183137105063e+00
-1.232683883863163743e+00
1.944925026125051470e+00
7.148721227882633755e+00
5.441328231579399599e+00
-2.448535703735785773e-01
-1.439637208526098888e-01
5.570722245472699896e+00
7.084388755127736914e+00
1.797355314809371496e+00
-1.210043923563110191e+00
3.227316307499717318e+00
7.488392164541055607e+00
4.254903355715192070e+00
-9.197222483075018218e-01
8.517921450278769235e-01
6.526919411956598083e+00
6.358784954447338045e+00
6.361550672227993530e-01
-8.125112111394301451e-01
4.500830507699919991e+00
7.450662328872206253e+00
2.970729436596236006e+00
-1.244806953913403902e+00
2.044120671101659070e+00
7.188869802806336473e+00
5.353475666054057669e+00
-3.098229174577458167e-01
-7.446678730853539818e-02
5.655326392554259840e+00
7.038794825963647916e+00
1.699869625556389208e+00
-1.191992389631146843e+00
3.329902052831775094e+00
7.499323932309772012e+00
4.155406136204566891e+00
-9.587647240710062135e-01
9.402587885990598693e-01
6.590956153860826561e+00
6.288410456178928243e+00
5.522355890890482399e-01
-7.658462793945282066e-01
4.597934115765408336e+00
7.431431843888669952e+00
2.868192686271777703e+00
-1.254545928189941151e+00
2.143905892655737944e+00
7.226800853596136776e+00
5.264407012238571326e+00
-3.729183188817626338e-01
-3.224324154084801108e-03
5.738549754220857224e+00
6.991065257236456887e+00
1.603161344654753240e+00
-1.171585576840985965e+00
3.432375821033058827e+00
7.507868784593287437e+00
4.055346524384431994e+00
-9.955791756838223705e-01
1.029917302736548912e+00
6.653101607913313842e+00
6.216309746376722956e+00
4.697196964511425321e-01
-7.170585845115606816e-01
4.694233877453621417e+00
9.368536294166485590e+00
2.601758260420988123e+00
-3.266925450290755428e+00
1.841787615238337894e+00
9.153823631879024703e+00
6.110962359214560990e+00
-2.060765869180293919e+00
-1.326643143893543098e+00
7.052494996701532237e+00
8.685709837998826899e+00
7.679999234611787351e-01
-3.102186287384115282e+00
3.722089308148507580e+00
9.520321543651022012e+00
4.334206431996959985e+00
-2.929246321707321243e+00
2.047431084703896786e-01
8.353634291145517921e+00
7.521931313233033656e+00
-8.619388936346870089e-01
-2.398910421507554069e+00
5.550722949106459581e+00
9.333685103109395698e+00
2.452842850372775274e+00
-3.274146968685953674e+00
1.988662747217627036e+00
9.202541424914487678e+00
5.977851347086219569e+00
-2.147091193473805504e+00
-1.217921416166295678e+00
7.169537206912573346e+00
8.610055761915482719e+00
6.295833507116452843e-01
-3.065638709726956179e+00
3.870831579329688577e+00
9.525797758942218252e+00
4.187011342633948807e+00
-2.976309208422100561e+00
3.386416346498148933e-01
8.438527203552160572e+00
7.412017375600197688e+00
-9.778855241304560408e-01
-2.321754604040216385e+00
5.688468225490066033e+00
9.295446124334834082e+00
2.304294008104254665e+00
-3.277877133858486225e+00
2.136157714971152366e+00
9.247942985424716156e+00
5.843183572054943653e+00
-2.230540113687492720e+00
-1.106830262071311743e+00
7.284372441326000036e+00
8.531408727947386694e+00
4.925281606310543125e-01
-3.025713546043006907e+00
4.019166729026067308e+00
9.527781365161445137e+00
4.039236616389396239e+00
-3.020043249466544566e+00
4.740602884002957929e-01
8.520520748242521591e+00
7.299764159070953440e+00
-1.091593697700556476e+00
-2.241627081872607619e+00
5.824814633465580371e+00
9.253840221963208990e+00
2.156192785489896124e+00
-3.278113910539184772e+00
2.284192041644639737e+00
9.290003541209888027e+00
5.707032512145998382e+00
-2.311067098053321445e+00
-9.934302956536384954e-01
7.112064660919777737e+00
