6.858321854026504516e-01
7.978125417064075853e-01
4.264794197465404668e-01
-1.399622330258999958e-01
-4.603075135311643917e-01
-2.775634503984300006e-01
2.723672503751268792e-01
7.477521315127942936e-01
7.457220007903946346e-01
2.506494831167350168e-01
-3.158398541631404211e-01
-4.365705277938879414e-01
2.193311774714773454e-02
6.364807189226353579e-01
7.928890507795882669e-01
3.074205609640328074e-01
-3.245262832333866143e-01
-4.047248198742746661e-01
1.832507337535408121e-01
7.685281410144031433e-01
6.321047927854939186e-01
-8.286332335573237673e-02
-4.648997584779082093e-01
1.405093503069074212e-02
7.216839611063379234e-01
6.542497072224220389e-01
-1.169574653565850220e-01
-4.484273676107454198e-01
1.909735075686727623e-01
8.098779722455006214e-01
4.702544671149052613e-01
-6.030603823307550959e-01
-3.314314841669220302e-01
8.414511544035000457e-01
8.079523627733936619e-01
-4.012386649498762559e-01
-5.113242542191298590e-01
7.188459843411332262e-01
8.678992134717651297e-01
-3.916372894368503887e-01
-4.684865987241462193e-01
8.242059597412764171e-01
7.105788257729717117e-01
-5.834121677350152524e-01
-1.624959464602780956e-01
1.034549218468606258e+00
2.220332428919305767e-01
-6.958061388929398516e-01
4.995356629409787863e-01
8.945183015258628689e-01
-5.061169130964862095e-01
-1.685280791051788629e-01
1.054340507474059496e+00
-2.094296338268508695e-02
-5.679408264311356369e-01
8.810897474732766188e-01
4.117914533532215371e-01
-6.994710110847113249e-01
6.188039664849769306e-01
6.944850968267809455e-01
-5.585310631762738787e-01
3.533234614372482985e-01
7.581588329935479154e-01
-5.016750224156449889e-01
1.815755384708885867e-01
8.510229441309132836e-01
-4.046847131517575802e-01
-1.813183576715157730e-02
9.188062647360434321e-01
-1.907698234610442078e-01
-3.199096051766668336e-01
8.559831996480499194e-01
3.315065317461047822e-01
-5.721463067627889920e-01
1.826779105894039690e-01
9.260036896722577682e-01
2.351092455457219343e-01
-5.588466563449632218e-01
-7.878813206355050891e-02
8.276575646305278644e-01
6.593310029456636023e-01
-2.980399079472121904e-01
-4.807267786546118860e-01
4.176329880565802233e-01
9.157847750202608994e-01
1.623407337444654486e-01
-5.688276568839225611e-01
1.373554238749005729e-02
8.910958773282059431e-01
4.494403187226399532e-01
-3.324975369541295356e-01
-6.275279387059340408e-02
6.775527814068442733e-01
4.144279588387014268e-01
-3.321159882421900189e-01
-3.506253057313374333e-02
6.987395903726796309e-01
3.491929052123728949e-01
-3.590923194458749412e-01
4.190327534375365426e-02
7.204756000440702968e-01
2.818040114445234945e-01
-3.720372499395855348e-01
8.332078623748093160e-02
7.250938418903558613e-01
2.782404121319599910e-01
-3.684343224223747271e-01
4.113644931302565255e-02
7.092843067699851067e-01
3.701295300391971299e-01
-3.298604967659789500e-01
-9.911545297263657517e-02
6.300762787566445144e-01
5.487896236412549422e-01
-1.867614593158080094e-01
-2.927937794385960246e-01
4.004576773715914362e-01
7.163878900269264882e-01
1.401217313604152803e-01
-3.758977855923019140e-01
-1.040553838990681546e-01
9.004199059066180233e-01
7.780336031418375597e-01
-2.648898646806290280e-01
-6.390005538846073030e-01
2.030739951337592053e-01
1.003800877608424624e+00
5.962698352882964681e-01
-4.177121332313020741e-01
-5.771428899061887829e-01
3.415278156706020307e-01
1.024133244241225649e+00
4.926420004587015455e-01
-4.959843498938708573e-01
-5.068114671014403161e-01
4.955443868517554473e-01
1.018510530243974976e+00
2.278991042858425353e-01
-6.516274072951282470e-01
-1.307454112177603434e-01
9.435768611971556696e-01
5.570019874045200048e-01
-6.085378827139518165e-01
-2.343004274347812443e-02
1.027209562403176513e+00
-1.933288679310122826e-01
-2.826469244114228618e-01
1.020018968781604585e+00
-5.403737700958509693e-01
4.666410286481120773e-01
