1.753176470166765810e+00
4.175553809775208736e-01
1.229584580808183114e+00
1.890189916317807306e+00
8.050530315303153772e-01
4.585809668819107454e-01
1.396646161037779610e+00
1.937018579273309449e+00
1.408524163914876448e+00
6.135702413761210394e-01
3.985731329673295464e-01
8.584015712942061338e-01
1.538498027022306314e+00
1.923998047373200126e+00
1.771589012036319133e+00
1.203437712845182750e+00
6.032548445235179635e-01
3.821312849915311505e-01
7.138012494515253437e-01
1.383671044929779992e+00
1.889831278614592769e+00
1.802815445980132658e+00
1.156487001655132296e+00
5.014570516840815007e-01
4.594849919283471307e-01
1.108038999937618563e+00
1.817037270245085434e+00
1.831111569005874351e+00
1.100411965204560749e+00
4.289082034819529099e-01
6.157628731968053382e-01
1.468239030176083704e+00
1.937317139559682211e+00
1.399372913135069174e+00
5.364884041612127952e-01
5.204914797463486842e-01
1.401132797469281543e+00
1.937252021236630206e+00
1.328707856443156476e+00
4.613528054855862148e-01
6.628956970548938177e-01
1.642622005294690268e+00
1.852011627225668811e+00
9.347018283069733480e-01
3.851695091940137150e-01
1.131389639156820115e+00
1.925135037524187354e+00
1.401584673110513046e+00
4.551158743949008656e-01
7.414347850592466482e-01
1.842646142998424663e+00
1.783760427073270538e+00
6.116672485658407599e-01
4.147353684642131055e-01
1.544186719982267642e+00
1.986593265317815549e+00
9.556972467940523241e-01
2.855299399874297039e-01
1.165678775399877187e+00
2.033248105214003676e+00
1.349018317086996044e+00
3.269647675756786054e-01
7.806484732372602764e-01
1.905280153032371082e+00
1.703923824735521286e+00
5.335782917008451420e-01
4.744529031143869258e-01
1.632472989130525631e+00
1.947045941645424438e+00
8.574316557709426023e-01
3.044027512009873648e-01
1.273779743292866806e+00
2.037875318560245397e+00
1.234867818359206337e+00
2.960375066912629416e-01
8.930329837305321927e-01
1.962312623584307580e+00
1.603985177328704825e+00
4.560663358116189281e-01
5.517065294237516460e-01
1.719542950678530246e+00
1.897648841776658379e+00
7.731418926674682446e-01
3.279118132874058178e-01
1.347734238520159833e+00
2.033598977032142763e+00
1.167996047903240076e+00
2.851606094428523752e-01
9.689292485103222496e-01
1.995963761475454623e+00
1.499197960438378274e+00
3.780772451180564042e-01
6.942864528939743929e-01
1.868367623186956594e+00
1.730906081662070051e+00
5.398309536917044182e-01
4.797175941435335433e-01
1.642370562568108650e+00
1.948685913964587790e+00
8.969147579321417041e-01
3.816437685080400488e-01
1.098125132503672274e+00
1.907777360555061197e+00
1.546903404636013057e+00
5.782442995834542465e-01
5.317589934456797840e-01
1.531213810324666857e+00
1.873173094718891374e+00
8.223489147892104612e-01
5.066969208281693060e-01
1.756630699837318677e+00
1.363388671286603682e+00
4.203786148639282461e-01
1.863566837270228316e+00
7.735471760669787589e-01
1.232742741543497278e+00
1.265030444540079291e+00
1.017639556729074579e+00
1.192832579439088381e+00
1.366182482266295795e+00
6.278401964107506172e-01
1.926276258821356668e+00
4.972874157616833379e-01
1.258470355655923134e+00
1.742617728429723734e+00
4.118619126543857645e-01
1.312885667270135448e+00
1.754810894835614254e+00
4.140041713475429708e-01
1.410955240810107814e+00
1.503547287862718518e+00
4.845635795829750236e-01
1.922088217302513335e+00
4.018053522885532969e-01
1.744556506509482574e+00
1.271369412083572570e+00
3.773029507505889502e-01
9.154380831198489776e-01
1.732076649404249213e+00
1.899598263843676804e+00
1.256993750308263325e+00
4.598581801248344814e-01
6.880178118147202149e-01
1.793330831882882226e+00
1.463983397680024279e+00
3.757794248017838346e-01
1.599031188894269651e+00
1.380992196389954740e+00
4.470817224326147921e-01
2.239823534822521722e+00
