6.615345259429639135e+00
5.723152994139395489e-01
-9.915896761700917494e-01
5.653482670204834193e+00
4.674198469728802152e+00
-1.582206299821295126e+00
1.475427201148408640e+00
6.747069243265814364e+00
2.202970923412963522e+00
-1.841873488702527872e+00
3.640929706827088275e+00
6.468746831270860476e+00
4.706503261557857254e-01
-1.295841159127447462e+00
4.933903622939149969e+00
5.858242412373906305e+00
-4.393853985321349853e-01
-7.504415690242920434e-01
5.538269772917724154e+00
5.443889689296252499e+00
-8.134231667897720008e-01
-4.839524545903577391e-01
5.747577878180604394e+00
5.307617688854552540e+00
-9.120812716224047101e-01
-4.439745568190698322e-01
5.776428533031770840e+00
5.329589942292246363e+00
-9.004242242295363852e-01
-4.990178575495582969e-01
5.746108139276087989e+00
5.395137500599535230e+00
-8.681265601145695676e-01
-5.584948255578368048e-01
5.724306590374734327e+00
5.437237210541095322e+00
-8.653523490829919673e-01
-5.764442597465149198e-01
5.745147397771106057e+00
5.428278583627519360e+00
-9.103950707177705937e-01
-5.416420770312879718e-01
5.811143062608334020e+00
5.371892005290137106e+00
-9.918772243438787051e-01
-4.689806045179065741e-01
5.902785822287237139e+00
5.287575454623050675e+00
-1.089393693325471535e+00
-3.768219152656344662e-01
6.002821084299071686e+00
5.190743909772084663e+00
-1.189378015233768959e+00
-2.779539621627433732e-01
6.100836747864406107e+00
5.092019275995195216e+00
-1.284043416825360495e+00
-1.811481964905570230e-01
6.191208736534969503e+00
4.998539433433789370e+00
-1.369537466414621374e+00
-9.205550302052278866e-02
6.271535864250304293e+00
4.914560796428473211e+00
-1.444656246487065587e+00
-1.358394775237758978e-02
6.341615883870918680e+00
4.841641182569832225e+00
-1.510038382398978030e+00
5.413546230015375826e-02
6.402694561009815821e+00
4.778190748029899737e+00
-1.566663356624189429e+00
1.156731819219758428e-01
6.450911106770752745e+00
4.710657662982095317e+00
-1.589688220340637059e+00
2.003383170212482689e-01
6.443546135846474954e+00
4.611402798944945758e+00
-1.568539909823710055e+00
3.019177407912700950e-01
6.416881803362208814e+00
4.517434427729731361e+00
-1.534236046030904355e+00
3.802065792690658697e-01
6.372781578004170555e+00
4.457429745842463653e+00
-1.481037353366773335e+00
4.256627788638862597e-01
6.314191581352574190e+00
4.416565211444707373e+00
-1.423839661932241096e+00
4.782700527253629375e-01
6.268354878224084992e+00
4.329027536840627022e+00
-1.401932958940772966e+00
6.292794683493641017e-01
6.281880942743812035e+00
4.086120955908775443e+00
-1.456032418783493654e+00
9.889047224392024660e-01
6.372071214970753239e+00
3.588004069768193638e+00
-1.566235904139536839e+00
1.644221465085142109e+00
6.472846846140544841e+00
2.761643390449934454e+00
-1.613559004453318124e+00
2.646772514471466220e+00
6.408075456958483684e+00
1.592323437376578665e+00
-1.365535506380042285e+00
3.951391088334763602e+00
5.898562166459178968e+00
2.139234098044866528e-01
-5.191932753280732449e-01
5.305486553656750814e+00
4.658221848578752322e+00
-9.791529739469164717e-01
1.133995786965724006e+00
6.168335930565341130e+00
2.634256329002966801e+00
-1.328069136640653181e+00
3.405792945690179430e+00
5.837045608077659153e+00
3.279124530168933127e-01
-2.119845675704756793e-01
5.453353339493309804e+00
3.942464849655580306e+00
-1.125253679884542723e+00
2.303730154716654877e+00
6.000995997639263280e+00
1.126572358703401333e+00
-5.670250856009038110e-01
4.967815466693215498e+00
4.330455814532360392e+00
-8.874313807959173239e-01
1.980797917147787857e+00
5.911556146448420535e+00
1.361576164500582831e+00
-5.449364056644196985e-01
4.793617606371607387e+00
4.343255591200781751e+00
-7.425649633304107766e-01
1.925555602198036675e+00
5.793422413261456683e+00
1.472997986435232498e+00
-4.808604475819047153e-01
2.431572967875647251e+00
