-1.214909309859243836e+00
-2.470847355726090822e+00
-4.115530723209269048e+00
-2.672899728887488280e+00
-6.816131892699397454e-01
-2.284419567672245854e+00
-4.638013900811031931e+00
-2.902920106814889323e+00
-1.735311654377520441e-01
-2.011812303666623336e+00
-5.128117259662202443e+00
-3.216796737716258736e+00
2.950256349914397447e-01
-1.658311335865461977e+00
-5.571568533784128086e+00
-3.607928252476535036e+00
7.098212468174076584e-01
-1.231919263811061205e+00
-5.954167960844118923e+00
-4.066800247087280162e+00
1.056695605074417177e+00
-7.438010856831598350e-01
-6.261803759138917513e+00
-4.580426071022967172e+00
1.321600865231259192e+00
-2.089733400819553388e-01
-6.480517325727117139e+00
-5.131508022277311731e+00
1.490705963152034741e+00
3.526838607920659285e-01
-6.596660715393613650e+00
-5.697224218631385284e+00
1.550624407157782159e+00
9.149798735058474186e-01
-6.597217004918740635e+00
-6.247508588434383725e+00
1.488859129320156072e+00
1.443366077947834114e+00
-6.470484366816616983e+00
-6.743383374793181950e+00
1.297429568711103709e+00
1.899994894400418133e+00
-6.220477380188446759e+00
-7.159526426562606183e+00
9.976901975309910853e-01
2.276048006730131412e+00
-5.878854994222468378e+00
-7.495942410767196584e+00
6.209713245641026447e-01
2.573268028433218113e+00
-5.472942366941310866e+00
-7.754342358390806211e+00
1.910410803121043166e-01
2.793114486988240053e+00
-5.023583619797790334e+00
-7.935755455861536412e+00
-2.736181976321505616e-01
2.936035451481556535e+00
-4.547406565260214251e+00
-8.039917214382501953e+00
-7.577659245717760506e-01
3.000935041102053447e+00
-4.058706355706010349e+00
-8.064789433342316016e+00
-1.247637130054156440e+00
2.984740591676659172e+00
-3.570961634908312199e+00
-8.006217637700789425e+00
-1.730187876359964738e+00
2.882156016665371467e+00
-3.096426330256242920e+00
-7.857536312164087988e+00
-2.194039070243473333e+00
2.684704502271599402e+00
-2.645894219829747485e+00
-7.607920266870491943e+00
-2.628236663895263003e+00
2.380926363389602507e+00
-2.231878874782066369e+00
-7.253644689698715453e+00
-3.017901126965869985e+00
1.983884097026228588e+00
-1.870289808079685479e+00
-6.821559680643789036e+00
-3.348296059837113869e+00
1.524157838124263975e+00
-1.573564410431858906e+00
-6.341401555179810856e+00
-3.609571841029850070e+00
1.030687782890622017e+00
-1.348756823306251462e+00
-5.841728510074227998e+00
-3.797734472742242851e+00
5.319666400267761830e-01
-1.196480116671112759e+00
-5.351198165080102598e+00
-3.915925933281570348e+00
5.697275422300585035e-02
-1.109418100965518184e+00
-4.899207174088237693e+00
-3.976082058254567286e+00
-3.644101336429219629e-01
-1.070580110555076736e+00
-4.516222814291997345e+00
-4.000607494800454411e+00
-7.009002840625284669e-01
-1.051845880078234430e+00
-4.233626899350552364e+00
-4.029028375784784899e+00
-9.335889009777467162e-01
-9.778714837250477299e-01
-4.023529660324106416e+00
-4.198912058170420458e+00
-1.165252447390006774e+00
-6.738338476622867113e-01
-3.709429976232842208e+00
-4.641320289327432569e+00
-1.646133710692582408e+00
-1.336614531159212582e-01
-2.967110320838592941e+00
-5.185486292803433983e+00
-2.727557339084724752e+00
2.597221437158343527e-01
-1.525828314440840217e+00
-5.227310765469531439e+00
-4.448007855015698730e+00
-2.455129034640539665e-01
2.779355462717760794e-01
-4.051218697181171002e+00
-6.059540834370212181e+00
-2.098820772234391008e+00
1.400182302204482809e+00
-1.646445295416720134e+00
-6.433274201581884455e+00
-4.811200524793825650e+00
8.566695298105320155e-01
1.050017774401624582e+00
-4.928824789385002347e+00
-7.141586758500896970e+00
-1.517034364689124004e+00
2.693148660639163694e+00
-1.899310940855969854e+00
-7.852742293450919675e+00
-4.899502907411343422e+00
2.336065674490955146e+00
1.487035577861615110e+00
-6.412960508162651507e+00
-7.940043276679880968e+00
-8.372331707525626499e-02
-2.530768985290141160e+00
